30.0000000000 -9.6956260000 3.9763850000
30.5865750000 -9.6170390000 4.0438100000
31.1846200000 -9.5369210000 4.1101370000
31.7943570000 -9.4552700000 4.1752740000
32.4160160000 -9.3720980000 4.2391320000
33.0498310000 -9.2874250000 4.3016210000
33.6960370000 -9.2012880000 4.3626510000
34.3548770000 -9.1137350000 4.4221370000
35.0266040000 -9.0248280000 4.4799900000
35.7114600000 -8.9346430000 4.5361270000
36.4097100000 -8.8432740000 4.5904630000
37.1216090000 -8.7508360000 4.6429190000
37.8474310000 -8.6574680000 4.6934140000
38.5874440000 -8.5633360000 4.7418730000
39.3419230000 -8.4686530000 4.7882210000
40.1111560000 -8.3736820000 4.8323870000
40.8954320000 -8.2787690000 4.8743020000
41.6950380000 -8.1843840000 4.9139000000
42.5102810000 -8.0911850000 4.9511210000
43.3414650000 -8.0001600000 4.9859050000
44.1888960000 -7.9129010000 5.0181960000
45.0529020000 -7.9408490000 5.1682550000
45.9338000000 -7.7321500000 5.2046720000
46.8319210000 -7.6032860000 5.2389740000
47.7476010000 -7.4826660000 5.2711310000
48.6811870000 -7.3648610000 5.3011180000
49.6330260000 -7.2482240000 5.3289120000
50.6034740000 -7.1320680000 5.3544910000
51.5928990000 -7.0160690000 5.3778390000
52.6016690000 -6.9000640000 5.3989390000
53.6301650000 -6.7839730000 5.4177780000
54.6787680000 -6.6677670000 5.4343440000
55.7478750000 -6.5514430000 5.4486290000
56.8378870000 -6.4350170000 5.4606260000
57.9492070000 -6.3185180000 5.4703280000
59.0822600000 -6.2019820000 5.4777330000
60.2374690000 -6.0854520000 5.4828370000
61.4152600000 -5.9689730000 5.4856410000
62.6160810000 -5.8525940000 5.4861450000
63.8403850000 -5.7363670000 5.4843500000
65.0886230000 -5.6203440000 5.4802600000
66.3612670000 -5.5045790000 5.4738790000
67.6587980000 -5.3891260000 5.4652110000
68.9816970000 -5.2740400000 5.4542630000
70.3304600000 -5.1593800000 5.4410410000
71.7055970000 -5.0451980000 5.4255520000
73.1076200000 -4.9315550000 5.4078050000
74.5370640000 -4.9837540000 5.3960390000
75.9944460000 -4.8740190000 5.3828460000
77.4803310000 -4.7645690000 5.3676510000
78.9952620000 -4.6554320000 5.3504440000
80.5398180000 -4.5466630000 5.3312160000
82.1145710000 -4.4383150000 5.3099580000
83.7201160000 -4.3304390000 5.2866600000
85.3570560000 -4.2230920000 5.2613180000
87.0260010000 -4.1163310000 5.2339250000
88.7275770000 -4.0102150000 5.2044760000
90.4624250000 -3.9048060000 5.1729700000
92.2311940000 -3.8001680000 5.1394040000
94.0345380000 -3.6963670000 5.1037820000
95.8731540000 -3.5934690000 5.0661050000
97.7477110000 -3.4915440000 5.0263810000
99.6589200000 -3.3906640000 4.9846180000
101.6075060000 -3.2909000000 4.9408290000
103.5941850000 -3.1923280000 4.8950300000
105.6197130000 -3.0950210000 4.8472390000
107.6848450000 -2.9990560000 4.7974790000
109.7903520000 -2.9045110000 4.7457760000
111.9370270000 -2.8114620000 4.6921610000
114.1256790000 -2.7199860000 4.6366690000
116.3571170000 -2.6301620000 4.5793380000
118.6321950000 -2.5420640000 4.5202130000
120.9517520000 -2.4557710000 4.4593400000
123.3166580000 -2.3713560000 4.3967720000
125.7278060000 -2.2888930000 4.3325670000
128.1860960000 -2.2084530000 4.2667850000
130.6924590000 -2.1301060000 4.1994900000
133.2478330000 -2.0539180000 4.1307540000
135.8531490000 -1.9799540000 4.0606500000
138.5094300000 -1.9082740000 3.9892560000
141.2176360000 -1.8389340000 3.9166530000
143.9787900000 -1.7719890000 3.8429280000
146.7939300000 -1.7074880000 3.7681680000
149.6641240000 -1.6454750000 3.6924650000
152.5904390000 -1.5859890000 3.6159130000
155.5739590000 -1.5290680000 3.5386100000
158.6158140000 -1.4747400000 3.4606540000
161.7171480000 -1.4230300000 3.3821460000
164.8791350000 -1.3739570000 3.3031880000
168.1029360000 -1.3275360000 3.2238820000
171.3897710000 -1.2837760000 3.1443330000
174.7408600000 -1.2426780000 3.0646450000
178.1574860000 -1.2042400000 2.9849200000
181.6409150000 -1.4749430000 2.9129250000
185.1924440000 -1.4451200000 2.8499770000
188.8134160000 -1.4169540000 2.7875030000
192.5051880000 -1.3904140000 2.7255400000
196.2691500000 -1.3654690000 2.6641220000
200.1067050000 -1.3420850000 2.6032840000
204.0192870000 -1.3202300000 2.5430560000
208.0083770000 -1.2998710000 2.4834680000
212.0754700000 -1.2809750000 2.4245470000
216.2220760000 -1.2635070000 2.3663210000
220.4497530000 -1.2474350000 2.3088130000
224.7601010000 -1.2327230000 2.2520450000
229.1547240000 -1.2193390000 2.1960400000
233.6352690000 -1.2072480000 2.1408160000
238.2034300000 -1.1964170000 2.0863910000
242.8609010000 -1.1868120000 2.0327810000
247.6094360000 -1.1784010000 1.9800010000
252.4508210000 -1.1711520000 1.9280630000
257.3868710000 -1.1650310000 1.8769800000
262.4194340000 -1.1600090000 1.8267610000
267.5503850000 -1.1560540000 1.7774140000
272.7816770000 -1.1531360000 1.7289480000
278.1152340000 -1.1512260000 1.6813680000
283.5530700000 -1.1502960000 1.6346790000
289.0972600000 -1.1503190000 1.5888830000
294.7498170000 -1.1512680000 1.5439840000
300.5129390000 -1.1531190000 1.4999810000
306.3887020000 -1.1558470000 1.4568760000
312.3793640000 -1.1594290000 1.4146670000
318.4871830000 -1.1638450000 1.3733510000
324.7143860000 -1.1690740000 1.3329270000
331.0633850000 -1.1750970000 1.2933880000
337.5364990000 -1.1818990000 1.2547320000
344.1361690000 -1.3842930000 1.2173730000
350.8648990000 -1.3879620000 1.1860120000
357.7251890000 -1.3922800000 1.1552120000
364.7196040000 -1.3972520000 1.1249700000
371.8508000000 -1.4028850000 1.0952820000
379.1213990000 -1.4091850000 1.0661440000
386.5341800000 -1.4161640000 1.0375520000
394.0918880000 -1.4238330000 1.0095030000
401.7973630000 -1.4322060000 0.9819920000
409.6535340000 -1.4412980000 0.9550140000
417.6632690000 -1.4511290000 0.9285670000
425.8296200000 -1.4617200000 0.9026440000
434.1556700000 -1.4730950000 0.8772430000
442.6445010000 -1.4852830000 0.8523570000
451.2993160000 -1.4983150000 0.8279830000
460.1233520000 -1.5122280000 0.8041150000
469.1199040000 -1.5270620000 0.7807490000
478.2923890000 -1.5428640000 0.7578800000
487.6441960000 -1.5596860000 0.7355030000
497.1788640000 -1.5775880000 0.7136120000
506.8999330000 -1.5966380000 0.6922020000
516.8110960000 -1.6169120000 0.6712690000
526.9160770000 -1.6384980000 0.6508060000
537.2185670000 -1.6614960000 0.6308090000
547.7225340000 -1.6860200000 0.6112720000
558.4318850000 -1.7122000000 0.5921890000
569.3506470000 -1.7401870000 0.5735540000
580.4828490000 -1.7701560000 0.5553630000
591.8327640000 -1.8023080000 0.5376090000
603.4046020000 -1.8368800000 0.5202860000
615.2026370000 -1.8741490000 0.5033890000
627.2313840000 -1.9144410000 0.4869110000
639.4953610000 -1.9581470000 0.4708480000
651.9990840000 -2.0057310000 0.4551920000
664.7473140000 -2.0577590000 0.4399380000
677.7447510000 -2.1149180000 0.4250790000
690.9963990000 -2.1780590000 0.4106100000
704.5070800000 -2.2482430000 0.3965250000
718.2819820000 -2.3268150000 0.3828170000
732.3261720000 -2.4155050000 0.3694800000
746.6450200000 -2.5165790000 0.3565080000
761.2437740000 -2.6330640000 0.3438940000
776.1279910000 -2.7691080000 0.3316340000
791.3032230000 -2.9305510000 0.3197190000
806.7752080000 -3.1258950000 0.3081440000
822.5496830000 -3.3680360000 0.2969040000
838.6325680000 -3.6775470000 0.2859900000
855.0299680000 -4.1376860000 0.2762570000
871.7479250000 -6.1609850000 4.2577690000
888.7927860000 -4.1368070000 4.1619060000
906.1708980000 -3.3183120000 4.0663030000
923.8888550000 -2.7844000000 3.9710400000
941.9531860000 -2.3842500000 3.8761920000
960.3707280000 -2.0632690000 3.7818370000
979.1483760000 -1.7952770000 3.6880460000
998.2931520000 -1.5656450000 3.5948900000
1017.8123170000 -1.3654360000 3.5026590000
1037.7131350000 -1.1885030000 3.4112110000
1058.0029300000 -1.0306230000 3.3205880000
1078.6895750000 -0.8887180000 3.2308500000
1099.7806400000 -0.7604710000 3.1420550000
1121.2841800000 -0.6440810000 3.0542590000
1143.2080080000 -0.5381200000 2.9675150000
1165.5606690000 -0.4414310000 2.8818710000
1188.3502200000 -0.3530630000 2.7973770000
1211.5854490000 -0.2722160000 2.7140750000
1235.2750240000 -0.1982140000 2.6320070000
1259.4277340000 -0.1304790000 2.5512120000
1284.0527340000 -0.0685050000 2.4717260000
1309.1591800000 -0.0118510000 2.3935820000
1334.7564700000 0.0398720000 2.3168100000
1360.8542480000 0.0870120000 2.2414370000
1387.4624020000 0.1298810000 2.1674880000
1414.5908200000 0.1687610000 2.0949850000
1442.2495120000 0.2039080000 2.0239470000
1470.4492190000 0.1633280000 1.9557310000
1499.2000730000 0.1901190000 1.8948490000
1528.5131840000 0.2144520000 1.8356570000
1558.3995360000 0.2365120000 1.7781140000
1588.8701170000 0.2564680000 1.7221820000
1619.9365230000 0.2744730000 1.6678220000
1651.6103520000 0.2906680000 1.6149960000
1683.9034420000 0.3051810000 1.5636690000
1716.8280030000 0.3181320000 1.5138020000
1750.3962400000 0.3296320000 1.4653610000
1784.6208500000 0.3397820000 1.4183100000
1819.5146480000 0.3486770000 1.3726160000
1855.0908200000 0.3564050000 1.3282440000
1891.3624270000 0.3630460000 1.2851610000
1928.3432620000 0.3686780000 1.2433370000
1966.0472410000 0.3733700000 1.2027370000
2004.4884030000 0.3771890000 1.1633320000
2043.6811520000 0.3801960000 1.1250910000
2083.6401370000 0.3824480000 1.0879850000
2124.3806150000 0.3840010000 1.0519830000
2165.9174800000 0.3849030000 1.0170580000
2208.2666020000 0.3852020000 0.9831810000
2251.4438480000 0.3849420000 0.9503250000
2295.4653320000 0.3841650000 0.9184630000
2340.3474120000 0.3829080000 0.8875690000
2386.1069340000 0.3812090000 0.8576170000
2432.7612300000 0.3791010000 0.8285820000
2480.3278810000 0.3766170000 0.8004390000
2528.8244630000 0.3737840000 0.7731640000
2578.2692870000 0.3706330000 0.7467340000
2628.6809080000 0.3671870000 0.7211260000
2680.0783690000 0.3634720000 0.6963170000
2732.4804690000 0.3595080000 0.6722850000
2785.9074710000 0.3553160000 0.6490090000
2840.3789060000 0.3509140000 0.6264680000
2895.9152830000 0.3463180000 0.6046410000
2952.5378420000 0.3415380000 0.5835080000
3010.2673340000 0.3366130000 0.5630680000
3069.1254880000 0.3316950000 0.5433700000
3129.1347660000 0.3266700000 0.5243060000
3190.3171390000 0.3215540000 0.5058580000
3252.6958010000 0.3163590000 0.4880080000
3316.2941890000 0.3110980000 0.4707380000
3381.1359860000 0.3057810000 0.4540320000
3447.2456050000 0.3004200000 0.4378730000
3514.6479490000 0.2940950000 0.4222790000
3583.3681640000 0.2885960000 0.4072220000
3653.4318850000 0.2830880000 0.3926720000
3724.8657230000 0.2775810000 0.3786130000
3797.6960450000 0.2720810000 0.3650300000
3871.9506840000 0.2665950000 0.3519070000
3947.6569820000 0.2611310000 0.3392300000
4024.8435060000 0.2556940000 0.3269840000
4103.5390630000 0.2502880000 0.3151570000
4183.7739260000 0.2449200000 0.3037340000
4265.5771480000 0.2395940000 0.2927030000
4348.9794920000 0.2343140000 0.2820500000
4434.0131840000 0.2290830000 0.2717650000
4520.7089840000 0.2239060000 0.2618350000
4609.1005860000 0.2187850000 0.2522480000
4699.2197270000 0.2137230000 0.2429930000
4791.1015630000 0.2087230000 0.2340610000
4884.7792970000 0.2037870000 0.2254390000
4980.2890630000 0.1989170000 0.2171180000
5077.6660160000 0.1941140000 0.2090880000
5176.9472660000 0.1893810000 0.2013400000
5278.1694340000 0.1847190000 0.1938640000
5381.3710940000 0.1801280000 0.1866510000
5486.5903320000 0.1756110000 0.1796930000
5593.8666990000 0.1711670000 0.1729810000
5703.2412110000 0.1667970000 0.1665070000
5814.7534180000 0.1625020000 0.1602630000
5928.4467770000 0.1582830000 0.1542410000
6044.3627930000 0.1541390000 0.1484340000
6162.5449220000 0.1500710000 0.1428340000
6283.0380860000 0.1460780000 0.1374360000
6405.8872070000 0.1421610000 0.1322310000
6531.1386720000 0.1383200000 0.1272130000
6658.8383790000 0.1345530000 0.1223770000
6789.0356450000 0.1308620000 0.1177150000
6921.7783200000 0.1272450000 0.1132220000
7057.1162110000 0.1237010000 0.1088920000
7195.1005860000 0.1202310000 0.1047200000
7335.7827150000 0.1168340000 0.1007000000
7479.2158200000 0.1135090000 0.0968260000
7625.4531250000 0.1102560000 0.0930950000
7774.5498050000 0.1070730000 0.0895000000
7926.5620120000 0.1039590000 0.0860380000
8081.5458980000 0.1009150000 0.0827030000
8239.5605470000 0.0979390000 0.0794910000
8400.6640630000 0.0950230000 0.0763980000
8564.9189450000 0.0921800000 0.0734200000
8732.3837890000 0.0894030000 0.0705520000
8903.1240230000 0.0866900000 0.0677920000
9077.2021480000 0.0840560000 0.0651550000
9254.6845700000 0.0814860000 0.0626170000
9435.6367190000 0.0789790000 0.0601740000
9620.1269530000 0.0765340000 0.0578230000
9808.2246090000 0.0741480000 0.0555600000
10000.0000000000 0.0718230000 0.0533820000
10195.5253900000 0.0695550000 0.0512860000
10394.8730500000 0.0673450000 0.0492700000
10598.1191400000 0.0651910000 0.0473290000
10805.3388700000 0.0630920000 0.0454620000
11016.6103500000 0.0610470000 0.0436660000
11232.0127000000 0.0590550000 0.0419380000
11451.6259800000 0.0571150000 0.0402760000
11675.5341800000 0.0552260000 0.0386780000
11903.8203100000 0.0533860000 0.0371400000
12136.5693400000 0.0515950000 0.0356610000
12373.8701200000 0.0498520000 0.0342390000
12615.8105500000 0.0481550000 0.0328720000
12862.4814500000 0.0465040000 0.0315570000
13113.9746100000 0.0448970000 0.0302930000
13370.3857400000 0.0433340000 0.0290770000
13631.8105500000 0.0418140000 0.0279090000
13898.3466800000 0.0403350000 0.0267850000
14170.0937500000 0.0388970000 0.0257060000
14447.1543000000 0.0374980000 0.0246680000
14729.6328100000 0.0361390000 0.0236700000
15017.6337900000 0.0348170000 0.0227120000
15311.2666000000 0.0335330000 0.0217910000
15610.6396500000 0.0322840000 0.0209050000
15915.8671900000 0.0310710000 0.0200550000
16227.0615200000 0.0298920000 0.0192380000
16544.3418000000 0.0285810000 0.0184570000
16867.8242200000 0.0274690000 0.0177070000
17197.6328100000 0.0263900000 0.0169880000
17533.8906300000 0.0253430000 0.0162960000
17876.7207000000 0.0243250000 0.0156320000
18226.2558600000 0.0233380000 0.0149950000
18582.6250000000 0.0223790000 0.0143830000
18945.9628900000 0.0214490000 0.0137950000
19316.4023400000 0.0205460000 0.0132300000
19694.0878900000 0.0196700000 0.0126880000
20079.1562500000 0.0188200000 0.0121680000
20471.7539100000 0.0179490000 0.0116680000
20872.0273400000 0.0171500000 0.0111890000
21280.1289100000 0.0163740000 0.0107290000
21696.2070300000 0.0156230000 0.0102870000
22120.4238300000 0.0148940000 0.0098640000
22552.9335900000 0.0141870000 0.0094570000
22993.8984400000 0.0135010000 0.0090660000
23443.4882800000 0.0128370000 0.0086920000
23901.8671900000 0.0121930000 0.0083320000
24369.2070300000 0.0115680000 0.0079870000
24845.6875000000 0.0109630000 0.0076560000
25331.4824200000 0.0103770000 0.0073380000
25826.7753900000 0.0098080000 0.0070330000
26331.7539100000 0.0092580000 0.0067410000
26846.6054700000 0.0087240000 0.0064600000
27371.5234400000 0.0082060000 0.0061920000
27906.7070300000 0.0077040000 0.0059350000
28452.3515600000 0.0072180000 0.0056880000
29008.6660200000 0.0067470000 0.0054510000
29575.8593800000 0.0062910000 0.0052240000
30154.1406300000 0.0058500000 0.0050060000
30743.7304700000 0.0054230000 0.0047970000
31344.8476600000 0.0050090000 0.0045970000
31957.7168000000 0.0046090000 0.0044050000
32582.5703100000 0.0042210000 0.0042210000
33219.6406300000 0.0038460000 0.0040440000
33869.1679700000 0.0034820000 0.0038750000
34531.3945300000 0.0031310000 0.0037120000
35206.5703100000 0.0027910000 0.0035570000
35894.9492200000 0.0024610000 0.0034070000
36596.7851600000 0.0021430000 0.0032640000
37312.3437500000 0.0018340000 0.0031270000
38041.8906300000 0.0015360000 0.0029950000
38785.7070300000 0.0012480000 0.0028690000
39544.0625000000 0.0009690000 0.0027480000
40317.2500000000 0.0006990000 0.0026320000
41105.5546900000 0.0004370000 0.0025210000
41909.2695300000 0.0001850000 0.0024140000
42728.6992200000 -0.0000600000 0.0023120000
43564.1523400000 -0.0002960000 0.0022150000
44415.9414100000 -0.0005240000 0.0021210000
45284.3867200000 -0.0007450000 0.0020310000
46169.8085900000 -0.0009590000 0.0019450000
47072.5429700000 -0.0011660000 0.0018620000
47992.9296900000 -0.0013650000 0.0017830000
48931.3125000000 -0.0015590000 0.0017070000
49888.0429700000 -0.0017450000 0.0016350000
50863.4765600000 -0.0019260000 0.0015650000
51857.9843800000 -0.0021000000 0.0014980000
52871.9375000000 -0.0022690000 0.0014340000
53905.7187500000 -0.0024320000 0.0013730000
54959.7109400000 -0.0025890000 0.0013140000
56034.3085900000 -0.0027420000 0.0012580000
57129.9218800000 -0.0028890000 0.0012040000
58246.9531300000 -0.0030310000 0.0011530000
59385.8281300000 -0.0031680000 0.0011030000
60546.9687500000 -0.0033010000 0.0010560000
61730.8125000000 -0.0034300000 0.0010110000
62937.8046900000 -0.0035530000 0.0009670000
64168.3984400000 -0.0036730000 0.0009260000
65423.0507800000 -0.0037890000 0.0008860000
66702.2343800000 -0.0039010000 0.0008480000
68006.4296900000 -0.0040090000 0.0008110000
69336.1250000000 -0.0041130000 0.0007760000
70691.8203100000 -0.0042140000 0.0007430000
72074.0234400000 -0.0043110000 0.0007110000
73483.2500000000 -0.0044050000 0.0006800000
74920.0312500000 -0.0044960000 0.0006510000
76384.9062500000 -0.0045840000 0.0006230000
77878.4218800000 -0.0046680000 0.0005960000
79401.1406300000 -0.0047500000 0.0005700000
80953.6328100000 -0.0048290000 0.0005450000
82536.4765600000 -0.0049050000 0.0005220000
84150.2734400000 -0.0049790000 0.0005000000
85795.6250000000 -0.0050490000 0.0004790000
87473.1406300000 -0.0051180000 0.0004590000
89183.4609400000 -0.0051840000 0.0004390000
90927.2187500000 -0.0052480000 0.0004210000
92705.0781300000 -0.0053090000 0.0004030000
94517.6953100000 -0.0053690000 0.0003860000
96365.7500000000 -0.0054260000 0.0003700000
98249.9453100000 -0.0054810000 0.0003540000
100170.9766000000 -0.0055350000 0.0003390000
102129.5703000000 -0.0055860000 0.0003250000
104126.4609000000 -0.0056360000 0.0003110000
106162.3906000000 -0.0056840000 0.0002980000
108238.1328000000 -0.0057300000 0.0002850000
110354.4609000000 -0.0057750000 0.0002730000
112512.1641000000 -0.0058180000 0.0002620000
114712.0547000000 -0.0058600000 0.0002510000
116954.9688000000 -0.0059000000 0.0002400000
119241.7266000000 -0.0059390000 0.0002300000
121573.2031000000 -0.0059760000 0.0002200000
123950.2656000000 -0.0060120000 0.0002110000
126373.8047000000 -0.0060470000 0.0002020000
128844.7266000000 -0.0060810000 0.0001940000
131363.9688000000 -0.0061130000 0.0001860000
133932.4531000000 -0.0061450000 0.0001780000
136551.1719000000 -0.0061750000 0.0001700000
139221.0938000000 -0.0062040000 0.0001630000
141943.2188000000 -0.0062320000 0.0001560000
144718.5625000000 -0.0062590000 0.0001500000
147548.1719000000 -0.0062850000 0.0001430000
150433.1094000000 -0.0063110000 0.0001370000
153374.4531000000 -0.0063350000 0.0001310000
156373.2969000000 -0.0063590000 0.0001260000
159430.7969000000 -0.0063810000 0.0001210000
162548.0625000000 -0.0064030000 0.0001160000
165726.2813000000 -0.0064240000 0.0001110000
168966.6406000000 -0.0064450000 0.0001060000
172270.3750000000 -0.0064640000 0.0001020000
175638.6875000000 -0.0064830000 0.0000970000
179072.8594000000 -0.0065020000 0.0000930000
182574.1875000000 -0.0065190000 0.0000890000
186143.9688000000 -0.0065360000 0.0000860000
189783.5469000000 -0.0065530000 0.0000820000
193494.2969000000 -0.0065690000 0.0000780000
197277.5938000000 -0.0065840000 0.0000750000
201134.8594000000 -0.0065990000 0.0000720000
205067.5469000000 -0.0066130000 0.0000690000
209077.1406000000 -0.0066270000 0.0000660000
213165.1250000000 -0.0066400000 0.0000630000
217333.0313000000 -0.0066530000 0.0000610000
221582.4375000000 -0.0066650000 0.0000580000
225914.9219000000 -0.0066770000 0.0000560000
230332.1250000000 -0.0066890000 0.0000530000
234835.7031000000 -0.0067000000 0.0000510000
239427.3281000000 -0.0067100000 0.0000490000
244108.7344000000 -0.0067210000 0.0000470000
248881.6719000000 -0.0067310000 0.0000450000
253747.9219000000 -0.0067400000 0.0000430000
258709.3281000000 -0.0067490000 0.0000410000
263767.7500000000 -0.0067580000 0.0000400000
268925.0625000000 -0.0067670000 0.0000380000
274183.2188000000 -0.0067750000 0.0000360000
279544.1875000000 -0.0067830000 0.0000350000
285010.0000000000 -0.0067910000 0.0000330000
290582.6563000000 -0.0067980000 0.0000320000
296264.2500000000 -0.0068060000 0.0000310000
302056.9688000000 -0.0068130000 0.0000290000
307962.9375000000 -0.0068190000 0.0000280000
313984.3750000000 -0.0068260000 0.0000270000
320123.5625000000 -0.0068320000 0.0000260000
326382.7813000000 -0.0068380000 0.0000250000
332764.3750000000 -0.0068440000 0.0000240000
339270.7500000000 -0.0068490000 0.0000230000
345904.3438000000 -0.0068550000 0.0000220000
352667.6563000000 -0.0068600000 0.0000210000
359563.1875000000 -0.0068650000 0.0000200000
366593.5625000000 -0.0068700000 0.0000190000
373761.3750000000 -0.0068740000 0.0000180000
381069.3438000000 -0.0068790000 0.0000180000
388520.2188000000 -0.0068830000 0.0000170000
396116.7500000000 -0.0068870000 0.0000160000
403861.8125000000 -0.0068910000 0.0000150000
411758.3438000000 -0.0068950000 0.0000150000
419809.2500000000 -0.0068990000 0.0000140000
428017.5625000000 -0.0069030000 0.0000140000
436386.3750000000 -0.0069060000 0.0000130000
444918.8125000000 -0.0069100000 0.0000120000
453618.0938000000 -0.0069130000 0.0000120000
462487.4688000000 -0.0069160000 0.0000110000
471530.2500000000 -0.0069190000 0.0000110000
480749.8438000000 -0.0069220000 0.0000110000
490149.7188000000 -0.0069250000 0.0000100000
499733.3750000000 -0.0069270000 0.0000100000
509504.4063000000 -0.0069300000 0.0000090000
519466.5000000000 -0.0069330000 0.0000090000
529623.3750000000 -0.0069350000 0.0000080000
539978.8125000000 -0.0069370000 0.0000080000
550536.7500000000 -0.0069400000 0.0000080000
561301.1250000000 -0.0069420000 0.0000070000
572276.0000000000 -0.0069440000 0.0000070000
583465.4375000000 -0.0069460000 0.0000070000
594873.6250000000 -0.0069480000 0.0000070000
606504.8750000000 -0.0069500000 0.0000060000
618363.5625000000 -0.0069520000 0.0000060000
630454.1250000000 -0.0069530000 0.0000060000
642781.1250000000 -0.0069550000 0.0000060000
655349.0625000000 -0.0069570000 0.0000050000
668162.8125000000 -0.0069580000 0.0000050000
681227.0625000000 -0.0069600000 0.0000050000
694546.7500000000 -0.0069610000 0.0000050000
