30.0000000000 -10.6415780000 0.3411790000
30.5865750000 -10.6529100000 0.3610480000
31.1846200000 -10.6621400000 0.3815000000
31.7943570000 -10.6692080000 0.4023220000
32.4160160000 -10.6740780000 0.4232830000
33.0498310000 -10.6767430000 0.4441390000
33.6960370000 -10.6772230000 0.4646330000
34.3548770000 -10.6755740000 0.4845020000
35.0266040000 -10.6718850000 0.5034790000
35.7114600000 -10.6662790000 0.5213040000
36.4097100000 -10.6589160000 0.5377200000
37.1216090000 -10.6499890000 0.5524880000
37.8474310000 -10.6397250000 0.5653850000
38.5874440000 -10.6283820000 0.5762110000
39.3419230000 -10.6162410000 0.5847980000
40.1111560000 -10.6036130000 0.5910050000
40.8954320000 -10.5908180000 0.5947310000
41.6950380000 -10.5781960000 0.5959090000
42.5102810000 -10.5660880000 0.5945140000
43.3414650000 -10.5548400000 0.5905590000
44.1888960000 -10.5447930000 0.5840990000
45.0529020000 -10.5362760000 0.5752240000
45.9338000000 -10.5296020000 0.5640630000
46.8319210000 -10.5250640000 0.5507750000
47.7476010000 -10.5229320000 0.5355500000
48.6811870000 -10.5234440000 0.5186010000
49.6330260000 -10.5268100000 0.5001620000
50.6034740000 -10.5332070000 0.4804810000
51.5928990000 -10.5427780000 0.4598140000
52.6016690000 -10.5556340000 0.4384220000
53.6301650000 -10.5718540000 0.4165650000
54.6787680000 -10.5914850000 0.3944940000
55.7478750000 -10.6145510000 0.3724520000
56.8378870000 -10.6410470000 0.3506680000
57.9492070000 -11.1592240000 0.3317540000
59.0822600000 -11.1878310000 0.3368120000
60.2374690000 -11.2177900000 0.3418920000
61.4152600000 -11.2492030000 0.3469940000
62.6160810000 -11.2821830000 0.3521200000
63.8403850000 -11.3168490000 0.3572700000
65.0886230000 -11.3533300000 0.3624490000
66.3612670000 -11.3917660000 0.3676600000
67.6587980000 -11.4323080000 0.3729080000
68.9816970000 -11.4751210000 0.3781990000
70.3304600000 -11.5203820000 0.3835400000
71.7055970000 -11.5682880000 0.3889400000
73.1076200000 -11.6190500000 0.3944090000
74.5370640000 -11.6729020000 0.3999570000
75.9944460000 -11.7301010000 0.4056000000
77.4803310000 -11.7909300000 0.4113510000
78.9952620000 -11.8557010000 0.4172290000
80.5398180000 -11.9247640000 0.4232520000
82.1145710000 -11.9985040000 0.4294440000
83.7201160000 -12.0773570000 0.4358290000
85.3570560000 -12.1618110000 0.4424350000
87.0260010000 -12.2524160000 0.4492930000
88.7275770000 -12.3497960000 0.4564380000
90.4624250000 -12.4546680000 0.4639100000
92.2311940000 -12.5678500000 0.4717510000
94.0345380000 -12.6902890000 0.4800090000
95.8731540000 -12.8230920000 0.4887400000
97.7477110000 -12.9675510000 0.4980020000
99.6589200000 -13.1251980000 0.5078620000
101.6075060000 -13.2978680000 0.5183950000
103.5941850000 -13.4877680000 0.5296820000
105.6197130000 -13.6976020000 0.5418150000
107.6848450000 -13.9307120000 0.5548970000
109.7903520000 -14.1912990000 0.5690400000
111.9370270000 -14.4847240000 0.5843700000
114.1256790000 -14.8179670000 0.6010290000
116.3571170000 -15.2003100000 0.6191740000
118.6321950000 -15.6444080000 0.6389780000
120.9517520000 -15.3116800000 0.6460050000
123.3166580000 -15.8974090000 0.6427630000
125.7278060000 -16.6253400000 0.6392280000
128.1860960000 -17.5580940000 0.6354060000
130.6924590000 -18.8029730000 0.6313030000
133.2478330000 -22.8755860000 0.8706960000
135.8531490000 -18.7230640000 0.8711210000
138.5094300000 -16.8540340000 0.8653490000
141.2176360000 -15.5986100000 0.8533860000
143.9787900000 -14.6345640000 0.8352530000
146.7939300000 -13.8416930000 0.8109800000
149.6641240000 -13.1621250000 0.7806050000
152.5904390000 -12.5637000000 0.7441810000
155.5739590000 -12.0269080000 0.7017670000
158.6158140000 -11.5392060000 0.6534360000
161.7171480000 -11.0922620000 0.5992660000
164.8791350000 -10.6805300000 0.5393490000
168.1029360000 -10.3004610000 0.4737830000
171.3897710000 -9.9501270000 0.4026800000
174.7408600000 -9.6291330000 0.3261560000
178.1574860000 -9.3388200000 0.2443360000
181.6409150000 -9.0829110000 0.1573540000
185.1924440000 -8.8689950000 0.0653540000
188.8134160000 -8.7118870000 9.9684860000
192.5051880000 -8.5019750000 0.9909430000
196.2691500000 -7.9236390000 0.8920120000
200.1067050000 -7.4744580000 0.7882980000
204.0192870000 -7.0803590000 0.6799710000
208.0083770000 -6.7196550000 0.5672010000
212.0754700000 -6.3828590000 0.4501660000
216.2220760000 -6.0649130000 0.3290490000
220.4497530000 -5.7627640000 0.2040380000
224.7601010000 -5.4744070000 0.0753200000
229.1547240000 -5.1984490000 9.9430920000
233.6352690000 -4.9338650000 9.8075490000
238.2034300000 -4.6798830000 9.6688900000
242.8609010000 -4.4358960000 9.5273160000
247.6094360000 -4.2014160000 9.3830280000
252.4508210000 -3.9760380000 9.2362300000
257.3868710000 -3.7594280000 9.0871250000
262.4194340000 -3.5512920000 8.9359160000
267.5503850000 -3.3513790000 8.7828050000
272.7816770000 -3.2444380000 8.6285720000
278.1152340000 -3.0597950000 8.4747260000
283.5530700000 -2.8826740000 8.3195350000
289.0972600000 -2.7129000000 8.1631910000
294.7498170000 -2.5503110000 8.0058860000
300.5129390000 -2.3947530000 7.8478080000
306.3887020000 -2.2460760000 7.6891440000
312.3793640000 -2.1041360000 7.5300740000
318.4871830000 -1.9687880000 7.3707760000
324.7143860000 -1.8398980000 7.2114270000
331.0633850000 -1.7173210000 7.0521930000
337.5364990000 -1.6009210000 6.8932410000
344.1361690000 -1.4905600000 6.7347320000
350.8648990000 -1.3861010000 6.5768200000
357.7251890000 -1.2874030000 6.4196540000
364.7196040000 -1.1943310000 6.2633810000
371.8508000000 -1.1067410000 6.1081370000
379.1213990000 -1.0244960000 5.9540570000
386.5341800000 -0.9474540000 5.8012660000
394.0918880000 -0.8754750000 5.6498880000
401.7973630000 -0.8084150000 5.5000350000
409.6535340000 -0.7461330000 5.3518170000
417.6632690000 -0.6884870000 5.2053380000
425.8296200000 -0.6353330000 5.0606950000
434.1556700000 -0.5865300000 4.9179750000
442.6445010000 -0.5419340000 4.7772650000
451.2993160000 -0.5014040000 4.6386430000
460.1233520000 -0.4647990000 4.5021800000
469.1199040000 -0.4319780000 4.3679430000
478.2923890000 -0.4028020000 4.2359910000
487.6441960000 -0.3771310000 4.1063790000
497.1788640000 -0.3548300000 3.9791550000
506.8999330000 -0.3357620000 3.8543610000
516.8110960000 -0.3197940000 3.7320370000
526.9160770000 -0.3067940000 3.6122110000
537.2185670000 -0.6544210000 3.5104650000
547.7225340000 -0.6423630000 3.4142560000
558.4318850000 -0.6319980000 3.3200010000
569.3506470000 -0.6232600000 3.2276800000
580.4828490000 -0.6160860000 3.1372750000
591.8327640000 -0.6104170000 3.0487660000
603.4046020000 -0.6061940000 2.9621330000
615.2026370000 -0.6033630000 2.8773550000
627.2313840000 -0.6018690000 2.7944120000
639.4953610000 -0.6016610000 2.7132810000
651.9990840000 -0.6026910000 2.6339440000
664.7473140000 -0.6049110000 2.5563760000
677.7447510000 -0.6082780000 2.4805560000
690.9963990000 -0.6127470000 2.4064630000
704.5070800000 -0.6182780000 2.3340740000
718.2819820000 -0.6248330000 2.2633650000
732.3261720000 -0.6323740000 2.1943150000
746.6450200000 -0.6408670000 2.1269000000
761.2437740000 -0.7003260000 2.0618330000
776.1279910000 -0.7109280000 2.0003010000
791.3032230000 -0.7222550000 1.9403450000
806.7752080000 -0.7342830000 1.8819340000
822.5496830000 -0.7469860000 1.8250400000
838.6325680000 -0.7603440000 1.7696320000
855.0299680000 -0.7743370000 1.7156830000
871.7479250000 -0.7889490000 1.6631620000
888.7927860000 -0.8041650000 1.6120420000
906.1708980000 -0.8199730000 1.5622920000
923.8888550000 -0.8363640000 1.5138850000
941.9531860000 -0.8533310000 1.4667940000
960.3707280000 -0.8708700000 1.4209880000
979.1483760000 -0.8889780000 1.3764410000
998.2931520000 -0.9076590000 1.3331260000
1017.8123170000 -0.9268800000 1.2921890000
1037.7131350000 -0.9465990000 1.2525260000
1058.0029300000 -0.9668290000 1.2139950000
1078.6895750000 -0.9875880000 1.1765650000
1099.7806400000 -1.0088980000 1.1402090000
1121.2841800000 -1.0307860000 1.1048980000
1143.2080080000 -1.0532820000 1.0706060000
1165.5606690000 -1.0764230000 1.0373050000
1188.3502200000 -1.1002490000 1.0049710000
1211.5854490000 -1.1248110000 0.9735770000
1235.2750240000 -1.1501630000 0.9430970000
1259.4277340000 -1.1763690000 0.9135090000
1284.0527340000 -1.2035030000 0.8847880000
1309.1591800000 -1.2316480000 0.8569110000
1334.7564700000 -1.2609030000 0.8298550000
1360.8542480000 -1.2913760000 0.8035980000
1387.4624020000 -1.3231980000 0.7781180000
1414.5908200000 -1.3565160000 0.7533940000
1442.2495120000 -1.3915020000 0.7294060000
1470.4492190000 -1.4283600000 0.7061330000
1499.2000730000 -1.4673240000 0.6835560000
1528.5131840000 -1.5086770000 0.6616550000
1558.3995360000 -1.5527520000 0.6404120000
1588.8701170000 -1.5999510000 0.6198090000
1619.9365230000 -1.6507620000 0.5998270000
1651.6103520000 -1.7057880000 0.5804490000
1683.9034420000 -1.7657740000 0.5616580000
1716.8280030000 -1.8316670000 0.5434380000
1750.3962400000 -1.9046860000 0.5257730000
1784.6208500000 -1.9864340000 0.5086460000
1819.5146480000 -2.0790750000 0.4920440000
1855.0908200000 -2.1856190000 0.4759500000
1891.3624270000 -2.3104220000 0.4603500000
1928.3432620000 -2.4601090000 0.4452300000
1966.0472410000 -2.6454310000 0.4305770000
2004.4884030000 -2.8855280000 0.4163760000
2043.6811520000 -3.2195630000 0.4026150000
2083.6401370000 -3.7495430000 0.3892810000
2124.3806150000 -4.9486740000 0.3763620000
2140.6499020000 -6.6572670000 0.3713830000
2140.6899410000 -6.6670130000 0.3713710000
2140.7199710000 -6.6743760000 0.3713620000
2140.7600100000 -6.6842680000 0.3713500000
2140.8000490000 -6.6942430000 0.3713380000
2140.8400880000 -6.7043050000 0.3713260000
2140.8701170000 -6.7119090000 0.3713170000
2140.9099120000 -6.7220640000 0.3713050000
2140.9499510000 -6.7323710000 0.3712920000
2140.9799800000 -6.7401610000 0.3712830000
2141.0200200000 -6.7506290000 0.3712710000
2141.0600590000 -6.7611930000 0.3712590000
2141.0900880000 -6.7691790000 0.3712500000
2141.1298830000 -6.7798490000 0.3712380000
2141.1699220000 -6.7906820000 0.3712260000
2141.2099610000 -6.8016170000 0.3712140000
2141.2399900000 -6.8098200000 0.3712050000
2141.2800290000 -6.8209370000 0.3711930000
2141.3200680000 -6.8321600000 0.3711800000
2141.3500980000 -6.8406500000 0.3711710000
2141.3898930000 -6.8519970000 0.3711590000
2141.4299320000 -6.8635250000 0.3711470000
2141.4599610000 -6.8722470000 0.3711380000
2141.5000000000 -6.8839780000 0.3711260000
2141.5400390000 -6.8958280000 0.3711140000
2141.5800780000 -6.9078000000 0.3711020000
2141.6101070000 -6.9168600000 0.3710930000
2141.6499020000 -6.9289780000 0.3710810000
2141.6899410000 -6.9412960000 0.3710680000
2141.7199710000 -6.9506210000 0.3710590000
2141.7600100000 -6.9631710000 0.3710470000
2141.8000490000 -6.9758580000 0.3710350000
2141.8300780000 -6.9853870000 0.3710260000
2141.8701170000 -6.9983190000 0.3710140000
2141.9099120000 -7.0113160000 0.3710020000
2141.9399410000 -7.0212190000 0.3709930000
2141.9799800000 -7.0345550000 0.3709810000
2142.0200200000 -7.0480460000 0.3709690000
2142.0600590000 -7.0616930000 0.3709560000
2142.0900880000 -7.0720340000 0.3709470000
2142.1298830000 -7.0858830000 0.3709350000
2142.1699220000 -7.0999820000 0.3709230000
2142.1999510000 -7.1106690000 0.3709140000
2142.2399900000 -7.1250710000 0.3709020000
2142.2800290000 -7.1396530000 0.3708900000
2142.3200680000 -7.1544190000 0.3708780000
2142.3500980000 -7.1656170000 0.3708690000
2142.3898930000 -7.1805350000 0.3708570000
2142.4299320000 -7.1958290000 0.3708450000
2142.4599610000 -7.2074320000 0.3708360000
2142.5000000000 -7.2230840000 0.3708230000
2142.5400390000 -7.2389470000 0.3708110000
2142.5700680000 -7.2509880000 0.3708020000
2142.6101070000 -7.2672360000 0.3707900000
2142.6499020000 -7.2836140000 0.3707780000
2142.6899410000 -7.3003240000 0.3707660000
2142.7199710000 -7.3130150000 0.3707570000
2142.7600100000 -7.3301530000 0.3707450000
2142.8000490000 -7.3475440000 0.3707330000
2142.8300780000 -7.3607590000 0.3707240000
2142.8701170000 -7.3786140000 0.3707120000
2142.9099120000 -7.3966360000 0.3707000000
2142.9399410000 -7.4104190000 0.3706900000
2142.9799800000 -7.4290510000 0.3706780000
2143.0200200000 -7.4478700000 0.3706660000
2143.0600590000 -7.4671120000 0.3706540000
2143.0900880000 -7.4817520000 0.3706450000
2143.1298830000 -7.5014420000 0.3706330000
2143.1699220000 -7.5215890000 0.3706210000
2143.1999510000 -7.5369290000 0.3706120000
2143.2399900000 -7.5576990000 0.3706000000
2143.2800290000 -7.5788420000 0.3705880000
2143.3200680000 -7.6003730000 0.3705760000
2143.3500980000 -7.6167830000 0.3705670000
2143.3898930000 -7.6388930000 0.3705550000
2143.4299320000 -7.6615620000 0.3705420000
2143.4599610000 -7.6788550000 0.3705330000
2143.5000000000 -7.7023150000 0.3705210000
2143.5400390000 -7.7262530000 0.3705090000
2143.5700680000 -7.7445310000 0.3705000000
2143.6101070000 -7.7692020000 0.3704880000
2143.6499020000 -7.7944010000 0.3704760000
2143.6899410000 -7.8203070000 0.3704640000
2143.7199710000 -7.8401170000 0.3704550000
2143.7600100000 -7.8670600000 0.3704430000
2143.8000490000 -7.8946330000 0.3704310000
2143.8300780000 -7.9157440000 0.3704220000
2143.8701170000 -7.9444940000 0.3704100000
2143.9099120000 -7.9737850000 0.3703980000
2143.9499510000 -8.0040040000 0.3703860000
2143.9799800000 -8.0271880000 0.3703760000
2144.0200200000 -8.0588250000 0.3703640000
2144.0600590000 -8.0913350000 0.3703520000
2144.0900880000 -8.1163190000 0.3703430000
2144.1298830000 -8.1502680000 0.3703310000
2144.1699220000 -8.1852230000 0.3703190000
2144.1999510000 -8.2122970000 0.3703100000
2144.2399900000 -8.2493920000 0.3702980000
2144.2800290000 -8.2876880000 0.3702860000
2144.3200680000 -8.3272680000 0.3702740000
2144.3500980000 -8.3578470000 0.3702650000
2144.3898930000 -8.3996360000 0.3702530000
2144.4299320000 -8.4432210000 0.3702410000
2144.4599610000 -8.4769970000 0.3702320000
2144.5000000000 -8.5235870000 0.3702200000
2144.5400390000 -8.5720880000 0.3702080000
2144.5800780000 -8.6226630000 0.3701950000
2144.6101070000 -8.6620650000 0.3701860000
2144.6499020000 -8.7163930000 0.3701740000
2144.6899410000 -8.7736860000 0.3701620000
2144.7199710000 -8.8185530000 0.3701530000
2144.7600100000 -8.8807640000 0.3701410000
2144.8000490000 -8.9468290000 0.3701290000
2144.8400880000 -9.0167950000 0.3701170000
2144.8701170000 -9.0721230000 0.3701080000
2144.9099120000 -9.1496730000 0.3700960000
2144.9499510000 -9.2331700000 0.3700840000
2144.9799800000 -9.2998910000 0.3700750000
2145.0200200000 -9.3951260000 0.3700630000
2145.0600590000 -9.4986790000 0.3700510000
2145.0900880000 -9.5827420000 0.3700420000
2145.1298830000 -9.7042070000 0.3700300000
2145.1699220000 -9.8403910000 0.3700180000
2145.2099610000 -9.9942420000 0.3700060000
2145.2399900000 -10.1243050000 0.3699970000
2145.2800290000 -10.3233530000 0.3699850000
2145.3200680000 -10.5625870000 0.3699720000
2145.3500980000 -10.7781910000 0.3699630000
2145.3898930000 -11.1452680000 0.3699510000
2145.4299320000 -11.6830460000 0.3699390000
2145.4699710000 -12.6913450000 0.3699270000
2145.5000000000 -4.5862910000 4.1166690000
2145.5400390000 -12.3632890000 4.1165890000
2145.5800780000 -11.5364010000 4.1165090000
2145.6101070000 -11.1564460000 4.1164500000
2145.6499020000 -10.7882380000 4.1163710000
2145.6899410000 -10.5057160000 4.1162910000
2145.7299800000 -10.2774040000 4.1162110000
2145.7600100000 -10.1308990000 4.1161520000
2145.8000490000 -9.9598990000 4.1160720000
2145.8400880000 -9.8103290000 4.1159930000
2145.8701170000 -9.7092790000 4.1159330000
2145.9099120000 -9.5872900000 4.1158540000
2145.9499510000 -9.4765980000 4.1157750000
2145.9899900000 -9.3747050000 4.1156950000
2146.0200200000 -9.3036030000 4.1156350000
2146.0600590000 -9.2149290000 4.1155560000
2146.1000980000 -9.1323720000 4.1154760000
2146.1298830000 -9.0744400000 4.1154170000
2146.1699220000 -9.0007470000 4.1153370000
2146.2099610000 -8.9313250000 4.1152570000
2146.2500000000 -8.8657060000 4.1151780000
2146.2800290000 -8.8187480000 4.1151180000
2146.3200680000 -8.7588670000 4.1150380000
2146.3601070000 -8.7018360000 4.1149590000
2146.3898930000 -8.6610950000 4.1149000000
2146.4299320000 -8.6084320000 4.1148200000
2146.4699710000 -8.5579830000 4.1147400000
2146.5100100000 -8.5095710000 4.1146600000
2146.5400390000 -8.4747750000 4.1146010000
2146.5800780000 -8.4295450000 4.1145220000
2146.6201170000 -8.3859570000 4.1144420000
2146.6499020000 -8.3545220000 4.1143830000
2146.6899410000 -8.3135290000 4.1143030000
2146.7299800000 -8.2738890000 4.1142230000
2146.7700200000 -8.2355150000 4.1141440000
2146.8000490000 -8.2075180000 4.1140840000
2146.8400880000 -8.1711740000 4.1140040000
2146.8798830000 -8.1361040000 4.1139250000
2146.9199220000 -8.1018270000 4.1138450000
2146.9499510000 -8.0767450000 4.1137860000
2146.9899900000 -8.0440960000 4.1137060000
2147.0300290000 -8.0123090000 4.1136260000
2147.0600590000 -7.9890080000 4.1135660000
2147.1000980000 -7.9586260000 4.1134870000
2147.1398930000 -7.9293410000 4.1134080000
2147.1799320000 -7.9004100000 4.1133280000
2147.2099610000 -7.8791590000 4.1132680000
2147.2500000000 -7.8513960000 4.1131890000
2147.2900390000 -7.8242580000 4.1131090000
2147.3200680000 -7.8042980000 4.1130500000
2147.3601070000 -7.7781890000 4.1129690000
2147.3999020000 -7.7527850000 4.1128900000
2147.4399410000 -7.7277570000 4.1128110000
2147.4699710000 -7.7093210000 4.1127510000
2147.5100100000 -7.6851700000 4.1126710000
2147.5500490000 -7.6614930000 4.1125910000
2147.5800780000 -7.6440360000 4.1125320000
2147.6201170000 -7.6211450000 4.1124520000
2147.6599120000 -7.5988130000 4.1123730000
2147.6999510000 -7.5768870000 4.1122940000
2147.7299800000 -7.5606030000 4.1122340000
2147.7700200000 -7.5392270000 4.1121540000
2147.8100590000 -7.5182240000 4.1120740000
2147.8400880000 -7.5027070000 4.1120140000
2147.8798830000 -7.4824450000 4.1119350000
2147.9199220000 -7.4623970000 4.1118560000
2147.9599610000 -7.4426770000 4.1117760000
2147.9899900000 -7.4280950000 4.1117160000
2148.0300290000 -7.4089230000 4.1116360000
2148.0700680000 -7.3900490000 4.1115570000
2148.1101070000 -7.3714660000 4.1114770000
2148.1398930000 -7.3578220000 4.1114170000
2148.1799320000 -7.3397240000 4.1113380000
2148.2199710000 -7.3218920000 4.1112580000
2148.2500000000 -7.3086880000 4.1111980000
2148.2900390000 -7.2913050000 4.1111180000
2148.3300780000 -7.2742690000 4.1110390000
2148.3701170000 -7.2573690000 4.1109600000
2148.3999020000 -7.2449460000 4.1109000000
2148.4399410000 -7.2284480000 4.1108200000
2148.4799800000 -7.2121720000 4.1107410000
2148.5100100000 -7.2001060000 4.1106810000
2148.5500490000 -7.1842040000 4.1106010000
2148.5900880000 -7.1685070000 4.1105210000
2148.6298830000 -7.1531030000 4.1104420000
2148.6599120000 -7.1416090000 4.1103820000
2148.6999510000 -7.1264510000 4.1103020000
2148.7399900000 -7.1114800000 4.1102220000
2148.7800290000 -7.0966910000 4.1101430000
2148.8100590000 -7.0857170000 4.1100830000
2148.8500980000 -7.0712380000 4.1100030000
2148.8898930000 -7.0570980000 4.1099240000
2148.9199220000 -7.0464750000 4.1098640000
2148.9599610000 -7.0324540000 4.1097850000
2149.0000000000 -7.0185920000 4.1097050000
2149.0400390000 -7.0048870000 4.1096250000
2149.0700680000 -6.9947090000 4.1095650000
2149.1101070000 -6.9812700000 4.1094850000
2149.1499020000 -6.9680560000 4.1094060000
2149.1899410000 -6.9549060000 4.1093260000
2149.2199710000 -6.9451370000 4.1092660000
2149.2600100000 -6.9322320000 4.1091870000
2149.3000490000 -6.9194620000 4.1091070000
2149.3300780000 -6.9099720000 4.1090470000
2149.3701170000 -6.8974330000 4.1089670000
2149.4099120000 -6.8850960000 4.1088880000
2149.4499510000 -6.8728090000 4.1088080000
2149.4799800000 -6.8637470000 4.1087480000
2149.5200200000 -6.8516740000 4.1086690000
2149.5600590000 -6.8397180000 4.1085890000
2149.6000980000 -6.8278790000 4.1085090000
2149.6298830000 -6.8191450000 4.1084500000
2149.6699220000 -6.8075030000 4.1083700000
2149.7099610000 -6.7959720000 4.1082900000
2149.7399900000 -6.7873950000 4.1082300000
2149.7800290000 -6.7760520000 4.1081500000
2149.8200680000 -6.7648130000 4.1080700000
2149.8601070000 -6.7536770000 4.1079910000
2149.8898930000 -6.7454570000 4.1079310000
2149.9299320000 -6.7344960000 4.1078520000
2149.9699710000 -6.7236320000 4.1077720000
2150.0100100000 -6.7128650000 4.1076920000
2150.0400390000 -6.7048510000 4.1076320000
2150.0800780000 -6.6943100000 4.1075530000
2150.1201170000 -6.6837970000 4.1074730000
2150.1499020000 -6.6760340000 4.1074130000
2150.1899410000 -6.6656770000 4.1073340000
2150.2299800000 -6.6554060000 4.1072540000
2150.2700200000 -6.6452220000 4.1071740000
2150.3000490000 -6.6376400000 4.1071140000
2150.3400880000 -6.6276020000 4.1070340000
2150.3798830000 -6.6177050000 4.1069550000
2150.4199220000 -6.6078290000 4.1068750000
2150.4499510000 -6.6004740000 4.1068150000
2150.4899900000 -6.5907360000 4.1067350000
2150.5300290000 -6.5810750000 4.1066550000
2150.5600590000 -6.5738790000 4.1065950000
2150.6000980000 -6.5643500000 4.1065150000
2150.6398930000 -6.5549510000 4.1064360000
2150.6799320000 -6.5456230000 4.1063570000
2150.7099610000 -6.5386320000 4.1062970000
2150.7500000000 -6.5293730000 4.1062170000
2150.7900390000 -6.5201830000 4.1061370000
2150.8300780000 -6.5110620000 4.1060570000
2150.8601070000 -6.5042650000 4.1059970000
2150.8999020000 -6.4953150000 4.1059180000
2150.9399410000 -6.4863770000 4.1058380000
2150.9699710000 -6.4797160000 4.1057780000
2151.0100100000 -6.4708900000 4.1056980000
2165.9174800000 -4.8687900000 4.0758250000
2208.2666020000 -3.4424920000 3.9895800000
2251.4438480000 -2.7476340000 3.8998950000
2295.4653320000 -2.2724680000 3.8070700000
2340.3474120000 -1.9076680000 3.7114130000
2386.1069340000 -1.6106180000 3.6132410000
2432.7612300000 -1.3603640000 3.5128730000
2480.3278810000 -1.1450340000 3.4106320000
2528.8244630000 -0.9586690000 3.3068830000
2578.2692870000 -0.7934720000 3.2019080000
2628.6809080000 -0.6474910000 3.0960230000
2680.0783690000 -0.5182490000 2.9895420000
2732.4804690000 -0.4038910000 2.8827730000
2785.9074710000 -0.3029760000 2.7760150000
2840.3789060000 -0.3269750000 2.6900680000
2895.9152830000 -0.2532650000 2.6079150000
2952.5378420000 -0.1867170000 2.5282430000
3010.2673340000 -0.1261880000 2.4508950000
3069.1254880000 -0.0706710000 2.3753690000
3129.1347660000 -0.0202740000 2.3018960000
3190.3171390000 0.0254930000 2.2304300000
3252.6958010000 0.0670560000 2.1609250000
3316.2941890000 0.1047910000 2.0933350000
3381.1359860000 0.1390290000 2.0276180000
3447.2456050000 0.1700650000 1.9637290000
3514.6479490000 0.1981640000 1.9016240000
3583.3681640000 0.2230810000 1.8412690000
3653.4318850000 0.2459540000 1.7826260000
3724.8657230000 0.2665380000 1.7256460000
3797.6960450000 0.2850070000 1.6702890000
3871.9506840000 0.3015220000 1.6165160000
3947.6569820000 0.3162300000 1.5642880000
4024.8435060000 0.3292650000 1.5135680000
4103.5390630000 0.3407500000 1.4643190000
4183.7739260000 0.3507990000 1.4165020000
4265.5771480000 0.3595170000 1.3700840000
4348.9794920000 0.3655520000 1.3251360000
4434.0131840000 0.3718630000 1.2815690000
4520.7089840000 0.3771270000 1.2393010000
4609.1005860000 0.3814190000 1.1982980000
4699.2197270000 0.3848130000 1.1585280000
4791.1015630000 0.3873750000 1.1199560000
4884.7792970000 0.3891660000 1.0825530000
4980.2890630000 0.3902440000 1.0462860000
5077.6660160000 0.3906640000 1.0111260000
5176.9472660000 0.3904740000 0.9770410000
5278.1694340000 0.3897240000 0.9440030000
5381.3710940000 0.3884550000 0.9119840000
5486.5903320000 0.3867090000 0.8809560000
5593.8666990000 0.3845250000 0.8508920000
5703.2412110000 0.3819380000 0.8217640000
5814.7534180000 0.3789810000 0.7935480000
5928.4467770000 0.3756870000 0.7662180000
6044.3627930000 0.3720830000 0.7397480000
6162.5449220000 0.3681990000 0.7141160000
6283.0380860000 0.3640580000 0.6892970000
6405.8872070000 0.3596870000 0.6652680000
6531.1386720000 0.3551060000 0.6420070000
6658.8383790000 0.3502210000 0.6194930000
6789.0356450000 0.3452850000 0.5977040000
6921.7783200000 0.3401970000 0.5766190000
7057.1162110000 0.3349770000 0.5562170000
7195.1005860000 0.3296380000 0.5364790000
7335.7827150000 0.3241950000 0.5173840000
7479.2158200000 0.3186620000 0.4989150000
7625.4531250000 0.3130500000 0.4810530000
7774.5498050000 0.3073680000 0.4637790000
7926.5620120000 0.3016250000 0.4470770000
8081.5458980000 0.2958250000 0.4309300000
8239.5605470000 0.2899690000 0.4153200000
8400.6640630000 0.2840490000 0.4002320000
8564.9189450000 0.2780410000 0.3856500000
8732.3837890000 0.2718790000 0.3715580000
8903.1240230000 0.2653830000 0.3579460000
9077.2021480000 0.2596510000 0.3449530000
9254.6845700000 0.2539490000 0.3324030000
9435.6367190000 0.2481270000 0.3202890000
9620.1269530000 0.2424560000 0.3085970000
9808.2246090000 0.2368330000 0.2973120000
10000.0000000000 0.2312640000 0.2864200000
10195.5253900000 0.2257510000 0.2759090000
10394.8730500000 0.2202990000 0.2657650000
10598.1191400000 0.2149110000 0.2559770000
10805.3388700000 0.2095890000 0.2465330000
11016.6103500000 0.2043360000 0.2374210000
11232.0127000000 0.1991540000 0.2286310000
11451.6259800000 0.1940450000 0.2201510000
11675.5341800000 0.1890120000 0.2119710000
11903.8203100000 0.1840550000 0.2040810000
12136.5693400000 0.1791760000 0.1964720000
12373.8701200000 0.1743760000 0.1891330000
12615.8105500000 0.1696560000 0.1820560000
12862.4814500000 0.1650160000 0.1752320000
13113.9746100000 0.1604570000 0.1686530000
13370.3857400000 0.1559790000 0.1623090000
13631.8105500000 0.1515840000 0.1561930000
13898.3466800000 0.1472700000 0.1502980000
14170.0937500000 0.1430370000 0.1446150000
14447.1543000000 0.1388870000 0.1391380000
14729.6328100000 0.1348180000 0.1338580000
15017.6337900000 0.1308300000 0.1287710000
15311.2666000000 0.1269230000 0.1238680000
15610.6396500000 0.1230960000 0.1191440000
15915.8671900000 0.1193490000 0.1145920000
16227.0615200000 0.1156810000 0.1102070000
16544.3418000000 0.1120910000 0.1059820000
16867.8242200000 0.1085790000 0.1019120000
17197.6328100000 0.1051440000 0.0979920000
17533.8906300000 0.1017850000 0.0942160000
17876.7207000000 0.0985010000 0.0905790000
18226.2558600000 0.0952910000 0.0870770000
18582.6250000000 0.0921540000 0.0837040000
18945.9628900000 0.0890890000 0.0804560000
19316.4023400000 0.0860960000 0.0773300000
19694.0878900000 0.0831720000 0.0743190000
20079.1562500000 0.0803180000 0.0714210000
20471.7539100000 0.0775320000 0.0686310000
20872.0273400000 0.0748120000 0.0659460000
21280.1289100000 0.0721590000 0.0633610000
21696.2070300000 0.0695690000 0.0608740000
22120.4238300000 0.0670440000 0.0584800000
22552.9335900000 0.0645800000 0.0561760000
22993.8984400000 0.0621780000 0.0539590000
23443.4882800000 0.0598360000 0.0518270000
23901.8671900000 0.0575520000 0.0497750000
24369.2070300000 0.0553270000 0.0478010000
24845.6875000000 0.0531570000 0.0459020000
25331.4824200000 0.0510430000 0.0440760000
25826.7753900000 0.0489830000 0.0423190000
26331.7539100000 0.0469770000 0.0406300000
26846.6054700000 0.0450260000 0.0390100000
27371.5234400000 0.0431410000 0.0374650000
27906.7070300000 0.0413060000 0.0359790000
28452.3515600000 0.0395210000 0.0345500000
29008.6660200000 0.0377840000 0.0331770000
29575.8593800000 0.0360950000 0.0318560000
30154.1406300000 0.0344530000 0.0305860000
30743.7304700000 0.0328550000 0.0293650000
31344.8476600000 0.0313020000 0.0281920000
31957.7168000000 0.0297920000 0.0270640000
32582.5703100000 0.0283240000 0.0259790000
33219.6406300000 0.0268980000 0.0249370000
33869.1679700000 0.0255120000 0.0239360000
34531.3945300000 0.0241650000 0.0229730000
35206.5703100000 0.0228560000 0.0220480000
35894.9492200000 0.0215840000 0.0211590000
36596.7851600000 0.0203490000 0.0203050000
37312.3437500000 0.0191490000 0.0194840000
38041.8906300000 0.0179840000 0.0186960000
38785.7070300000 0.0168530000 0.0179380000
39544.0625000000 0.0157550000 0.0172100000
40317.2500000000 0.0146880000 0.0165110000
41105.5546900000 0.0136530000 0.0158400000
41909.2695300000 0.0126480000 0.0151950000
42728.6992200000 0.0116720000 0.0145750000
43564.1523400000 0.0107260000 0.0139800000
44415.9414100000 0.0098070000 0.0134080000
45284.3867200000 0.0089160000 0.0128600000
46169.8085900000 0.0079750000 0.0123340000
47072.5429700000 0.0071360000 0.0118290000
47992.9296900000 0.0063230000 0.0113450000
48931.3125000000 0.0055340000 0.0108810000
49888.0429700000 0.0047690000 0.0104350000
50863.4765600000 0.0040270000 0.0100060000
51857.9843800000 0.0033090000 0.0095950000
52871.9375000000 0.0026120000 0.0092010000
53905.7187500000 0.0019360000 0.0088220000
54959.7109400000 0.0012810000 0.0084580000
56034.3085900000 0.0006460000 0.0081100000
57129.9218800000 0.0000310000 0.0077750000
58246.9531300000 -0.0005650000 0.0074530000
59385.8281300000 -0.0011420000 0.0071450000
60546.9687500000 -0.0017020000 0.0068490000
61730.8125000000 -0.0022440000 0.0065650000
62937.8046900000 -0.0027700000 0.0062930000
64168.3984400000 -0.0032780000 0.0060310000
65423.0507800000 -0.0037710000 0.0057810000
66702.2343800000 -0.0042490000 0.0055400000
68006.4296900000 -0.0047120000 0.0053090000
69336.1250000000 -0.0051600000 0.0050880000
70691.8203100000 -0.0055940000 0.0048760000
72074.0234400000 -0.0060150000 0.0046720000
73483.2500000000 -0.0064230000 0.0044770000
74920.0312500000 -0.0068180000 0.0042890000
76384.9062500000 -0.0072020000 0.0041090000
77878.4218800000 -0.0075760000 0.0039370000
79401.1406300000 -0.0079410000 0.0037720000
80953.6328100000 -0.0082890000 0.0036140000
82536.4765600000 -0.0086200000 0.0034620000
84150.2734400000 -0.0089410000 0.0033170000
85795.6250000000 -0.0092520000 0.0031780000
87473.1406300000 -0.0095520000 0.0030450000
89183.4609400000 -0.0098420000 0.0029170000
90927.2187500000 -0.0101230000 0.0027940000
92705.0781300000 -0.0103950000 0.0026760000
94517.6953100000 -0.0106570000 0.0025640000
96365.7500000000 -0.0109110000 0.0024560000
98249.9453100000 -0.0111570000 0.0023520000
100170.9766000000 -0.0113940000 0.0022530000
102129.5703000000 -0.0116240000 0.0021570000
104126.4609000000 -0.0118450000 0.0020660000
106162.3906000000 -0.0120600000 0.0019790000
108238.1328000000 -0.0122670000 0.0018950000
110354.4609000000 -0.0124670000 0.0018150000
112512.1641000000 -0.0126610000 0.0017380000
114712.0547000000 -0.0128480000 0.0016640000
116954.9688000000 -0.0130280000 0.0015930000
119241.7266000000 -0.0132030000 0.0015250000
121573.2031000000 -0.0133720000 0.0014600000
123950.2656000000 -0.0135350000 0.0013980000
126373.8047000000 -0.0136920000 0.0013390000
128844.7266000000 -0.0138440000 0.0012820000
131363.9688000000 -0.0139910000 0.0012270000
133932.4531000000 -0.0141330000 0.0011740000
136551.1719000000 -0.0142700000 0.0011240000
139221.0938000000 -0.0144020000 0.0010760000
141943.2188000000 -0.0145300000 0.0010300000
144718.5625000000 -0.0146530000 0.0009860000
147548.1719000000 -0.0147720000 0.0009440000
150433.1094000000 -0.0148870000 0.0009030000
153374.4531000000 -0.0149980000 0.0008640000
156373.2969000000 -0.0151060000 0.0008270000
159430.7969000000 -0.0152090000 0.0007920000
162548.0625000000 -0.0153090000 0.0007570000
165726.2813000000 -0.0154050000 0.0007250000
168966.6406000000 -0.0154980000 0.0006940000
172270.3750000000 -0.0155880000 0.0006640000
175638.6875000000 -0.0156750000 0.0006350000
179072.8594000000 -0.0157590000 0.0006080000
182574.1875000000 -0.0158390000 0.0005810000
186143.9688000000 -0.0159170000 0.0005560000
189783.5469000000 -0.0159920000 0.0005320000
193494.2969000000 -0.0160650000 0.0005090000
197277.5938000000 -0.0161350000 0.0004870000
201134.8594000000 -0.0162020000 0.0004660000
205067.5469000000 -0.0162670000 0.0004460000
209077.1406000000 -0.0163300000 0.0004260000
213165.1250000000 -0.0163910000 0.0004080000
217333.0313000000 -0.0164490000 0.0003900000
221582.4375000000 -0.0165060000 0.0003730000
225914.9219000000 -0.0165600000 0.0003570000
230332.1250000000 -0.0166120000 0.0003410000
234835.7031000000 -0.0166630000 0.0003260000
239427.3281000000 -0.0167120000 0.0003120000
244108.7344000000 -0.0167590000 0.0002980000
248881.6719000000 -0.0168040000 0.0002850000
253747.9219000000 -0.0168480000 0.0002730000
258709.3281000000 -0.0168900000 0.0002610000
263767.7500000000 -0.0169300000 0.0002490000
268925.0625000000 -0.0169700000 0.0002390000
274183.2188000000 -0.0170070000 0.0002280000
279544.1875000000 -0.0170440000 0.0002180000
285010.0000000000 -0.0170790000 0.0002080000
290582.6563000000 -0.0171130000 0.0001990000
296264.2500000000 -0.0171450000 0.0001910000
302056.9688000000 -0.0171770000 0.0001820000
307962.9375000000 -0.0172070000 0.0001740000
313984.3750000000 -0.0172360000 0.0001660000
320123.5625000000 -0.0172640000 0.0001590000
326382.7813000000 -0.0172920000 0.0001520000
332764.3750000000 -0.0173180000 0.0001450000
339270.7500000000 -0.0173430000 0.0001390000
345904.3438000000 -0.0173670000 0.0001330000
352667.6563000000 -0.0173910000 0.0001270000
359563.1875000000 -0.0174130000 0.0001210000
366593.5625000000 -0.0174350000 0.0001160000
373761.3750000000 -0.0174560000 0.0001110000
381069.3438000000 -0.0174760000 0.0001060000
388520.2188000000 -0.0174950000 0.0001010000
396116.7500000000 -0.0175140000 0.0000970000
403861.8125000000 -0.0175320000 0.0000920000
411758.3438000000 -0.0175490000 0.0000880000
419809.2500000000 -0.0175660000 0.0000840000
428017.5625000000 -0.0175820000 0.0000810000
436386.3750000000 -0.0175980000 0.0000770000
444918.8125000000 -0.0176130000 0.0000740000
453618.0938000000 -0.0176270000 0.0000700000
462487.4688000000 -0.0176410000 0.0000670000
471530.2500000000 -0.0176540000 0.0000640000
480749.8438000000 -0.0176670000 0.0000610000
490149.7188000000 -0.0176800000 0.0000590000
499733.3750000000 -0.0176920000 0.0000560000
509504.4063000000 -0.0177030000 0.0000530000
519466.5000000000 -0.0177140000 0.0000510000
529623.3750000000 -0.0177250000 0.0000490000
539978.8125000000 -0.0177350000 0.0000470000
550536.7500000000 -0.0177450000 0.0000450000
561301.1250000000 -0.0177550000 0.0000430000
572276.0000000000 -0.0177640000 0.0000410000
583465.4375000000 -0.0177730000 0.0000390000
594873.6250000000 -0.0177810000 0.0000370000
606504.8750000000 -0.0177890000 0.0000350000
618363.5625000000 -0.0177970000 0.0000340000
630454.1250000000 -0.0178050000 0.0000320000
642781.1250000000 -0.0178120000 0.0000310000
655349.0625000000 -0.0178190000 0.0000290000
668162.8125000000 -0.0178260000 0.0000280000
681227.0625000000 -0.0178320000 0.0000270000
694546.7500000000 -0.0178390000 0.0000260000
