30.0000000000 -10.1626030000 0.0000000000
30.5865750000 -10.1949270000 0.0000000000
31.1846200000 -10.2290760000 0.0000000000
31.7943570000 -10.2651880000 0.0000000000
32.4160160000 -10.3034160000 0.0000000000
33.0498310000 -10.3439290000 0.0000000000
33.6960370000 -10.3869180000 0.0000000000
34.3548770000 -10.4325940000 0.0000000000
35.0266040000 -10.4811980000 0.0000000000
35.7114600000 -10.5330020000 0.0000000000
36.4097100000 -10.5883160000 0.0000000000
37.1216090000 -10.6474940000 0.0000000000
37.8474310000 -10.7109510000 0.0000000000
38.5874440000 -10.7791630000 0.0000000000
39.3419230000 -10.8526970000 0.0000000000
40.1111560000 -10.9322200000 0.0000000000
40.8954320000 -11.0185390000 0.0000000000
41.6950380000 -11.1126310000 0.0000000000
42.5102810000 -11.2157030000 0.0000000000
43.3414650000 -11.3292700000 0.0000000000
44.1888960000 -11.4552670000 0.0000000000
45.0529020000 -11.5962180000 0.0000000000
45.9338000000 -11.7555040000 0.0000000000
46.8319210000 -11.9377800000 0.0000000000
47.7476010000 -12.1496930000 0.0000000000
48.6811870000 -12.4011290000 0.0000000000
49.6330260000 -12.7075760000 0.0000000000
50.6034740000 -13.0949330000 0.0000000000
51.5928990000 -14.5901650000 1.9285360000
52.6016690000 -13.6841650000 2.0827380000
53.6301650000 -13.4665790000 2.2450040000
54.6787680000 -13.3680720000 2.4153210000
55.7478750000 -13.3160370000 2.5936310000
56.8378870000 -13.2859740000 2.7798220000
57.9492070000 -13.2664800000 2.9737270000
59.0822600000 -13.2512310000 3.1751240000
60.2374690000 -13.2362220000 3.3837310000
61.4152600000 -13.2186910000 3.5992030000
62.6160810000 -13.1965920000 3.8211350000
63.8403850000 -13.1683350000 4.0490570000
65.0886230000 -13.1326340000 4.2824350000
66.3612670000 -13.0884320000 4.5206730000
67.6587980000 -13.0348490000 4.7631140000
68.9816970000 -12.9711570000 5.0090380000
70.3304600000 -12.8967700000 5.2576660000
71.7055970000 -12.8112360000 5.5081680000
73.1076200000 -12.7142500000 5.7596610000
74.5370640000 -12.6056580000 6.0112120000
75.9944460000 -12.4854830000 6.2618490000
77.4803310000 -12.3539620000 6.5105650000
78.9952620000 -12.2115870000 6.7563190000
80.5398180000 -12.0591960000 6.9980500000
82.1145710000 -11.8981000000 7.2346810000
83.7201160000 -11.7303040000 7.4651280000
85.3570560000 -11.5589190000 7.6883040000
87.0260010000 -11.3889750000 7.9031330000
88.7275770000 -11.2289550000 8.1085560000
90.4624250000 -11.1271940000 8.9264030000
92.2311940000 -10.6651740000 9.1248340000
94.0345380000 -10.2832180000 9.3108180000
95.8731540000 -9.9191920000 9.4834310000
97.7477110000 -9.5590540000 9.6418050000
99.6589200000 -9.1978340000 9.7851380000
101.6075060000 -8.8335930000 9.9127070000
103.5941850000 -8.4657340000 0.0238610000
105.6197130000 -8.0943310000 0.1180410000
107.6848450000 -7.7198670000 0.1947750000
109.7903520000 -7.3430640000 0.2536860000
111.9370270000 -6.9648150000 0.2944990000
114.1256790000 -6.5861090000 0.3170370000
116.3571170000 -6.2080170000 0.3212250000
118.6321950000 -5.8316510000 0.3070950000
120.9517520000 -5.4581470000 0.2747750000
123.3166580000 -5.0886450000 0.2245000000
125.7278060000 -4.7242790000 0.1566010000
128.1860960000 -4.3661580000 0.0715070000
130.6924590000 -4.0153590000 9.9697330000
133.2478330000 -3.6729150000 9.8518880000
135.8531490000 -3.3398120000 9.7186570000
138.5094300000 -3.0169670000 9.5708010000
141.2176360000 -2.7052320000 9.4091470000
143.9787900000 -2.4053880000 9.2345840000
146.7939300000 -2.1181350000 9.0480520000
149.6641240000 -1.8440900000 8.8505340000
152.5904390000 -1.5837840000 8.6430510000
155.5739590000 -1.3376640000 8.4266470000
158.6158140000 -1.1060830000 8.2023900000
161.7171480000 -0.8893070000 7.9713510000
164.8791350000 -0.6875120000 7.7346050000
168.1029360000 -0.5007880000 7.4932220000
171.3897710000 -0.3291410000 7.2482580000
174.7408600000 -0.1724960000 7.0007430000
178.1574860000 -0.0306950000 6.7516840000
181.6409150000 0.0964880000 6.5020470000
185.1924440000 0.2093520000 6.2527620000
188.8134160000 0.3082560000 6.0047130000
192.5051880000 0.3936190000 5.7587310000
196.2691500000 0.4659140000 5.5155940000
200.1067050000 0.5256570000 5.2760270000
204.0192870000 0.5734030000 5.0406910000
208.0083770000 -1.9725830000 4.8930130000
212.0754700000 -1.9046060000 4.8013830000
216.2220760000 -1.8391670000 4.7099690000
220.4497530000 -1.7762320000 4.6188150000
224.7601010000 -1.7157670000 4.5279630000
229.1547240000 -1.6577390000 4.4374570000
233.6352690000 -1.6021160000 4.3473370000
238.2034300000 -1.5488630000 4.2576460000
242.8609010000 -1.4979470000 4.1684220000
247.6094360000 -1.4493350000 4.0797060000
252.4508210000 -1.4029910000 3.9915360000
257.3868710000 -1.3588820000 3.9039510000
262.4194340000 -1.3169740000 3.8169870000
267.5503850000 -1.2772300000 3.7306810000
272.7816770000 -1.2396160000 3.6450680000
278.1152340000 -1.2040970000 3.5601830000
283.5530700000 -1.1706370000 3.4760590000
289.0972600000 -1.1391990000 3.3927290000
294.7498170000 -1.1097480000 3.3102240000
300.5129390000 -1.0822470000 3.2285740000
306.3887020000 -1.0566590000 3.1478100000
312.3793640000 -1.0329470000 3.0679600000
318.4871830000 -1.0110740000 2.9890490000
324.7143860000 -0.9910030000 2.9111060000
331.0633850000 -0.9726960000 2.8341540000
337.5364990000 -0.9561160000 2.7582180000
344.1361690000 -0.9412260000 2.6833200000
350.8648990000 -0.9279870000 2.6094810000
357.7251890000 -1.0257370000 2.5368260000
364.7196040000 -1.0167680000 2.4710480000
371.8508000000 -1.0090360000 2.4064450000
379.1213990000 -1.0025040000 2.3430180000
386.5341800000 -0.9971350000 2.2807670000
394.0918880000 -0.9928930000 2.2196920000
401.7973630000 -0.9897440000 2.1597890000
409.6535340000 -0.9876550000 2.1010560000
417.6632690000 -0.9865930000 2.0434890000
425.8296200000 -0.9865280000 1.9870830000
434.1556700000 -0.9874300000 1.9318320000
442.6445010000 -0.9892710000 1.8777300000
451.2993160000 -0.9920230000 1.8247700000
460.1233520000 -0.9956610000 1.7729420000
469.1199040000 -1.0001610000 1.7222400000
478.2923890000 -1.0054990000 1.6726530000
487.6441960000 -1.0116550000 1.6241720000
497.1788640000 -1.0186090000 1.5767850000
506.8999330000 -1.0263430000 1.5304820000
516.8110960000 -1.0348410000 1.4852510000
526.9160770000 -1.0440880000 1.4410800000
537.2185670000 -1.0540720000 1.3979560000
547.7225340000 -1.0647810000 1.3558670000
558.4318850000 -1.0762080000 1.3147980000
569.3506470000 -1.0883470000 1.2747370000
580.4828490000 -1.1011920000 1.2356680000
591.8327640000 -1.1147440000 1.1975780000
603.4046020000 -1.1290020000 1.1604520000
615.2026370000 -1.1439720000 1.1242760000
627.2313840000 -1.1596590000 1.0890330000
639.4953610000 -1.1760760000 1.0547080000
651.9990840000 -1.1932340000 1.0212860000
664.7473140000 -1.2111540000 0.9887520000
677.7447510000 -1.2298560000 0.9570900000
690.9963990000 -1.2493690000 0.9262830000
704.5070800000 -1.2697230000 0.8963160000
718.2819820000 -1.2909580000 0.8671730000
732.3261720000 -1.3131190000 0.8388380000
746.6450200000 -1.3362570000 0.8112950000
761.2437740000 -1.3604330000 0.7845280000
776.1279910000 -1.3857180000 0.7585200000
791.3032230000 -1.4121920000 0.7332570000
806.7752080000 -1.4399500000 0.7087220000
822.5496830000 -1.4691010000 0.6848980000
838.6325680000 -1.4997700000 0.6617720000
855.0299680000 -1.5321040000 0.6393260000
871.7479250000 -1.5662740000 0.6175460000
888.7927860000 -1.6024800000 0.5964160000
906.1708980000 -1.6409580000 0.5759210000
923.8888550000 -1.6819860000 0.5560460000
941.9531860000 -1.7258970000 0.5367760000
960.3707280000 -1.7730890000 0.5180960000
979.1483760000 -1.8651840000 0.5008830000
998.2931520000 -1.9192450000 0.4844750000
1017.8123170000 -1.9781330000 0.4690360000
1037.7131350000 -2.0429460000 0.4541070000
1058.0029300000 -2.1148930000 0.4396260000
1078.6895750000 -2.1955240000 0.4255810000
1099.7806400000 -2.2869100000 0.4119590000
1121.2841800000 -2.3918960000 0.3987470000
1143.2080080000 -2.5145450000 0.3859340000
1165.5606690000 -2.6609080000 0.3735080000
1188.3502200000 -2.8405490000 0.3614590000
1211.5854490000 -3.0698580000 0.3497750000
1235.2750240000 -3.3804120000 0.3384450000
1259.4277340000 -3.8460390000 0.3274600000
1284.0527340000 -4.7242500000 0.3168090000
1303.1899410000 -7.5510800000 0.3088910000
1303.2099610000 -7.5639690000 0.3088830000
1303.2199710000 -7.5703900000 0.3088790000
1303.2299800000 -7.5769240000 0.3088750000
1303.2500000000 -7.5901060000 0.3088670000
1303.2600100000 -7.5967530000 0.3088630000
1303.2700200000 -7.6034390000 0.3088590000
1303.2900390000 -7.6169280000 0.3088510000
1303.3000490000 -7.6237310000 0.3088470000
1303.3100590000 -7.6305750000 0.3088430000
1303.3299560000 -7.6443030000 0.3088340000
1303.3399660000 -7.6512700000 0.3088300000
1303.3599850000 -7.6653320000 0.3088220000
1303.3699950000 -7.6724270000 0.3088180000
1303.3800050000 -7.6795660000 0.3088140000
1303.4000240000 -7.6939780000 0.3088060000
1303.4100340000 -7.7012520000 0.3088020000
1303.4200440000 -7.7085710000 0.3087980000
1303.4399410000 -7.7232630000 0.3087900000
1303.4499510000 -7.7307240000 0.3087860000
1303.4699710000 -7.7457910000 0.3087780000
1303.4799800000 -7.7533990000 0.3087740000
1303.4899900000 -7.7610570000 0.3087690000
1303.5100100000 -7.7764350000 0.3087610000
1303.5200200000 -7.7842470000 0.3087570000
1303.5300290000 -7.7921130000 0.3087530000
1303.5500490000 -7.8080070000 0.3087450000
1303.5600590000 -7.8160370000 0.3087410000
1303.5799560000 -7.8321680000 0.3087330000
1303.5899660000 -7.8403670000 0.3087290000
1303.5999760000 -7.8486250000 0.3087250000
1303.6199950000 -7.8653200000 0.3087170000
1303.6300050000 -7.8737590000 0.3087130000
1303.6400150000 -7.8822590000 0.3087090000
1303.6600340000 -7.8994500000 0.3087010000
1303.6700440000 -7.9081430000 0.3086960000
1303.6800540000 -7.9169010000 0.3086920000
1303.6999510000 -7.9345110000 0.3086840000
1303.7099610000 -7.9434720000 0.3086800000
1303.7299800000 -7.9616040000 0.3086720000
1303.7399900000 -7.9707770000 0.3086680000
1303.7500000000 -7.9800240000 0.3086640000
1303.7700200000 -7.9987420000 0.3086560000
1303.7800290000 -8.0082160000 0.3086520000
1303.7900390000 -8.0177680000 0.3086480000
1303.8100590000 -8.0369960000 0.3086400000
1303.8199460000 -8.0466720000 0.3086360000
1303.8399660000 -8.0665090000 0.3086280000
1303.8499760000 -8.0765560000 0.3086240000
1303.8599850000 -8.0866920000 0.3086190000
1303.8800050000 -8.1072330000 0.3086110000
1303.8900150000 -8.1176410000 0.3086070000
1303.9000240000 -8.1281450000 0.3086030000
1303.9200440000 -8.1494420000 0.3085950000
1303.9300540000 -8.1602380000 0.3085910000
1303.9499510000 -8.1820080000 0.3085830000
1303.9599610000 -8.1931140000 0.3085790000
1303.9699710000 -8.2043290000 0.3085750000
1303.9899900000 -8.2270880000 0.3085670000
1304.0000000000 -8.2386370000 0.3085630000
1304.0100100000 -8.2503030000 0.3085590000
1304.0300290000 -8.2739930000 0.3085510000
1304.0400390000 -8.2860230000 0.3085470000
1304.0600590000 -8.3104640000 0.3085380000
1304.0699460000 -8.3227320000 0.3085340000
1304.0799560000 -8.3352810000 0.3085300000
1304.0999760000 -8.3606420000 0.3085220000
1304.1099850000 -8.3736110000 0.3085180000
1304.1199950000 -8.3867280000 0.3085140000
1304.1400150000 -8.4134150000 0.3085060000
1304.1500240000 -8.4269920000 0.3085020000
1304.1600340000 -8.4407310000 0.3084980000
1304.1800540000 -8.4687070000 0.3084900000
1304.1899410000 -8.4827810000 0.3084860000
1304.2099610000 -8.5118050000 0.3084780000
1304.2199710000 -8.5265940000 0.3084740000
1304.2299800000 -8.5415740000 0.3084700000
1304.2500000000 -8.5721290000 0.3084610000
1304.2600100000 -8.5877140000 0.3084570000
1304.2700200000 -8.6035120000 0.3084530000
1304.2900390000 -8.6357680000 0.3084450000
1304.3000490000 -8.6522390000 0.3084410000
1304.3199460000 -8.6856990000 0.3084330000
1304.3299560000 -8.7029000000 0.3084290000
1304.3399660000 -8.7203620000 0.3084250000
1304.3599850000 -8.7560940000 0.3084170000
1304.3699950000 -8.7743830000 0.3084130000
1304.3800050000 -8.7929640000 0.3084090000
1304.4000240000 -8.8308150000 0.3084010000
1304.4100340000 -8.8503320000 0.3083970000
1304.4300540000 -8.8903810000 0.3083890000
1304.4399410000 -8.9106890000 0.3083850000
1304.4499510000 -8.9316120000 0.3083810000
1304.4699710000 -8.9746250000 0.3083720000
1304.4799800000 -8.9967450000 0.3083680000
1304.4899900000 -9.0192970000 0.3083640000
1304.5100100000 -9.0657590000 0.3083560000
1304.5200200000 -9.0897070000 0.3083520000
1304.5400390000 -9.1391430000 0.3083440000
1304.5500490000 -9.1646750000 0.3083400000
1304.5600590000 -9.1907820000 0.3083360000
1304.5799560000 -9.2444990000 0.3083280000
1304.5899660000 -9.2724900000 0.3083240000
1304.5999760000 -9.3011730000 0.3083200000
1304.6199950000 -9.3607610000 0.3083120000
1304.6300050000 -9.3917440000 0.3083080000
1304.6500240000 -9.4563110000 0.3083000000
1304.6600340000 -9.4899960000 0.3082950000
1304.6700440000 -9.5246880000 0.3082910000
1304.6899410000 -9.5964580000 0.3082830000
1304.6999510000 -9.6345420000 0.3082790000
1304.7099610000 -9.6739200000 0.3082750000
1304.7299800000 -9.7569280000 0.3082670000
1304.7399900000 -9.8007730000 0.3082630000
1304.7600100000 -9.8937720000 0.3082550000
1304.7700200000 -9.9432270000 0.3082510000
1304.7800290000 -9.9948840000 0.3082470000
1304.8000490000 -10.1056610000 0.3082390000
1304.8100590000 -10.1652880000 0.3082350000
1304.8199460000 -10.2273780000 0.3082310000
1304.8399660000 -10.3642440000 0.3082230000
1304.8499760000 -10.4392530000 0.3082190000
1304.8599850000 -10.5194470000 0.3082150000
1304.8800050000 -10.6986680000 0.3082060000
1304.8900150000 -10.7998580000 0.3082020000
1304.9100340000 -11.0333130000 0.3081940000
1304.9200440000 -11.1704010000 0.3081900000
1304.9300540000 -11.3258800000 0.3081860000
1304.9499510000 -11.7152390000 0.3081780000
1304.9599610000 -11.9749470000 0.3081740000
1304.9699710000 -12.3100440000 0.3081700000
1304.9899900000 -13.5807700000 0.3081620000
1305.0000000000 -4.4006350000 3.9548600000
1305.0200200000 -12.7749300000 3.9549170000
1305.0300290000 -12.3043260000 3.9549450000
1305.0400390000 -11.9704380000 3.9549740000
1305.0600590000 -11.4998710000 3.9550310000
1305.0699460000 -11.3229530000 3.9550590000
1305.0799560000 -11.1677460000 3.9550880000
1305.0999760000 -10.9084560000 3.9551450000
1305.1099850000 -10.7977320000 3.9551730000
1305.1300050000 -10.6036970000 3.9552300000
1305.1400150000 -10.5176320000 3.9552590000
1305.1500240000 -10.4375140000 3.9552870000
1305.1700440000 -10.2921830000 3.9553440000
1305.1800540000 -10.2258210000 3.9553730000
1305.1899410000 -10.1637790000 3.9554010000
1305.2099610000 -10.0475250000 3.9554580000
1305.2199710000 -9.9934950000 3.9554870000
1305.2399900000 -9.8924470000 3.9555440000
1305.2500000000 -9.8450430000 3.9555720000
1305.2600100000 -9.7995010000 3.9556010000
1305.2800290000 -9.7139490000 3.9556570000
1305.2900390000 -9.6731910000 3.9556850000
1305.3000490000 -9.6338180000 3.9557140000
1305.3199460000 -9.5592990000 3.9557700000
1305.3299560000 -9.5235520000 3.9557990000
1305.3499760000 -9.4552040000 3.9558560000
1305.3599850000 -9.4224840000 3.9558840000
1305.3699950000 -9.3906620000 3.9559130000
1305.3900150000 -9.3295240000 3.9559700000
1305.4000240000 -9.3001230000 3.9559980000
1305.4100340000 -9.2714490000 3.9560260000
1305.4300540000 -9.2161450000 3.9560830000
1305.4399410000 -9.1897660000 3.9561110000
1305.4599610000 -9.1381420000 3.9561680000
1305.4699710000 -9.1131670000 3.9561960000
1305.4799800000 -9.0887180000 3.9562250000
1305.5000000000 -9.0413170000 3.9562810000
1305.5100100000 -9.0183230000 3.9563100000
1305.5200200000 -8.9957770000 3.9563380000
1305.5400390000 -8.9519590000 3.9563950000
1305.5500490000 -8.9306550000 3.9564230000
1305.5699460000 -8.8896740000 3.9564790000
1305.5799560000 -8.8694750000 3.9565080000
1305.5899660000 -8.8496230000 3.9565360000
1305.6099850000 -8.8109090000 3.9565930000
1305.6199950000 -8.7920270000 3.9566210000
1305.6300050000 -8.7734470000 3.9566490000
1305.6500240000 -8.7371580000 3.9567060000
1305.6600340000 -8.7194310000 3.9567340000
1305.6800540000 -8.6847690000 3.9567910000
1305.6899410000 -8.6680190000 3.9568190000
1305.6999510000 -8.6513110000 3.9568470000
1305.7199710000 -8.6186000000 3.9569040000
1305.7299800000 -8.6025850000 3.9569320000
1305.7399900000 -8.5867870000 3.9569600000
1305.7600100000 -8.5558230000 3.9570170000
1305.7700200000 -8.5406470000 3.9570450000
1305.7900390000 -8.5108760000 3.9571020000
1305.8000490000 -8.4962720000 3.9571300000
1305.8100590000 -8.4818510000 3.9571580000
1305.8299560000 -8.4537010000 3.9572150000
1305.8399660000 -8.4397960000 3.9572430000
1305.8499760000 -8.4260560000 3.9572710000
1305.8699950000 -8.3992150000 3.9573270000
1305.8800050000 -8.3859440000 3.9573550000
1305.9000240000 -8.3598520000 3.9574120000
1305.9100340000 -8.3470220000 3.9574400000
1305.9200440000 -8.3343330000 3.9574680000
1305.9399410000 -8.3095110000 3.9575250000
1305.9499510000 -8.2972240000 3.9575530000
1305.9599610000 -8.2850660000 3.9575810000
1305.9799800000 -8.2611260000 3.9576370000
1305.9899900000 -8.2493380000 3.9576650000
1306.0100100000 -8.2261170000 3.9577220000
1306.0200200000 -8.2146790000 3.9577500000
1306.0300290000 -8.2033520000 3.9577780000
1306.0500490000 -8.1810250000 3.9578350000
1306.0600590000 -8.1700200000 3.9578630000
1306.0699460000 -8.1592490000 3.9578910000
1306.0899660000 -8.1377480000 3.9579470000
1306.0999760000 -8.1271450000 3.9579750000
1306.1199950000 -8.1062260000 3.9580310000
1306.1300050000 -8.0959060000 3.9580600000
1306.1400150000 -8.0856770000 3.9580880000
1306.1600340000 -8.0654870000 3.9581440000
1306.1700440000 -8.0556400000 3.9581720000
1306.1800540000 -8.0457590000 3.9582000000
1306.1999510000 -8.0263610000 3.9582560000
1306.2099610000 -8.0167260000 3.9582840000
1306.2299800000 -7.9976910000 3.9583400000
1306.2399900000 -7.9882900000 3.9583680000
1306.2500000000 -7.9789640000 3.9583960000
1306.2700200000 -7.9605350000 3.9584520000
1306.2800290000 -7.9514280000 3.9584810000
1306.2900390000 -7.9423940000 3.9585090000
1306.3100590000 -7.9245320000 3.9585650000
1306.3199460000 -7.9158080000 3.9585930000
1306.3399660000 -7.8983480000 3.9586490000
1306.3499760000 -7.8897160000 3.9586770000
1306.3599850000 -7.8811470000 3.9587050000
1306.3800050000 -7.8641980000 3.9587610000
1306.3900150000 -7.8558150000 3.9587890000
1306.4000240000 -7.8474920000 3.9588170000
1306.4200440000 -7.8310240000 3.9588730000
1306.4300540000 -7.8228770000 3.9589010000
1306.4499510000 -7.8068480000 3.9589570000
1306.4599610000 -7.7989630000 3.9589850000
1306.4699710000 -7.7910370000 3.9590130000
1306.4899900000 -7.7753460000 3.9590690000
1306.5000000000 -7.7675790000 3.9590970000
1306.5100100000 -7.7598640000 3.9591250000
1306.5300290000 -7.7445860000 3.9591810000
1306.5400390000 -7.7370220000 3.9592090000
1306.5600590000 -7.7220410000 3.9592650000
1306.5699460000 -7.7147100000 3.9592920000
1306.5799560000 -7.7073370000 3.9593200000
1306.5999760000 -7.6927320000 3.9593760000
1306.6099850000 -7.6854970000 3.9594040000
1306.6300050000 -7.6711620000 3.9594600000
1306.6400150000 -7.6640610000 3.9594880000
1306.6500240000 -7.6570020000 3.9595160000
1306.6700440000 -7.6430130000 3.9595720000
1306.6800540000 -7.6360810000 3.9596000000
1306.6899410000 -7.6292720000 3.9596270000
1306.7099610000 -7.6156120000 3.9596830000
1306.7199710000 -7.6088410000 3.9597110000
1306.7399900000 -7.5954170000 3.9597670000
1306.7500000000 -7.5887630000 3.9597950000
1306.7600100000 -7.5822250000 3.9598230000
1306.7800290000 -7.5691040000 3.9598780000
1306.7900390000 -7.5625990000 3.9599060000
1306.8000490000 -7.5561300000 3.9599340000
1306.8199460000 -7.5433750000 3.9599900000
1306.8299560000 -7.5370120000 3.9600170000
1306.8499760000 -7.5243890000 3.9600730000
1306.8599850000 -7.5181290000 3.9601010000
1306.8699950000 -7.5119030000 3.9601290000
1306.8900150000 -7.4995490000 3.9601850000
1306.9000240000 -7.4934210000 3.9602130000
1306.9100340000 -7.4873250000 3.9602400000
1306.9300540000 -7.4752290000 3.9602960000
1306.9399410000 -7.4692990000 3.9603240000
1306.9599610000 -7.4573880000 3.9603790000
1306.9699710000 -7.4514780000 3.9604070000
1306.9799800000 -7.4455980000 3.9604350000
1307.0000000000 -7.4339270000 3.9604910000
1307.0100100000 -7.4281340000 3.9605190000
1307.0200200000 -7.4223710000 3.9605460000
1309.1591800000 -6.5841350000 3.9664030000
1334.7564700000 -4.2463460000 4.0233320000
1360.8542480000 -3.4200410000 4.0564940000
1387.4624020000 -2.8514140000 4.0650300000
1414.5908200000 -2.3928660000 4.0485730000
1442.2495120000 -1.9975590000 4.0072610000
1470.4492190000 -1.6460630000 3.9417320000
1499.2000730000 -1.3294040000 3.8531060000
1528.5131840000 -1.0433190000 3.7429410000
1558.3995360000 -0.7858610000 3.6131880000
1588.8701170000 -0.5562400000 3.4661270000
1619.9365230000 -0.3541970000 3.3042970000
1651.6103520000 -0.1796600000 3.1304140000
1683.9034420000 -0.0345960000 2.9473070000
1716.8280030000 -0.4366580000 2.8201610000
1750.3962400000 -0.3550720000 2.7331610000
1784.6208500000 -0.2814410000 2.6487960000
1819.5146480000 -0.2148520000 2.5669870000
1855.0908200000 -0.1545340000 2.4876580000
1891.3624270000 -0.0998280000 2.4107370000
1928.3432620000 -0.0501670000 2.3361500000
1966.0472410000 -0.0050580000 2.2638290000
2004.4884030000 0.0359310000 2.1937060000
2043.6811520000 0.0731770000 2.1257150000
2083.6401370000 0.1070180000 2.0597930000
2124.3806150000 0.1377520000 1.9958780000
2165.9174800000 0.1656470000 1.9339110000
2208.2666020000 0.1909420000 1.8738320000
2251.4438480000 0.2138540000 1.8155850000
2295.4653320000 0.2345780000 1.7591160000
2340.3474120000 0.2532930000 1.7043710000
2386.1069340000 0.2701580000 1.6512990000
2432.7612300000 0.2853230000 1.5998490000
2480.3278810000 0.2989210000 1.5499730000
2528.8244630000 0.3110760000 1.5016240000
2578.2692870000 0.3219030000 1.4547560000
2628.6809080000 0.3481940000 1.4086680000
2680.0783690000 0.3569060000 1.3628230000
2732.4804690000 0.3644250000 1.3182970000
2785.9074710000 0.3708340000 1.2750580000
2840.3789060000 0.3762090000 1.2330760000
2895.9152830000 0.3806220000 1.1923190000
2952.5378420000 0.3841410000 1.1527580000
3010.2673340000 0.3868010000 1.1143900000
3069.1254880000 0.3885710000 1.0773030000
3129.1347660000 0.3896490000 1.0413450000
3190.3171390000 0.3900880000 1.0064850000
3252.6958010000 0.3899350000 0.9726940000
3316.2941890000 0.3892360000 0.9399430000
3381.1359860000 0.3880340000 0.9082020000
3447.2456050000 0.3863690000 0.8774450000
3514.6479490000 0.3842770000 0.8476430000
3583.3681640000 0.3817930000 0.8187710000
3653.4318850000 0.3789510000 0.7908020000
3724.8657230000 0.3757800000 0.7637100000
3797.6960450000 0.3723090000 0.7374730000
3871.9506840000 0.3685660000 0.7120640000
3947.6569820000 0.3645740000 0.6874610000
4024.8435060000 0.3603570000 0.6636400000
4103.5390630000 0.3559380000 0.6405800000
4183.7739260000 0.3513370000 0.6182580000
4265.5771480000 0.3465730000 0.5966540000
4348.9794920000 0.3416650000 0.5757460000
4434.0131840000 0.3366280000 0.5555130000
4520.7089840000 0.3314800000 0.5359380000
4609.1005860000 0.3262350000 0.5169990000
4699.2197270000 0.3209070000 0.4986790000
4791.1015630000 0.3155080000 0.4809590000
4884.7792970000 0.3100520000 0.4638210000
4980.2890630000 0.3045480000 0.4472480000
5077.6660160000 0.2990080000 0.4312240000
5176.9472660000 0.2934420000 0.4157310000
5278.1694340000 0.2878580000 0.4007540000
5381.3710940000 0.2822650000 0.3862770000
5486.5903320000 0.2766720000 0.3722840000
5593.8666990000 0.2710850000 0.3587620000
5703.2412110000 0.2635730000 0.3457460000
5814.7534180000 0.2580250000 0.3332330000
5928.4467770000 0.2525090000 0.3211470000
6044.3627930000 0.2470290000 0.3094740000
6162.5449220000 0.2415900000 0.2982000000
6283.0380860000 0.2361980000 0.2873140000
6405.8872070000 0.2308540000 0.2768020000
6531.1386720000 0.2255640000 0.2666520000
6658.8383790000 0.2203310000 0.2568530000
6789.0356450000 0.2151560000 0.2473940000
6921.7783200000 0.2100440000 0.2382640000
7057.1162110000 0.2049960000 0.2294510000
7195.1005860000 0.2000150000 0.2209460000
7335.7827150000 0.1951010000 0.2127390000
7479.2158200000 0.1902580000 0.2048190000
7625.4531250000 0.1854870000 0.1971780000
7774.5498050000 0.1807880000 0.1898070000
7926.5620120000 0.1761620000 0.1826950000
8081.5458980000 0.1716120000 0.1758360000
8239.5605470000 0.1671370000 0.1692200000
8400.6640630000 0.1627380000 0.1628390000
8564.9189450000 0.1584150000 0.1566860000
8732.3837890000 0.1541690000 0.1507530000
8903.1240230000 0.1499990000 0.1450330000
9077.2021480000 0.1459000000 0.1395570000
9254.6845700000 0.1418800000 0.1342790000
9435.6367190000 0.1379410000 0.1291930000
9620.1269530000 0.1340800000 0.1242920000
9808.2246090000 0.1302990000 0.1195690000
10000.0000000000 0.1265970000 0.1150180000
10195.5253900000 0.1229720000 0.1106330000
10394.8730500000 0.1194250000 0.1064090000
10598.1191400000 0.1159540000 0.1023400000
10805.3388700000 0.1125590000 0.0984200000
11016.6103500000 0.1092390000 0.0946440000
11232.0127000000 0.1059930000 0.0910080000
11451.6259800000 0.1028200000 0.0875060000
11675.5341800000 0.0997190000 0.0841330000
11903.8203100000 0.0966900000 0.0808850000
12136.5693400000 0.0937310000 0.0777570000
12373.8701200000 0.0908420000 0.0747460000
12615.8105500000 0.0880200000 0.0718470000
12862.4814500000 0.0852660000 0.0690560000
13113.9746100000 0.0825780000 0.0663690000
13370.3857400000 0.0799550000 0.0637830000
13631.8105500000 0.0773970000 0.0612930000
13898.3466800000 0.0749010000 0.0588970000
14170.0937500000 0.0724660000 0.0565910000
14447.1543000000 0.0700930000 0.0543720000
14729.6328100000 0.0677790000 0.0522370000
15017.6337900000 0.0655230000 0.0501820000
15311.2666000000 0.0633250000 0.0482050000
15610.6396500000 0.0611830000 0.0463030000
15915.8671900000 0.0590960000 0.0444730000
16227.0615200000 0.0570630000 0.0427130000
16544.3418000000 0.0550830000 0.0410200000
16867.8242200000 0.0531550000 0.0393920000
17197.6328100000 0.0512770000 0.0378250000
17533.8906300000 0.0494490000 0.0363190000
17876.7207000000 0.0476700000 0.0348710000
18226.2558600000 0.0459380000 0.0334780000
18582.6250000000 0.0442520000 0.0321380000
18945.9628900000 0.0426120000 0.0308510000
19316.4023400000 0.0410170000 0.0296130000
19694.0878900000 0.0394640000 0.0284230000
20079.1562500000 0.0379540000 0.0272790000
20471.7539100000 0.0364850000 0.0261790000
20872.0273400000 0.0350570000 0.0251220000
21280.1289100000 0.0336680000 0.0241070000
21696.2070300000 0.0323170000 0.0231300000
22120.4238300000 0.0310030000 0.0221920000
22552.9335900000 0.0297260000 0.0212910000
22993.8984400000 0.0284830000 0.0204250000
23443.4882800000 0.0272700000 0.0195930000
23901.8671900000 0.0260940000 0.0187940000
24369.2070300000 0.0249500000 0.0180260000
24845.6875000000 0.0238350000 0.0172880000
25331.4824200000 0.0227460000 0.0165800000
25826.7753900000 0.0216790000 0.0158990000
26331.7539100000 0.0206220000 0.0152460000
26846.6054700000 0.0195830000 0.0146200000
27371.5234400000 0.0186390000 0.0140240000
27906.7070300000 0.0177160000 0.0134520000
28452.3515600000 0.0168260000 0.0129030000
29008.6660200000 0.0159610000 0.0123750000
29575.8593800000 0.0151230000 0.0118690000
30154.1406300000 0.0143100000 0.0113830000
30743.7304700000 0.0135210000 0.0109160000
31344.8476600000 0.0127560000 0.0104680000
31957.7168000000 0.0120150000 0.0100390000
32582.5703100000 0.0112960000 0.0096260000
33219.6406300000 0.0105990000 0.0092300000
33869.1679700000 0.0099240000 0.0088500000
34531.3945300000 0.0092700000 0.0084850000
35206.5703100000 0.0086350000 0.0081350000
35894.9492200000 0.0080200000 0.0077990000
36596.7851600000 0.0074250000 0.0074770000
37312.3437500000 0.0068480000 0.0071680000
38041.8906300000 0.0062890000 0.0068710000
38785.7070300000 0.0057470000 0.0065860000
39544.0625000000 0.0052220000 0.0063130000
40317.2500000000 0.0047140000 0.0060510000
41105.5546900000 0.0042210000 0.0058000000
41909.2695300000 0.0037450000 0.0055580000
42728.6992200000 0.0032830000 0.0053270000
43564.1523400000 0.0028370000 0.0051050000
44415.9414100000 0.0024040000 0.0048920000
45284.3867200000 0.0019860000 0.0046880000
46169.8085900000 0.0015800000 0.0044920000
47072.5429700000 0.0011880000 0.0043050000
47992.9296900000 0.0008090000 0.0041240000
48931.3125000000 0.0004410000 0.0039520000
49888.0429700000 0.0000860000 0.0037860000
50863.4765600000 -0.0002580000 0.0036270000
51857.9843800000 -0.0005910000 0.0034750000
52871.9375000000 -0.0009130000 0.0033290000
53905.7187500000 -0.0012240000 0.0031890000
54959.7109400000 -0.0015260000 0.0030540000
56034.3085900000 -0.0018170000 0.0029260000
57129.9218800000 -0.0020990000 0.0028020000
58246.9531300000 -0.0023710000 0.0026840000
59385.8281300000 -0.0026350000 0.0025710000
60546.9687500000 -0.0028900000 0.0024620000
61730.8125000000 -0.0031360000 0.0023580000
62937.8046900000 -0.0033740000 0.0022580000
64168.3984400000 -0.0036040000 0.0021620000
65423.0507800000 -0.0038270000 0.0020700000
66702.2343800000 -0.0040420000 0.0019820000
68006.4296900000 -0.0042500000 0.0018980000
69336.1250000000 -0.0044510000 0.0018170000
70691.8203100000 -0.0046450000 0.0017400000
72074.0234400000 -0.0048330000 0.0016660000
73483.2500000000 -0.0050140000 0.0015950000
74920.0312500000 -0.0051900000 0.0015270000
76384.9062500000 -0.0053590000 0.0014610000
77878.4218800000 -0.0055220000 0.0013990000
79401.1406300000 -0.0056800000 0.0013390000
80953.6328100000 -0.0058330000 0.0012820000
82536.4765600000 -0.0059800000 0.0012270000
84150.2734400000 -0.0061230000 0.0011740000
85795.6250000000 -0.0062600000 0.0011230000
87473.1406300000 -0.0063930000 0.0010750000
89183.4609400000 -0.0065210000 0.0010290000
90927.2187500000 -0.0066450000 0.0009850000
92705.0781300000 -0.0067650000 0.0009420000
94517.6953100000 -0.0068800000 0.0009010000
96365.7500000000 -0.0069920000 0.0008630000
98249.9453100000 -0.0070990000 0.0008250000
100170.9766000000 -0.0072030000 0.0007900000
102129.5703000000 -0.0073030000 0.0007550000
104126.4609000000 -0.0074000000 0.0007230000
106162.3906000000 -0.0074930000 0.0006910000
108238.1328000000 -0.0075830000 0.0006610000
110354.4609000000 -0.0076700000 0.0006330000
112512.1641000000 -0.0077540000 0.0006050000
114712.0547000000 -0.0078350000 0.0005790000
116954.9688000000 -0.0079130000 0.0005530000
119241.7266000000 -0.0079890000 0.0005290000
121573.2031000000 -0.0080620000 0.0005060000
123950.2656000000 -0.0081320000 0.0004840000
126373.8047000000 -0.0081990000 0.0004630000
128844.7266000000 -0.0082650000 0.0004430000
131363.9688000000 -0.0083280000 0.0004230000
133932.4531000000 -0.0083890000 0.0004050000
136551.1719000000 -0.0084470000 0.0003870000
139221.0938000000 -0.0085040000 0.0003700000
141943.2188000000 -0.0085580000 0.0003540000
144718.5625000000 -0.0086110000 0.0003380000
147548.1719000000 -0.0086610000 0.0003230000
150433.1094000000 -0.0087100000 0.0003090000
153374.4531000000 -0.0087570000 0.0002950000
156373.2969000000 -0.0088030000 0.0002820000
159430.7969000000 -0.0088470000 0.0002700000
162548.0625000000 -0.0088890000 0.0002580000
165726.2813000000 -0.0089300000 0.0002470000
168966.6406000000 -0.0089690000 0.0002360000
172270.3750000000 -0.0090070000 0.0002250000
175638.6875000000 -0.0090430000 0.0002150000
179072.8594000000 -0.0090780000 0.0002060000
182574.1875000000 -0.0091120000 0.0001970000
186143.9688000000 -0.0091450000 0.0001880000
189783.5469000000 -0.0091770000 0.0001790000
193494.2969000000 -0.0092070000 0.0001710000
197277.5938000000 -0.0092360000 0.0001640000
201134.8594000000 -0.0092640000 0.0001570000
205067.5469000000 -0.0092920000 0.0001500000
209077.1406000000 -0.0093180000 0.0001430000
213165.1250000000 -0.0093430000 0.0001360000
217333.0313000000 -0.0093670000 0.0001300000
221582.4375000000 -0.0093910000 0.0001250000
225914.9219000000 -0.0094130000 0.0001190000
230332.1250000000 -0.0094350000 0.0001140000
234835.7031000000 -0.0094560000 0.0001080000
239427.3281000000 -0.0094760000 0.0001040000
244108.7344000000 -0.0094960000 0.0000990000
248881.6719000000 -0.0095140000 0.0000950000
253747.9219000000 -0.0095320000 0.0000900000
258709.3281000000 -0.0095500000 0.0000860000
263767.7500000000 -0.0095660000 0.0000820000
268925.0625000000 -0.0095830000 0.0000790000
274183.2188000000 -0.0095980000 0.0000750000
279544.1875000000 -0.0096130000 0.0000720000
285010.0000000000 -0.0096280000 0.0000680000
290582.6563000000 -0.0096410000 0.0000650000
296264.2500000000 -0.0096550000 0.0000620000
302056.9688000000 -0.0096680000 0.0000590000
307962.9375000000 -0.0096800000 0.0000570000
313984.3750000000 -0.0096920000 0.0000540000
320123.5625000000 -0.0097040000 0.0000520000
326382.7813000000 -0.0097150000 0.0000490000
332764.3750000000 -0.0097250000 0.0000470000
339270.7500000000 -0.0097360000 0.0000450000
345904.3438000000 -0.0097450000 0.0000430000
352667.6563000000 -0.0097550000 0.0000410000
359563.1875000000 -0.0097640000 0.0000390000
366593.5625000000 -0.0097730000 0.0000370000
373761.3750000000 -0.0097810000 0.0000360000
381069.3438000000 -0.0097900000 0.0000340000
388520.2188000000 -0.0097980000 0.0000320000
396116.7500000000 -0.0098050000 0.0000310000
403861.8125000000 -0.0098120000 0.0000290000
411758.3438000000 -0.0098190000 0.0000280000
419809.2500000000 -0.0098260000 0.0000270000
428017.5625000000 -0.0098330000 0.0000260000
436386.3750000000 -0.0098390000 0.0000240000
444918.8125000000 -0.0098450000 0.0000230000
453618.0938000000 -0.0098510000 0.0000220000
462487.4688000000 -0.0098570000 0.0000210000
471530.2500000000 -0.0098620000 0.0000200000
480749.8438000000 -0.0098670000 0.0000190000
490149.7188000000 -0.0098720000 0.0000180000
499733.3750000000 -0.0098770000 0.0000180000
509504.4063000000 -0.0098820000 0.0000170000
519466.5000000000 -0.0098860000 0.0000160000
529623.3750000000 -0.0098900000 0.0000150000
539978.8125000000 -0.0098940000 0.0000140000
550536.7500000000 -0.0098980000 0.0000140000
561301.1250000000 -0.0099020000 0.0000130000
572276.0000000000 -0.0099060000 0.0000130000
583465.4375000000 -0.0099090000 0.0000120000
594873.6250000000 -0.0099130000 0.0000110000
606504.8750000000 -0.0099160000 0.0000110000
618363.5625000000 -0.0099190000 0.0000100000
630454.1250000000 -0.0099220000 0.0000100000
642781.1250000000 -0.0099250000 0.0000090000
655349.0625000000 -0.0099280000 0.0000090000
668162.8125000000 -0.0099310000 0.0000090000
681227.0625000000 -0.0099330000 0.0000080000
694546.7500000000 -0.0099360000 0.0000080000
