30.0000000000 -25.7567980000 4.0693420000
30.5865750000 -25.7408500000 4.1424210000
31.1846200000 -25.7245310000 4.2166780000
31.7943570000 -25.7078340000 4.2921270000
32.4160160000 -25.6907580000 4.3687850000
33.0498310000 -25.6733020000 4.4466700000
33.6960370000 -25.6554620000 4.5257970000
34.3548770000 -25.6372430000 4.6061840000
35.0266040000 -25.6186430000 4.6878480000
35.7114600000 -25.5996650000 4.7708050000
36.4097100000 -25.5803130000 4.8550750000
37.1216090000 -25.5605890000 4.9406740000
37.8474310000 -25.5405040000 5.0276210000
38.5874440000 -25.5200630000 5.1159330000
39.3419230000 -25.4992810000 5.2056280000
40.1111560000 -25.4781680000 5.2967260000
40.8954320000 -25.4567430000 5.3892450000
41.6950380000 -25.4350280000 5.4832020000
42.5102810000 -25.4130440000 5.5786190000
43.3414650000 -25.3908230000 5.6755130000
44.1888960000 -25.3684020000 5.7739040000
45.0529020000 -25.3458250000 5.8738120000
45.9338000000 -25.3231410000 5.9752570000
46.8319210000 -25.3004170000 6.0782580000
47.7476010000 -25.2777230000 6.1828350000
48.6811870000 -25.2551520000 6.2890100000
49.6330260000 -25.2328130000 6.3968010000
50.6034740000 -25.2108400000 6.5062310000
51.5928990000 -25.1893940000 6.6173210000
52.6016690000 -25.1686740000 6.7300900000
53.6301650000 -25.1489300000 6.8445620000
54.6787680000 -25.1304680000 6.9607550000
55.7478750000 -25.1136860000 7.0786940000
56.8378870000 -25.0990850000 7.1984000000
57.9492070000 -25.0873180000 7.3198950000
59.0822600000 -25.0792540000 7.4432010000
60.2374690000 -25.0760710000 7.5683410000
61.4152600000 -25.0793900000 7.6953370000
62.6160810000 -25.0915360000 7.8242130000
63.8403850000 -25.1159380000 7.9549910000
65.0886230000 -25.1578980000 8.0876950000
66.3612670000 -25.2260550000 8.2223480000
67.6587980000 -21.2745760000 8.3538360000
68.9816970000 -21.3691960000 9.7173560000
70.3304600000 -20.7892740000 9.7037920000
71.7055970000 -20.4110970000 9.6886360000
73.1076200000 -20.1034010000 9.6718020000
74.5370640000 -19.8327560000 9.6532100000
75.9944460000 -19.5854130000 9.6327920000
77.4803310000 -19.3543530000 9.6104840000
78.9952620000 -19.1355300000 9.5862360000
80.5398180000 -18.9264140000 9.5600030000
82.1145710000 -18.7253400000 9.5317480000
83.7201160000 -18.5311760000 9.5014410000
85.3570560000 -18.3431420000 9.4690620000
87.0260010000 -18.1607070000 9.4345940000
88.7275770000 -17.9835220000 9.3980300000
90.4624250000 -17.8113800000 9.3593700000
92.2311940000 -17.6441970000 9.3186190000
94.0345380000 -17.4820100000 9.2757880000
95.8731540000 -17.3249700000 9.2308960000
97.7477110000 -17.1733670000 9.1839670000
99.6589200000 -17.0276620000 9.1350300000
101.6075060000 -16.8885570000 9.0841210000
103.5941850000 -16.7570990000 9.0312800000
105.6197130000 -16.6348920000 8.9765540000
107.6848450000 -16.5244730000 8.9199940000
109.7903520000 -16.4300990000 8.8616580000
111.9370270000 -16.7595270000 9.2514510000
114.1256790000 -16.2163140000 9.1980620000
116.3571170000 -15.9815860000 9.1430510000
118.6321950000 -15.7866950000 9.0864860000
120.9517520000 -15.6099520000 9.0284380000
123.3166580000 -15.4444250000 8.9689850000
125.7278060000 -15.2870330000 8.9082050000
128.1860960000 -15.1361510000 8.8461860000
130.6924590000 -14.9908250000 8.7830130000
133.2478330000 -14.8504560000 8.7187810000
135.8531490000 -14.7146530000 8.6535850000
138.5094300000 -14.5831430000 8.5875270000
141.2176360000 -14.4557380000 8.5207100000
143.9787900000 -14.3323040000 8.4532430000
146.7939300000 -14.2127440000 8.3852380000
149.6641240000 -14.0969850000 8.3168090000
152.5904390000 -13.9849760000 8.2480770000
155.5739590000 -13.8766800000 8.1791680000
158.6158140000 -13.7720700000 8.1102060000
161.7171480000 -13.6711240000 8.0413250000
164.8791350000 -13.5738260000 7.9726590000
168.1029360000 -13.4801650000 7.9043500000
171.3897710000 -13.3901350000 7.8365430000
174.7408600000 -13.3037260000 7.7693870000
178.1574860000 -13.2209340000 7.7030350000
181.6409150000 -13.1417490000 7.6376490000
185.1924440000 -13.0661670000 7.5733920000
188.8134160000 -12.9941790000 7.5104360000
192.5051880000 -12.9257780000 7.4489570000
196.2691500000 -12.8609510000 7.3891380000
200.1067050000 -12.7996870000 7.3311700000
204.0192870000 -12.7419690000 7.2752510000
208.0083770000 -12.6877810000 7.2215860000
212.0754700000 -12.6371000000 7.1703890000
216.2220760000 -12.5899020000 7.1218850000
220.4497530000 -12.5461580000 7.0763070000
224.7601010000 -12.5058340000 7.0339010000
229.1547240000 -12.4688920000 6.9949220000
233.6352690000 -12.4352880000 6.9596410000
238.2034300000 -12.4049720000 6.9283400000
242.8609010000 -12.3778880000 6.9013200000
247.6094360000 -12.3539690000 6.8788950000
252.4508210000 -12.3331420000 6.8613990000
257.3868710000 -12.3153250000 6.8491850000
262.4194340000 -12.3004230000 6.8426290000
267.5503850000 -12.2883280000 6.8421280000
272.7816770000 -10.7096100000 6.8420420000
278.1152340000 -10.6235620000 6.7668900000
283.5530700000 -10.5396400000 6.6910160000
289.0972600000 -10.4578920000 6.6144360000
294.7498170000 -10.3783680000 6.5371670000
300.5129390000 -10.3011210000 6.4592250000
306.3887020000 -10.2262060000 6.3806300000
312.3793640000 -10.1536830000 6.3014000000
318.4871830000 -10.0836120000 6.2215520000
324.7143860000 -10.0160600000 6.1411090000
331.0633850000 -9.9510920000 6.0600910000
337.5364990000 -9.8887820000 5.9785210000
344.1361690000 -9.8292050000 5.8964210000
350.8648990000 -9.7724380000 5.8138170000
357.7251890000 -9.7185650000 5.7307320000
364.7196040000 -9.6676750000 5.6471940000
371.8508000000 -9.6198610000 5.5632300000
379.1213990000 -9.5752170000 5.4788690000
386.5341800000 -9.5338520000 5.3941400000
394.0918880000 -9.4958710000 5.3090740000
401.7973630000 -9.4613930000 5.2237040000
409.6535340000 -9.4305430000 5.1380610000
417.6632690000 -9.4034530000 5.0521810000
425.8296200000 -9.3802660000 4.9660990000
434.1556700000 -9.3611350000 4.8798480000
442.6445010000 -9.3462240000 4.7934690000
451.2993160000 -9.3844700000 4.7082230000
460.1233520000 -9.3792970000 4.6243470000
469.1199040000 -9.3788050000 4.5405170000
478.2923890000 -9.3832220000 4.4567680000
487.6441960000 -9.3927970000 4.3731340000
497.1788640000 -9.4078080000 4.2896530000
506.8999330000 -9.4285620000 4.2063610000
516.8110960000 -9.4554000000 4.1232950000
526.9160770000 -9.4887030000 4.0404900000
537.2185670000 -9.5289000000 3.9579870000
547.7225340000 -9.5764760000 3.8758220000
558.4318850000 -9.6319810000 3.7940320000
569.3506470000 -9.6960410000 3.7126540000
580.4828490000 -9.7693730000 3.6317280000
591.8327640000 -9.8528090000 3.5512900000
603.4046020000 -9.9473110000 3.4713780000
615.2026370000 -10.0540060000 3.3920270000
627.2313840000 -10.1742180000 3.3132760000
639.4953610000 -10.3095280000 3.2351580000
651.9990840000 -10.4618190000 3.1577110000
664.7473140000 -10.6333750000 3.0809670000
677.7447510000 -10.8269850000 3.0049630000
690.9963990000 -11.0461030000 2.9297300000
704.5070800000 -11.2950450000 2.8553020000
718.2819820000 -11.5793150000 2.7817080000
732.3261720000 -11.9060160000 2.7089800000
746.6450200000 -12.2845220000 2.6371460000
761.2437740000 -12.7274520000 2.5662350000
776.1279910000 -13.2522740000 2.4962740000
791.3032230000 -13.8838900000 2.4272880000
806.7752080000 -14.6591770000 2.3593010000
822.5496830000 -15.6352620000 2.2923370000
838.6325680000 -16.9059300000 2.2264170000
855.0299680000 -31.2699970000 2.1466310000
871.7479250000 -19.0429120000 1.7727580000
888.7927860000 -16.6459870000 6.1851160000
906.1708980000 -14.0604750000 5.6915320000
923.8888550000 -12.3867080000 5.2126590000
941.9531860000 -11.1794500000 4.7480750000
960.3707280000 -10.2893750000 4.2973660000
979.1483760000 -9.6831590000 3.8601290000
998.2931520000 -9.5458840000 3.4359780000
1017.8123170000 -8.8552050000 4.8353970000
1037.7131350000 -7.6117600000 4.4239740000
1058.0029300000 -6.7851080000 4.0259330000
1078.6895750000 -6.1200040000 3.6408550000
1099.7806400000 -5.5547220000 3.2683430000
1121.2841800000 -5.0617860000 2.9080200000
1143.2080080000 -4.6253890000 2.5595160000
1165.5606690000 -4.2351080000 2.2224810000
1188.3502200000 -3.8834680000 1.8965810000
1211.5854490000 -3.5647810000 1.5814870000
1235.2750240000 -3.2745560000 1.2768910000
1259.4277340000 -3.0091300000 0.9824950000
1284.0527340000 -2.7813740000 0.6981150000
1309.1591800000 -2.5576250000 0.4237720000
1334.7564700000 -2.2915440000 0.1480000000
1360.8542480000 -2.0958370000 9.8790650000
1387.4624020000 -1.9149540000 9.6173140000
1414.5908200000 -1.7475760000 9.3625330000
1442.2495120000 -1.5925490000 9.1145160000
1470.4492190000 -1.3494670000 8.8641680000
1499.2000730000 -1.1758200000 8.6157860000
1528.5131840000 -1.0502820000 8.3727980000
1558.3995360000 -0.9347030000 8.1354960000
1588.8701170000 -0.8284090000 7.9037830000
1619.9365230000 -0.7307820000 7.6775590000
1651.6103520000 -0.6514240000 7.4567850000
1683.9034420000 -0.5693420000 7.2413660000
1716.8280030000 -0.4943500000 7.0311400000
1750.3962400000 -0.4260050000 6.8260130000
1784.6208500000 -0.3638990000 6.6258890000
1819.5146480000 -0.3076540000 6.4306750000
1855.0908200000 -0.2569190000 6.2402760000
1891.3624270000 -0.2113650000 6.0546040000
1928.3432620000 -0.1706890000 5.8735660000
1966.0472410000 -0.1346060000 5.6970720000
2004.4884030000 -0.1028490000 5.5250340000
2043.6811520000 -0.0930570000 5.3586960000
2083.6401370000 -0.0697050000 5.1972960000
2124.3806150000 -0.0527740000 5.0402370000
2165.9174800000 -0.0361650000 4.8874100000
2208.2666020000 -0.0226100000 4.7386880000
2251.4438480000 -0.0119230000 4.5939800000
2295.4653320000 -0.0039300000 4.4531990000
2340.3474120000 0.0015310000 4.3162560000
2386.1069340000 0.0046130000 4.1830650000
2432.7612300000 0.0054580000 4.0535410000
2480.3278810000 0.0041980000 3.9275990000
2528.8244630000 0.0009570000 3.8051560000
2578.2692870000 -0.0041510000 3.6861330000
2628.6809080000 -0.0110200000 3.5704460000
2680.0783690000 -0.0195560000 3.4580190000
2732.4804690000 -0.0296740000 3.3487740000
2785.9074710000 -0.0413010000 3.2426330000
2840.3789060000 -0.0543770000 3.1395230000
2895.9152830000 -0.0688620000 3.0393700000
2952.5378420000 -0.0847420000 2.9421010000
3010.2673340000 -0.1017690000 2.8478340000
3069.1254880000 -0.1186550000 2.7571990000
3129.1347660000 -0.1364290000 2.6692310000
3190.3171390000 -0.1550350000 2.5838620000
3252.6958010000 -0.1744230000 2.5010220000
3316.2941890000 -0.1945450000 2.4206440000
3381.1359860000 -0.2153600000 2.3426630000
3447.2456050000 -0.2381740000 2.2670450000
3514.6479490000 -0.2613140000 2.1937670000
3583.3681640000 -0.2841820000 2.1227450000
3653.4318850000 -0.3075880000 2.0538880000
3724.8657230000 -0.3315100000 1.9871360000
3797.6960450000 -0.3559290000 1.9224280000
3871.9506840000 -0.3808310000 1.8597050000
3947.6569820000 -0.4062060000 1.7989130000
4024.8435060000 -0.4320460000 1.7399930000
4103.5390630000 -0.4583500000 1.6828950000
4183.7739260000 -0.4851200000 1.6275630000
4265.5771480000 -0.5123620000 1.5739480000
4348.9794920000 -0.5400900000 1.5220000000
4434.0131840000 -0.5703340000 1.4717600000
4520.7089840000 -0.5991430000 1.4231240000
4609.1005860000 -0.6284940000 1.3760190000
4699.2197270000 -0.6584210000 1.3303990000
4791.1015630000 -0.6889650000 1.2862200000
4884.7792970000 -0.7201750000 1.2434400000
4980.2890630000 -0.7521090000 1.2020160000
5077.6660160000 -0.7848340000 1.1619080000
5176.9472660000 -0.8184310000 1.1230760000
5278.1694340000 -0.8529910000 1.0854830000
5381.3710940000 -0.8886220000 1.0490900000
5486.5903320000 -0.9254490000 1.0138610000
5593.8666990000 -0.9636210000 0.9797620000
5703.2412110000 -1.0033090000 0.9467580000
5814.7534180000 -1.0447170000 0.9148150000
5928.4467770000 -1.0880870000 0.8839020000
6044.3627930000 -1.1337070000 0.8539860000
6162.5449220000 -1.1819250000 0.8250370000
6283.0380860000 -1.2331640000 0.7970260000
6405.8872070000 -1.2879430000 0.7699230000
6531.1386720000 -1.3469100000 0.7437010000
6658.8383790000 -1.4108790000 0.7183320000
6789.0356450000 -1.4809070000 0.6937900000
6921.7783200000 -1.5583740000 0.6700490000
7057.1162110000 -1.6451430000 0.6470850000
7195.1005860000 -1.7438030000 0.6248720000
7335.7827150000 -1.8580900000 0.6033890000
7479.2158200000 -1.9936710000 0.5826110000
7625.4531250000 -2.1597100000 0.5625170000
7774.5498050000 -2.3724430000 0.5430860000
7926.5620120000 -2.6648360000 0.5242960000
8081.5458980000 -3.1214040000 0.5061270000
8239.5605470000 -4.1119170000 0.4885590000
8255.1699220000 -4.3007910000 0.4868740000
8255.7197270000 -4.3081540000 0.4868150000
8256.2695310000 -4.3155580000 0.4867560000
8256.8203130000 -4.3230450000 0.4866960000
8257.3701170000 -4.3305620000 0.4866370000
8257.9199220000 -4.3381490000 0.4865780000
8258.4697270000 -4.3457810000 0.4865190000
8259.0195310000 -4.3534860000 0.4864600000
8259.5703130000 -4.3612500000 0.4864000000
8260.1201170000 -4.3690760000 0.4863410000
8260.6699220000 -4.3769490000 0.4862820000
8261.2197270000 -4.3848990000 0.4862230000
8261.7695310000 -4.3928990000 0.4861640000
8262.3203130000 -4.4009910000 0.4861050000
8262.8701170000 -4.4091210000 0.4860460000
8263.4199220000 -4.4173320000 0.4859870000
8263.9697270000 -4.4255960000 0.4859280000
8264.5195310000 -4.4339440000 0.4858690000
8265.0703130000 -4.4423620000 0.4858090000
8265.6201170000 -4.4508510000 0.4857500000
8266.1699220000 -4.4593970000 0.4856910000
8266.7304690000 -4.4681980000 0.4856310000
8267.2802730000 -4.4769090000 0.4855720000
8267.8300780000 -4.4856820000 0.4855130000
8268.3798830000 -4.4945460000 0.4854540000
8268.9296880000 -4.5034740000 0.4853950000
8269.4804690000 -4.5125140000 0.4853360000
8270.0302730000 -4.5216040000 0.4852770000
8270.5898440000 -4.5309520000 0.4852170000
8271.1396480000 -4.5402260000 0.4851590000
8271.6904300000 -4.5495870000 0.4851000000
8272.2402340000 -4.5590350000 0.4850410000
8272.7900390000 -4.5685560000 0.4849820000
8273.3398440000 -4.5781850000 0.4849230000
8273.9003910000 -4.5880750000 0.4848630000
8274.4501950000 -4.5978920000 0.4848040000
8275.0000000000 -4.6077880000 0.4847450000
8275.5498050000 -4.6177990000 0.4846860000
8276.1103520000 -4.6281030000 0.4846260000
8276.6601560000 -4.6383000000 0.4845680000
8277.2099610000 -4.6486190000 0.4845090000
8277.7597660000 -4.6590260000 0.4844500000
8278.3203130000 -4.6697600000 0.4843900000
8278.8701170000 -4.6804060000 0.4843310000
8279.4199220000 -4.6911450000 0.4842730000
8279.9697270000 -4.7020180000 0.4842140000
8280.5302730000 -4.7132000000 0.4841540000
8281.0800780000 -4.7243120000 0.4840950000
8281.6298830000 -4.7355280000 0.4840370000
8282.1904300000 -4.7471060000 0.4839770000
8282.7402340000 -4.7585960000 0.4839180000
8283.2900390000 -4.7701980000 0.4838600000
8283.8496090000 -4.7821580000 0.4838000000
8284.4003910000 -4.7940530000 0.4837410000
8284.9501950000 -4.8060870000 0.4836820000
8285.5097660000 -4.8184780000 0.4836230000
8286.0595700000 -4.8307830000 0.4835640000
8286.6201170000 -4.8435000000 0.4835040000
8287.1699220000 -4.8561120000 0.4834460000
8287.7197270000 -4.8689040000 0.4833870000
8288.2802730000 -4.8821060000 0.4833270000
8288.8300780000 -4.8952050000 0.4832690000
8289.3896480000 -4.9087290000 0.4832090000
8289.9404300000 -4.9222220000 0.4831510000
8290.4902340000 -4.9358460000 0.4830920000
8291.0498050000 -4.9499190000 0.4830330000
8291.5996090000 -4.9639180000 0.4829740000
8292.1601560000 -4.9784070000 0.4829140000
8292.7099610000 -4.9928270000 0.4828560000
8293.2695310000 -5.0076800000 0.4827960000
8293.8203130000 -5.0225440000 0.4827380000
8294.3798830000 -5.0378610000 0.4826780000
8294.9296880000 -5.0531150000 0.4826200000
8295.4902340000 -5.0689230000 0.4825600000
8296.0400390000 -5.0846460000 0.4825020000
8296.5996090000 -5.1009190000 0.4824420000
8297.1503910000 -5.1171970000 0.4823840000
8297.7099610000 -5.1339930000 0.4823240000
8298.2597660000 -5.1507440000 0.4822660000
8298.8203130000 -5.1681280000 0.4822070000
8299.3701170000 -5.1854430000 0.4821480000
8299.9296880000 -5.2033920000 0.4820890000
8300.4804690000 -5.2213730000 0.4820300000
8301.0400390000 -5.2399250000 0.4819710000
8301.5996090000 -5.2588480000 0.4819120000
8302.1503910000 -5.2778220000 0.4818530000
8302.7099610000 -5.2974180000 0.4817940000
8303.2597660000 -5.3170800000 0.4817360000
8303.8203130000 -5.3375040000 0.4816760000
8304.3798830000 -5.3582650000 0.4816170000
8304.9296880000 -5.3791170000 0.4815590000
8305.4902340000 -5.4008050000 0.4814990000
8306.0498050000 -5.4228740000 0.4814400000
8306.5996090000 -5.4450690000 0.4813820000
8307.1601560000 -5.4681810000 0.4813230000
8307.7197270000 -5.4917730000 0.4812630000
8308.2695310000 -5.5154500000 0.4812050000
8308.8300780000 -5.5401840000 0.4811460000
8309.3896480000 -5.5654700000 0.4810870000
8309.9404300000 -5.5909320000 0.4810280000
8310.5000000000 -5.6174840000 0.4809690000
8311.0595700000 -5.6447220000 0.4809100000
8311.6103520000 -5.6721990000 0.4808520000
8312.1699220000 -5.7009080000 0.4807930000
8312.7304690000 -5.7304690000 0.4807330000
8313.2900390000 -5.7607770000 0.4806740000
8313.8398440000 -5.7914920000 0.4806160000
8314.4003910000 -5.8237390000 0.4805570000
8314.9599610000 -5.8568830000 0.4804980000
8315.5195310000 -5.8911560000 0.4804390000
8316.0703130000 -5.9260210000 0.4803810000
8316.6298830000 -5.9625780000 0.4803220000
8317.1904300000 -6.0005700000 0.4802630000
8317.7500000000 -6.0399010000 0.4802030000
8318.3095700000 -6.0807410000 0.4801440000
8318.8603520000 -6.1224730000 0.4800860000
8319.4199220000 -6.1666730000 0.4800270000
8319.9804690000 -6.2128640000 0.4799680000
8320.5400390000 -6.2610610000 0.4799090000
8321.0996090000 -6.3114460000 0.4798500000
8321.6601560000 -6.3645070000 0.4797910000
8322.2099610000 -6.4192650000 0.4797330000
8322.7695310000 -6.4778970000 0.4796740000
8323.3300780000 -6.5401400000 0.4796150000
8323.8896480000 -6.6060990000 0.4795560000
8324.4501950000 -6.6764980000 0.4794970000
8325.0097660000 -6.7515660000 0.4794390000
8325.5703130000 -6.8325510000 0.4793800000
8326.1298830000 -6.9199660000 0.4793210000
8326.6904300000 -7.0152680000 0.4792620000
8327.2402340000 -7.1175680000 0.4792040000
8327.7998050000 -7.2328550000 0.4791450000
8328.3603520000 -7.3621490000 0.4790860000
8328.9199220000 -7.5087370000 0.4790270000
8329.4804690000 -7.6783030000 0.4789680000
8330.0400390000 -7.8793730000 0.4789100000
8330.5996090000 -8.1263270000 0.4788510000
8331.1601560000 -8.4470200000 0.4787920000
8331.7197270000 -8.9017070000 0.4787330000
8332.2802730000 -9.7004580000 0.4786740000
8332.8398440000 -12.5287740000 3.9227130000
8333.4003910000 -9.5585190000 3.9220830000
8333.9599610000 -8.8363940000 3.9214550000
8334.5195310000 -8.4034740000 3.9208270000
8335.0800780000 -8.0929880000 3.9201990000
8335.6396480000 -7.8513090000 3.9195710000
8336.2001950000 -7.6531110000 3.9189450000
8336.7597660000 -7.4850770000 3.9183180000
8337.3203130000 -7.3389710000 3.9176910000
8337.8798830000 -7.2100970000 3.9170660000
8338.4501950000 -7.0925840000 3.9164290000
8339.0097660000 -6.9881810000 3.9158050000
8339.5703130000 -6.8927390000 3.9151800000
8340.1298830000 -6.8048340000 3.9145570000
8340.6904300000 -6.7232230000 3.9139330000
8341.2500000000 -6.6473020000 3.9133100000
8341.8095700000 -6.5763320000 3.9126880000
8342.3701170000 -6.5093780000 3.9120660000
8342.9296880000 -6.4463110000 3.9114440000
8343.5000000000 -6.3855200000 3.9108110000
8344.0595700000 -6.3288910000 3.9101910000
8344.6201170000 -6.2749840000 3.9095710000
8345.1796880000 -6.2235490000 3.9089510000
8345.7402340000 -6.1742850000 3.9083310000
8346.2998050000 -6.1271680000 3.9077120000
8346.8701170000 -6.0811150000 3.9070820000
8347.4296880000 -6.0377440000 3.9064650000
8347.9902340000 -5.9958420000 3.9058460000
8348.5498050000 -5.9555090000 3.9052290000
8349.1103520000 -5.9165030000 3.9046120000
8349.6796880000 -5.8782330000 3.9039850000
8350.2402340000 -5.8417670000 3.9033680000
8350.7998050000 -5.8065600000 3.9027540000
8351.3603520000 -5.7723010000 3.9021380000
8351.9296880000 -5.7385480000 3.9015130000
8352.4902340000 -5.7062590000 3.9008980000
8353.0498050000 -5.6749180000 3.9002850000
8353.6103520000 -5.6444210000 3.8996720000
8354.1796880000 -5.6142230000 3.8990490000
8354.7402340000 -5.5852460000 3.8984350000
8355.2998050000 -5.5570380000 3.8978240000
8355.8701170000 -5.5290040000 3.8972010000
8356.4296880000 -5.5021420000 3.8965900000
8356.9902340000 -5.4759010000 3.8959790000
8357.5595700000 -5.4498200000 3.8953590000
8358.1201170000 -5.4247030000 3.8947480000
8358.6796880000 -5.4001700000 3.8941390000
8359.2500000000 -5.3757090000 3.8935190000
8359.8095700000 -5.3521980000 3.8929110000
8360.3701170000 -5.3291620000 3.8923030000
8360.9404300000 -5.3061640000 3.8916840000
8361.5000000000 -5.2840300000 3.8910770000
8362.0703130000 -5.2619150000 3.8904590000
8362.6298830000 -5.2406150000 3.8898530000
8363.1904300000 -5.2196700000 3.8892460000
8363.7597660000 -5.1987900000 3.8886310000
8364.3203130000 -5.1785910000 3.8880250000
8364.8896480000 -5.1584420000 3.8874100000
8365.4501950000 -5.1389690000 3.8868060000
8366.0195310000 -5.1195000000 3.8861930000
8366.5800780000 -5.1006420000 3.8855890000
8367.1396480000 -5.0821210000 3.8849860000
8367.7099610000 -5.0635560000 3.8843730000
8368.2695310000 -5.0456200000 3.8837710000
8368.8398440000 -5.0276320000 3.8831580000
8369.4003910000 -5.0102450000 3.8825570000
8369.9697270000 -4.9928280000 3.8819470000
8370.5302730000 -4.9759280000 3.8813460000
8371.0996090000 -4.9590210000 3.8807360000
8371.6601560000 -4.9426080000 3.8801360000
8372.2304690000 -4.9261530000 3.8795260000
8372.7900390000 -4.9102270000 3.8789270000
8373.3603520000 -4.8942270000 3.8783180000
8373.9296880000 -4.8784710000 3.8777110000
8374.4902340000 -4.8631880000 3.8771140000
8375.0595700000 -4.8478500000 3.8765070000
8375.6201170000 -4.8329400000 3.8759100000
8376.1904300000 -4.8179730000 3.8753030000
8376.7500000000 -4.8034670000 3.8747080000
8377.3203130000 -4.7888750000 3.8741020000
8377.8896480000 -4.7744900000 3.8734970000
8378.4501950000 -4.7604950000 3.8729020000
8379.0195310000 -4.7464580000 3.8722990000
8379.5898440000 -4.7325660000 3.8716950000
8380.1503910000 -4.7190680000 3.8711010000
8380.7197270000 -4.7055230000 3.8704980000
8381.2802730000 -4.6923580000 3.8699070000
8381.8496090000 -4.6791220000 3.8693050000
8382.4199220000 -4.6660140000 3.8687030000
8382.9804690000 -4.6532680000 3.8681120000
8383.5498050000 -4.6404700000 3.8675120000
8384.1201170000 -4.6277910000 3.8669110000
8384.6904300000 -4.6152500000 3.8663100000
8385.2500000000 -4.6030700000 3.8657220000
8385.8203130000 -4.5907930000 3.8651220000
8386.3896480000 -4.5786650000 3.8645240000
8386.9501950000 -4.5668440000 3.8639360000
8387.5195310000 -4.5549630000 3.8633380000
8388.0898440000 -4.5431840000 3.8627410000
8388.6601560000 -4.5315240000 3.8621440000
8389.2197270000 -4.5202100000 3.8615590000
8389.7900390000 -4.5087790000 3.8609620000
8390.3603520000 -4.4974580000 3.8603670000
8390.9296880000 -4.4862660000 3.8597720000
8391.5000000000 -4.4751450000 3.8591760000
8392.0595700000 -4.4643670000 3.8585930000
8392.6298830000 -4.4534710000 3.8579990000
8393.2001950000 -4.4426770000 3.8574050000
8393.7695310000 -4.4320000000 3.8568130000
8394.3398440000 -4.4214030000 3.8562200000
8394.9003910000 -4.4110770000 3.8556380000
8395.4697270000 -4.4006860000 3.8550470000
8396.0400390000 -4.3903710000 3.8544550000
8396.6103520000 -4.3801470000 3.8538640000
8397.1796880000 -4.3700280000 3.8532740000
8397.7500000000 -4.3599810000 3.8526840000
8398.3203130000 -4.3500200000 3.8520940000
8398.8896480000 -4.3401610000 3.8515050000
8399.4501950000 -4.3305310000 3.8509260000
8400.0195310000 -4.3208360000 3.8503390000
8400.5898440000 -4.3112040000 3.8497510000
8400.6640630000 -4.3099540000 3.8496740000
8401.1601560000 -4.3016520000 3.8491630000
8401.7304690000 -4.2921780000 3.8485760000
8402.2998050000 -4.2827960000 3.8479900000
8402.8701170000 -4.2734740000 3.8474030000
8403.4404300000 -4.2642270000 3.8468170000
8404.0097660000 -4.2550680000 3.8462330000
8404.5800780000 -4.2459650000 3.8456480000
8405.1503910000 -4.2369340000 3.8450630000
8405.7197270000 -4.2279870000 3.8444800000
8406.2900390000 -4.2190940000 3.8438960000
8406.8603520000 -4.2102680000 3.8433120000
8407.4296880000 -4.2015240000 3.8427300000
8408.0000000000 -4.1928310000 3.8421480000
8408.5703130000 -4.1842020000 3.8415660000
8409.1396480000 -4.1756510000 3.8409850000
8409.7099610000 -4.1671490000 3.8404040000
8410.2802730000 -4.1587080000 3.8398230000
8410.8496090000 -4.1503420000 3.8392430000
8411.4199220000 -4.1420230000 3.8386630000
8564.9189450000 -2.8999250000 3.6973770000
8732.3837890000 -2.2849010000 3.5738310000
8903.1240230000 -1.8903510000 3.4763240000
9077.2021480000 -1.5740590000 3.3800300000
9254.6845700000 -1.3205710000 3.2841290000
9435.6367190000 -1.1098920000 3.1887350000
9620.1269530000 -0.9306630000 3.0939570000
9808.2246090000 -0.7757830000 2.9999030000
10000.0000000000 -0.6405100000 2.9066770000
10195.5253900000 -0.5215030000 2.8143790000
10394.8730500000 -0.4163200000 2.7231030000
10598.1191400000 -0.3231150000 2.6329400000
10805.3388700000 -0.2404570000 2.5439760000
11016.6103500000 -0.2081620000 2.4631950000
11232.0127000000 -0.1451110000 2.3856150000
11451.6259800000 -0.0884830000 2.3102110000
11675.5341800000 -0.0375570000 2.2369330000
11903.8203100000 0.0082740000 2.1657280000
12136.5693400000 0.0495320000 2.0965470000
12373.8701200000 0.0866670000 2.0293400000
12615.8105500000 0.1200720000 1.9640600000
12862.4814500000 0.1500900000 1.9006590000
13113.9746100000 0.1770250000 1.8390900000
13370.3857400000 0.2011460000 1.7793080000
13631.8105500000 0.2226960000 1.7212690000
13898.3466800000 0.2418880000 1.6649280000
14170.0937500000 0.2589180000 1.6102430000
14447.1543000000 0.2739610000 1.5571720000
14729.6328100000 0.2871760000 1.5056730000
15017.6337900000 0.2987090000 1.4557070000
15311.2666000000 0.3086920000 1.4072330000
15610.6396500000 0.3172440000 1.3602140000
15915.8671900000 0.3244780000 1.3146110000
16227.0615200000 0.3302190000 1.2703920000
16544.3418000000 0.3349060000 1.2275220000
16867.8242200000 0.3363850000 1.1861200000
17197.6328100000 0.3392690000 1.1460890000
17533.8906300000 0.3412930000 1.1073000000
17876.7207000000 0.3425250000 1.0697170000
18226.2558600000 0.3430260000 1.0333070000
18582.6250000000 0.3428560000 0.9980370000
18945.9628900000 0.3420700000 0.9638750000
19316.4023400000 0.3407160000 0.9307900000
19694.0878900000 0.3388430000 0.8987500000
20079.1562500000 0.3364930000 0.8677260000
20471.7539100000 0.3337060000 0.8376900000
20872.0273400000 0.3305210000 0.8086120000
21280.1289100000 0.3269720000 0.7804650000
21696.2070300000 0.3220420000 0.7532350000
22120.4238300000 0.3178690000 0.7268940000
22552.9335900000 0.3134230000 0.7014060000
22993.8984400000 0.3087330000 0.6767440000
23443.4882800000 0.3038200000 0.6528850000
23901.8671900000 0.2987090000 0.6298040000
24369.2070300000 0.2934180000 0.6074790000
24845.6875000000 0.2879680000 0.5858870000
25331.4824200000 0.2823760000 0.5650060000
25826.7753900000 0.2766560000 0.5448150000
26331.7539100000 0.2708230000 0.5252930000
26846.6054700000 0.2649150000 0.5064590000
27371.5234400000 0.2590040000 0.4883530000
27906.7070300000 0.2530480000 0.4708570000
28452.3515600000 0.2470580000 0.4539530000
29008.6660200000 0.2410460000 0.4376220000
29575.8593800000 0.2350210000 0.4218450000
30154.1406300000 0.2289940000 0.4066050000
30743.7304700000 0.2229720000 0.3918840000
31344.8476600000 0.2169710000 0.3776670000
31957.7168000000 0.2109850000 0.3639380000
32582.5703100000 0.2050270000 0.3506790000
33219.6406300000 0.1991030000 0.3378780000
33869.1679700000 0.1932180000 0.3255170000
34531.3945300000 0.1873790000 0.3135850000
35206.5703100000 0.1815900000 0.3020650000
35894.9492200000 0.1758570000 0.2909460000
36596.7851600000 0.1695300000 0.2802410000
37312.3437500000 0.1638980000 0.2699230000
38041.8906300000 0.1583360000 0.2599680000
38785.7070300000 0.1528440000 0.2503650000
39544.0625000000 0.1474260000 0.2411020000
40317.2500000000 0.1420850000 0.2321660000
41105.5546900000 0.1368210000 0.2235480000
41909.2695300000 0.1316370000 0.2152360000
42728.6992200000 0.1265350000 0.2072200000
43564.1523400000 0.1215150000 0.1994910000
44415.9414100000 0.1165780000 0.1920370000
45284.3867200000 0.1117260000 0.1848500000
46169.8085900000 0.1069590000 0.1779210000
47072.5429700000 0.1022770000 0.1712410000
47992.9296900000 0.0976810000 0.1648010000
48931.3125000000 0.0931710000 0.1585930000
49888.0429700000 0.0887460000 0.1526100000
50863.4765600000 0.0843190000 0.1468430000
51857.9843800000 0.0800670000 0.1412850000
52871.9375000000 0.0759000000 0.1359300000
53905.7187500000 0.0718180000 0.1307690000
54959.7109400000 0.0678200000 0.1257970000
56034.3085900000 0.0639070000 0.1210060000
57129.9218800000 0.0600760000 0.1163890000
58246.9531300000 0.0563280000 0.1119420000
59385.8281300000 0.0526620000 0.1076580000
60546.9687500000 0.0490770000 0.1035320000
61730.8125000000 0.0455710000 0.0995570000
62937.8046900000 0.0421450000 0.0957290000
64168.3984400000 0.0387960000 0.0920420000
65423.0507800000 0.0355250000 0.0884910000
66702.2343800000 0.0323290000 0.0850720000
68006.4296900000 0.0292080000 0.0817800000
69336.1250000000 0.0261610000 0.0786100000
70691.8203100000 0.0231870000 0.0755590000
72074.0234400000 0.0202830000 0.0726210000
73483.2500000000 0.0174500000 0.0697930000
74920.0312500000 0.0146860000 0.0670710000
76384.9062500000 0.0119890000 0.0644510000
77878.4218800000 0.0093600000 0.0619290000
79401.1406300000 0.0067950000 0.0595020000
80953.6328100000 0.0043020000 0.0571850000
82536.4765600000 0.0018770000 0.0549690000
84150.2734400000 -0.0004830000 0.0528350000
85795.6250000000 -0.0027810000 0.0507830000
87473.1406300000 -0.0050180000 0.0488090000
89183.4609400000 -0.0071960000 0.0469090000
90927.2187500000 -0.0093150000 0.0450820000
92705.0781300000 -0.0113770000 0.0433240000
94517.6953100000 -0.0133820000 0.0416330000
96365.7500000000 -0.0153330000 0.0400070000
98249.9453100000 -0.0172310000 0.0384430000
100170.9766000000 -0.0190770000 0.0369380000
102129.5703000000 -0.0208710000 0.0354910000
104126.4609000000 -0.0226160000 0.0340990000
106162.3906000000 -0.0243110000 0.0327610000
108238.1328000000 -0.0259600000 0.0314740000
110354.4609000000 -0.0275620000 0.0302360000
112512.1641000000 -0.0291190000 0.0290460000
114712.0547000000 -0.0306310000 0.0279010000
116954.9688000000 -0.0321010000 0.0268010000
119241.7266000000 -0.0335280000 0.0257430000
121573.2031000000 -0.0349150000 0.0247260000
123950.2656000000 -0.0362610000 0.0237480000
126373.8047000000 -0.0375690000 0.0228080000
128844.7266000000 -0.0388390000 0.0219040000
131363.9688000000 -0.0400720000 0.0210350000
133932.4531000000 -0.0412690000 0.0202000000
136551.1719000000 -0.0424300000 0.0193970000
139221.0938000000 -0.0435580000 0.0186260000
141943.2188000000 -0.0446520000 0.0178840000
144718.5625000000 -0.0457140000 0.0171710000
147548.1719000000 -0.0467440000 0.0164860000
150433.1094000000 -0.0477440000 0.0158280000
153374.4531000000 -0.0487140000 0.0151960000
156373.2969000000 -0.0496550000 0.0145880000
159430.7969000000 -0.0505670000 0.0140040000
162548.0625000000 -0.0514520000 0.0134420000
165726.2813000000 -0.0523100000 0.0129030000
168966.6406000000 -0.0531430000 0.0123850000
172270.3750000000 -0.0539490000 0.0118870000
175638.6875000000 -0.0547320000 0.0114090000
179072.8594000000 -0.0554900000 0.0109500000
182574.1875000000 -0.0562250000 0.0105080000
186143.9688000000 -0.0569380000 0.0100840000
189783.5469000000 -0.0576280000 0.0096770000
193494.2969000000 -0.0582970000 0.0092860000
197277.5938000000 -0.0589460000 0.0089100000
201134.8594000000 -0.0595740000 0.0085500000
205067.5469000000 -0.0601830000 0.0082030000
209077.1406000000 -0.0607730000 0.0078700000
213165.1250000000 -0.0613440000 0.0075510000
217333.0313000000 -0.0618970000 0.0072440000
221582.4375000000 -0.0624330000 0.0069490000
225914.9219000000 -0.0629520000 0.0066660000
230332.1250000000 -0.0634550000 0.0063950000
234835.7031000000 -0.0639420000 0.0061340000
239427.3281000000 -0.0644130000 0.0058830000
244108.7344000000 -0.0648690000 0.0056430000
248881.6719000000 -0.0653110000 0.0054120000
253747.9219000000 -0.0657380000 0.0051900000
258709.3281000000 -0.0661520000 0.0049780000
263767.7500000000 -0.0665530000 0.0047740000
268925.0625000000 -0.0669410000 0.0045780000
274183.2188000000 -0.0673160000 0.0043890000
279544.1875000000 -0.0676790000 0.0042090000
285010.0000000000 -0.0680300000 0.0040360000
290582.6563000000 -0.0683700000 0.0038690000
296264.2500000000 -0.0686990000 0.0037100000
302056.9688000000 -0.0690170000 0.0035570000
307962.9375000000 -0.0693240000 0.0034100000
313984.3750000000 -0.0696220000 0.0032690000
320123.5625000000 -0.0699100000 0.0031330000
326382.7813000000 -0.0701880000 0.0030040000
332764.3750000000 -0.0704570000 0.0028790000
339270.7500000000 -0.0707180000 0.0027600000
345904.3438000000 -0.0709690000 0.0026450000
352667.6563000000 -0.0712130000 0.0025350000
359563.1875000000 -0.0714480000 0.0024290000
366593.5625000000 -0.0716750000 0.0023280000
373761.3750000000 -0.0718950000 0.0022310000
381069.3438000000 -0.0721080000 0.0021380000
388520.2188000000 -0.0723130000 0.0020490000
396116.7500000000 -0.0725110000 0.0019630000
403861.8125000000 -0.0727030000 0.0018810000
411758.3438000000 -0.0728890000 0.0018020000
419809.2500000000 -0.0730680000 0.0017270000
428017.5625000000 -0.0732410000 0.0016540000
436386.3750000000 -0.0734080000 0.0015850000
444918.8125000000 -0.0735700000 0.0015180000
453618.0938000000 -0.0737260000 0.0014540000
462487.4688000000 -0.0738760000 0.0013930000
471530.2500000000 -0.0740220000 0.0013340000
480749.8438000000 -0.0741630000 0.0012780000
490149.7188000000 -0.0742990000 0.0012240000
499733.3750000000 -0.0744300000 0.0011730000
509504.4063000000 -0.0745560000 0.0011230000
519466.5000000000 -0.0746790000 0.0010750000
529623.3750000000 -0.0747970000 0.0010300000
539978.8125000000 -0.0749110000 0.0009860000
550536.7500000000 -0.0750210000 0.0009440000
561301.1250000000 -0.0751270000 0.0009040000
572276.0000000000 -0.0752300000 0.0008660000
583465.4375000000 -0.0753290000 0.0008290000
594873.6250000000 -0.0754250000 0.0007940000
606504.8750000000 -0.0755170000 0.0007600000
618363.5625000000 -0.0756060000 0.0007270000
630454.1250000000 -0.0756920000 0.0006960000
642781.1250000000 -0.0757750000 0.0006670000
655349.0625000000 -0.0758550000 0.0006380000
668162.8125000000 -0.0759320000 0.0006110000
681227.0625000000 -0.0760070000 0.0005850000
694546.7500000000 -0.0760790000 0.0005600000
