30.0000000000 -19.1287140000 3.5980110000
30.5865750000 -19.1200560000 3.6377410000
31.1846200000 -19.1132740000 3.6779000000
31.7943570000 -19.1086770000 3.7184920000
32.4160160000 -19.1066470000 3.7595210000
33.0498310000 -19.1076470000 3.8009920000
33.6960370000 -19.1122460000 3.8429090000
34.3548770000 -19.1211530000 3.8852780000
35.0266040000 -19.1352690000 3.9281040000
35.7114600000 -19.1557450000 3.9713900000
36.4097100000 -19.1840840000 4.0151410000
37.1216090000 -19.2222860000 4.0593640000
37.8474310000 -19.2730770000 4.1040620000
38.5874440000 -19.3402690000 4.1492400000
39.3419230000 -19.4293630000 4.1949040000
40.1111560000 -19.5486160000 4.2410590000
40.8954320000 -19.7110140000 4.2877090000
41.6950380000 -19.9382420000 4.3348600000
42.5102810000 -26.0740620000 8.4839660000
43.3414650000 -18.0175420000 8.1406770000
44.1888960000 -16.9309500000 7.7933960000
45.0529020000 -16.2891350000 7.4830430000
45.9338000000 -15.8439470000 7.2047950000
46.8319210000 -15.5113730000 6.9544930000
47.7476010000 -15.2516960000 6.7285470000
48.6811870000 -15.0424260000 6.5238540000
49.6330260000 -14.8697150000 6.3377300000
50.6034740000 -14.7243550000 6.1678470000
51.5928990000 -14.5999630000 6.0121840000
52.6016690000 -14.4919720000 5.8689840000
53.6301650000 -14.3970370000 5.7367210000
54.6787680000 -14.3126690000 5.6140630000
55.7478750000 -14.2369980000 5.4998500000
56.8378870000 -14.1686130000 5.3930700000
57.9492070000 -14.1064540000 5.2928390000
59.0822600000 -14.0497280000 5.1983840000
60.2374690000 -13.9978670000 5.1090320000
61.4152600000 -13.9504800000 5.0241920000
62.6160810000 -13.9073400000 4.9433480000
63.8403850000 -13.8683750000 4.8660530000
65.0886230000 -13.8336630000 4.7919110000
66.3612670000 -13.8034690000 4.7205820000
67.6587980000 -13.7782820000 4.6517680000
68.9816970000 -13.7589170000 4.5852110000
70.3304600000 -13.7466860000 4.5206890000
71.7055970000 -13.7437450000 4.4580090000
73.1076200000 -13.7537990000 4.3970080000
74.5370640000 -13.8980770000 4.6719190000
75.9944460000 -13.7165480000 4.6227010000
77.4803310000 -13.6280210000 4.5748490000
78.9952620000 -13.5620100000 4.5282750000
80.5398180000 -13.5070360000 4.4829110000
82.1145710000 -13.4590540000 4.4387010000
83.7201160000 -13.4161950000 4.3956040000
85.3570560000 -13.3774650000 4.3535930000
87.0260010000 -13.3422930000 4.3126540000
88.7275770000 -13.3103350000 4.2727830000
90.4624250000 -13.2813840000 4.2339900000
92.2311940000 -13.2553210000 4.1962930000
94.0345380000 -13.2320830000 4.1597250000
95.8731540000 -13.2116560000 4.1243280000
97.7477110000 -13.1940500000 4.0901550000
99.6589200000 -13.1793060000 4.0572730000
101.6075060000 -13.1674840000 4.0257590000
103.5941850000 -13.1586620000 3.9957050000
105.6197130000 -13.1529340000 3.9672150000
107.6848450000 -13.1504120000 3.9404090000
109.7903520000 -13.1512200000 3.9154240000
111.9370270000 -13.1554990000 3.8924130000
114.1256790000 -13.1634040000 3.8715500000
116.3571170000 -13.1751060000 3.8530290000
118.6321950000 -13.1907940000 3.8370690000
120.9517520000 -13.2106720000 3.8239160000
123.3166580000 -13.2349660000 3.8138470000
125.7278060000 -13.2639170000 3.8071700000
128.1860960000 -13.2977940000 3.8042360000
130.6924590000 -13.3368850000 3.8054350000
133.2478330000 -13.3815050000 3.8112080000
135.8531490000 -13.4319950000 3.8220540000
138.5094300000 -13.4887290000 3.8385320000
141.2176360000 -13.5521100000 3.8612790000
143.9787900000 -13.6225790000 3.8910110000
146.7939300000 -13.7006130000 3.9285430000
149.6641240000 -13.7867330000 3.9747990000
152.5904390000 -13.8815010000 4.0308310000
155.5739590000 -13.9855320000 4.0978360000
158.6158140000 -14.0994870000 4.1771790000
161.7171480000 -14.2240900000 4.2704250000
164.8791350000 -14.3601160000 4.3793610000
168.1029360000 -14.5084090000 4.5060380000
171.3897710000 -11.5615410000 4.5830640000
174.7408600000 -11.4993030000 4.5695120000
178.1574860000 -11.4373420000 4.5550030000
181.6409150000 -11.3757180000 4.5395020000
185.1924440000 -11.3144960000 4.5229760000
188.8134160000 -11.2537460000 4.5053940000
192.5051880000 -11.1935400000 4.4867280000
196.2691500000 -11.1339520000 4.4669480000
200.1067050000 -11.0750650000 4.4460290000
204.0192870000 -11.0169610000 4.4239490000
208.0083770000 -10.9597280000 4.4006860000
212.0754700000 -10.9034600000 4.3762200000
216.2220760000 -10.8482500000 4.3505360000
220.4497530000 -10.7942010000 4.3236190000
224.7601010000 -10.7414150000 4.2954590000
229.1547240000 -10.6900010000 4.2660460000
233.6352690000 -10.6400750000 4.2353730000
238.2034300000 -10.5917510000 4.2034400000
242.8609010000 -10.5451560000 4.1702430000
247.6094360000 -10.5004160000 4.1357870000
252.4508210000 -10.4576640000 4.1000750000
257.3868710000 -10.4170430000 4.0631170000
262.4194340000 -10.3786960000 4.0249220000
267.5503850000 -10.3427780000 3.9855050000
272.7816770000 -10.3094490000 3.9448810000
278.1152340000 -10.2788770000 3.9030710000
283.5530700000 -10.2512430000 3.8600960000
289.0972600000 -10.2267310000 3.8159800000
294.7498170000 -10.2055430000 3.7707510000
300.5129390000 -10.2626090000 3.7272730000
306.3887020000 -10.2498170000 3.6839760000
312.3793640000 -10.2408360000 3.6397510000
318.4871830000 -10.2359220000 3.5946270000
324.7143860000 -10.2353530000 3.5486340000
331.0633850000 -10.2394300000 3.5018030000
337.5364990000 -10.2484870000 3.4541700000
344.1361690000 -10.2628810000 3.4057690000
350.8648990000 -10.2830160000 3.3566400000
357.7251890000 -10.3093340000 3.3068190000
364.7196040000 -10.3423310000 3.2563500000
371.8508000000 -10.3825620000 3.2052730000
379.1213990000 -10.4306530000 3.1536320000
386.5341800000 -10.4873160000 3.1014710000
394.0918880000 -10.5533650000 3.0488370000
401.7973630000 -10.6297370000 2.9957740000
409.6535340000 -10.7175200000 2.9423290000
417.6632690000 -10.8179810000 2.8885510000
425.8296200000 -10.9326200000 2.8344880000
434.1556700000 -11.0632180000 2.7801870000
442.6445010000 -11.2119140000 2.7256980000
451.2993160000 -11.3813040000 2.6710680000
460.1233520000 -11.5745780000 2.6163470000
469.1199040000 -11.7957050000 2.5615830000
478.2923890000 -12.0496890000 2.5068230000
487.6441960000 -12.3429560000 2.4521160000
497.1788640000 -12.6838910000 2.3975090000
506.8999330000 -13.0836850000 2.3430480000
516.8110960000 -13.5576260000 2.2887780000
526.9160770000 -14.1272290000 2.2347440000
537.2185670000 -14.8237760000 2.1809910000
547.7225340000 -15.6947440000 2.1275600000
558.4318850000 -16.8159500000 2.0744940000
569.3506470000 -18.3167880000 2.0218320000
580.4828490000 -21.5302410000 1.8078050000
591.8327640000 -18.6396450000 6.3306500000
603.4046020000 -15.3752580000 5.8883310000
615.2026370000 -13.3797770000 5.4553280000
627.2313840000 -11.9369010000 5.0315400000
639.4953610000 -10.8212330000 4.6168560000
651.9990840000 -9.9319320000 4.2111770000
664.7473140000 -9.2179990000 3.8143900000
677.7447510000 -8.6555320000 3.4263890000
690.9963990000 -8.2417730000 3.0470600000
704.5070800000 -7.9404060000 4.3791820000
718.2819820000 -6.9441660000 4.0071010000
732.3261720000 -6.2221160000 3.6429280000
746.6450200000 -5.6238520000 3.2865510000
761.2437740000 -5.1056350000 2.9378720000
776.1279910000 -4.6469800000 2.5967770000
791.3032230000 -4.2359300000 2.2631610000
806.7752080000 -4.2225910000 1.9427790000
822.5496830000 -3.8791150000 1.6339620000
838.6325680000 -3.5649360000 1.3318870000
855.0299680000 -3.2766490000 1.0364390000
871.7479250000 -3.0114950000 0.7475030000
888.7927860000 -2.7671890000 0.4649690000
906.1708980000 -2.5418230000 0.1887250000
923.8888550000 -2.3337890000 9.9186590000
941.9531860000 -2.1417530000 9.6546650000
960.3707280000 -1.9646710000 9.3966330000
979.1483760000 -1.8018510000 9.1444570000
998.2931520000 -1.6536600000 8.8980310000
1017.8123170000 -1.5097110000 8.6580260000
1037.7131350000 -1.3754180000 8.4232890000
1058.0029300000 -1.2514160000 8.1936660000
1078.6895750000 -1.1363420000 7.9690840000
1099.7806400000 -1.0298990000 7.7494720000
1121.2841800000 -0.9315460000 7.5347590000
1143.2080080000 -0.8407890000 7.3248740000
1165.5606690000 -0.7571680000 7.1197430000
1188.3502200000 -0.6851120000 6.9195990000
1211.5854490000 -0.6150110000 6.7243130000
1235.2750240000 -0.5508110000 6.5336550000
1259.4277340000 -0.4921640000 6.3475490000
1284.0527340000 -0.4387420000 6.1659200000
1309.1591800000 -0.3902400000 5.9886890000
1334.7564700000 -0.3463720000 5.8157820000
1360.8542480000 -0.3068690000 5.6471210000
1387.4624020000 -0.2714800000 5.4826310000
1414.5908200000 -0.2414510000 5.3222720000
1442.2495120000 -0.2136460000 5.1659440000
1470.4492190000 -0.1892800000 5.0135640000
1499.2000730000 -0.1681550000 4.8650570000
1528.5131840000 -0.1500850000 4.7203490000
1558.3995360000 -0.1348920000 4.5793650000
1588.8701170000 -0.1224120000 4.4420340000
1619.9365230000 -0.1124870000 4.3082820000
1651.6103520000 -0.1049680000 4.1780360000
1683.9034420000 -0.0997170000 4.0512270000
1716.8280030000 -0.0966000000 3.9277810000
1750.3962400000 -0.0954940000 3.8076300000
1784.6208500000 -0.0962790000 3.6907030000
1819.5146480000 -0.0988460000 3.5769330000
1855.0908200000 -0.1030880000 3.4662500000
1891.3624270000 -0.1089080000 3.3585890000
1928.3432620000 -0.1162110000 3.2538820000
1966.0472410000 -0.1249110000 3.1520640000
2004.4884030000 -0.1349230000 3.0530700000
2043.6811520000 -0.1461720000 2.9568360000
2083.6401370000 -0.1585830000 2.8632990000
2124.3806150000 -0.1720890000 2.7723970000
2165.9174800000 -0.1866260000 2.6840680000
2208.2666020000 -0.2021350000 2.5982530000
2251.4438480000 -0.2185600000 2.5148910000
2295.4653320000 -0.2358490000 2.4339240000
2340.3474120000 -0.2777900000 2.3561290000
2386.1069340000 -0.2963280000 2.2810160000
2432.7612300000 -0.3155460000 2.2080840000
2480.3278810000 -0.3354120000 2.1372760000
2528.8244630000 -0.3558980000 2.0685380000
2578.2692870000 -0.3769790000 2.0018170000
2628.6809080000 -0.3986320000 1.9370580000
2680.0783690000 -0.4208410000 1.8742120000
2732.4804690000 -0.4435900000 1.8132290000
2785.9074710000 -0.4765220000 1.7541290000
2840.3789060000 -0.5003610000 1.6972390000
2895.9152830000 -0.5246950000 1.6420660000
2952.5378420000 -0.5495240000 1.5885630000
3010.2673340000 -0.5749080000 1.5367260000
3069.1254880000 -0.6010380000 1.4866700000
3129.1347660000 -0.6276610000 1.4381680000
3190.3171390000 -0.6547960000 1.3911740000
3252.6958010000 -0.6824680000 1.3456430000
3316.2941890000 -0.7107090000 1.3015340000
3381.1359860000 -0.7395540000 1.2588040000
3447.2456050000 -0.7690500000 1.2174120000
3514.6479490000 -0.7992470000 1.1773190000
3583.3681640000 -0.8302070000 1.1384870000
3653.4318850000 -0.8620030000 1.1008770000
3724.8657230000 -0.8947170000 1.0644550000
3797.6960450000 -0.9284450000 1.0291830000
3871.9506840000 -0.9633020000 0.9950280000
3947.6569820000 -0.9994160000 0.9619560000
4024.8435060000 -1.0369430000 0.9299340000
4103.5390630000 -1.0760600000 0.8989320000
4183.7739260000 -1.1169810000 0.8689170000
4265.5771480000 -1.1599560000 0.8398610000
4348.9794920000 -1.2052840000 0.8117340000
4434.0131840000 -1.2533280000 0.7845070000
4520.7089840000 -1.3045250000 0.7581540000
4609.1005860000 -1.3594160000 0.7326480000
4699.2197270000 -1.4186720000 0.7079620000
4791.1015630000 -1.4831460000 0.6840720000
4884.7792970000 -1.5539330000 0.6609540000
4980.2890630000 -1.6324750000 0.6385820000
5077.6660160000 -1.7207160000 0.6169350000
5176.9472660000 -1.8213660000 0.5959900000
5278.1694340000 -1.9383420000 0.5757260000
5381.3710940000 -2.0776000000 0.5561200000
5486.5903320000 -2.2488160000 0.5371530000
5593.8666990000 -2.4692260000 0.5188050000
5703.2412110000 -2.7741490000 0.5010560000
5814.7534180000 -3.2556740000 0.4838890000
5928.4467770000 -4.3383860000 0.4672830000
5949.6298830000 -4.7945320000 0.4642850000
5949.9199220000 -4.8024160000 0.4642440000
5950.2001950000 -4.8100980000 0.4642040000
5950.4902340000 -4.8181010000 0.4641640000
5950.7700200000 -4.8258880000 0.4641240000
5951.0600590000 -4.8340270000 0.4640830000
5951.3398440000 -4.8419200000 0.4640440000
5951.6298830000 -4.8501870000 0.4640030000
5951.9199220000 -4.8585060000 0.4639620000
5952.2001950000 -4.8666150000 0.4639230000
5952.4902340000 -4.8750670000 0.4638820000
5952.7700200000 -4.8832930000 0.4638430000
5953.0600590000 -4.8918810000 0.4638020000
5953.3398440000 -4.9002410000 0.4637620000
5953.6298830000 -4.9089710000 0.4637220000
5953.9199220000 -4.9177740000 0.4636810000
5954.2001950000 -4.9263590000 0.4636410000
5954.4902340000 -4.9353110000 0.4636010000
5954.7700200000 -4.9440270000 0.4635610000
5955.0600590000 -4.9531320000 0.4635210000
5955.3500980000 -4.9623170000 0.4634800000
5955.6298830000 -4.9712620000 0.4634410000
5955.9199220000 -4.9806070000 0.4634000000
5956.2001950000 -4.9897260000 0.4633600000
5956.4902340000 -4.9992380000 0.4633200000
5956.7797850000 -5.0088390000 0.4632790000
5957.0600590000 -5.0181910000 0.4632400000
5957.3500980000 -5.0279830000 0.4631990000
5957.6401370000 -5.0378500000 0.4631580000
5957.9199220000 -5.0474660000 0.4631190000
5958.2099610000 -5.0575190000 0.4630780000
5958.4902340000 -5.0673340000 0.4630390000
5958.7797850000 -5.0775630000 0.4629980000
5959.0698240000 -5.0879090000 0.4629580000
5959.3500980000 -5.0980130000 0.4629180000
5959.6401370000 -5.1085630000 0.4628780000
5959.9301760000 -5.1192210000 0.4628370000
5960.2099610000 -5.1296130000 0.4627980000
5960.5000000000 -5.1404860000 0.4627570000
5960.7900390000 -5.1514910000 0.4627160000
5961.0698240000 -5.1622080000 0.4626770000
5961.3598630000 -5.1734230000 0.4626370000
5961.6499020000 -5.1847600000 0.4625960000
5961.9301760000 -5.1958400000 0.4625570000
5962.2202150000 -5.2074210000 0.4625160000
5962.5097660000 -5.2191100000 0.4624760000
5962.7900390000 -5.2305580000 0.4624360000
5963.0800780000 -5.2425270000 0.4623960000
5963.3701170000 -5.2546530000 0.4623550000
5963.6499020000 -5.2664530000 0.4623160000
5963.9399410000 -5.2788570000 0.4622750000
5964.2299800000 -5.2913880000 0.4622350000
5964.5097660000 -5.3036270000 0.4621960000
5964.7998050000 -5.3164550000 0.4621550000
5965.0898440000 -5.3294400000 0.4621140000
5965.3701170000 -5.3421510000 0.4620750000
5965.6601560000 -5.3554550000 0.4620350000
5965.9501950000 -5.3689280000 0.4619940000
5966.2402340000 -5.3825960000 0.4619540000
5966.5200200000 -5.3959160000 0.4619140000
5966.8100590000 -5.4099380000 0.4618740000
5967.1000980000 -5.4241230000 0.4618330000
5967.3798830000 -5.4379990000 0.4617940000
5967.6699220000 -5.4525650000 0.4617540000
5967.9599610000 -5.4673320000 0.4617130000
5968.2500000000 -5.4823070000 0.4616730000
5968.5297850000 -5.4969660000 0.4616340000
5968.8198240000 -5.5123650000 0.4615930000
5969.1098630000 -5.5280140000 0.4615530000
5969.3999020000 -5.5438700000 0.4615120000
5969.6801760000 -5.5594310000 0.4614730000
5969.9702150000 -5.5757620000 0.4614330000
5970.2597660000 -5.5923190000 0.4613920000
5970.5498050000 -5.6091630000 0.4613520000
5970.8300780000 -5.6257090000 0.4613130000
5971.1201170000 -5.6430900000 0.4612720000
5971.4101560000 -5.6607870000 0.4612320000
5971.7001950000 -5.6787510000 0.4611910000
5971.9799800000 -5.6963830000 0.4611520000
5972.2700200000 -5.7149560000 0.4611120000
5972.5600590000 -5.7338560000 0.4610710000
5972.8500980000 -5.7531260000 0.4610310000
5973.1298830000 -5.7719980000 0.4609920000
5973.4199220000 -5.7919690000 0.4609510000
5973.7099610000 -5.8122830000 0.4609110000
5974.0000000000 -5.8329870000 0.4608710000
5974.2900390000 -5.8540950000 0.4608300000
5974.5698240000 -5.8748750000 0.4607910000
5974.8598630000 -5.8968270000 0.4607510000
5975.1499020000 -5.9192710000 0.4607100000
5975.4399410000 -5.9421530000 0.4606700000
5975.7299800000 -5.9655300000 0.4606300000
5976.0097660000 -5.9885880000 0.4605910000
5976.2998050000 -6.0130010000 0.4605500000
5976.5898440000 -6.0379760000 0.4605100000
5976.8798830000 -6.0635820000 0.4604700000
5977.1699220000 -6.0897650000 0.4604290000
5977.4501950000 -6.1157000000 0.4603900000
5977.7402340000 -6.1431860000 0.4603500000
5978.0297850000 -6.1713380000 0.4603100000
5978.3198240000 -6.2002860000 0.4602690000
5978.6098630000 -6.2300750000 0.4602290000
5978.8901370000 -6.2595810000 0.4601900000
5979.1801760000 -6.2910610000 0.4601500000
5979.4702150000 -6.3234240000 0.4601090000
5979.7597660000 -6.3567210000 0.4600690000
5980.0498050000 -6.3911240000 0.4600290000
5980.3398440000 -6.4267050000 0.4599890000
5980.6298830000 -6.4634230000 0.4599480000
5980.9101560000 -6.5001460000 0.4599090000
5981.2001950000 -6.5394620000 0.4598690000
5981.4902340000 -6.5802420000 0.4598290000
5981.7797850000 -6.6225280000 0.4597890000
5982.0698240000 -6.6666600000 0.4597480000
5982.3598630000 -6.7125660000 0.4597080000
5982.6499020000 -6.7604770000 0.4596680000
5982.9301760000 -6.8088890000 0.4596290000
5983.2202150000 -6.8612990000 0.4595890000
5983.5097660000 -6.9162390000 0.4595490000
5983.7998050000 -6.9742650000 0.4595080000
5984.0898440000 -7.0354170000 0.4594680000
5984.3798830000 -7.1001640000 0.4594280000
5984.6699220000 -7.1689540000 0.4593880000
5984.9599610000 -7.2424460000 0.4593470000
5985.2402340000 -7.3183730000 0.4593090000
5985.5297850000 -7.4026460000 0.4592690000
5985.8198240000 -7.4940350000 0.4592280000
5986.1098630000 -7.5936630000 0.4591880000
5986.3999020000 -7.7033430000 0.4591480000
5986.6899410000 -7.8248800000 0.4591080000
5986.9799800000 -7.9614040000 0.4590680000
5987.2700200000 -8.1171230000 0.4590270000
5987.5600590000 -8.2986310000 0.4589870000
5987.8500980000 -8.5153060000 0.4589470000
5988.1401370000 -8.7846900000 0.4589070000
5988.4199220000 -9.1264550000 0.4588680000
5988.7099610000 -9.6446150000 0.4588280000
5989.0000000000 -10.6433320000 0.4587880000
5989.2900390000 -11.5555550000 3.9763360000
5989.5800780000 -9.9432840000 3.9759640000
5989.8701170000 -9.3076870000 3.9755910000
5990.1601560000 -8.9043090000 3.9752190000
5990.4501950000 -8.6076470000 3.9748460000
5990.7402340000 -8.3734530000 3.9744730000
5991.0297850000 -8.1799670000 3.9741020000
5991.3198240000 -8.0146230000 3.9737300000
5991.6098630000 -7.8702200000 3.9733570000
5991.8999020000 -7.7424050000 3.9729850000
5992.1899410000 -7.6275880000 3.9726130000
5992.4799800000 -7.5233610000 3.9722410000
5992.7700200000 -7.4277760000 3.9718690000
5993.0600590000 -7.3397730000 3.9714970000
5993.3500980000 -7.2581110000 3.9711250000
5993.6401370000 -7.1819360000 3.9707540000
5993.9301760000 -7.1104390000 3.9703810000
5994.2202150000 -7.0432830000 3.9700100000
5994.5000000000 -6.9820070000 3.9696510000
5994.7900390000 -6.9218370000 3.9692800000
5995.0800780000 -6.8646890000 3.9689090000
5995.3701170000 -6.8102720000 3.9685380000
5995.6601560000 -6.7582510000 3.9681660000
5995.9501950000 -6.7085800000 3.9677950000
5996.2402340000 -6.6609810000 3.9674240000
5996.5297850000 -6.6153610000 3.9670540000
5996.8198240000 -6.5713500000 3.9666820000
5997.1098630000 -6.5290400000 3.9663120000
5997.3999020000 -6.4882390000 3.9659410000
5997.6899410000 -6.4488420000 3.9655700000
5997.9799800000 -6.4106940000 3.9651990000
5998.2700200000 -6.3738350000 3.9648290000
5998.5698240000 -6.3369100000 3.9644460000
5998.8598630000 -6.3023130000 3.9640760000
5999.1499020000 -6.2687280000 3.9637050000
5999.4399410000 -6.2360980000 3.9633350000
5999.7299800000 -6.2043180000 3.9629650000
6000.0200200000 -6.1734420000 3.9625950000
6000.3100590000 -6.1433730000 3.9622250000
6000.6000980000 -6.1140700000 3.9618550000
6000.8901370000 -6.0854480000 3.9614840000
6001.1801760000 -6.0575650000 3.9611150000
6001.4702150000 -6.0303410000 3.9607450000
6001.7597660000 -6.0037880000 3.9603760000
6002.0498050000 -5.9777470000 3.9600060000
6002.3398440000 -5.9523230000 3.9596370000
6002.6298830000 -5.9274460000 3.9592670000
6002.9199220000 -5.9030540000 3.9588970000
6003.2099610000 -5.8792040000 3.9585280000
6003.5000000000 -5.8558370000 3.9581590000
6003.7900390000 -5.8329320000 3.9577900000
6004.0800780000 -5.8104350000 3.9574210000
6004.3798830000 -5.7876840000 3.9570390000
6004.6699220000 -5.7660410000 3.9566700000
6004.9599610000 -5.7448290000 3.9563010000
6005.2500000000 -5.7239980000 3.9559330000
6005.5400390000 -5.7035350000 3.9555640000
6005.8300780000 -5.6833930000 3.9551950000
6006.1201170000 -5.6636260000 3.9548260000
6006.4101560000 -5.6441910000 3.9544580000
6006.7001950000 -5.6250740000 3.9540900000
6006.9902340000 -5.6062370000 3.9537210000
6007.2797850000 -5.5877600000 3.9533530000
6007.5800780000 -5.5688890000 3.9529720000
6007.8701170000 -5.5509610000 3.9526040000
6008.1601560000 -5.5333060000 3.9522360000
6008.4501950000 -5.5159140000 3.9518680000
6008.7402340000 -5.4987500000 3.9515000000
6009.0297850000 -5.4818900000 3.9511330000
6009.3198240000 -5.4652430000 3.9507650000
6009.6098630000 -5.4488300000 3.9503970000
6009.9101560000 -5.4320630000 3.9500160000
6010.2001950000 -5.4161070000 3.9496490000
6010.4902340000 -5.4003400000 3.9492810000
6010.7797850000 -5.3848330000 3.9489140000
6011.0698240000 -5.3695040000 3.9485470000
6011.3598630000 -5.3543740000 3.9481800000
6011.6499020000 -5.3394130000 3.9478120000
6011.9501950000 -5.3241580000 3.9474330000
6012.2402340000 -5.3095750000 3.9470650000
6012.5297850000 -5.2952190000 3.9466990000
6012.8198240000 -5.2810130000 3.9463320000
6013.1098630000 -5.2669770000 3.9459650000
6013.3999020000 -5.2530840000 3.9455980000
6013.6899410000 -5.2393770000 3.9452310000
6013.9902340000 -5.2253400000 3.9448520000
6014.2797850000 -5.2119730000 3.9444860000
6014.5698240000 -5.1987340000 3.9441190000
6014.8598630000 -5.1856440000 3.9437530000
6015.1499020000 -5.1726760000 3.9433860000
6015.4501950000 -5.1594300000 3.9430070000
6015.7402340000 -5.1467470000 3.9426410000
6016.0297850000 -5.1342390000 3.9422760000
6016.3198240000 -5.1218430000 3.9419100000
6016.6098630000 -5.1095760000 3.9415440000
6016.8999020000 -5.0974160000 3.9411770000
6017.2001950000 -5.0849870000 3.9407990000
6017.4902340000 -5.0730760000 3.9404330000
6017.7797850000 -5.0613240000 3.9400680000
6018.0698240000 -5.0496680000 3.9397020000
6018.3701170000 -5.0377100000 3.9393240000
6018.6601560000 -5.0262840000 3.9389580000
6018.9501950000 -5.0149680000 3.9385930000
6019.2402340000 -5.0037410000 3.9382270000
6019.5297850000 -4.9926550000 3.9378630000
6019.8300780000 -4.9812590000 3.9374850000
6020.1201170000 -4.9703640000 3.9371190000
6020.4101560000 -4.9595690000 3.9367540000
6020.7001950000 -4.9488700000 3.9363900000
6021.0000000000 -4.9379040000 3.9360120000
6021.2900390000 -4.9273990000 3.9356470000
6021.5800780000 -4.9169700000 3.9352820000
6021.8701170000 -4.9066490000 3.9349180000
6022.1699220000 -4.8960640000 3.9345410000
6022.4599610000 -4.8859230000 3.9341760000
6022.7500000000 -4.8758670000 3.9338120000
6023.0400390000 -4.8658970000 3.9334480000
6023.3398440000 -4.8556690000 3.9330710000
6023.6298830000 -4.8458660000 3.9327070000
6023.9199220000 -4.8361270000 3.9323420000
6024.2099610000 -4.8264830000 3.9319780000
6024.5097660000 -4.8165880000 3.9316020000
6024.7998050000 -4.8071010000 3.9312380000
6025.0898440000 -4.7976890000 3.9308740000
6025.3798830000 -4.7883520000 3.9305110000
6025.6801760000 -4.7787530000 3.9301340000
6025.9702150000 -4.7695630000 3.9297700000
6026.2597660000 -4.7604420000 3.9294070000
6026.5600590000 -4.7510800000 3.9290310000
6026.8500980000 -4.7420850000 3.9286670000
6027.1401370000 -4.7331730000 3.9283030000
6027.4399410000 -4.7240220000 3.9279280000
6027.7299800000 -4.7152430000 3.9275650000
6028.0200200000 -4.7065280000 3.9272020000
6028.3100590000 -4.6978770000 3.9268390000
6028.6098630000 -4.6889930000 3.9264630000
6028.8999020000 -4.6804670000 3.9261000000
6029.1899410000 -4.6719880000 3.9257370000
6029.4902340000 -4.6632800000 3.9253610000
6029.7797850000 -4.6549500000 3.9249990000
6030.0698240000 -4.6466630000 3.9246370000
6030.3701170000 -4.6381370000 3.9242610000
6044.3627930000 -4.2962310000 3.9068500000
6162.5449220000 -2.9321930000 3.7661140000
6283.0380860000 -2.2944130000 3.6334410000
6405.8872070000 -1.8760960000 3.5083320000
6531.1386720000 -1.5678900000 3.3903230000
6658.8383790000 -1.3267690000 3.2789870000
6789.0356450000 -1.1309940000 3.1739230000
6921.7783200000 -0.9679210000 3.0747640000
7057.1162110000 -0.8294680000 2.9811690000
7195.1005860000 -0.7101140000 2.8928180000
7335.7827150000 -0.6058920000 2.8094170000
7479.2158200000 -0.5138310000 2.7306940000
7625.4531250000 -0.4316340000 2.6563920000
7774.5498050000 -0.3574770000 2.5862770000
7926.5620120000 -0.2139040000 2.5065190000
8081.5458980000 -0.1486210000 2.4278860000
8239.5605470000 -0.0899170000 2.3513780000
8400.6640630000 -0.0370740000 2.2769500000
8564.9189450000 0.0105130000 2.2045570000
8732.3837890000 0.0533620000 2.1341560000
8903.1240230000 0.0919180000 2.0657070000
9077.2021480000 0.1266880000 1.9995270000
9254.6845700000 0.1579900000 1.9352550000
9435.6367190000 0.1861340000 1.8728440000
9620.1269530000 0.2113970000 1.8122470000
9808.2246090000 0.2340240000 1.7534170000
10000.0000000000 0.2542350000 1.6963110000
10195.5253900000 0.2722300000 1.6408840000
10394.8730500000 0.2881870000 1.5870930000
10598.1191400000 0.3022710000 1.5348960000
10805.3388700000 0.3145170000 1.4842530000
11016.6103500000 0.3251940000 1.4351250000
11232.0127000000 0.3344860000 1.3874720000
11451.6259800000 0.3424250000 1.3412540000
11675.5341800000 0.3491160000 1.2964320000
11903.8203100000 0.3546540000 1.2529700000
12136.5693400000 0.3576860000 1.2109350000
12373.8701200000 0.3611380000 1.1702440000
12615.8105500000 0.3636970000 1.1308120000
12862.4814500000 0.3654360000 1.0926060000
13113.9746100000 0.3658590000 1.0555940000
13370.3857400000 0.3661340000 1.0197510000
13631.8105500000 0.3657690000 0.9850330000
13898.3466800000 0.3648170000 0.9514080000
14170.0937500000 0.3633270000 0.9188440000
14447.1543000000 0.3613420000 0.8873110000
14729.6328100000 0.3589050000 0.8567790000
15017.6337900000 0.3560550000 0.8272200000
15311.2666000000 0.3528280000 0.7986060000
15610.6396500000 0.3492580000 0.7709080000
15915.8671900000 0.3453760000 0.7441010000
16227.0615200000 0.3412110000 0.7181570000
16544.3418000000 0.3367910000 0.6930530000
16867.8242200000 0.3321420000 0.6687630000
17197.6328100000 0.3272880000 0.6452620000
17533.8906300000 0.3222500000 0.6225290000
17876.7207000000 0.3170490000 0.6005390000
18226.2558600000 0.3117050000 0.5792710000
18582.6250000000 0.3062360000 0.5587020000
18945.9628900000 0.3006590000 0.5388130000
19316.4023400000 0.2948790000 0.5195820000
19694.0878900000 0.2891340000 0.5009910000
20079.1562500000 0.2833240000 0.4830190000
20471.7539100000 0.2774620000 0.4656470000
20872.0273400000 0.2715600000 0.4488570000
21280.1289100000 0.2656290000 0.4326310000
21696.2070300000 0.2596790000 0.4169510000
22120.4238300000 0.2537190000 0.4018020000
22552.9335900000 0.2477580000 0.3871650000
22993.8984400000 0.2418040000 0.3730260000
23443.4882800000 0.2358640000 0.3593680000
23901.8671900000 0.2299460000 0.3461780000
24369.2070300000 0.2240550000 0.3334390000
24845.6875000000 0.2181970000 0.3211380000
25331.4824200000 0.2123770000 0.3092610000
25826.7753900000 0.2066010000 0.2977950000
26331.7539100000 0.1991210000 0.2868020000
26846.6054700000 0.1934520000 0.2762240000
27371.5234400000 0.1878300000 0.2660310000
27906.7070300000 0.1822770000 0.2562000000
28452.3515600000 0.1767960000 0.2467180000
29008.6660200000 0.1713900000 0.2375720000
29575.8593800000 0.1660600000 0.2287530000
30154.1406300000 0.1608100000 0.2202480000
30743.7304700000 0.1556400000 0.2120470000
31344.8476600000 0.1505520000 0.2041400000
31957.7168000000 0.1455470000 0.1965160000
32582.5703100000 0.1406260000 0.1891660000
33219.6406300000 0.1357890000 0.1820800000
33869.1679700000 0.1310980000 0.1752490000
34531.3945300000 0.1264360000 0.1686640000
35206.5703100000 0.1218590000 0.1623160000
35894.9492200000 0.1173690000 0.1561990000
36596.7851600000 0.1129640000 0.1503030000
37312.3437500000 0.1086450000 0.1446200000
38041.8906300000 0.1044120000 0.1391450000
38785.7070300000 0.1002640000 0.1338690000
39544.0625000000 0.0962000000 0.1287850000
40317.2500000000 0.0922210000 0.1238870000
41105.5546900000 0.0883260000 0.1191680000
41909.2695300000 0.0845130000 0.1146220000
42728.6992200000 0.0807830000 0.1102430000
43564.1523400000 0.0771350000 0.1060240000
44415.9414100000 0.0735660000 0.1019610000
45284.3867200000 0.0700780000 0.0980480000
46169.8085900000 0.0666680000 0.0942800000
47072.5429700000 0.0633360000 0.0906510000
47992.9296900000 0.0600810000 0.0871560000
48931.3125000000 0.0569010000 0.0837910000
49888.0429700000 0.0537960000 0.0805510000
50863.4765600000 0.0507640000 0.0774320000
51857.9843800000 0.0478040000 0.0744290000
52871.9375000000 0.0449160000 0.0715380000
53905.7187500000 0.0420970000 0.0687550000
54959.7109400000 0.0393470000 0.0660770000
56034.3085900000 0.0366650000 0.0634990000
57129.9218800000 0.0340480000 0.0610180000
58246.9531300000 0.0314970000 0.0586300000
59385.8281300000 0.0290100000 0.0563320000
60546.9687500000 0.0265860000 0.0541220000
61730.8125000000 0.0242230000 0.0519940000
62937.8046900000 0.0219200000 0.0499480000
64168.3984400000 0.0196760000 0.0479790000
65423.0507800000 0.0174900000 0.0460850000
66702.2343800000 0.0153610000 0.0442630000
68006.4296900000 0.0132870000 0.0425100000
69336.1250000000 0.0112670000 0.0408240000
70691.8203100000 0.0092990000 0.0392030000
72074.0234400000 0.0073840000 0.0376440000
73483.2500000000 0.0055190000 0.0361450000
74920.0312500000 0.0037030000 0.0347030000
76384.9062500000 0.0019360000 0.0333170000
77878.4218800000 0.0002150000 0.0319840000
79401.1406300000 -0.0014590000 0.0307020000
80953.6328100000 -0.0030750000 0.0294820000
82536.4765600000 -0.0046370000 0.0283170000
84150.2734400000 -0.0061550000 0.0271960000
85795.6250000000 -0.0076300000 0.0261190000
87473.1406300000 -0.0090630000 0.0250830000
89183.4609400000 -0.0104560000 0.0240880000
90927.2187500000 -0.0118080000 0.0231310000
92705.0781300000 -0.0131210000 0.0222110000
94517.6953100000 -0.0143970000 0.0213270000
96365.7500000000 -0.0156360000 0.0204780000
98249.9453100000 -0.0168380000 0.0196620000
100170.9766000000 -0.0180060000 0.0188770000
102129.5703000000 -0.0191400000 0.0181230000
104126.4609000000 -0.0202400000 0.0173980000
106162.3906000000 -0.0213080000 0.0167020000
108238.1328000000 -0.0223440000 0.0160330000
110354.4609000000 -0.0233500000 0.0153900000
112512.1641000000 -0.0243260000 0.0147730000
114712.0547000000 -0.0252730000 0.0141800000
116954.9688000000 -0.0261920000 0.0136100000
119241.7266000000 -0.0270830000 0.0130620000
121573.2031000000 -0.0279470000 0.0125360000
123950.2656000000 -0.0287850000 0.0120300000
126373.8047000000 -0.0295980000 0.0115450000
128844.7266000000 -0.0303870000 0.0110790000
131363.9688000000 -0.0311510000 0.0106310000
133932.4531000000 -0.0318920000 0.0102010000
136551.1719000000 -0.0326110000 0.0097880000
139221.0938000000 -0.0333070000 0.0093910000
141943.2188000000 -0.0339820000 0.0090100000
144718.5625000000 -0.0346370000 0.0086440000
147548.1719000000 -0.0352710000 0.0082930000
150433.1094000000 -0.0358850000 0.0079550000
153374.4531000000 -0.0364810000 0.0076310000
156373.2969000000 -0.0370580000 0.0073200000
159430.7969000000 -0.0376170000 0.0070220000
162548.0625000000 -0.0381580000 0.0067350000
165726.2813000000 -0.0386830000 0.0064600000
168966.6406000000 -0.0391910000 0.0061960000
172270.3750000000 -0.0396830000 0.0059420000
175638.6875000000 -0.0401600000 0.0056980000
179072.8594000000 -0.0406210000 0.0054650000
182574.1875000000 -0.0410680000 0.0052400000
186143.9688000000 -0.0415010000 0.0050250000
189783.5469000000 -0.0419200000 0.0048180000
193494.2969000000 -0.0423250000 0.0046200000
197277.5938000000 -0.0427180000 0.0044300000
201134.8594000000 -0.0430980000 0.0042470000
205067.5469000000 -0.0434660000 0.0040720000
209077.1406000000 -0.0438220000 0.0039030000
213165.1250000000 -0.0441670000 0.0037420000
217333.0313000000 -0.0445000000 0.0035870000
221582.4375000000 -0.0448230000 0.0034380000
225914.9219000000 -0.0451350000 0.0032960000
230332.1250000000 -0.0454370000 0.0031590000
234835.7031000000 -0.0457290000 0.0030280000
239427.3281000000 -0.0460120000 0.0029020000
244108.7344000000 -0.0462850000 0.0027810000
248881.6719000000 -0.0465500000 0.0026650000
253747.9219000000 -0.0468050000 0.0025540000
258709.3281000000 -0.0470530000 0.0024480000
263767.7500000000 -0.0472920000 0.0023460000
268925.0625000000 -0.0475230000 0.0022470000
274183.2188000000 -0.0477470000 0.0021530000
279544.1875000000 -0.0479630000 0.0020630000
285010.0000000000 -0.0481720000 0.0019770000
290582.6563000000 -0.0483740000 0.0018940000
296264.2500000000 -0.0485690000 0.0018140000
302056.9688000000 -0.0487580000 0.0017380000
307962.9375000000 -0.0489410000 0.0016650000
313984.3750000000 -0.0491170000 0.0015950000
320123.5625000000 -0.0492880000 0.0015280000
326382.7813000000 -0.0494520000 0.0014630000
332764.3750000000 -0.0496120000 0.0014020000
339270.7500000000 -0.0497650000 0.0013420000
345904.3438000000 -0.0499140000 0.0012860000
352667.6563000000 -0.0500570000 0.0012310000
359563.1875000000 -0.0501960000 0.0011790000
366593.5625000000 -0.0503300000 0.0011290000
373761.3750000000 -0.0504600000 0.0010810000
381069.3438000000 -0.0505850000 0.0010350000
388520.2188000000 -0.0507050000 0.0009910000
396116.7500000000 -0.0508220000 0.0009490000
403861.8125000000 -0.0509350000 0.0009090000
411758.3438000000 -0.0510430000 0.0008700000
419809.2500000000 -0.0511480000 0.0008330000
428017.5625000000 -0.0512500000 0.0007970000
436386.3750000000 -0.0513480000 0.0007630000
444918.8125000000 -0.0514420000 0.0007310000
453618.0938000000 -0.0515330000 0.0006990000
462487.4688000000 -0.0516210000 0.0006690000
471530.2500000000 -0.0517060000 0.0006410000
480749.8438000000 -0.0517880000 0.0006130000
490149.7188000000 -0.0518680000 0.0005870000
499733.3750000000 -0.0519440000 0.0005620000
509504.4063000000 -0.0520180000 0.0005370000
519466.5000000000 -0.0520890000 0.0005140000
529623.3750000000 -0.0521580000 0.0004920000
539978.8125000000 -0.0522240000 0.0004710000
550536.7500000000 -0.0522880000 0.0004510000
561301.1250000000 -0.0523500000 0.0004310000
572276.0000000000 -0.0524100000 0.0004130000
583465.4375000000 -0.0524670000 0.0003950000
594873.6250000000 -0.0525220000 0.0003780000
606504.8750000000 -0.0525760000 0.0003610000
618363.5625000000 -0.0526280000 0.0003460000
630454.1250000000 -0.0526770000 0.0003310000
642781.1250000000 -0.0527250000 0.0003160000
655349.0625000000 -0.0527720000 0.0003020000
668162.8125000000 -0.0528160000 0.0002890000
681227.0625000000 -0.0528590000 0.0002770000
694546.7500000000 -0.0529010000 0.0002650000
