30.0000000000 -19.9896850000 3.6200400000
30.5865750000 -19.9390300000 3.6755340000
31.1846200000 -19.8874070000 3.7302930000
31.7943570000 -19.8349060000 3.7842560000
32.4160160000 -19.7816220000 3.8373670000
33.0498310000 -19.7276630000 3.8895690000
33.6960370000 -19.6731620000 3.9408030000
34.3548770000 -19.6182610000 3.9910130000
35.0266040000 -19.5631310000 4.0401440000
35.7114600000 -19.5079690000 4.0881400000
36.4097100000 -19.4530030000 4.1349470000
37.1216090000 -19.3985080000 4.1805100000
37.8474310000 -19.3448030000 4.2247780000
38.5874440000 -19.2922800000 4.2676980000
39.3419230000 -19.2414150000 4.3092200000
40.1111560000 -19.1927970000 4.3492950000
40.8954320000 -19.1471690000 4.3878760000
41.6950380000 -19.1054820000 4.4249150000
42.5102810000 -19.0689870000 4.4603690000
43.3414650000 -19.0393640000 4.4941940000
44.1888960000 -19.0189420000 4.5263490000
45.0529020000 -19.0110590000 4.5567960000
45.9338000000 -19.0206890000 4.5854950000
46.8319210000 -19.0556490000 4.6124120000
47.7476010000 -19.1289810000 4.6375140000
48.6811870000 -20.7018780000 6.4887360000
49.6330260000 -19.0596470000 6.4292780000
50.6034740000 -18.5503290000 6.3738350000
51.5928990000 -18.2086410000 6.3219240000
52.6016690000 -17.9414830000 6.2731020000
53.6301650000 -17.7173880000 6.2269710000
54.6787680000 -17.5216430000 6.1831670000
55.7478750000 -17.3460980000 6.1413600000
56.8378870000 -17.1857410000 6.1012520000
57.9492070000 -17.0372750000 6.0625700000
59.0822600000 -16.8984180000 6.0250710000
60.2374690000 -16.7675400000 5.9885330000
61.4152600000 -16.6434480000 5.9527570000
62.6160810000 -16.5252570000 5.9175630000
63.8403850000 -16.4123150000 5.8827910000
65.0886230000 -16.3041440000 5.8482960000
66.3612670000 -16.2004010000 5.8139530000
67.6587980000 -16.1008680000 5.7796480000
68.9816970000 -16.0054280000 5.7452830000
70.3304600000 -15.9140710000 5.7107730000
71.7055970000 -15.8268890000 5.6760440000
73.1076200000 -15.7441000000 5.6410350000
74.5370640000 -15.6660720000 5.6056940000
75.9944460000 -15.5933830000 5.5699820000
77.4803310000 -15.5269090000 5.5338650000
78.9952620000 -15.4679980000 5.4973230000
80.5398180000 -15.4187750000 5.4603420000
82.1145710000 -15.3827140000 5.4229160000
83.7201160000 -15.3663180000 5.3850500000
85.3570560000 -15.3241090000 5.7637000000
87.0260010000 -15.1491350000 5.7329190000
88.7275770000 -15.0176290000 5.7017150000
90.4624250000 -14.9038880000 5.6701130000
92.2311940000 -14.8004540000 5.6381430000
94.0345380000 -14.7041530000 5.6058420000
95.8731540000 -14.6133520000 5.5732530000
97.7477110000 -14.5271200000 5.5404280000
99.6589200000 -14.4448810000 5.5074230000
101.6075060000 -14.3662690000 5.4743000000
103.5941850000 -14.2910410000 5.4411280000
105.6197130000 -14.2190370000 5.4079830000
107.6848450000 -14.1501500000 5.3749470000
109.7903520000 -14.0843130000 5.3421090000
111.9370270000 -14.0214880000 5.3095640000
114.1256790000 -13.9616550000 5.2774150000
116.3571170000 -13.9048110000 5.2457720000
118.6321950000 -13.8509650000 5.2147550000
120.9517520000 -13.8001380000 5.1844870000
123.3166580000 -13.7523570000 5.1551070000
125.7278060000 -13.7076540000 5.1267560000
128.1860960000 -13.6660690000 5.0995900000
130.6924590000 -13.6276450000 5.0737730000
133.2478330000 -13.5924290000 5.0494820000
135.8531490000 -13.5764090000 5.0272100000
138.5094300000 -13.6436740000 5.0092790000
141.2176360000 -13.6180400000 4.9939890000
143.9787900000 -13.5957070000 4.9810230000
146.7939300000 -13.5767370000 4.9706270000
149.6641240000 -13.5611990000 4.9630630000
152.5904390000 -13.5491590000 4.9586170000
155.5739590000 -13.5406830000 4.9575960000
158.6158140000 -13.5358390000 4.9603360000
161.7171480000 -13.5346980000 4.9671960000
164.8791350000 -13.5373270000 4.9785690000
168.1029360000 -13.5437940000 4.9948820000
171.3897710000 -13.5541630000 5.0165990000
174.7408600000 -13.5685000000 5.0442260000
178.1574860000 -13.5868630000 5.0783160000
181.6409150000 -13.6093070000 5.1194730000
185.1924440000 -13.6358800000 5.1683570000
188.8134160000 -13.6666230000 5.2256950000
192.5051880000 -13.7015630000 5.2922830000
196.2691500000 -11.6755700000 5.3145480000
200.1067050000 -11.5970980000 5.2829670000
204.0192870000 -11.5196820000 5.2503210000
208.0083770000 -11.4433770000 5.2166050000
212.0754700000 -11.3682420000 5.1818150000
216.2220760000 -11.2943390000 5.1459490000
220.4497530000 -11.2217330000 5.1090050000
224.7601010000 -11.1504920000 5.0709820000
229.1547240000 -11.0806860000 5.0318820000
233.6352690000 -11.0123880000 4.9917070000
238.2034300000 -10.9456780000 4.9504610000
242.8609010000 -10.8806340000 4.9081480000
247.6094360000 -10.8173420000 4.8647770000
252.4508210000 -10.7558880000 4.8203540000
257.3868710000 -10.6963650000 4.7748900000
262.4194340000 -10.6388670000 4.7283970000
267.5503850000 -10.5834970000 4.6808880000
272.7816770000 -10.5303570000 4.6323780000
278.1152340000 -10.4795590000 4.5828830000
283.5530700000 -10.4312170000 4.5324230000
289.0972600000 -10.3854520000 4.4810160000
294.7498170000 -10.3423920000 4.4286870000
300.5129390000 -10.3021720000 4.3754560000
306.3887020000 -10.2649320000 4.3213520000
312.3793640000 -10.2308240000 4.2663990000
318.4871830000 -10.2000080000 4.2106280000
324.7143860000 -10.1726550000 4.1540680000
331.0633850000 -10.1489460000 4.0967500000
337.5364990000 -10.1783560000 4.0394910000
344.1361690000 -10.1633470000 3.9834370000
350.8648990000 -10.1524930000 3.9267950000
357.7251890000 -10.1460380000 3.8695970000
364.7196040000 -10.1442470000 3.8118780000
371.8508000000 -10.1474120000 3.7536720000
379.1213990000 -10.1558550000 3.6950140000
386.5341800000 -10.1699300000 3.6359410000
394.0918880000 -10.1900310000 3.5764910000
401.7973630000 -10.2165990000 3.5167020000
409.6535340000 -10.2501280000 3.4566130000
417.6632690000 -10.2911760000 3.3962650000
425.8296200000 -10.3403760000 3.3356970000
434.1556700000 -10.3984530000 3.2749510000
442.6445010000 -10.4662360000 3.2140680000
451.2993160000 -10.5446900000 3.1530900000
460.1233520000 -10.6349370000 3.0920570000
469.1199040000 -10.7382930000 3.0310120000
478.2923890000 -10.8563190000 2.9699970000
487.6441960000 -10.9908840000 2.9090540000
497.1788640000 -11.1442380000 2.8482240000
506.8999330000 -11.3191300000 2.7875480000
516.8110960000 -11.5189540000 2.7270670000
526.9160770000 -11.7479590000 2.6668220000
537.2185670000 -12.0115340000 2.6068530000
547.7225340000 -12.3166470000 2.5471980000
558.4318850000 -12.6724690000 2.4878970000
569.3506470000 -13.0913450000 2.4289870000
580.4828490000 -13.5903150000 2.3705040000
591.8327640000 -14.1936600000 2.3124850000
603.4046020000 -14.9372330000 2.2549660000
615.2026370000 -15.8764440000 2.1979780000
627.2313840000 -17.1019000000 2.1415560000
639.4953610000 -18.7731720000 2.0857300000
651.9990840000 -24.3640440000 6.3953150000
664.7473140000 -16.9694230000 5.9562980000
677.7447510000 -14.3884020000 5.5261670000
690.9963990000 -12.6788150000 5.1048390000
704.5070800000 -11.4071650000 4.6922390000
718.2819820000 -10.4134990000 4.2882720000
732.3261720000 -9.6224230000 3.8928590000
746.6450200000 -8.9975280000 3.5059030000
761.2437740000 -8.5273150000 3.1273220000
776.1279910000 -8.5076150000 4.5028320000
791.3032230000 -7.3189630000 4.1290000000
806.7752080000 -6.5310000000 3.7628730000
822.5496830000 -5.8914700000 3.4043660000
838.6325680000 -5.3424490000 3.0533870000
855.0299680000 -4.8589530000 2.7098450000
871.7479250000 -4.4270010000 2.3736450000
888.7927860000 -4.0375600000 2.0446940000
906.1708980000 -3.6842430000 1.7228990000
923.8888550000 -3.6759540000 1.4139770000
941.9531860000 -3.3761940000 1.1150920000
960.3707280000 -3.1007180000 0.8227090000
979.1483760000 -2.8470430000 0.5367240000
998.2931520000 -2.6130780000 0.2570370000
1017.8123170000 -2.3969590000 9.9849170000
1037.7131350000 -2.1970700000 9.7190260000
1058.0029300000 -2.0120620000 9.4591260000
1078.6895750000 -1.8407030000 9.2051140000
1099.7806400000 -1.6771730000 8.9564930000
1121.2841800000 -1.5263710000 8.7130570000
1143.2080080000 -1.3890830000 8.4749700000
1165.5606690000 -1.2620230000 8.2421690000
1188.3502200000 -1.1445120000 8.0145840000
1211.5854490000 -1.0359230000 7.7921310000
1235.2750240000 -0.9356850000 7.5747350000
1259.4277340000 -0.8432750000 7.3623190000
1284.0527340000 -0.7582080000 7.1548080000
1309.1591800000 -0.6858010000 6.9523350000
1334.7564700000 -0.6144690000 6.7550020000
1360.8542480000 -0.5491850000 6.5624030000
1387.4624020000 -0.4895850000 6.3744560000
1414.5908200000 -0.4353270000 6.1910790000
1442.2495120000 -0.3860970000 6.0121940000
1470.4492190000 -0.3415970000 5.8377190000
1499.2000730000 -0.3015490000 5.6675760000
1528.5131840000 -0.2656930000 5.5016850000
1558.3995360000 -0.2337840000 5.3399650000
1588.8701170000 -0.2074260000 5.1823630000
1619.9365230000 -0.1827800000 5.0288090000
1651.6103520000 -0.1614280000 4.8791940000
1683.9034420000 -0.1431780000 4.7334420000
1716.8280030000 -0.1278490000 4.5914760000
1750.3962400000 -0.1152720000 4.4532200000
1784.6208500000 -0.1052840000 4.3185990000
1819.5146480000 -0.0977350000 4.1875370000
1855.0908200000 -0.0924810000 4.0599600000
1891.3624270000 -0.0893870000 3.9357960000
1928.3432620000 -0.0883260000 3.8149710000
1966.0472410000 -0.0891790000 3.6974140000
2004.4884030000 -0.0918310000 3.5830550000
2043.6811520000 -0.0961770000 3.4718220000
2083.6401370000 -0.1021150000 3.3636480000
2124.3806150000 -0.1095510000 3.2584620000
2165.9174800000 -0.1183960000 3.1561990000
2208.2666020000 -0.1285680000 3.0567900000
2251.4438480000 -0.1399870000 2.9601720000
2295.4653320000 -0.1525820000 2.8662780000
2340.3474120000 -0.1662830000 2.7750460000
2386.1069340000 -0.1810280000 2.6864140000
2432.7612300000 -0.1967590000 2.6003170000
2480.3278810000 -0.2134220000 2.5166970000
2528.8244630000 -0.2309690000 2.4354930000
2578.2692870000 -0.2632320000 2.3569000000
2628.6809080000 -0.2898760000 2.2812620000
2680.0783690000 -0.3095040000 2.2080510000
2732.4804690000 -0.3298470000 2.1369850000
2785.9074710000 -0.3509100000 2.0680080000
2840.3789060000 -0.3727360000 2.0010660000
2895.9152830000 -0.3954580000 1.9361050000
2952.5378420000 -0.4195010000 1.8730730000
3010.2673340000 -0.4456690000 1.8120250000
3069.1254880000 -0.4694560000 1.7533110000
3129.1347660000 -0.4940970000 1.6964050000
3190.3171390000 -0.5190080000 1.6412560000
3252.6958010000 -0.5443960000 1.5878120000
3316.2941890000 -0.5702740000 1.5360240000
3381.1359860000 -0.5966350000 1.4858450000
3447.2456050000 -0.6235040000 1.4372260000
3514.6479490000 -0.6509010000 1.3901220000
3583.3681640000 -0.6788520000 1.3444890000
3653.4318850000 -0.7073900000 1.3002840000
3724.8657230000 -0.7365540000 1.2574650000
3797.6960450000 -0.7663910000 1.2159900000
3871.9506840000 -0.7969560000 1.1758210000
3947.6569820000 -0.8283140000 1.1369170000
4024.8435060000 -0.8605410000 1.0992420000
4103.5390630000 -0.8937240000 1.0627590000
4183.7739260000 -0.9279660000 1.0274320000
4265.5771480000 -0.9633860000 0.9932270000
4348.9794920000 -1.0001230000 0.9601090000
4434.0131840000 -1.0383410000 0.9280460000
4520.7089840000 -1.0782310000 0.8970070000
4609.1005860000 -1.1200200000 0.8669590000
4699.2197270000 -1.1639770000 0.8378740000
4791.1015630000 -1.2104270000 0.8097210000
4884.7792970000 -1.2597600000 0.7824730000
4980.2890630000 -1.3124550000 0.7561010000
5077.6660160000 -1.3691040000 0.7305800000
5176.9472660000 -1.4304500000 0.7058820000
5278.1694340000 -1.4974390000 0.6819830000
5381.3710940000 -1.5713020000 0.6588570000
5486.5903320000 -1.6536780000 0.6364820000
5593.8666990000 -1.7468080000 0.6148330000
5703.2412110000 -1.8538650000 0.5938890000
5814.7534180000 -1.9795360000 0.5736270000
5928.4467770000 -2.1311610000 0.5540270000
6044.3627930000 -2.3211240000 0.5350670000
6162.5449220000 -2.5727950000 0.5167270000
6283.0380860000 -2.9387680000 0.4989890000
6405.8872070000 -3.5848840000 0.4818330000
6491.6699220000 -4.6593490000 0.4703760000
6492.0097660000 -4.6670010000 0.4703310000
6492.3500980000 -4.6747320000 0.4702870000
6492.6899410000 -4.6825110000 0.4702420000
6493.0297850000 -4.6903380000 0.4701980000
6493.3701170000 -4.6982460000 0.4701530000
6493.7099610000 -4.7062060000 0.4701080000
6494.0498050000 -4.7142270000 0.4700640000
6494.3901370000 -4.7223110000 0.4700190000
6494.7299800000 -4.7304590000 0.4699750000
6495.0698240000 -4.7386720000 0.4699300000
6495.4101560000 -4.7469510000 0.4698860000
6495.7500000000 -4.7552970000 0.4698410000
6496.0898440000 -4.7637100000 0.4697970000
6496.4301760000 -4.7722050000 0.4697520000
6496.7700200000 -4.7807460000 0.4697080000
6497.1098630000 -4.7893710000 0.4696630000
6497.4501950000 -4.7980800000 0.4696190000
6497.7900390000 -4.8068390000 0.4695740000
6498.1298830000 -4.8156850000 0.4695300000
6498.4702150000 -4.8246200000 0.4694850000
6498.8100590000 -4.8336200000 0.4694410000
6499.1499020000 -4.8426850000 0.4693960000
6499.4902340000 -4.8518570000 0.4693520000
6499.8300780000 -4.8610970000 0.4693070000
6500.1801760000 -4.8706970000 0.4692620000
6500.5200200000 -4.8801070000 0.4692170000
6500.8598630000 -4.8895900000 0.4691730000
6501.2001950000 -4.8991880000 0.4691280000
6501.5400390000 -4.9088610000 0.4690840000
6501.8798830000 -4.9186110000 0.4690400000
6502.2202150000 -4.9284820000 0.4689950000
6502.5600590000 -4.9384320000 0.4689510000
6502.8999020000 -4.9484790000 0.4689060000
6503.2402340000 -4.9586240000 0.4688620000
6503.5800780000 -4.9688680000 0.4688180000
6503.9301760000 -4.9795200000 0.4687720000
6504.2700200000 -4.9899730000 0.4687280000
6504.6098630000 -5.0005320000 0.4686830000
6504.9501950000 -5.0111980000 0.4686390000
6505.2900390000 -5.0219740000 0.4685950000
6505.6298830000 -5.0328630000 0.4685500000
6505.9702150000 -5.0438660000 0.4685060000
6506.3198240000 -5.0553150000 0.4684600000
6506.6601560000 -5.0665580000 0.4684160000
6507.0000000000 -5.0779230000 0.4683720000
6507.3398440000 -5.0894130000 0.4683270000
6507.6801760000 -5.1010300000 0.4682830000
6508.0200200000 -5.1127770000 0.4682390000
6508.3598630000 -5.1246570000 0.4681940000
6508.7099610000 -5.1370290000 0.4681490000
6509.0498050000 -5.1491890000 0.4681050000
6509.3901370000 -5.1615080000 0.4680600000
6509.7299800000 -5.1739370000 0.4680160000
6510.0698240000 -5.1865330000 0.4679720000
6510.4199220000 -5.1996600000 0.4679260000
6510.7597660000 -5.2125700000 0.4678820000
6511.1000980000 -5.2256580000 0.4678380000
6511.4399410000 -5.2388740000 0.4677940000
6511.7797850000 -5.2522760000 0.4677490000
6512.1201170000 -5.2658710000 0.4677050000
6512.4702150000 -5.2800300000 0.4676600000
6512.8100590000 -5.2939690000 0.4676150000
6513.1499020000 -5.3080740000 0.4675710000
6513.4902340000 -5.3224100000 0.4675270000
6513.8398440000 -5.3373320000 0.4674820000
6514.1801760000 -5.3520730000 0.4674370000
6514.5200200000 -5.3670010000 0.4673930000
6514.8598630000 -5.3821210000 0.4673490000
6515.2001950000 -5.3975030000 0.4673050000
6515.5498050000 -5.4135290000 0.4672590000
6515.8901370000 -5.4293770000 0.4672150000
6516.2299800000 -5.4454420000 0.4671710000
6516.5698240000 -5.4617310000 0.4671270000
6516.9199220000 -5.4788120000 0.4670810000
6517.2597660000 -5.4956240000 0.4670370000
6517.6000980000 -5.5127540000 0.4669930000
6517.9399410000 -5.5301410000 0.4669490000
6518.2900390000 -5.5483400000 0.4669040000
6518.6298830000 -5.5663220000 0.4668600000
6518.9702150000 -5.5846110000 0.4668160000
6519.3198240000 -5.6037730000 0.4667700000
6519.6601560000 -5.6227220000 0.4667260000
6520.0000000000 -5.6420130000 0.4666820000
6520.3398440000 -5.6616590000 0.4666380000
6520.6899410000 -5.6822670000 0.4665930000
6521.0297850000 -5.7026730000 0.4665490000
6521.3701170000 -5.7234760000 0.4665050000
6521.7202150000 -5.7453520000 0.4664590000
6522.0600590000 -5.7669770000 0.4664150000
6522.3999020000 -5.7890800000 0.4663710000
6522.7500000000 -5.8123180000 0.4663260000
6523.0898440000 -5.8353840000 0.4662820000
6523.4301760000 -5.8589890000 0.4662380000
6523.7797850000 -5.8837740000 0.4661930000
6524.1201170000 -5.9084790000 0.4661480000
6524.4599610000 -5.9336920000 0.4661050000
6524.7998050000 -5.9595460000 0.4660610000
6525.1499020000 -5.9868250000 0.4660150000
6525.4902340000 -6.0140400000 0.4659710000
6525.8398440000 -6.0427130000 0.4659260000
6526.1801760000 -6.0713940000 0.4658820000
6526.5200200000 -6.1008150000 0.4658380000
6526.8701170000 -6.1319640000 0.4657930000
6527.2099610000 -6.1630600000 0.4657490000
6527.5498050000 -6.1951220000 0.4657050000
6527.8999020000 -6.2291510000 0.4656600000
6528.2402340000 -6.2633100000 0.4656160000
6528.5800780000 -6.2985300000 0.4655720000
6528.9301760000 -6.3360220000 0.4655270000
6529.2700200000 -6.3737240000 0.4654830000
6529.6201170000 -6.4139540000 0.4654380000
6529.9599610000 -6.4545120000 0.4653940000
6530.2998050000 -6.4965790000 0.4653500000
6530.6499020000 -6.5417800000 0.4653050000
6530.9902340000 -6.5874970000 0.4652610000
6531.1386720000 -6.6081210000 0.4652420000
6531.3398440000 -6.6365830000 0.4652160000
6531.6801760000 -6.6866190000 0.4651720000
6532.0200200000 -6.7389830000 0.4651280000
6532.3701170000 -6.7956460000 0.4650830000
6532.7099610000 -6.8536500000 0.4650390000
6533.0600590000 -6.9167590000 0.4649940000
6533.3999020000 -6.9817540000 0.4649500000
6533.7402340000 -7.0508490000 0.4649060000
6534.0898440000 -7.1268410000 0.4648610000
6534.4301760000 -7.2060650000 0.4648170000
6534.7797850000 -7.2939450000 0.4647720000
6535.1201170000 -7.3868840000 0.4647290000
6535.4702150000 -7.4913870000 0.4646830000
6535.8100590000 -7.6033840000 0.4646400000
6536.1601560000 -7.7319630000 0.4645950000
6536.5000000000 -7.8730940000 0.4645510000
6536.8500980000 -8.0401050000 0.4645060000
6537.1899410000 -8.2307990000 0.4644620000
6537.5297850000 -8.4613900000 0.4644180000
6537.8798830000 -8.7629130000 0.4643730000
6538.2202150000 -9.1649160000 0.4643290000
6538.5698240000 -9.8251370000 0.4642840000
6538.9101560000 -11.5668570000 0.4642410000
6539.2597660000 -10.4019910000 3.9651380000
6539.6000980000 -9.4688370000 3.9647240000
6539.9501950000 -8.9551890000 3.9642980000
6540.2900390000 -8.6139730000 3.9638850000
6540.6401370000 -8.3453070000 3.9634590000
6540.9799800000 -8.1349230000 3.9630470000
6541.3300780000 -7.9527730000 3.9626210000
6541.6699220000 -7.8002730000 3.9622080000
6542.0200200000 -7.6622880000 3.9617830000
6542.3598630000 -7.5427260000 3.9613700000
6542.7099610000 -7.4316140000 3.9609450000
6543.0498050000 -7.3332500000 3.9605330000
6543.3999020000 -7.2402210000 3.9601080000
6543.7500000000 -7.1542750000 3.9596840000
6544.0898440000 -7.0766160000 3.9592710000
6544.4399410000 -7.0018770000 3.9588470000
6544.7797850000 -6.9337160000 3.9584350000
6545.1298830000 -6.8675860000 3.9580100000
6545.4702150000 -6.8067600000 3.9575980000
6545.8198240000 -6.7475330000 3.9571750000
6546.1601560000 -6.6926680000 3.9567620000
6546.5097660000 -6.6389720000 3.9563390000
6546.8598630000 -6.5876300000 3.9559150000
6547.2001950000 -6.5398160000 3.9555030000
6547.5498050000 -6.4927340000 3.9550800000
6547.8901370000 -6.4486700000 3.9546680000
6548.2402340000 -6.4050820000 3.9542450000
6548.5800780000 -6.3642780000 3.9538340000
6548.9301760000 -6.3237420000 3.9534110000
6549.2797850000 -6.2846490000 3.9529880000
6549.6201170000 -6.2478140000 3.9525770000
6549.9702150000 -6.2111450000 3.9521540000
6550.3100590000 -6.1766160000 3.9517430000
6550.6601560000 -6.1421260000 3.9513210000
6551.0097660000 -6.1086880000 3.9508990000
6551.3500980000 -6.0770300000 3.9504880000
6551.7001950000 -6.0453720000 3.9500660000
6552.0400390000 -6.0154330000 3.9496550000
6552.3901370000 -5.9854070000 3.9492330000
6552.7402340000 -5.9561460000 3.9488110000
6553.0800780000 -5.9284190000 3.9484010000
6553.4301760000 -5.9005560000 3.9479790000
6553.7797850000 -5.8733890000 3.9475580000
6554.1201170000 -5.8475290000 3.9471480000
6554.4702150000 -5.8215360000 3.9467260000
6554.8198240000 -5.7961160000 3.9463050000
6555.1601560000 -5.7719500000 3.9458960000
6555.5097660000 -5.7476220000 3.9454750000
6555.8598630000 -5.7237320000 3.9450530000
6556.2001950000 -5.7010200000 3.9446440000
6556.5498050000 -5.6780960000 3.9442230000
6556.8999020000 -5.6556190000 3.9438020000
6557.2402340000 -5.6341950000 3.9433930000
6557.5898440000 -5.6125470000 3.9429730000
6557.9399410000 -5.5912960000 3.9425520000
6558.2797850000 -5.5710200000 3.9421430000
6558.6298830000 -5.5505110000 3.9417230000
6558.9799800000 -5.5303590000 3.9413030000
6559.3198240000 -5.5111130000 3.9408950000
6559.6699220000 -5.4916290000 3.9404750000
6560.0200200000 -5.4724660000 3.9400540000
6560.3701170000 -5.4536140000 3.9396340000
6560.7099610000 -5.4355890000 3.9392270000
6561.0600590000 -5.4173220000 3.9388070000
6561.4101560000 -5.3993370000 3.9383870000
6561.7500000000 -5.3821290000 3.9379800000
6562.1000980000 -5.3646760000 3.9375600000
6562.4501950000 -5.3474570000 3.9371400000
6562.7998050000 -5.3305360000 3.9367220000
6563.1401370000 -5.3143080000 3.9363140000
6563.4902340000 -5.2978130000 3.9358950000
6563.8398440000 -5.2815920000 3.9354760000
6564.1899410000 -5.2655720000 3.9350570000
6564.5297850000 -5.2502180000 3.9346500000
6564.8798830000 -5.2346200000 3.9342320000
6565.2299800000 -5.2192270000 3.9338130000
6565.5800780000 -5.2040350000 3.9333950000
6565.9199220000 -5.1894640000 3.9329880000
6566.2700200000 -5.1746510000 3.9325700000
6566.6201170000 -5.1600030000 3.9321510000
6566.9702150000 -5.1455560000 3.9317330000
6567.3198240000 -5.1313050000 3.9313160000
6567.6601560000 -5.1175880000 3.9309090000
6568.0097660000 -5.1036710000 3.9304920000
6568.3598630000 -5.0898990000 3.9300740000
6568.7099610000 -5.0762860000 3.9296560000
6569.0600590000 -5.0628290000 3.9292390000
6569.3999020000 -5.0499040000 3.9288330000
6569.7500000000 -5.0367460000 3.9284160000
6570.1000980000 -5.0237150000 3.9279980000
6570.4501950000 -5.0108450000 3.9275810000
6570.7998050000 -4.9981320000 3.9271640000
6571.1401370000 -4.9858780000 3.9267590000
6571.4902340000 -4.9734140000 3.9263420000
6571.8398440000 -4.9610970000 3.9259260000
6572.1899410000 -4.9488910000 3.9255090000
6572.5400390000 -4.9368100000 3.9250920000
6572.8901370000 -4.9248360000 3.9246750000
6573.2299800000 -4.9133520000 3.9242710000
6573.5800780000 -4.9016120000 3.9238550000
6573.9301760000 -4.8900050000 3.9234380000
6574.2797850000 -4.8785260000 3.9230230000
6574.6298830000 -4.8671420000 3.9226070000
6574.9799800000 -4.8558670000 3.9221910000
6575.3300780000 -4.8446840000 3.9217740000
6575.6699220000 -4.8339510000 3.9213710000
6576.0200200000 -4.8229720000 3.9209550000
6576.3701170000 -4.8121090000 3.9205390000
6576.7202150000 -4.8013460000 3.9201240000
6577.0698240000 -4.7906940000 3.9197090000
6577.4199220000 -4.7801230000 3.9192940000
6577.7700200000 -4.7696310000 3.9188780000
6578.1201170000 -4.7592450000 3.9184630000
6578.4702150000 -4.7489500000 3.9180480000
6578.8100590000 -4.7390350000 3.9176450000
6579.1601560000 -4.7289130000 3.9172300000
6579.5097660000 -4.7188910000 3.9168160000
6579.8598630000 -4.7089400000 3.9164020000
6580.2099610000 -4.6990710000 3.9159870000
6580.5600590000 -4.6892700000 3.9155720000
6580.9101560000 -4.6795640000 3.9151580000
6581.2597660000 -4.6699490000 3.9147440000
6581.6098630000 -4.6603980000 3.9143300000
6581.9599610000 -4.6509240000 3.9139160000
6582.3100590000 -4.6415110000 3.9135020000
6582.6601560000 -4.6321860000 3.9130880000
6583.0097660000 -4.6229460000 3.9126740000
6583.3598630000 -4.6137650000 3.9122610000
6583.7099610000 -4.6046410000 3.9118470000
6584.0600590000 -4.5956000000 3.9114330000
6584.3999020000 -4.5868950000 3.9110320000
6584.7500000000 -4.5779750000 3.9106190000
6585.1000980000 -4.5691330000 3.9102050000
6585.4501950000 -4.5603570000 3.9097920000
6585.7998050000 -4.5516560000 3.9093800000
6586.1499020000 -4.5430070000 3.9089670000
6586.5000000000 -4.5344090000 3.9085540000
6586.8500980000 -4.5258840000 3.9081410000
6587.2001950000 -4.5174190000 3.9077280000
6587.5498050000 -4.5090260000 3.9073160000
6587.8999020000 -4.5006800000 3.9069040000
6658.8383790000 -3.4466280000 3.8252290000
6789.0356450000 -2.5657520000 3.6847130000
6921.7783200000 -2.0565800000 3.5528770000
7057.1162110000 -1.7012550000 3.4291520000
7195.1005860000 -1.4318640000 3.3130150000
7335.7827150000 -1.2177330000 3.2039830000
7479.2158200000 -1.0421580000 3.1016120000
7625.4531250000 -0.8949300000 3.0054940000
7774.5498050000 -0.7692940000 2.9152510000
7926.5620120000 -0.6605110000 2.8305350000
8081.5458980000 -0.5651000000 2.7510270000
8239.5605470000 -0.4804090000 2.6764320000
8400.6640630000 -0.4043530000 2.6064760000
8564.9189450000 -0.2476570000 2.5342910000
8732.3837890000 -0.1791350000 2.4544910000
8903.1240230000 -0.1176390000 2.3768020000
9077.2021480000 -0.0626210000 2.3015470000
9254.6845700000 -0.0131010000 2.2284500000
9435.6367190000 0.0314980000 2.1574550000
9620.1269530000 0.0716710000 2.0885110000
9808.2246090000 0.1078500000 2.0215640000
10000.0000000000 0.1404090000 1.9565640000
10195.5253900000 0.1696800000 1.8934620000
10394.8730500000 0.1959560000 1.8322080000
10598.1191400000 0.2194960000 1.7727540000
10805.3388700000 0.2405350000 1.7150550000
11016.6103500000 0.2592810000 1.6590640000
11232.0127000000 0.2759230000 1.6047360000
11451.6259800000 0.2906310000 1.5520290000
11675.5341800000 0.3035610000 1.5008980000
11903.8203100000 0.3148550000 1.4513030000
12136.5693400000 0.3244750000 1.4032050000
12373.8701200000 0.3327450000 1.3565660000
12615.8105500000 0.3398550000 1.3113440000
12862.4814500000 0.3457840000 1.2674990000
13113.9746100000 0.3499160000 1.2250050000
13370.3857400000 0.3537350000 1.1838810000
13631.8105500000 0.3566340000 1.1440270000
13898.3466800000 0.3586850000 1.1054060000
14170.0937500000 0.3599530000 1.0679860000
14447.1543000000 0.3598260000 1.0317330000
14729.6328100000 0.3597100000 0.9966330000
15017.6337900000 0.3589830000 0.9626350000
15311.2666000000 0.3576980000 0.9297070000
15610.6396500000 0.3559010000 0.8978200000
15915.8671900000 0.3536350000 0.8669430000
16227.0615200000 0.3509400000 0.8370470000
16544.3418000000 0.3478530000 0.8081040000
16867.8242200000 0.3444090000 0.7800870000
17197.6328100000 0.3406400000 0.7529680000
17533.8906300000 0.3365760000 0.7267220000
17876.7207000000 0.3322450000 0.7013230000
18226.2558600000 0.3276740000 0.6767460000
18582.6250000000 0.3228870000 0.6529670000
18945.9628900000 0.3179060000 0.6299630000
19316.4023400000 0.3127530000 0.6077100000
19694.0878900000 0.3074470000 0.5861860000
20079.1562500000 0.3020070000 0.5653700000
20471.7539100000 0.2964500000 0.5452390000
20872.0273400000 0.2907910000 0.5257750000
21280.1289100000 0.2850460000 0.5069550000
21696.2070300000 0.2792270000 0.4887620000
22120.4238300000 0.2732330000 0.4711760000
22552.9335900000 0.2673050000 0.4541790000
22993.8984400000 0.2613370000 0.4377530000
23443.4882800000 0.2553370000 0.4218790000
23901.8671900000 0.2493110000 0.4065410000
24369.2070300000 0.2432630000 0.3917230000
24845.6875000000 0.2371950000 0.3774070000
25331.4824200000 0.2311000000 0.3635790000
25826.7753900000 0.2249630000 0.3502240000
26331.7539100000 0.2187410000 0.3373250000
26846.6054700000 0.2125140000 0.3249060000
27371.5234400000 0.2066860000 0.3130050000
27906.7070300000 0.2009070000 0.3015170000
28452.3515600000 0.1950350000 0.2904300000
29008.6660200000 0.1893290000 0.2797390000
29575.8593800000 0.1836880000 0.2694250000
30154.1406300000 0.1781160000 0.2594760000
30743.7304700000 0.1726140000 0.2498800000
31344.8476600000 0.1671860000 0.2406240000
31957.7168000000 0.1618340000 0.2316970000
32582.5703100000 0.1565600000 0.2230890000
33219.6406300000 0.1513660000 0.2147870000
33869.1679700000 0.1462520000 0.2067820000
34531.3945300000 0.1412210000 0.1990630000
35206.5703100000 0.1362740000 0.1916210000
35894.9492200000 0.1314110000 0.1844460000
36596.7851600000 0.1266320000 0.1775290000
37312.3437500000 0.1219390000 0.1708620000
38041.8906300000 0.1173320000 0.1644350000
38785.7070300000 0.1127780000 0.1582400000
39544.0625000000 0.1083420000 0.1522700000
40317.2500000000 0.1039920000 0.1465160000
41105.5546900000 0.0997280000 0.1409720000
41909.2695300000 0.0955490000 0.1356280000
42728.6992200000 0.0914550000 0.1304800000
43564.1523400000 0.0874450000 0.1255200000
44415.9414100000 0.0835200000 0.1207400000
45284.3867200000 0.0796780000 0.1161360000
46169.8085900000 0.0759180000 0.1117010000
47072.5429700000 0.0722400000 0.1074280000
47992.9296900000 0.0686430000 0.1033130000
48931.3125000000 0.0651260000 0.0993500000
49888.0429700000 0.0616880000 0.0955320000
50863.4765600000 0.0583280000 0.0918560000
51857.9843800000 0.0550450000 0.0883160000
52871.9375000000 0.0518380000 0.0849070000
53905.7187500000 0.0487050000 0.0816250000
54959.7109400000 0.0456470000 0.0784650000
56034.3085900000 0.0426610000 0.0754230000
57129.9218800000 0.0397470000 0.0724940000
58246.9531300000 0.0369030000 0.0696750000
59385.8281300000 0.0341280000 0.0669610000
60546.9687500000 0.0314210000 0.0643490000
61730.8125000000 0.0287800000 0.0618360000
62937.8046900000 0.0262050000 0.0594170000
64168.3984400000 0.0236950000 0.0570890000
65423.0507800000 0.0212470000 0.0548480000
66702.2343800000 0.0188610000 0.0526930000
68006.4296900000 0.0165350000 0.0506190000
69336.1250000000 0.0142690000 0.0486240000
70691.8203100000 0.0120610000 0.0467050000
72074.0234400000 0.0099100000 0.0448580000
73483.2500000000 0.0078150000 0.0430820000
74920.0312500000 0.0057730000 0.0413740000
76384.9062500000 0.0037850000 0.0397310000
77878.4218800000 0.0018490000 0.0381510000
79401.1406300000 -0.0000360000 0.0366320000
80953.6328100000 -0.0018580000 0.0351860000
82536.4765600000 -0.0036210000 0.0338050000
84150.2734400000 -0.0053360000 0.0324760000
85795.6250000000 -0.0070030000 0.0311990000
87473.1406300000 -0.0086230000 0.0299720000
89183.4609400000 -0.0101970000 0.0287910000
90927.2187500000 -0.0117270000 0.0276560000
92705.0781300000 -0.0132140000 0.0265650000
94517.6953100000 -0.0146590000 0.0255150000
96365.7500000000 -0.0160620000 0.0245070000
98249.9453100000 -0.0174250000 0.0235370000
100170.9766000000 -0.0187490000 0.0226050000
102129.5703000000 -0.0200350000 0.0217090000
104126.4609000000 -0.0212840000 0.0208480000
106162.3906000000 -0.0224960000 0.0200200000
108238.1328000000 -0.0236730000 0.0192250000
110354.4609000000 -0.0248160000 0.0184600000
112512.1641000000 -0.0259250000 0.0177250000
114712.0547000000 -0.0270020000 0.0170190000
116954.9688000000 -0.0280470000 0.0163410000
119241.7266000000 -0.0290610000 0.0156880000
121573.2031000000 -0.0300450000 0.0150620000
123950.2656000000 -0.0310000000 0.0144600000
126373.8047000000 -0.0319260000 0.0138810000
128844.7266000000 -0.0328240000 0.0133250000
131363.9688000000 -0.0336960000 0.0127910000
133932.4531000000 -0.0345410000 0.0122780000
136551.1719000000 -0.0353600000 0.0117850000
139221.0938000000 -0.0361540000 0.0113110000
141943.2188000000 -0.0369260000 0.0108560000
144718.5625000000 -0.0376740000 0.0104190000
147548.1719000000 -0.0383980000 0.0099990000
150433.1094000000 -0.0391000000 0.0095960000
153374.4531000000 -0.0397810000 0.0092090000
156373.2969000000 -0.0404410000 0.0088370000
159430.7969000000 -0.0410810000 0.0084790000
162548.0625000000 -0.0417010000 0.0081360000
165726.2813000000 -0.0423010000 0.0078070000
168966.6406000000 -0.0428830000 0.0074900000
172270.3750000000 -0.0434470000 0.0071860000
175638.6875000000 -0.0439930000 0.0068940000
179072.8594000000 -0.0445220000 0.0066140000
182574.1875000000 -0.0450350000 0.0063450000
186143.9688000000 -0.0455320000 0.0060870000
189783.5469000000 -0.0460120000 0.0058390000
193494.2969000000 -0.0464780000 0.0056010000
197277.5938000000 -0.0469290000 0.0053720000
201134.8594000000 -0.0473660000 0.0051530000
205067.5469000000 -0.0477880000 0.0049420000
209077.1406000000 -0.0481980000 0.0047400000
213165.1250000000 -0.0485940000 0.0045460000
217333.0313000000 -0.0489780000 0.0043590000
221582.4375000000 -0.0493490000 0.0041800000
225914.9219000000 -0.0497080000 0.0040090000
230332.1250000000 -0.0500560000 0.0038440000
234835.7031000000 -0.0503930000 0.0036860000
239427.3281000000 -0.0507180000 0.0035340000
244108.7344000000 -0.0510330000 0.0033880000
248881.6719000000 -0.0513380000 0.0032490000
253747.9219000000 -0.0516330000 0.0031150000
258709.3281000000 -0.0519190000 0.0029860000
263767.7500000000 -0.0521950000 0.0028620000
268925.0625000000 -0.0524620000 0.0027440000
274183.2188000000 -0.0527200000 0.0026300000
279544.1875000000 -0.0529700000 0.0025210000
285010.0000000000 -0.0532120000 0.0024170000
290582.6563000000 -0.0534450000 0.0023160000
296264.2500000000 -0.0536710000 0.0022200000
302056.9688000000 -0.0538900000 0.0021280000
307962.9375000000 -0.0541010000 0.0020390000
313984.3750000000 -0.0543050000 0.0019540000
320123.5625000000 -0.0545020000 0.0018730000
326382.7813000000 -0.0546930000 0.0017950000
332764.3750000000 -0.0548780000 0.0017200000
339270.7500000000 -0.0550560000 0.0016480000
345904.3438000000 -0.0552280000 0.0015790000
352667.6563000000 -0.0553950000 0.0015130000
359563.1875000000 -0.0555560000 0.0014490000
366593.5625000000 -0.0557110000 0.0013880000
373761.3750000000 -0.0558610000 0.0013300000
381069.3438000000 -0.0560060000 0.0012740000
388520.2188000000 -0.0561470000 0.0012210000
396116.7500000000 -0.0562820000 0.0011690000
403861.8125000000 -0.0564130000 0.0011200000
411758.3438000000 -0.0565390000 0.0010730000
419809.2500000000 -0.0566620000 0.0010280000
428017.5625000000 -0.0567790000 0.0009840000
436386.3750000000 -0.0568930000 0.0009430000
444918.8125000000 -0.0570030000 0.0009030000
453618.0938000000 -0.0571100000 0.0008650000
462487.4688000000 -0.0572120000 0.0008280000
471530.2500000000 -0.0573110000 0.0007930000
480749.8438000000 -0.0574070000 0.0007590000
490149.7188000000 -0.0574990000 0.0007270000
499733.3750000000 -0.0575880000 0.0006960000
509504.4063000000 -0.0576740000 0.0006660000
519466.5000000000 -0.0577580000 0.0006380000
529623.3750000000 -0.0578380000 0.0006110000
539978.8125000000 -0.0579150000 0.0005850000
550536.7500000000 -0.0579900000 0.0005600000
561301.1250000000 -0.0580620000 0.0005360000
572276.0000000000 -0.0581320000 0.0005130000
583465.4375000000 -0.0581990000 0.0004910000
594873.6250000000 -0.0582630000 0.0004700000
606504.8750000000 -0.0583260000 0.0004500000
618363.5625000000 -0.0583860000 0.0004310000
630454.1250000000 -0.0584450000 0.0004120000
642781.1250000000 -0.0585010000 0.0003940000
655349.0625000000 -0.0585550000 0.0003770000
668162.8125000000 -0.0586070000 0.0003610000
681227.0625000000 -0.0586580000 0.0003460000
694546.7500000000 -0.0587060000 0.0003310000
