30.0000000000 -27.8315870000 5.8794220000
30.5865750000 -27.5819840000 5.4663750000
31.1846200000 -27.3891930000 5.0878740000
31.7943570000 -27.2413010000 4.7407290000
32.4160160000 -27.1293110000 4.4220690000
33.0498310000 -27.0463010000 4.1293030000
33.6960370000 -26.9868510000 3.8601060000
34.3548770000 -26.9466670000 3.6123690000
35.0266040000 -26.9223140000 3.3841930000
35.7114600000 -26.9110160000 3.1738630000
36.4097100000 -26.9105360000 2.9798260000
37.1216090000 -26.9190410000 2.8006790000
37.8474310000 -26.9350470000 2.6351480000
38.5874440000 -26.9573500000 2.4820800000
39.3419230000 -26.9849830000 2.3404300000
40.1111560000 -27.0171850000 2.2092470000
40.8954320000 -27.0533790000 2.0876700000
41.6950380000 -27.0931700000 1.9749130000
42.5102810000 -27.1363660000 1.8702620000
43.3414650000 -27.1830140000 1.7730690000
44.1888960000 -27.2335010000 1.6827410000
45.0529020000 -27.2888410000 1.5987380000
45.9338000000 -27.3562200000 1.6086610000
46.8319210000 -27.3745140000 1.5401540000
47.7476010000 -27.4058900000 1.4767430000
48.6811870000 -27.4415050000 1.4180490000
49.6330260000 -27.4792330000 1.3637260000
50.6034740000 -27.5182040000 1.3134580000
51.5928990000 -27.5579720000 1.2669530000
52.6016690000 -27.5982780000 1.2239420000
53.6301650000 -27.6389660000 1.1841790000
54.6787680000 -27.6799320000 1.1474380000
55.7478750000 -27.7211170000 1.1135090000
56.8378870000 -27.7624840000 1.0821990000
57.9492070000 -27.8040220000 1.0533290000
59.0822600000 -27.8457320000 1.0267350000
60.2374690000 -27.8876290000 1.0022640000
61.4152600000 -27.9297370000 0.9797740000
62.6160810000 -27.9720920000 0.9591340000
63.8403850000 -28.0147340000 0.9402230000
65.0886230000 -28.0577160000 0.9229260000
66.3612670000 -28.1010930000 0.9071380000
67.6587980000 -28.1449280000 0.8927610000
68.9816970000 -28.1892910000 0.8797040000
70.3304600000 -28.2342570000 0.8678800000
71.7055970000 -28.2799070000 0.8572110000
73.1076200000 -28.3263300000 0.8476200000
74.5370640000 -28.3736190000 0.8390390000
75.9944460000 -28.4218750000 0.8314020000
77.4803310000 -28.4712050000 0.8246490000
78.9952620000 -28.5217250000 0.8187210000
80.5398180000 -28.5735590000 0.8135660000
82.1145710000 -28.6268390000 0.8091340000
83.7201160000 -28.6817040000 0.8053780000
85.3570560000 -28.7383060000 0.8022550000
87.0260010000 -28.7968060000 0.7997230000
88.7275770000 -28.8573820000 0.7977460000
90.4624250000 -28.9202190000 0.7962890000
92.2311940000 -28.9855230000 0.7953190000
94.0345380000 -29.0535090000 0.7948060000
95.8731540000 -29.1244180000 0.7947240000
97.7477110000 -29.1985070000 0.7950480000
99.6589200000 -29.2760600000 0.7957550000
101.6075060000 -29.3573860000 0.7968260000
103.5941850000 -29.3181510000 0.7942630000
105.6197130000 -29.4061360000 0.7892270000
107.6848450000 -29.4991910000 0.7843310000
109.7903520000 -29.5977820000 0.7795520000
111.9370270000 -29.7024350000 0.7748700000
114.1256790000 -29.8137360000 0.7702660000
116.3571170000 -29.9323620000 0.7657220000
118.6321950000 -30.0590820000 0.7612210000
120.9517520000 -30.1947840000 0.7567500000
123.3166580000 -30.3405060000 0.7522920000
125.7278060000 -30.4974690000 0.7478370000
128.1860960000 -30.6671330000 0.7433720000
130.6924590000 -30.8512650000 0.7388880000
133.2478330000 -31.0520320000 0.7343760000
135.8531490000 -31.2721540000 0.7298270000
138.5094300000 -31.5151120000 0.7252360000
141.2176360000 -31.7854840000 0.7205980000
143.9787900000 -32.0894580000 0.7159070000
146.7939300000 -32.4357260000 0.7111620000
149.6641240000 -32.8370170000 0.7063610000
152.5904390000 -33.3130150000 0.7015010000
155.5739590000 -33.8962590000 0.6965850000
158.6158140000 -34.9371190000 1.9252330000
161.7171480000 -35.0751840000 2.9391810000
164.8791350000 -35.0347250000 3.2071170000
168.1029360000 -35.1517910000 3.5002780000
171.3897710000 -35.3254590000 3.8199120000
174.7408600000 -35.5262760000 4.1671760000
178.1574860000 -35.7406310000 4.5431200000
181.6409150000 -36.0375440000 4.9487080000
185.1924440000 -36.2585830000 5.3887810000
188.8134160000 -36.4745980000 5.8598860000
192.5051880000 -36.6815830000 6.3623700000
196.2691500000 -36.8758580000 6.8963480000
200.1067050000 -37.0538980000 7.4616620000
204.0192870000 -37.2123030000 8.0578780000
208.0083770000 -37.3477400000 8.6842570000
212.0754700000 -37.4569740000 9.3397380000
216.2220760000 -37.5368580000 0.0229180000
220.4497530000 -37.5843660000 0.7320460000
224.7601010000 -37.5966420000 1.4650230000
229.1547240000 -37.5710450000 2.2193770000
233.6352690000 -37.5051920000 2.9922880000
238.2034300000 -37.3970300000 3.7805810000
242.8609010000 -37.2449110000 4.5807420000
247.6094360000 -37.0476760000 5.3889480000
252.4508210000 -36.8047560000 6.2010750000
257.3868710000 -36.5163230000 7.0127280000
262.4194340000 -36.1834370000 7.8192940000
267.5503850000 -35.8083190000 8.6159590000
272.7816770000 -35.3946950000 9.3977790000
278.1152340000 -34.9484440000 0.1596980000
283.5530700000 -34.4784810000 0.8966270000
289.0972600000 -33.9986420000 1.6034970000
294.7498170000 -33.5312000000 2.2752910000
300.5129390000 -35.1049500000 4.7699110000
306.3887020000 -32.3892020000 5.3927730000
312.3793640000 -31.2328090000 5.9660760000
318.4871830000 -30.0885510000 7.3152430000
324.7143860000 -28.7653200000 7.7956730000
331.0633850000 -27.5174730000 8.2149200000
337.5364990000 -26.2944970000 8.5699770000
344.1361690000 -25.0822180000 8.8583260000
350.8648990000 -23.8772350000 9.0779760000
357.7251890000 -22.6809640000 9.2274860000
364.7196040000 -21.4976810000 9.3059790000
371.8508000000 -20.3338530000 9.3131640000
379.1213990000 -19.1983700000 9.2493310000
386.5341800000 -18.1036010000 9.1153510000
394.0918880000 -17.8514520000 9.7995620000
401.7973630000 -15.9083030000 9.5322700000
409.6535340000 -14.5999710000 9.2004970000
417.6632690000 -13.4026270000 8.8072300000
425.8296200000 -12.2769920000 8.3558960000
434.1556700000 -11.2129180000 7.8503190000
442.6445010000 -10.2076210000 7.2946800000
451.2993160000 -9.2608070000 6.6934470000
460.1233520000 -8.3730970000 6.0513290000
469.1199040000 -7.5453630000 5.3732170000
478.2923890000 -6.7783880000 4.6641160000
487.6441960000 -5.4729260000 3.9161530000
497.1788640000 -4.8154120000 3.1421510000
506.8999330000 -4.2193140000 2.3516270000
516.8110960000 -3.6840250000 1.5494980000
526.9160770000 -3.2086880000 0.7404980000
537.2185670000 -2.7919920000 9.9292110000
547.7225340000 -2.4322720000 9.1199490000
558.4318850000 -2.1275550000 8.3167740000
569.3506470000 -1.8755730000 7.5234470000
580.4828490000 -1.6738110000 6.7434230000
591.8327640000 -1.5195320000 5.9797990000
603.4046020000 -1.4098350000 5.2353420000
615.2026370000 -1.3416810000 4.5124560000
627.2313840000 -1.3119350000 3.8131990000
639.4953610000 -9.0495960000 3.3521440000
651.9990840000 -8.8579330000 3.0970230000
664.7473140000 -8.6751380000 2.8421790000
677.7447510000 -8.5009410000 2.5877860000
690.9963990000 -8.3352750000 2.3340040000
704.5070800000 -8.1780370000 2.0810000000
718.2819820000 -8.0291380000 1.8289270000
732.3261720000 -7.8884980000 1.5779420000
746.6450200000 -7.7560420000 1.3281900000
761.2437740000 -7.6317030000 1.0798230000
776.1279910000 -7.5154200000 0.8329740000
791.3032230000 -7.4071440000 0.5877860000
806.7752080000 -7.3068350000 0.3443860000
822.5496830000 -7.2144680000 0.1029050000
838.6325680000 -7.1300370000 9.8634640000
855.0299680000 -7.0811970000 9.6263050000
871.7479250000 -7.0126740000 9.3921010000
888.7927860000 -6.9521910000 9.1602720000
906.1708980000 -6.8998670000 8.9309220000
923.8888550000 -6.8558840000 8.7041460000
941.9531860000 -6.8205040000 8.4800430000
960.3707280000 -6.7941050000 8.2586980000
979.1483760000 -6.7772280000 8.0401970000
998.2931520000 -6.7706590000 7.8246210000
1017.8123170000 -6.7591600000 7.6331080000
1037.7131350000 -6.7512460000 7.4470710000
1058.0029300000 -6.7481900000 7.2644550000
1078.6895750000 -6.7500070000 7.0852240000
1099.7806400000 -6.7567290000 6.9093400000
1121.2841800000 -6.7684060000 6.7367690000
1143.2080080000 -6.7851100000 6.5674730000
1165.5606690000 -6.8069310000 6.4014150000
1188.3502200000 -6.8339870000 6.2385620000
1211.5854490000 -6.8826350000 6.0792570000
1235.2750240000 -6.9219940000 5.9236640000
1259.4277340000 -6.9778670000 5.7715310000
1284.0527340000 -7.0295610000 5.6229760000
1309.1591800000 -7.0874060000 5.4776280000
1334.7564700000 -7.1517390000 5.3354340000
1360.8542480000 -7.2229580000 5.1963460000
1387.4624020000 -7.3015370000 5.0603110000
1414.5908200000 -7.3880370000 4.9272810000
1442.2495120000 -7.4831200000 4.7972050000
1470.4492190000 -7.5875820000 4.6700340000
1499.2000730000 -7.7023670000 4.5457180000
1528.5131840000 -7.8286170000 4.4242090000
1558.3995360000 -7.9677120000 4.3054560000
1588.8701170000 -8.1263850000 4.1895410000
1619.9365230000 -8.2967890000 4.0764390000
1651.6103520000 -8.4864160000 3.9659660000
1683.9034420000 -8.6985790000 3.8580720000
1716.8280030000 -8.9375710000 3.7527100000
1750.3962400000 -9.2090630000 3.6498330000
1784.6208500000 -9.5207500000 3.5493950000
1819.5146480000 -9.8834280000 3.4513500000
1855.0908200000 -10.3128840000 3.3556510000
1891.3624270000 -10.8335190000 3.2622540000
1928.3432620000 -11.4860420000 3.1711150000
1966.0472410000 -12.3464310000 3.0821880000
2004.4884030000 -13.5851350000 2.9954320000
2043.6811520000 -15.7579940000 2.9108030000
2083.6401370000 -22.3259510000 1.4993510000
2124.3806150000 -16.1958160000 1.0823310000
2165.9174800000 -15.6031100000 4.9405300000
2208.2666020000 -12.1708650000 4.4152860000
2251.4438480000 -10.5811470000 3.9192080000
2295.4653320000 -9.6048120000 3.4505000000
2340.3474120000 -9.1635780000 3.0074930000
2386.1069340000 -8.8795850000 4.4903700000
2432.7612300000 -7.3126320000 4.0595700000
2480.3278810000 -6.4047980000 3.6526740000
2528.8244630000 -5.7048570000 3.2683460000
2578.2692870000 -5.1258270000 2.9053560000
2628.6809080000 -4.6300790000 2.5625540000
2680.0783690000 -4.1960930000 2.2388830000
2732.4804690000 -3.6136710000 1.9127790000
2785.9074710000 -3.2544780000 1.5832460000
2840.3789060000 -2.8506850000 1.2554790000
2895.9152830000 -2.5506840000 0.9338050000
2952.5378420000 -2.2732210000 0.6223400000
3010.2673340000 -2.0204690000 0.3193120000
3069.1254880000 -1.7944260000 0.0166710000
3129.1347660000 -1.5905860000 9.7218450000
3190.3171390000 -1.4043580000 9.4347690000
3252.6958010000 -1.2348920000 9.1552330000
3316.2941890000 -1.0806680000 8.8830750000
3381.1359860000 -0.9403520000 8.6181330000
3447.2456050000 -0.8127640000 8.3602500000
3514.6479490000 -0.6968550000 8.1092670000
3583.3681640000 -0.5916870000 7.8650360000
3653.4318850000 -0.4964180000 7.6274010000
3724.8657230000 -0.4102870000 7.3962150000
3797.6960450000 -0.3326030000 7.1713300000
3871.9506840000 -0.2627390000 6.9526040000
3947.6569820000 -0.2001230000 6.7398920000
4024.8435060000 -0.1442310000 6.5330560000
4103.5390630000 -0.0945820000 6.3319580000
4183.7739260000 -0.0530180000 6.1365330000
4265.5771480000 -0.0146180000 5.9467570000
4348.9794920000 0.0176130000 5.7623870000
4434.0131840000 0.0463540000 5.5833020000
4520.7089840000 0.0707830000 5.4093110000
4609.1005860000 0.0912010000 5.2402830000
4699.2197270000 0.1078840000 5.0760990000
4791.1015630000 0.1219590000 4.9165880000
4884.7792970000 0.1319520000 4.7616280000
4980.2890630000 0.1389240000 4.6111470000
5077.6660160000 0.1430820000 4.4650320000
5176.9472660000 0.1446190000 4.3231700000
5278.1694340000 0.1437160000 4.1854520000
5381.3710940000 0.1405400000 4.0517730000
5486.5903320000 0.1352490000 3.9220240000
5593.8666990000 0.1279870000 3.7961060000
5703.2412110000 0.1141280000 3.6739970000
5814.7534180000 0.1033440000 3.5555770000
5928.4467770000 0.0881490000 3.4407330000
6044.3627930000 0.0743270000 3.3293650000
6162.5449220000 0.0591410000 3.2213400000
6283.0380860000 0.0426840000 3.1165690000
6405.8872070000 0.0250430000 3.0149620000
6531.1386720000 0.0062990000 2.9164340000
6658.8383790000 -0.0134740000 2.8209000000
6789.0356450000 -0.0342090000 2.7282770000
6921.7783200000 -0.0558430000 2.6384850000
7057.1162110000 -0.0783210000 2.5514460000
7195.1005860000 -0.1015920000 2.4670820000
7335.7827150000 -0.1256120000 2.3853200000
7479.2158200000 -0.1512540000 2.3061010000
7625.4531250000 -0.1766640000 2.2293480000
7774.5498050000 -0.2027270000 2.1549820000
7926.5620120000 -0.2294250000 2.0829350000
8081.5458980000 -0.2567540000 2.0131400000
8239.5605470000 -0.2847230000 1.9455330000
8400.6640630000 -0.3133680000 1.8800510000
8564.9189450000 -0.3427890000 1.8166330000
8732.3837890000 -0.3732860000 1.7552180000
8903.1240230000 -0.4065010000 1.6957620000
9077.2021480000 -0.4367320000 1.6388660000
9254.6845700000 -0.4674490000 1.5838000000
9435.6367190000 -0.4988430000 1.5305140000
9620.1269530000 -0.5306540000 1.4789560000
9808.2246090000 -0.5630300000 1.4290700000
10000.0000000000 -0.5960130000 1.3808020000
10195.5253900000 -0.6296550000 1.3341030000
10394.8730500000 -0.6646570000 1.2889440000
10598.1191400000 -0.6998700000 1.2452800000
10805.3388700000 -0.7359490000 1.2030470000
11016.6103500000 -0.7729950000 1.1622010000
11232.0127000000 -0.8111230000 1.1226970000
11451.6259800000 -0.8504710000 1.0844940000
11675.5341800000 -0.8914300000 1.0475500000
11903.8203100000 -0.9337360000 1.0118260000
12136.5693400000 -0.9778390000 0.9772820000
12373.8701200000 -1.0240110000 0.9438800000
12615.8105500000 -1.0725820000 0.9115830000
12862.4814500000 -1.1239500000 0.8803560000
13113.9746100000 -1.1786090000 0.8501650000
13370.3857400000 -1.2371730000 0.8209750000
13631.8105500000 -1.3004190000 0.7927560000
13898.3466800000 -1.3693500000 0.7654750000
14170.0937500000 -1.4452840000 0.7391020000
14447.1543000000 -1.5300030000 0.7136090000
14729.6328100000 -1.6259860000 0.6889650000
15017.6337900000 -1.7368240000 0.6651450000
15311.2666000000 -1.8679780000 0.6421220000
15610.6396500000 -2.0283250000 0.6198680000
15915.8671900000 -2.2336990000 0.5983610000
16227.0615200000 -2.5165970000 0.5775740000
16544.3418000000 -2.9620090000 0.5574850000
16711.6992200000 -3.3450080000 0.5473120000
16714.0000000000 -3.3516410000 0.5471740000
16716.1992200000 -3.3580240000 0.5470420000
16718.5000000000 -3.3647500000 0.5469040000
16720.6992200000 -3.3712280000 0.5467730000
16723.0000000000 -3.3780550000 0.5466350000
16725.3007800000 -3.3849350000 0.5464970000
16727.5000000000 -3.3915690000 0.5463660000
16729.8007800000 -3.3985540000 0.5462280000
16732.0000000000 -3.4052850000 0.5460970000
16734.3007800000 -3.4123790000 0.5459590000
16736.5000000000 -3.4192150000 0.5458280000
16738.8007800000 -3.4264220000 0.5456910000
16741.0996100000 -3.4336870000 0.5455540000
16743.3007800000 -3.4406950000 0.5454220000
16745.5996100000 -3.4480710000 0.5452850000
16747.9003900000 -3.4555150000 0.5451480000
16750.0996100000 -3.4626910000 0.5450170000
16752.4003900000 -3.4702580000 0.5448800000
16754.5996100000 -3.4775590000 0.5447490000
16756.9003900000 -3.4852540000 0.5446120000
16759.1992200000 -3.4930080000 0.5444750000
16761.4003900000 -3.5004980000 0.5443450000
16763.6992200000 -3.5083860000 0.5442080000
16766.0000000000 -3.5163570000 0.5440710000
16768.1992200000 -3.5240380000 0.5439400000
16770.5000000000 -3.5321420000 0.5438040000
16772.8007800000 -3.5403210000 0.5436670000
16775.0000000000 -3.5482100000 0.5435370000
16777.3007800000 -3.5565360000 0.5434000000
16779.5996100000 -3.5649400000 0.5432640000
16781.9003900000 -3.5734220000 0.5431280000
16784.0996100000 -3.5816080000 0.5429970000
16786.4003900000 -3.5902490000 0.5428610000
16788.6992200000 -3.5989740000 0.5427250000
16790.9003900000 -3.6074010000 0.5425950000
16793.1992200000 -3.6162860000 0.5424590000
16795.5000000000 -3.6252670000 0.5423230000
16797.8007800000 -3.6343370000 0.5421870000
16800.0000000000 -3.6430940000 0.5420570000
16802.3007800000 -3.6523520000 0.5419210000
16804.5996100000 -3.6616900000 0.5417850000
16806.9003900000 -3.6711340000 0.5416490000
16809.1992200000 -3.6806670000 0.5415140000
16811.4003900000 -3.6898920000 0.5413840000
16813.6992200000 -3.6996340000 0.5412480000
16816.0000000000 -3.7094800000 0.5411130000
16818.3007800000 -3.7194340000 0.5409770000
16820.5996100000 -3.7294970000 0.5408420000
16822.8007800000 -3.7392320000 0.5407120000
16825.0996100000 -3.7495080000 0.5405770000
16827.4003900000 -3.7599100000 0.5404420000
16829.6992200000 -3.7704220000 0.5403060000
16832.0000000000 -3.7810740000 0.5401710000
16834.3007800000 -3.7918410000 0.5400360000
16836.5000000000 -3.8022550000 0.5399070000
16838.8007800000 -3.8132760000 0.5397720000
16841.0996100000 -3.8244200000 0.5396370000
16843.4003900000 -3.8357200000 0.5395020000
16845.6992200000 -3.8471420000 0.5393670000
16848.0000000000 -3.8587160000 0.5392320000
16850.3007800000 -3.8704370000 0.5390970000
16852.5996100000 -3.8823080000 0.5389620000
16854.9003900000 -3.8943340000 0.5388280000
16857.1992200000 -3.9065080000 0.5386930000
16859.4003900000 -3.9183190000 0.5385640000
16861.6992200000 -3.9308250000 0.5384300000
16864.0000000000 -3.9435020000 0.5382950000
16866.3007800000 -3.9563540000 0.5381610000
16867.8242200000 -3.9649680000 0.5380720000
16868.5996100000 -3.9693760000 0.5380270000
16870.9003900000 -3.9826040000 0.5378920000
16873.1992200000 -3.9960010000 0.5377580000
16875.5000000000 -4.0096040000 0.5376240000
16877.8007800000 -4.0234090000 0.5374890000
16880.0996100000 -4.0374220000 0.5373550000
16882.4003900000 -4.0516470000 0.5372210000
16884.6992200000 -4.0660800000 0.5370870000
16887.0000000000 -4.0807510000 0.5369530000
16889.3007800000 -4.0956680000 0.5368190000
16891.5996100000 -4.1108010000 0.5366850000
16893.9003900000 -4.1261950000 0.5365520000
16896.1992200000 -4.1418310000 0.5364180000
16898.5000000000 -4.1577600000 0.5362840000
16900.8007800000 -4.1739480000 0.5361500000
16903.0996100000 -4.1904050000 0.5360170000
16905.4003900000 -4.2071830000 0.5358830000
16907.6992200000 -4.2242360000 0.5357500000
16910.0000000000 -4.2416170000 0.5356160000
16912.3007800000 -4.2593220000 0.5354830000
16914.5996100000 -4.2773650000 0.5353490000
16917.0000000000 -4.2965590000 0.5352100000
16919.3007800000 -4.3153320000 0.5350770000
16921.5996100000 -4.3344830000 0.5349440000
16923.9003900000 -4.3540270000 0.5348110000
16926.1992200000 -4.3739640000 0.5346780000
16928.5000000000 -4.3943450000 0.5345440000
16930.8007800000 -4.4151870000 0.5344110000
16933.0996100000 -4.4364590000 0.5342780000
16935.4003900000 -4.4582320000 0.5341450000
16937.8007800000 -4.4815040000 0.5340070000
16940.0996100000 -4.5043200000 0.5338740000
16942.4003900000 -4.5277100000 0.5337410000
16944.6992200000 -4.5516650000 0.5336090000
16947.0000000000 -4.5762720000 0.5334760000
16949.3007800000 -4.6015040000 0.5333430000
16951.5996100000 -4.6273920000 0.5332110000
16954.0000000000 -4.6552030000 0.5330720000
16956.3007800000 -4.6826150000 0.5329400000
16958.5996100000 -4.7108030000 0.5328070000
16960.9003900000 -4.7398840000 0.5326750000
16963.1992200000 -4.7698140000 0.5325430000
16965.5996100000 -4.8020760000 0.5324050000
16967.9003900000 -4.8340700000 0.5322720000
16970.1992200000 -4.8670950000 0.5321400000
16972.5000000000 -4.9013080000 0.5320080000
16974.9003900000 -4.9383510000 0.5318700000
16977.1992200000 -4.9751700000 0.5317380000
16979.5000000000 -5.0134600000 0.5316060000
16981.8007800000 -5.0533070000 0.5314740000
16984.1992200000 -5.0966710000 0.5313370000
16986.5000000000 -5.1401190000 0.5312050000
16988.8007800000 -5.1855730000 0.5310730000
16991.0996100000 -5.2332250000 0.5309410000
16993.5000000000 -5.2855110000 0.5308040000
16995.8007800000 -5.3383730000 0.5306720000
16998.0996100000 -5.3942170000 0.5305410000
17000.5000000000 -5.4560260000 0.5304040000
17002.8007800000 -5.5191250000 0.5302720000
17005.0996100000 -5.5864990000 0.5301410000
17007.5000000000 -5.6619980000 0.5300040000
17009.8007800000 -5.7401670000 0.5298720000
17012.0996100000 -5.8249700000 0.5297410000
17014.5000000000 -5.9218190000 0.5296040000
17016.8007800000 -6.0243630000 0.5294730000
17019.0996100000 -6.1385720000 0.5293420000
17021.5000000000 -6.2733630000 0.5292050000
17023.8007800000 -6.4220570000 0.5290740000
17026.0996100000 -6.5964760000 0.5289430000
17028.5000000000 -6.8174930000 0.5288060000
17030.8007800000 -7.0870850000 0.5286760000
17033.1992200000 -7.4743570000 0.5285390000
17035.5000000000 -8.0712380000 0.5284080000
17037.8007800000 -9.6849230000 0.5282780000
17040.1992200000 -8.5696490000 3.7547190000
17042.5000000000 -7.7222240000 3.7536990000
17044.9003900000 -7.2469190000 3.7526350000
17047.1992200000 -6.9343880000 3.7516180000
17049.5996100000 -6.6851230000 3.7505560000
17051.9003900000 -6.4916230000 3.7495380000
17054.1992200000 -6.3287310000 3.7485230000
17056.5996100000 -6.1820680000 3.7474630000
17058.9003900000 -6.0583750000 3.7464460000
17061.3007800000 -5.9433240000 3.7453880000
17063.5996100000 -5.8437320000 3.7443740000
17066.0000000000 -5.7490100000 3.7433160000
17068.3007800000 -5.6655610000 3.7423030000
17070.6992200000 -5.5850210000 3.7412470000
17073.0000000000 -5.5131790000 3.7402350000
17075.4003900000 -5.4430470000 3.7391800000
17077.6992200000 -5.3800080000 3.7381700000
17080.0996100000 -5.3179640000 3.7371160000
17082.4003900000 -5.2616590000 3.7361060000
17084.8007800000 -5.2059840000 3.7350530000
17087.0996100000 -5.1552520000 3.7340460000
17089.5000000000 -5.1047050000 3.7329940000
17091.9003900000 -5.0564820000 3.7319430000
17094.1992200000 -5.0122080000 3.7309370000
17096.5996100000 -4.9678990000 3.7298870000
17098.9003900000 -4.9270750000 3.7288820000
17101.3007800000 -4.8860530000 3.7278330000
17103.5996100000 -4.8482070000 3.7268300000
17106.0000000000 -4.8100380000 3.7257820000
17108.4003900000 -4.7732070000 3.7247360000
17110.6992200000 -4.7390700000 3.7237340000
17113.0996100000 -4.7045230000 3.7226880000
17115.5000000000 -4.6710740000 3.7216440000
17117.8007800000 -4.6399270000 3.7206430000
17120.1992200000 -4.6084160000 3.7196000000
17122.5000000000 -4.5790230000 3.7186010000
17124.9003900000 -4.5491660000 3.7175580000
17127.3007800000 -4.5201330000 3.7165170000
17129.5996100000 -4.4930110000 3.7155190000
17132.0000000000 -4.4654240000 3.7144790000
17134.4003900000 -4.4384990000 3.7134390000
17136.6992200000 -4.4133400000 3.7124430000
17139.0996100000 -4.3876800000 3.7114050000
17141.5000000000 -4.3625910000 3.7103660000
17143.9003900000 -4.3380860000 3.7093290000
17146.1992200000 -4.3151190000 3.7083370000
17148.5996100000 -4.2916280000 3.7073000000
17151.0000000000 -4.2686510000 3.7062650000
17153.3007800000 -4.2470500000 3.7052720000
17155.6992200000 -4.2249980000 3.7042390000
17158.0996100000 -4.2033490000 3.7032050000
17160.5000000000 -4.1821360000 3.7021720000
17162.8007800000 -4.1621790000 3.7011820000
17165.1992200000 -4.1417410000 3.7001500000
17167.5996100000 -4.1216770000 3.6991200000
17170.0000000000 -4.1019580000 3.6980880000
17172.3007800000 -4.0833950000 3.6971010000
17174.6992200000 -4.0643620000 3.6960720000
17177.0996100000 -4.0456510000 3.6950430000
17179.5000000000 -4.0272390000 3.6940150000
17181.9003900000 -4.0091450000 3.6929870000
17184.1992200000 -3.9920870000 3.6920040000
17186.5996100000 -3.9745430000 3.6909770000
17189.0000000000 -3.9572870000 3.6899510000
17191.4003900000 -3.9402840000 3.6889250000
17193.8007800000 -3.9235520000 3.6879010000
17196.1992200000 -3.9070700000 3.6868770000
17197.6328100000 -3.8973330000 3.6862650000
17198.5000000000 -3.8914970000 3.6858960000
17200.9003900000 -3.8754700000 3.6848730000
17203.3007800000 -3.8596850000 3.6838510000
17205.6992200000 -3.8441220000 3.6828300000
17208.0996100000 -3.8287760000 3.6818090000
17210.5000000000 -3.8136270000 3.6807880000
17212.9003900000 -3.7986940000 3.6797690000
17215.3007800000 -3.7839490000 3.6787490000
17217.6992200000 -3.7694200000 3.6777310000
17220.0000000000 -3.7556570000 3.6767560000
17222.4003900000 -3.7414700000 3.6757380000
17224.8007800000 -3.7274730000 3.6747210000
17227.1992200000 -3.7136500000 3.6737050000
17229.5996100000 -3.6999980000 3.6726900000
17232.0000000000 -3.6865000000 3.6716740000
17234.4003900000 -3.6731750000 3.6706600000
17236.8007800000 -3.6599980000 3.6696460000
17239.1992200000 -3.6469960000 3.6686330000
17241.5996100000 -3.6341230000 3.6676200000
17244.0000000000 -3.6214080000 3.6666090000
17246.4003900000 -3.6088270000 3.6655970000
17248.8007800000 -3.5963960000 3.6645860000
17251.1992200000 -3.5841030000 3.6635760000
17253.5996100000 -3.5719440000 3.6625670000
17256.0000000000 -3.5599070000 3.6615570000
17258.4003900000 -3.5480080000 3.6605490000
17260.8007800000 -3.5362250000 3.6595410000
17263.1992200000 -3.5245840000 3.6585350000
17265.5996100000 -3.5130450000 3.6575270000
17268.0000000000 -3.5016330000 3.6565220000
17270.4003900000 -3.4903290000 3.6555150000
17272.8007800000 -3.4791460000 3.6545110000
17275.1992200000 -3.4680740000 3.6535070000
17277.5996100000 -3.4571110000 3.6525030000
17280.0000000000 -3.4462460000 3.6515000000
17282.5000000000 -3.4350520000 3.6504560000
17284.9003900000 -3.4243990000 3.6494540000
17287.3007800000 -3.4138550000 3.6484530000
17289.6992200000 -3.4034090000 3.6474520000
17292.0996100000 -3.3930600000 3.6464520000
17294.5000000000 -3.3827980000 3.6454520000
17296.9003900000 -3.3726380000 3.6444540000
17299.3007800000 -3.3625610000 3.6434550000
17301.8007800000 -3.3521630000 3.6424150000
17304.1992200000 -3.3422840000 3.6414190000
17306.5996100000 -3.3324840000 3.6404230000
17309.0000000000 -3.3227610000 3.6394260000
17311.4003900000 -3.3131290000 3.6384310000
17313.8007800000 -3.3035720000 3.6374350000
17316.1992200000 -3.2941110000 3.6364420000
17318.6992200000 -3.2843280000 3.6354070000
17321.0996100000 -3.2750130000 3.6344130000
17323.5000000000 -3.2657830000 3.6334210000
17325.9003900000 -3.2566200000 3.6324290000
17328.3007800000 -3.2475390000 3.6314380000
17330.8007800000 -3.2381530000 3.6304050000
17333.1992200000 -3.2292280000 3.6294160000
17335.5996100000 -3.2203590000 3.6284260000
17338.0000000000 -3.2115660000 3.6274380000
17340.5000000000 -3.2024760000 3.6264080000
17342.9003900000 -3.1938150000 3.6254200000
17345.3007800000 -3.1852280000 3.6244330000
17347.6992200000 -3.1767060000 3.6234460000
17350.1992200000 -3.1679000000 3.6224200000
17352.5996100000 -3.1595020000 3.6214340000
17355.0000000000 -3.1511730000 3.6204490000
17357.5000000000 -3.1425580000 3.6194240000
17359.9003900000 -3.1343540000 3.6184400000
17362.3007800000 -3.1262030000 3.6174570000
17364.8007800000 -3.1177770000 3.6164330000
17533.8906300000 -2.6587270000 3.5486350000
17876.7207000000 -2.0777810000 3.4193380000
18226.2558600000 -1.7012940000 3.2978300000
18582.6250000000 -1.4240310000 3.1836110000
18945.9628900000 -1.2083250000 3.0762180000
19316.4023400000 -1.0341950000 2.9752280000
19694.0878900000 -0.8899850000 2.8802450000
20079.1562500000 -0.7682380000 2.7909090000
20471.7539100000 -0.6638510000 2.7068840000
20872.0273400000 -0.5733060000 2.6278640000
21280.1289100000 -0.4935350000 2.5535600000
21696.2070300000 -0.4225620000 2.4837120000
22120.4238300000 -0.3586750000 2.4180730000
22552.9335900000 -0.2224550000 2.3423260000
22993.8984400000 -0.1657840000 2.2677410000
23443.4882800000 -0.1150530000 2.1952460000
23901.8671900000 -0.0696040000 2.1247930000
24369.2070300000 -0.0288770000 2.0563340000
24845.6875000000 0.0076050000 1.9898210000
25331.4824200000 0.0402540000 1.9252080000
25826.7753900000 0.0694280000 1.8624500000
26331.7539100000 0.0954400000 1.8015020000
26846.6054700000 0.1185940000 1.7424200000
27371.5234400000 0.1392290000 1.6853290000
27906.7070300000 0.1575200000 1.6299420000
28452.3515600000 0.1736660000 1.5762140000
29008.6660200000 0.1878490000 1.5241020000
29575.8593800000 0.2002330000 1.4735610000
30154.1406300000 0.2109660000 1.4245500000
30743.7304700000 0.2201820000 1.3770270000
31344.8476600000 0.2280050000 1.3309530000
31957.7168000000 0.2345450000 1.2862880000
32582.5703100000 0.2399050000 1.2429940000
33219.6406300000 0.2441800000 1.2010320000
33869.1679700000 0.2474570000 1.1603670000
34531.3945300000 0.2484110000 1.1210650000
35206.5703100000 0.2498670000 1.0830450000
35894.9492200000 0.2505610000 1.0462270000
36596.7851600000 0.2505570000 1.0105760000
37312.3437500000 0.2499140000 0.9760580000
38041.8906300000 0.2486850000 0.9426400000
38785.7070300000 0.2469200000 0.9102890000
39544.0625000000 0.2446660000 0.8789740000
40317.2500000000 0.2419670000 0.8486650000
41105.5546900000 0.2388610000 0.8193320000
41909.2695300000 0.2353860000 0.7909450000
42728.6992200000 0.2315770000 0.7634780000
43564.1523400000 0.2274660000 0.7369020000
44415.9414100000 0.2229720000 0.7111900000
45284.3867200000 0.2183440000 0.6863200000
46169.8085900000 0.2133730000 0.6622640000
47072.5429700000 0.2083320000 0.6389990000
47992.9296900000 0.2031180000 0.6164990000
48931.3125000000 0.1977530000 0.5947400000
49888.0429700000 0.1922550000 0.5737010000
50863.4765600000 0.1863510000 0.5533600000
51857.9843800000 0.1806400000 0.5337010000
52871.9375000000 0.1748470000 0.5146960000
53905.7187500000 0.1689860000 0.4963260000
54959.7109400000 0.1630720000 0.4785700000
56034.3085900000 0.1571150000 0.4614110000
57129.9218800000 0.1511280000 0.4448290000
58246.9531300000 0.1451200000 0.4288070000
59385.8281300000 0.1391030000 0.4133260000
60546.9687500000 0.1330850000 0.3983700000
61730.8125000000 0.1270750000 0.3839230000
62937.8046900000 0.1210790000 0.3699670000
64168.3984400000 0.1151070000 0.3564890000
65423.0507800000 0.1091630000 0.3434720000
66702.2343800000 0.1032540000 0.3309020000
68006.4296900000 0.0973860000 0.3187640000
69336.1250000000 0.0915640000 0.3070460000
70691.8203100000 0.0857930000 0.2957330000
72074.0234400000 0.0800740000 0.2848120000
73483.2500000000 0.0744150000 0.2742700000
74920.0312500000 0.0668830000 0.2641820000
76384.9062500000 0.0613710000 0.2544740000
77878.4218800000 0.0559310000 0.2451060000
79401.1406300000 0.0505680000 0.2360680000
80953.6328100000 0.0452380000 0.2273630000
82536.4765600000 0.0399670000 0.2189810000
84150.2734400000 0.0347820000 0.2109030000
85795.6250000000 0.0296850000 0.2031170000
87473.1406300000 0.0246780000 0.1956130000
89183.4609400000 0.0197610000 0.1883820000
90927.2187500000 0.0149340000 0.1814130000
92705.0781300000 0.0101980000 0.1746980000
94517.6953100000 0.0055530000 0.1682260000
96365.7500000000 0.0009990000 0.1619900000
98249.9453100000 -0.0034640000 0.1559810000
100170.9766000000 -0.0078360000 0.1501910000
102129.5703000000 -0.0121170000 0.1446120000
104126.4609000000 -0.0163090000 0.1392370000
106162.3906000000 -0.0204120000 0.1340580000
108238.1328000000 -0.0244260000 0.1290680000
110354.4609000000 -0.0283520000 0.1242600000
112512.1641000000 -0.0321920000 0.1196290000
114712.0547000000 -0.0359450000 0.1151660000
116954.9688000000 -0.0396130000 0.1108680000
119241.7266000000 -0.0431970000 0.1067270000
121573.2031000000 -0.0466980000 0.1027380000
123950.2656000000 -0.0501180000 0.0988950000
126373.8047000000 -0.0534560000 0.0951930000
128844.7266000000 -0.0567150000 0.0916280000
131363.9688000000 -0.0598960000 0.0881940000
133932.4531000000 -0.0629990000 0.0848860000
136551.1719000000 -0.0660270000 0.0817000000
139221.0938000000 -0.0689800000 0.0786310000
141943.2188000000 -0.0718600000 0.0756760000
144718.5625000000 -0.0746680000 0.0728300000
147548.1719000000 -0.0774050000 0.0700890000
150433.1094000000 -0.0800730000 0.0674490000
153374.4531000000 -0.0826730000 0.0649070000
156373.2969000000 -0.0852060000 0.0624590000
159430.7969000000 -0.0876740000 0.0601020000
162548.0625000000 -0.0900770000 0.0578320000
165726.2813000000 -0.0924180000 0.0556470000
168966.6406000000 -0.0946980000 0.0535430000
172270.3750000000 -0.0969170000 0.0515160000
175638.6875000000 -0.0990770000 0.0495650000
179072.8594000000 -0.1011790000 0.0476870000
182574.1875000000 -0.1032260000 0.0458790000
186143.9688000000 -0.1052170000 0.0441380000
189783.5469000000 -0.1071540000 0.0424620000
193494.2969000000 -0.1090380000 0.0408480000
197277.5938000000 -0.1108710000 0.0392950000
201134.8594000000 -0.1126530000 0.0378000000
205067.5469000000 -0.1143870000 0.0363610000
209077.1406000000 -0.1160720000 0.0349760000
213165.1250000000 -0.1177110000 0.0336420000
217333.0313000000 -0.1193040000 0.0323590000
221582.4375000000 -0.1208520000 0.0311230000
225914.9219000000 -0.1223560000 0.0299340000
230332.1250000000 -0.1238190000 0.0287900000
234835.7031000000 -0.1252390000 0.0276880000
239427.3281000000 -0.1266200000 0.0266290000
244108.7344000000 -0.1279610000 0.0256090000
248881.6719000000 -0.1292630000 0.0246270000
253747.9219000000 -0.1305280000 0.0236820000
258709.3281000000 -0.1317570000 0.0227730000
263767.7500000000 -0.1329500000 0.0218990000
268925.0625000000 -0.1341080000 0.0210570000
274183.2188000000 -0.1352330000 0.0202470000
279544.1875000000 -0.1363250000 0.0194680000
285010.0000000000 -0.1373850000 0.0187190000
290582.6563000000 -0.1384140000 0.0179970000
296264.2500000000 -0.1394120000 0.0173030000
302056.9688000000 -0.1403810000 0.0166360000
307962.9375000000 -0.1413210000 0.0159940000
313984.3750000000 -0.1422330000 0.0153760000
320123.5625000000 -0.1431180000 0.0147810000
326382.7813000000 -0.1439770000 0.0142100000
332764.3750000000 -0.1448100000 0.0136600000
339270.7500000000 -0.1456180000 0.0131310000
345904.3438000000 -0.1464010000 0.0126220000
352667.6563000000 -0.1471610000 0.0121320000
359563.1875000000 -0.1478980000 0.0116610000
366593.5625000000 -0.1486120000 0.0112090000
373761.3750000000 -0.1493050000 0.0107730000
381069.3438000000 -0.1499760000 0.0103540000
388520.2188000000 -0.1506270000 0.0099520000
396116.7500000000 -0.1512580000 0.0095640000
403861.8125000000 -0.1518690000 0.0091920000
411758.3438000000 -0.1524620000 0.0088330000
419809.2500000000 -0.1530360000 0.0084890000
428017.5625000000 -0.1535930000 0.0081580000
436386.3750000000 -0.1541320000 0.0078390000
444918.8125000000 -0.1546550000 0.0075330000
453618.0938000000 -0.1551610000 0.0072380000
462487.4688000000 -0.1556510000 0.0069550000
471530.2500000000 -0.1561260000 0.0066830000
480749.8438000000 -0.1565860000 0.0064210000
490149.7188000000 -0.1570320000 0.0061700000
499733.3750000000 -0.1574630000 0.0059280000
509504.4063000000 -0.1578810000 0.0056950000
519466.5000000000 -0.1582850000 0.0054720000
529623.3750000000 -0.1586770000 0.0052570000
539978.8125000000 -0.1590560000 0.0050500000
550536.7500000000 -0.1594240000 0.0048510000
561301.1250000000 -0.1597790000 0.0046610000
572276.0000000000 -0.1601230000 0.0044770000
583465.4375000000 -0.1604560000 0.0043010000
594873.6250000000 -0.1607780000 0.0041310000
606504.8750000000 -0.1610900000 0.0039680000
618363.5625000000 -0.1613920000 0.0038120000
630454.1250000000 -0.1616840000 0.0036610000
642781.1250000000 -0.1619670000 0.0035170000
655349.0625000000 -0.1622400000 0.0033780000
668162.8125000000 -0.1625040000 0.0032440000
681227.0625000000 -0.1627600000 0.0031160000
694546.7500000000 -0.1630080000 0.0029920000
