30.0000000000 -30.4036660000 3.7484730000
30.5865750000 -30.4039380000 3.8575380000
31.1846200000 -30.4030020000 3.9701160000
31.7943570000 -30.4007450000 4.0863280000
32.4160160000 -29.7819000000 4.2054590000
33.0498310000 -29.7443980000 4.2948050000
33.6960370000 -29.7051750000 4.3848800000
34.3548770000 -29.6642090000 4.4756530000
35.0266040000 -29.6214750000 4.5670900000
35.7114600000 -29.5769520000 4.6591540000
36.4097100000 -29.5306210000 4.7518090000
37.1216090000 -29.4824620000 4.8450160000
37.8474310000 -29.4324590000 4.9387370000
38.5874440000 -29.3805940000 5.0329320000
39.3419230000 -29.3268570000 5.1275570000
40.1111560000 -29.2712350000 5.2225710000
40.8954320000 -29.2137150000 5.3179300000
41.6950380000 -29.1542930000 5.4135880000
42.5102810000 -29.0929640000 5.5095010000
43.3414650000 -29.0297240000 5.6056200000
44.1888960000 -28.9645730000 5.7018980000
45.0529020000 -28.8975140000 5.7982860000
45.9338000000 -28.8285540000 5.8947350000
46.8319210000 -28.7577000000 5.9911920000
47.7476010000 -28.6849670000 6.0876080000
48.6811870000 -28.6103690000 6.1839280000
49.6330260000 -28.5339300000 6.2801010000
50.6034740000 -28.4556730000 6.3760710000
51.5928990000 -28.3756310000 6.4717860000
52.6016690000 -28.2938370000 6.5671880000
53.6301650000 -28.2103370000 6.6622240000
54.6787680000 -28.1251750000 6.7568360000
55.7478750000 -28.0384140000 6.8509670000
56.8378870000 -27.9501170000 6.9445620000
57.9492070000 -27.8603610000 7.0375610000
59.0822600000 -27.7692320000 7.1299080000
60.2374690000 -27.6768300000 7.2215440000
61.4152600000 -27.5832770000 7.3124100000
62.6160810000 -27.4887070000 7.4024500000
63.8403850000 -27.3932760000 7.4916040000
65.0886230000 -27.2971740000 7.5798130000
66.3612670000 -27.2006240000 7.6670200000
67.6587980000 -27.1038880000 7.7531670000
68.9816970000 -27.0072860000 7.8381950000
70.3304600000 -26.9112090000 7.9220460000
71.7055970000 -26.8161390000 8.0046630000
73.1076200000 -26.7226920000 8.0859900000
74.5370640000 -26.6316490000 8.1659690000
75.9944460000 -26.5440410000 8.2445440000
77.4803310000 -26.4612560000 8.3216600000
78.9952620000 -26.3852210000 8.3972620000
80.5398180000 -26.3187070000 8.4712940000
82.1145710000 -26.2658620000 8.5437060000
83.7201160000 -26.2332460000 8.6144440000
85.3570560000 -26.2319180000 8.6834550000
87.0260010000 -26.7617870000 9.9205570000
88.7275770000 -26.0142190000 9.9788600000
90.4624250000 -25.6455990000 0.0359210000
92.2311940000 -25.3591060000 0.0916810000
94.0345380000 -25.1096080000 0.1460850000
95.8731540000 -24.8811590000 0.1990790000
97.7477110000 -24.6662730000 0.2506090000
99.6589200000 -24.4608550000 0.3006300000
101.6075060000 -24.2624470000 0.3490920000
103.5941850000 -24.0694920000 0.3959510000
105.6197130000 -23.8809660000 0.4411660000
107.6848450000 -23.6961990000 0.4846970000
109.7903520000 -23.5147650000 0.5265070000
111.9370270000 -23.3364240000 0.5665620000
114.1256790000 -23.1610970000 0.6048290000
116.3571170000 -22.9888500000 0.6412790000
118.6321950000 -22.8199120000 0.6758870000
120.9517520000 -22.6546940000 0.7086280000
123.3166580000 -22.4938580000 0.7394810000
125.7278060000 -22.3384250000 0.7684280000
128.1860960000 -22.1899680000 0.7954520000
130.6924590000 -22.0509970000 0.8205420000
133.2478330000 -21.9257090000 0.8436890000
135.8531490000 -21.8216670000 0.8648830000
138.5094300000 -21.6613220000 1.3577380000
141.2176360000 -21.3789250000 1.3836930000
143.9787900000 -21.1390040000 1.4076360000
146.7939300000 -20.9162810000 1.4295660000
149.6641240000 -20.7030260000 1.4494820000
152.5904390000 -17.9747830000 1.4552300000
155.5739590000 -17.7439060000 1.3965090000
158.6158140000 -17.5187510000 1.3346320000
161.7171480000 -17.2987840000 1.2697110000
164.8791350000 -17.0836430000 1.2018650000
168.1029360000 -16.8731000000 1.1312170000
171.3897710000 -16.6670060000 1.0578970000
174.7408600000 -16.4652710000 0.9820370000
178.1574860000 -16.2678390000 0.9037760000
181.6409150000 -16.0746840000 0.8232560000
185.1924440000 -15.8857920000 0.7406230000
188.8134160000 -15.7011650000 0.6560310000
192.5051880000 -15.5208130000 0.5696320000
196.2691500000 -15.3447470000 0.4815850000
200.1067050000 -15.1729840000 0.3920520000
204.0192870000 -15.0055450000 0.3011990000
208.0083770000 -14.8424430000 0.2091960000
212.0754700000 -14.6836950000 0.1162140000
216.2220760000 -14.5293160000 0.0224290000
220.4497530000 -14.3793170000 9.9280190000
224.7601010000 -14.2337040000 9.8331640000
229.1547240000 -14.0924840000 9.7380490000
233.6352690000 -13.9556490000 9.6428590000
238.2034300000 -13.8232040000 9.5477850000
242.8609010000 -13.6951340000 9.4530170000
247.6094360000 -13.5714250000 9.3587490000
252.4508210000 -13.4520580000 9.2651800000
257.3868710000 -13.3370070000 9.1725050000
262.4194340000 -13.2262400000 9.0809280000
267.5503850000 -13.1197220000 8.9906540000
272.7816770000 -13.0174100000 8.9018880000
278.1152340000 -12.9192550000 8.8148410000
283.5530700000 -12.8252030000 8.7297270000
289.0972600000 -12.7351890000 8.6467590000
294.7498170000 -12.6491470000 8.5661580000
300.5129390000 -12.5670000000 8.4881470000
306.3887020000 -12.4886670000 8.4129510000
312.3793640000 -12.4140570000 8.3408020000
318.4871830000 -12.3430690000 8.2719350000
324.7143860000 -12.2755990000 8.2065900000
331.0633850000 -12.2115320000 8.1450100000
337.5364990000 -12.1507410000 8.0874500000
344.1361690000 -12.0930920000 8.0341640000
350.8648990000 -10.7540660000 7.9401260000
357.7251890000 -10.6478560000 7.8232000000
364.7196040000 -10.5452720000 7.7057430000
371.8508000000 -10.4463560000 7.5878120000
379.1213990000 -10.3511480000 7.4694680000
386.5341800000 -10.2596920000 7.3507690000
394.0918880000 -10.1720350000 7.2317730000
401.7973630000 -10.0882240000 7.1125380000
409.6535340000 -10.0083120000 6.9931200000
417.6632690000 -9.9323520000 6.8735790000
425.8296200000 -9.8604030000 6.7539690000
434.1556700000 -9.7925260000 6.6343460000
442.6445010000 -9.7287860000 6.5147660000
451.2993160000 -9.6692560000 6.3952840000
460.1233520000 -9.6140110000 6.2759550000
469.1199040000 -9.5631330000 6.1568340000
478.2923890000 -9.5167110000 6.0379720000
487.6441960000 -9.4748410000 5.9194260000
497.1788640000 -9.4376280000 5.8012470000
506.8999330000 -9.4051860000 5.6834860000
516.8110960000 -9.3776400000 5.5661990000
526.9160770000 -9.3551250000 5.4494330000
537.2185670000 -9.3377940000 5.3332420000
547.7225340000 -9.3776790000 5.2187550000
558.4318850000 -9.3719960000 5.1066740000
569.3506470000 -9.3719180000 4.9953740000
580.4828490000 -9.3776700000 4.8849010000
591.8327640000 -9.3895030000 4.7752920000
603.4046020000 -9.4077020000 4.6665910000
615.2026370000 -9.4325860000 4.5588370000
627.2313840000 -9.4645160000 4.4520700000
639.4953610000 -9.5039030000 4.3463260000
651.9990840000 -9.5512180000 4.2416450000
664.7473140000 -9.6069990000 4.1380610000
677.7447510000 -9.6718680000 4.0356090000
690.9963990000 -9.7465470000 3.9343250000
704.5070800000 -9.8318740000 3.8342400000
718.2819820000 -9.9288410000 3.7353870000
732.3261720000 -10.0386140000 3.6377960000
746.6450200000 -10.1625980000 3.5414950000
761.2437740000 -10.3024740000 3.4465150000
776.1279910000 -10.4603040000 3.3528790000
791.3032230000 -10.6386340000 3.2606150000
806.7752080000 -10.8406600000 3.1697450000
822.5496830000 -11.0704720000 3.0802920000
838.6325680000 -11.3334180000 2.9922780000
855.0299680000 -11.6366850000 2.9057210000
871.7479250000 -11.9902660000 2.8206390000
888.7927860000 -12.4086690000 2.7370490000
906.1708980000 -12.9141670000 2.6549650000
923.8888550000 -13.5436140000 2.5744010000
941.9531860000 -14.3644440000 2.4953680000
960.3707280000 -15.5189110000 2.4178760000
979.1483760000 -17.3780250000 2.3419350000
998.2931520000 -21.3394910000 2.2675500000
1017.8123170000 -45.9323310000 2.2099210000
1037.7131350000 -18.1280540000 5.2231480000
1058.0029300000 -3.6419810000 7.4887430000
1078.6895750000 -1.3590240000 6.7429330000
1099.7806400000 -2.7892790000 1.2598980000
1121.2841800000 -4.7874600000 8.3056100000
1143.2080080000 -6.7963540000 6.6513480000
1165.5606690000 -8.8247360000 5.7195160000
1188.3502200000 -11.4376890000 5.2334120000
1211.5854490000 -12.4108660000 6.8843570000
1235.2750240000 -13.8168180000 6.9900170000
1259.4277340000 -15.8178820000 7.4326730000
1284.0527340000 -18.5264610000 8.3572350000
1309.1591800000 -22.3098200000 0.0786090000
1334.7564700000 -10.6994780000 2.0688990000
1360.8542480000 -4.2700910000 2.6558750000
1387.4624020000 -3.8866420000 2.2913440000
1414.5908200000 -3.5427110000 1.9395630000
1442.2495120000 -3.2325990000 1.6000840000
1470.4492190000 -2.9517610000 1.2724700000
1499.2000730000 -2.6964820000 0.9563060000
1528.5131840000 -2.4636550000 0.6511930000
1558.3995360000 -2.2150640000 0.3551970000
1588.8701170000 -2.0166290000 0.0634450000
1619.9365230000 -1.8347620000 9.7805530000
1651.6103520000 -1.6941310000 9.5068190000
1683.9034420000 -1.5411610000 9.2414970000
1716.8280030000 -1.4005100000 8.9841420000
1750.3962400000 -1.2710930000 8.7344760000
1784.6208500000 -1.1519430000 8.4922290000
1819.5146480000 -1.0421930000 8.2571440000
1855.0908200000 -0.9410650000 8.0289740000
1891.3624270000 -0.8478570000 7.8074830000
1928.3432620000 -0.7619330000 7.5924420000
1966.0472410000 -0.6827140000 7.3836340000
2004.4884030000 -0.6096720000 7.1808490000
2043.6811520000 -0.4424260000 6.9827310000
2083.6401370000 -0.3787250000 6.7805960000
2124.3806150000 -0.2732900000 6.5789040000
2165.9174800000 -0.2203680000 6.3819980000
2208.2666020000 -0.1729330000 6.1900220000
2251.4438480000 -0.1306590000 6.0028850000
2295.4653320000 -0.0932400000 5.8204930000
2340.3474120000 -0.0603940000 5.6427520000
2386.1069340000 -0.0318560000 5.4695730000
2432.7612300000 -0.0251030000 5.3027060000
2480.3278810000 -0.0048740000 5.1403560000
2528.8244630000 0.0119040000 4.9823860000
2578.2692870000 0.0220090000 4.8287540000
2628.6809080000 0.0324880000 4.6793590000
2680.0783690000 0.0401050000 4.5340610000
2732.4804690000 0.0450280000 4.3927680000
2785.9074710000 0.0474130000 4.2553900000
2840.3789060000 0.0474060000 4.1218380000
2895.9152830000 0.0451380000 3.9920230000
2952.5378420000 0.0407290000 3.8658580000
3010.2673340000 0.0343870000 3.7434840000
3069.1254880000 0.0267440000 3.6256680000
3129.1347660000 0.0175350000 3.5112790000
3190.3171390000 0.0068640000 3.4002300000
3252.6958010000 -0.0051700000 3.2924340000
3316.2941890000 -0.0184750000 3.1878040000
3381.1359860000 -0.0329670000 3.0862570000
3447.2456050000 -0.0485650000 2.9877130000
3514.6479490000 -0.0651960000 2.8920910000
3583.3681640000 -0.0827920000 2.7993130000
3653.4318850000 -0.1012900000 2.7093020000
3724.8657230000 -0.1207030000 2.6219860000
3797.6960450000 -0.1408360000 2.5372900000
3871.9506840000 -0.1617080000 2.4551440000
3947.6569820000 -0.1832770000 2.3754770000
4024.8435060000 -0.2055020000 2.2982220000
4103.5390630000 -0.2283460000 2.2233120000
4183.7739260000 -0.2517790000 2.1506820000
4265.5771480000 -0.2757720000 2.0802690000
4348.9794920000 -0.3003020000 2.0120120000
4434.0131840000 -0.3275020000 1.9458720000
4520.7089840000 -0.3545420000 1.8818750000
4609.1005860000 -0.3805750000 1.8199390000
4699.2197270000 -0.4071130000 1.7599280000
4791.1015630000 -0.4341170000 1.7017850000
4884.7792970000 -0.4615880000 1.6454550000
4980.2890630000 -0.4895330000 1.5908850000
5077.6660160000 -0.5179650000 1.5380240000
5176.9472660000 -0.5496380000 1.4868290000
5278.1694340000 -0.5791660000 1.4374010000
5381.3710940000 -0.6092170000 1.3895390000
5486.5903320000 -0.6398470000 1.3431950000
5593.8666990000 -0.6711000000 1.2983260000
5703.2412110000 -0.7030260000 1.2548860000
5814.7534180000 -0.7356860000 1.2128320000
5928.4467770000 -0.7691490000 1.1721220000
6044.3627930000 -0.8034990000 1.1327170000
6162.5449220000 -0.8388300000 1.0945760000
6283.0380860000 -0.8752570000 1.0576600000
6405.8872070000 -0.9129110000 1.0219330000
6531.1386720000 -0.9519450000 0.9873580000
6658.8383790000 -0.9925400000 0.9539010000
6789.0356450000 -1.0349120000 0.9215250000
6921.7783200000 -1.0793150000 0.8902000000
7057.1162110000 -1.1260540000 0.8598910000
7195.1005860000 -1.1755000000 0.8305690000
7335.7827150000 -1.2281020000 0.8022010000
7479.2158200000 -1.2844190000 0.7747590000
7625.4531250000 -1.3451460000 0.7482140000
7774.5498050000 -1.4111720000 0.7225380000
7926.5620120000 -1.4836460000 0.6977040000
8081.5458980000 -1.5640930000 0.6736850000
8239.5605470000 -1.6545900000 0.6504570000
8400.6640630000 -1.7580610000 0.6279930000
8564.9189450000 -1.8788010000 0.6062710000
8732.3837890000 -2.0234640000 0.5852670000
8903.1240230000 -2.2031510000 0.5649620000
9077.2021480000 -2.4383930000 0.5455230000
9254.6845700000 -2.7740170000 0.5267340000
9435.6367190000 -3.3422080000 0.5085710000
9552.6904300000 -4.0852900000 0.4973250000
9553.4199220000 -4.0923260000 0.4972560000
9554.1601560000 -4.0995160000 0.4971860000
9554.9003910000 -4.1067590000 0.4971160000
9555.6298830000 -4.1139520000 0.4970470000
9556.3701170000 -4.1213030000 0.4969770000
9557.1103520000 -4.1287200000 0.4969070000
9557.8398440000 -4.1360680000 0.4968390000
9558.5800780000 -4.1435980000 0.4967690000
9559.3203130000 -4.1511770000 0.4966990000
9560.0498050000 -4.1587060000 0.4966300000
9560.7900390000 -4.1664040000 0.4965600000
9561.5302730000 -4.1741620000 0.4964910000
9562.2695310000 -4.1819720000 0.4964210000
9563.0000000000 -4.1897530000 0.4963520000
9563.7402340000 -4.1976990000 0.4962830000
9564.4804690000 -4.2057200000 0.4962130000
9565.2197270000 -4.2137870000 0.4961430000
9565.9599610000 -4.2219310000 0.4960740000
9566.6904300000 -4.2300370000 0.4960050000
9567.4296880000 -4.2383060000 0.4959350000
9568.1699220000 -4.2466570000 0.4958660000
9568.9101560000 -4.2550900000 0.4957960000
9569.6503910000 -4.2635840000 0.4957260000
9570.3896480000 -4.2721420000 0.4956570000
9571.1201170000 -4.2806740000 0.4955880000
9571.8603520000 -4.2893930000 0.4955190000
9572.5996090000 -4.2981780000 0.4954490000
9573.3398440000 -4.3070540000 0.4953800000
9574.0800780000 -4.3160220000 0.4953100000
9574.8203130000 -4.3250600000 0.4952410000
9575.5595700000 -4.3341700000 0.4951710000
9576.2998050000 -4.3433770000 0.4951020000
9577.0400390000 -4.3526690000 0.4950330000
9577.7802730000 -4.3620620000 0.4949630000
9578.5195310000 -4.3715210000 0.4948940000
9579.2597660000 -4.3810830000 0.4948240000
9580.0000000000 -4.3907380000 0.4947550000
9580.7402340000 -4.4004870000 0.4946860000
9581.4804690000 -4.4103340000 0.4946160000
9582.2197270000 -4.4202780000 0.4945470000
9582.9599610000 -4.4303240000 0.4944780000
9583.7001950000 -4.4404710000 0.4944080000
9584.4404300000 -4.4507230000 0.4943390000
9585.1796880000 -4.4610690000 0.4942700000
9585.9199220000 -4.4715500000 0.4942010000
9586.6699220000 -4.4822650000 0.4941310000
9587.4101560000 -4.4929590000 0.4940610000
9588.1503910000 -4.5037670000 0.4939920000
9588.8896480000 -4.5146950000 0.4939230000
9589.6298830000 -4.5257430000 0.4938540000
9590.3701170000 -4.5369140000 0.4937850000
9591.1201170000 -4.5483580000 0.4937150000
9591.8603520000 -4.5598010000 0.4936450000
9592.5996090000 -4.5713450000 0.4935760000
9593.3398440000 -4.5830400000 0.4935070000
9594.0800780000 -4.5948720000 0.4934380000
9594.8300780000 -4.6070170000 0.4933680000
9595.5703130000 -4.6191360000 0.4932990000
9596.3095700000 -4.6313880000 0.4932300000
9597.0498050000 -4.6438070000 0.4931610000
9597.7998050000 -4.6565600000 0.4930910000
9598.5400390000 -4.6692960000 0.4930220000
9599.2802730000 -4.6821940000 0.4929530000
9600.0302730000 -4.6954280000 0.4928830000
9600.7695310000 -4.7086670000 0.4928140000
9601.5097660000 -4.7220820000 0.4927450000
9602.2597660000 -4.7358530000 0.4926760000
9603.0000000000 -4.7496350000 0.4926070000
9603.7402340000 -4.7636260000 0.4925380000
9604.4902340000 -4.7779790000 0.4924680000
9605.2304690000 -4.7923510000 0.4923990000
9605.9804690000 -4.8071370000 0.4923290000
9606.7197270000 -4.8219120000 0.4922600000
9607.4697270000 -4.8371200000 0.4921910000
9608.2099610000 -4.8523600000 0.4921220000
9608.9501950000 -4.8678520000 0.4920530000
9609.7001950000 -4.8837680000 0.4919830000
9610.4404300000 -4.8997280000 0.4919150000
9611.1904300000 -4.9161750000 0.4918450000
9611.9296880000 -4.9326340000 0.4917760000
9612.6796880000 -4.9496020000 0.4917070000
9613.4296880000 -4.9668790000 0.4916370000
9614.1699220000 -4.9842050000 0.4915680000
9614.9199220000 -5.0020590000 0.4914990000
9615.6601560000 -5.0199970000 0.4914300000
9616.4101560000 -5.0385150000 0.4913600000
9617.1503910000 -5.0571080000 0.4912920000
9617.9003910000 -5.0763150000 0.4912220000
9618.6503910000 -5.0958630000 0.4911530000
9619.3896480000 -5.1155090000 0.4910840000
9620.1269530000 -5.1354850000 0.4910160000
9620.1396480000 -5.1358500000 0.4910150000
9620.8798830000 -5.1563090000 0.4909460000
9621.6298830000 -5.1774540000 0.4908770000
9622.3798830000 -5.1990690000 0.4908070000
9623.1298830000 -5.2211200000 0.4907380000
9623.8701170000 -5.2433610000 0.4906690000
9624.6201170000 -5.2664180000 0.4906000000
9625.3701170000 -5.2899700000 0.4905310000
9626.1103520000 -5.3137610000 0.4904620000
9626.8603520000 -5.3384600000 0.4903930000
9627.6103520000 -5.3637290000 0.4903230000
9628.3603520000 -5.3896630000 0.4902540000
9629.0996090000 -5.4158510000 0.4901860000
9629.8496090000 -5.4431020000 0.4901160000
9630.5996090000 -5.4711220000 0.4900470000
9631.3496090000 -5.4998810000 0.4899780000
9632.0996090000 -5.5294560000 0.4899090000
9632.8398440000 -5.5595410000 0.4898400000
9633.5898440000 -5.5908830000 0.4897710000
9634.3398440000 -5.6232370000 0.4897020000
9635.0898440000 -5.6565800000 0.4896330000
9635.8398440000 -5.6910220000 0.4895630000
9636.5898440000 -5.7266810000 0.4894940000
9637.3398440000 -5.7635480000 0.4894250000
9638.0898440000 -5.8018080000 0.4893560000
9638.8398440000 -5.8414630000 0.4892870000
9639.5898440000 -5.8827260000 0.4892180000
9640.3300780000 -5.9250620000 0.4891500000
9641.0800780000 -5.9697510000 0.4890810000
9641.8300780000 -6.0164810000 0.4890110000
9642.5800780000 -6.0653130000 0.4889420000
9643.3300780000 -6.1165120000 0.4888730000
9644.0800780000 -6.1703890000 0.4888040000
9644.8300780000 -6.2270820000 0.4887350000
9645.5800780000 -6.2870610000 0.4886660000
9646.3398440000 -6.3513870000 0.4885970000
9647.0898440000 -6.4190650000 0.4885280000
9647.8398440000 -6.4912540000 0.4884590000
9648.5898440000 -6.5688040000 0.4883900000
9649.3398440000 -6.6523390000 0.4883210000
9650.0898440000 -6.7431020000 0.4882520000
9650.8398440000 -6.8421780000 0.4881830000
9651.5898440000 -6.9513920000 0.4881140000
9652.3398440000 -7.0732050000 0.4880450000
9653.0898440000 -7.2104940000 0.4879760000
9653.8496090000 -7.3703630000 0.4879070000
9654.5996090000 -7.5554590000 0.4878380000
9655.3496090000 -7.7795360000 0.4877690000
9656.0996090000 -8.0624950000 0.4877000000
9656.8496090000 -8.4479310000 0.4876310000
9657.6103520000 -9.0637010000 0.4875620000
9658.3603520000 -10.5992420000 0.4874930000
9659.1103520000 -9.7964320000 3.8978950000
9659.8603520000 -8.8129750000 3.8972690000
9660.6201170000 -8.3000630000 3.8966360000
9661.3701170000 -7.9559140000 3.8960110000
9662.1201170000 -7.6948690000 3.8953870000
9662.8701170000 -7.4840040000 3.8947620000
9663.6298830000 -7.3053690000 3.8941310000
9664.3798830000 -7.1534010000 3.8935070000
9665.1298830000 -7.0200780000 3.8928830000
9665.8896480000 -6.8996010000 3.8922510000
9666.6396480000 -6.7924390000 3.8916290000
9667.4003910000 -6.6933480000 3.8909960000
9668.1503910000 -6.6037360000 3.8903740000
9668.9003910000 -6.5207450000 3.8897510000
9669.6601560000 -6.4426000000 3.8891200000
9670.4101560000 -6.3705830000 3.8884990000
9671.1699220000 -6.3020420000 3.8878680000
9671.9199220000 -6.2383540000 3.8872470000
9672.6699220000 -6.1780460000 3.8866250000
9673.4296880000 -6.1202030000 3.8859960000
9674.1796880000 -6.0658250000 3.8853750000
9674.9404300000 -6.0133360000 3.8847460000
9675.6904300000 -5.9638220000 3.8841250000
9676.4501950000 -5.9158810000 3.8834970000
9677.2001950000 -5.8704220000 3.8828760000
9677.9599610000 -5.8261970000 3.8822480000
9678.7197270000 -5.7837050000 3.8816210000
9679.4697270000 -5.7432210000 3.8810010000
9680.2304690000 -5.7036620000 3.8803730000
9680.9804690000 -5.6659220000 3.8797540000
9681.7402340000 -5.6289990000 3.8791280000
9682.4902340000 -5.5936490000 3.8785090000
9683.2500000000 -5.5589490000 3.8778820000
9684.0097660000 -5.5253280000 3.8772560000
9684.7597660000 -5.4930460000 3.8766380000
9685.5195310000 -5.4613100000 3.8760130000
9686.2802730000 -5.4303670000 3.8753860000
9687.0302730000 -5.4006960000 3.8747690000
9687.7900390000 -5.3713860000 3.8741440000
9688.5498050000 -5.3428170000 3.8735180000
9689.2998050000 -5.3153320000 3.8729020000
9690.0595700000 -5.2881290000 3.8722770000
9690.8203130000 -5.2615310000 3.8716520000
9691.5800780000 -5.2356070000 3.8710290000
9692.3300780000 -5.2105470000 3.8704130000
9693.0898440000 -5.1857510000 3.8697900000
9693.8496090000 -5.1614560000 3.8691660000
9694.6103520000 -5.1376400000 3.8685420000
9695.3701170000 -5.1143700000 3.8679190000
9696.1201170000 -5.0918230000 3.8673040000
9696.8798830000 -5.0694360000 3.8666820000
9697.6396480000 -5.0475080000 3.8660600000
9698.4003910000 -5.0259410000 3.8654370000
9699.1601560000 -5.0048000000 3.8648150000
9699.9199220000 -4.9840710000 3.8641940000
9700.6796880000 -4.9636860000 3.8635720000
9701.4404300000 -4.9436340000 3.8629500000
9702.1904300000 -4.9242220000 3.8623370000
9702.9501950000 -4.9048690000 3.8617160000
9703.7099610000 -4.8858620000 3.8610960000
9704.4697270000 -4.8671420000 3.8604760000
9705.2304690000 -4.8487010000 3.8598550000
9705.9902340000 -4.8305970000 3.8592360000
9706.7500000000 -4.8127540000 3.8586160000
9707.5097660000 -4.7951830000 3.8579960000
9708.2695310000 -4.7778990000 3.8573770000
9709.0302730000 -4.7608290000 3.8567570000
9709.7900390000 -4.7440310000 3.8561380000
9710.5498050000 -4.7274950000 3.8555200000
9711.3095700000 -4.7111740000 3.8549020000
9712.0703130000 -4.6950610000 3.8542830000
9712.8398440000 -4.6789930000 3.8536570000
9713.5996090000 -4.6633600000 3.8530400000
9714.3603520000 -4.6478990000 3.8524210000
9715.1201170000 -4.6326620000 3.8518040000
9715.8798830000 -4.6176420000 3.8511870000
9716.6396480000 -4.6027970000 3.8505700000
9717.4003910000 -4.5881220000 3.8499530000
9718.1601560000 -4.5736500000 3.8493360000
9718.9296880000 -4.5591970000 3.8487130000
9719.6904300000 -4.5450640000 3.8480960000
9720.4501950000 -4.5311180000 3.8474800000
9721.2099610000 -4.5173570000 3.8468650000
9721.9697270000 -4.5037400000 3.8462490000
9722.7402340000 -4.4900970000 3.8456260000
9723.5000000000 -4.4767960000 3.8450110000
9724.2597660000 -4.4636620000 3.8443970000
9725.0302730000 -4.4504810000 3.8437730000
9725.7900390000 -4.4376250000 3.8431590000
9726.5498050000 -4.4249100000 3.8425450000
9727.3095700000 -4.4123490000 3.8419320000
9728.0800780000 -4.3997360000 3.8413090000
9728.8398440000 -4.3874280000 3.8406960000
9729.5996090000 -4.3752480000 3.8400820000
9730.3701170000 -4.3630300000 3.8394610000
9731.1298830000 -4.3511190000 3.8388490000
9731.9003910000 -4.3391510000 3.8382280000
9732.6601560000 -4.3274660000 3.8376150000
9733.4199220000 -4.3158970000 3.8370030000
9734.1904300000 -4.3042980000 3.8363830000
9734.9501950000 -4.2929560000 3.8357710000
9735.7197270000 -4.2815840000 3.8351520000
9736.4804690000 -4.2704460000 3.8345400000
9737.2500000000 -4.2592910000 3.8339210000
9738.0097660000 -4.2483910000 3.8333110000
9738.7695310000 -4.2375790000 3.8327000000
9739.5400390000 -4.2267190000 3.8320810000
9740.3095700000 -4.2159720000 3.8314630000
9741.0703130000 -4.2054420000 3.8308530000
9741.8398440000 -4.1949020000 3.8302360000
9742.5996090000 -4.1845730000 3.8296260000
9743.3701170000 -4.1741930000 3.8290080000
9744.1298830000 -4.1640450000 3.8283990000
9744.9003910000 -4.1538460000 3.8277820000
9745.6601560000 -4.1438850000 3.8271740000
9746.4296880000 -4.1338720000 3.8265570000
9747.2001950000 -4.1239310000 3.8259410000
9747.9599610000 -4.1142090000 3.8253330000
9748.7304690000 -4.1044340000 3.8247160000
9749.5000000000 -4.0947520000 3.8241010000
9750.2597660000 -4.0852800000 3.8234940000
9751.0302730000 -4.0757430000 3.8228790000
9751.7998050000 -4.0662940000 3.8222640000
9752.5595700000 -4.0570370000 3.8216570000
9753.3300780000 -4.0477270000 3.8210420000
9754.0996090000 -4.0385010000 3.8204280000
9754.8701170000 -4.0293360000 3.8198130000
9755.6298830000 -4.0203770000 3.8192080000
9756.4003910000 -4.0113530000 3.8185940000
9757.1699220000 -4.0024080000 3.8179810000
9757.9404300000 -3.9935200000 3.8173670000
9758.7001950000 -3.9848190000 3.8167620000
9759.4697270000 -3.9760740000 3.8161500000
9760.2402340000 -3.9673820000 3.8155370000
9761.0097660000 -3.9587660000 3.8149240000
9761.7802730000 -3.9502010000 3.8143120000
9762.5498050000 -3.9417200000 3.8137010000
9808.2246090000 -3.5234740000 3.7777880000
10000.0000000000 -2.5644080000 3.6349080000
10195.5253900000 -2.0386490000 3.5013550000
10394.8730500000 -1.6793700000 3.3764890000
10598.1191400000 -1.4104130000 3.2597210000
10805.3388700000 -1.1985910000 3.1505150000
11016.6103500000 -1.0261900000 3.0483800000
11232.0127000000 -0.8825210000 2.9528640000
11451.6259800000 -0.7605760000 2.8635550000
11675.5341800000 -0.6554650000 2.7800720000
11903.8203100000 -0.5636190000 2.7020700000
12136.5693400000 -0.4823260000 2.6292290000
12373.8701200000 -0.4094570000 2.5612570000
12615.8105500000 -0.2518890000 2.4935300000
12862.4814500000 -0.1853310000 2.4154030000
13113.9746100000 -0.1255970000 2.3394160000
13370.3857400000 -0.0719000000 2.2655220000
13631.8105500000 -0.0235840000 2.1936720000
13898.3466800000 0.0199120000 2.1238210000
14170.0937500000 0.0590710000 2.0559230000
14447.1543000000 0.0943100000 1.9899310000
14729.6328100000 0.1259940000 1.9258030000
15017.6337900000 0.1544440000 1.8634940000
15311.2666000000 0.1799450000 1.8029610000
15610.6396500000 0.2027500000 1.7441630000
15915.8671900000 0.2230860000 1.6870570000
16227.0615200000 0.2411560000 1.6316030000
16544.3418000000 0.2571430000 1.5777610000
16867.8242200000 0.2712160000 1.5254930000
17197.6328100000 0.2835240000 1.4747580000
17533.8906300000 0.2942050000 1.4255190000
17876.7207000000 0.3033860000 1.3777400000
18226.2558600000 0.3111820000 1.3313830000
18582.6250000000 0.3176990000 1.2864140000
18945.9628900000 0.3230330000 1.2427950000
19316.4023400000 0.3272760000 1.2004940000
19694.0878900000 0.3261910000 1.1599350000
20079.1562500000 0.3284650000 1.1206330000
20471.7539100000 0.3299180000 1.0825550000
20872.0273400000 0.3306140000 1.0456650000
21280.1289100000 0.3306140000 1.0099300000
21696.2070300000 0.3299730000 0.9753170000
22120.4238300000 0.3284430000 0.9418020000
22552.9335900000 0.3264440000 0.9093520000
22993.8984400000 0.3241960000 0.8779320000
23443.4882800000 0.3214950000 0.8475110000
23901.8671900000 0.3183800000 0.8180620000
24369.2070300000 0.3148870000 0.7895560000
24845.6875000000 0.3110500000 0.7619660000
25331.4824200000 0.3068980000 0.7352650000
25826.7753900000 0.3013670000 0.7094480000
26331.7539100000 0.2966850000 0.6844740000
26846.6054700000 0.2917680000 0.6603480000
27371.5234400000 0.2866490000 0.6371050000
27906.7070300000 0.2813630000 0.6146320000
28452.3515600000 0.2759320000 0.5929060000
29008.6660200000 0.2703740000 0.5719030000
29575.8593800000 0.2647080000 0.5516000000
30154.1406300000 0.2589490000 0.5319770000
30743.7304700000 0.2531120000 0.5130120000
31344.8476600000 0.2472130000 0.4946840000
31957.7168000000 0.2412640000 0.4769730000
32582.5703100000 0.2352770000 0.4598600000
33219.6406300000 0.2292630000 0.4433260000
33869.1679700000 0.2232340000 0.4273530000
34531.3945300000 0.2171990000 0.4119230000
35206.5703100000 0.2111660000 0.3970180000
35894.9492200000 0.2051450000 0.3826230000
36596.7851600000 0.1991410000 0.3687200000
37312.3437500000 0.1931640000 0.3552940000
38041.8906300000 0.1872190000 0.3423300000
38785.7070300000 0.1813110000 0.3298130000
39544.0625000000 0.1754270000 0.3177280000
40317.2500000000 0.1696120000 0.3060620000
41105.5546900000 0.1638490000 0.2948010000
41909.2695300000 0.1572950000 0.2839350000
42728.6992200000 0.1516410000 0.2734950000
43564.1523400000 0.1460550000 0.2634210000
44415.9414100000 0.1405400000 0.2537020000
45284.3867200000 0.1350990000 0.2443260000
46169.8085900000 0.1297320000 0.2352800000
47072.5429700000 0.1244430000 0.2265560000
47992.9296900000 0.1192330000 0.2181400000
48931.3125000000 0.1141030000 0.2100230000
49888.0429700000 0.1090560000 0.2021960000
50863.4765600000 0.1040910000 0.1946470000
51857.9843800000 0.0992110000 0.1873680000
52871.9375000000 0.0944140000 0.1803490000
53905.7187500000 0.0897030000 0.1735820000
54959.7109400000 0.0850770000 0.1670570000
56034.3085900000 0.0805370000 0.1607680000
57129.9218800000 0.0760830000 0.1547050000
58246.9531300000 0.0717140000 0.1488610000
59385.8281300000 0.0674310000 0.1432280000
60546.9687500000 0.0632330000 0.1378000000
61730.8125000000 0.0591180000 0.1325680000
62937.8046900000 0.0551590000 0.1275260000
64168.3984400000 0.0512120000 0.1226670000
65423.0507800000 0.0473490000 0.1179860000
66702.2343800000 0.0435690000 0.1134760000
68006.4296900000 0.0398700000 0.1091310000
69336.1250000000 0.0362510000 0.1049450000
70691.8203100000 0.0327130000 0.1009130000
72074.0234400000 0.0292540000 0.0970300000
73483.2500000000 0.0258730000 0.0932900000
74920.0312500000 0.0225690000 0.0896880000
76384.9062500000 0.0193400000 0.0862190000
77878.4218800000 0.0161870000 0.0828790000
79401.1406300000 0.0131080000 0.0796630000
80953.6328100000 0.0101030000 0.0765920000
82536.4765600000 0.0071730000 0.0736500000
84150.2734400000 0.0043160000 0.0708190000
85795.6250000000 0.0015320000 0.0680950000
87473.1406300000 -0.0011820000 0.0654730000
89183.4609400000 -0.0038260000 0.0629490000
90927.2187500000 -0.0064030000 0.0605210000
92705.0781300000 -0.0089120000 0.0581840000
94517.6953100000 -0.0113560000 0.0559360000
96365.7500000000 -0.0137360000 0.0537720000
98249.9453100000 -0.0160540000 0.0516900000
100170.9766000000 -0.0183090000 0.0496870000
102129.5703000000 -0.0205050000 0.0477600000
104126.4609000000 -0.0226420000 0.0459060000
106162.3906000000 -0.0247210000 0.0441230000
108238.1328000000 -0.0267440000 0.0424070000
110354.4609000000 -0.0287120000 0.0407560000
112512.1641000000 -0.0306260000 0.0391680000
114712.0547000000 -0.0324870000 0.0376410000
116954.9688000000 -0.0342970000 0.0361720000
119241.7266000000 -0.0360570000 0.0347590000
121573.2031000000 -0.0377670000 0.0334000000
123950.2656000000 -0.0394300000 0.0320930000
126373.8047000000 -0.0410460000 0.0308360000
128844.7266000000 -0.0426170000 0.0296270000
131363.9688000000 -0.0441430000 0.0284640000
133932.4531000000 -0.0456250000 0.0273460000
136551.1719000000 -0.0470650000 0.0262710000
139221.0938000000 -0.0484640000 0.0252380000
141943.2188000000 -0.0498230000 0.0242440000
144718.5625000000 -0.0511430000 0.0232880000
147548.1719000000 -0.0524240000 0.0223700000
150433.1094000000 -0.0536680000 0.0214860000
153374.4531000000 -0.0548760000 0.0206370000
156373.2969000000 -0.0560480000 0.0198210000
159430.7969000000 -0.0571860000 0.0190360000
162548.0625000000 -0.0582900000 0.0182820000
165726.2813000000 -0.0593620000 0.0175570000
168966.6406000000 -0.0604020000 0.0168600000
172270.3750000000 -0.0614110000 0.0161900000
175638.6875000000 -0.0623900000 0.0155460000
179072.8594000000 -0.0633400000 0.0149280000
182574.1875000000 -0.0642610000 0.0143330000
186143.9688000000 -0.0651540000 0.0137620000
189783.5469000000 -0.0660210000 0.0132120000
193494.2969000000 -0.0668610000 0.0126850000
197277.5938000000 -0.0676760000 0.0121780000
201134.8594000000 -0.0684660000 0.0116910000
205067.5469000000 -0.0692310000 0.0112220000
209077.1406000000 -0.0699740000 0.0107730000
213165.1250000000 -0.0706930000 0.0103410000
217333.0313000000 -0.0713910000 0.0099250000
221582.4375000000 -0.0720670000 0.0095270000
225914.9219000000 -0.0727210000 0.0091430000
230332.1250000000 -0.0733560000 0.0087750000
234835.7031000000 -0.0739710000 0.0084220000
239427.3281000000 -0.0745670000 0.0080820000
244108.7344000000 -0.0751440000 0.0077560000
248881.6719000000 -0.0757030000 0.0074430000
253747.9219000000 -0.0762440000 0.0071420000
258709.3281000000 -0.0767690000 0.0068530000
263767.7500000000 -0.0772770000 0.0065760000
268925.0625000000 -0.0777680000 0.0063090000
274183.2188000000 -0.0782450000 0.0060530000
279544.1875000000 -0.0787060000 0.0058070000
285010.0000000000 -0.0791520000 0.0055710000
290582.6563000000 -0.0795840000 0.0053450000
296264.2500000000 -0.0800020000 0.0051270000
302056.9688000000 -0.0804070000 0.0049180000
307962.9375000000 -0.0807990000 0.0047180000
313984.3750000000 -0.0811780000 0.0045250000
320123.5625000000 -0.0815460000 0.0043410000
326382.7813000000 -0.0819010000 0.0041630000
332764.3750000000 -0.0822440000 0.0039930000
339270.7500000000 -0.0825770000 0.0038290000
345904.3438000000 -0.0828980000 0.0036730000
352667.6563000000 -0.0832090000 0.0035220000
359563.1875000000 -0.0835100000 0.0033770000
366593.5625000000 -0.0838020000 0.0032390000
373761.3750000000 -0.0840830000 0.0031060000
381069.3438000000 -0.0843550000 0.0029780000
388520.2188000000 -0.0846190000 0.0028550000
396116.7500000000 -0.0848730000 0.0027380000
403861.8125000000 -0.0851200000 0.0026250000
411758.3438000000 -0.0853580000 0.0025160000
419809.2500000000 -0.0855880000 0.0024120000
428017.5625000000 -0.0858100000 0.0023130000
436386.3750000000 -0.0860250000 0.0022170000
444918.8125000000 -0.0862330000 0.0021250000
453618.0938000000 -0.0864340000 0.0020370000
462487.4688000000 -0.0866280000 0.0019530000
471530.2500000000 -0.0868160000 0.0018710000
480749.8438000000 -0.0869970000 0.0017940000
490149.7188000000 -0.0871720000 0.0017190000
499733.3750000000 -0.0873420000 0.0016480000
509504.4063000000 -0.0875050000 0.0015790000
519466.5000000000 -0.0876630000 0.0015130000
529623.3750000000 -0.0878160000 0.0014500000
539978.8125000000 -0.0879630000 0.0013900000
550536.7500000000 -0.0881060000 0.0013320000
561301.1250000000 -0.0882440000 0.0012760000
572276.0000000000 -0.0883760000 0.0012220000
583465.4375000000 -0.0885050000 0.0011710000
594873.6250000000 -0.0886290000 0.0011220000
606504.8750000000 -0.0887480000 0.0010750000
618363.5625000000 -0.0888640000 0.0010300000
630454.1250000000 -0.0889760000 0.0009870000
642781.1250000000 -0.0890830000 0.0009450000
655349.0625000000 -0.0891870000 0.0009050000
668162.8125000000 -0.0892880000 0.0008670000
681227.0625000000 -0.0893850000 0.0008310000
694546.7500000000 -0.0894780000 0.0007960000
