30.0000000000 -39.1182860000 8.0753270000
30.5865750000 -38.9789960000 8.0952800000
31.1846200000 -38.8397600000 8.1129320000
31.7943570000 -38.7006840000 8.1282680000
32.4160160000 -38.5618930000 8.1412750000
33.0498310000 -38.4235040000 8.1519420000
33.6960370000 -38.2856520000 8.1602600000
34.3548770000 -38.1484720000 8.1662210000
35.0266040000 -38.0121150000 8.1698210000
35.7114600000 -37.8767320000 8.1710560000
36.4097100000 -37.7424960000 8.1699250000
37.1216090000 -37.6095920000 8.1664300000
37.8474310000 -37.4782180000 8.1605730000
38.5874440000 -37.3485870000 8.1523600000
39.3419230000 -37.2209510000 8.1417990000
40.1111560000 -37.0955700000 8.1288980000
40.8954320000 -36.9727520000 8.1136680000
41.6950380000 -36.8528520000 8.0961240000
42.5102810000 -36.7362590000 8.0762800000
43.3414650000 -36.6234510000 8.0541520000
44.1888960000 -36.5149770000 8.0297620000
45.0529020000 -36.4115070000 8.0031300000
45.9338000000 -36.3138580000 7.9742780000
46.8319210000 -36.2230420000 7.9432320000
47.7476010000 -36.1403430000 7.9100170000
48.6811870000 -36.0674250000 7.8746630000
49.6330260000 -36.0065000000 7.8372000000
50.6034740000 -35.9605900000 7.7976590000
51.5928990000 -35.9339490000 7.7560730000
52.6016690000 -35.9328160000 7.7124790000
53.6301650000 -35.9667820000 7.6669120000
54.6787680000 -36.0514640000 7.6194100000
55.7478750000 -36.2143360000 7.5700130000
56.8378870000 -36.1951790000 0.1403240000
57.9492070000 -35.3383750000 9.8906560000
59.0822600000 -34.8457790000 9.6578520000
60.2374690000 -34.5151600000 9.4399940000
61.4152600000 -34.2911720000 9.2353920000
62.6160810000 -37.3558500000 0.5070220000
63.8403850000 -35.0374600000 0.2418600000
65.0886230000 -34.4861830000 9.9981700000
66.3612670000 -34.1090660000 9.7735820000
67.6587980000 -33.8158680000 9.5660010000
68.9816970000 -33.5745890000 9.3735750000
70.3304600000 -33.3692550000 9.1946680000
71.7055970000 -33.1904340000 9.0278260000
73.1076200000 -33.0319980000 8.8717630000
74.5370640000 -32.8897290000 8.7253370000
75.9944460000 -32.7605780000 8.5875340000
77.4803310000 -32.6423190000 8.4574510000
78.9952620000 -32.5332830000 8.3342870000
80.5398180000 -32.4322200000 8.2173270000
82.1145710000 -32.3382190000 8.1059340000
83.7201160000 -32.2506330000 7.9995420000
85.3570560000 -32.1690710000 7.8976450000
87.0260010000 -32.0933800000 7.7997930000
88.7275770000 -32.0236930000 7.7055830000
90.4624250000 -31.9605180000 7.6146570000
92.2311940000 -31.9049320000 7.5266950000
94.0345380000 -31.8590300000 7.4414120000
95.8731540000 -31.8799670000 7.5537800000
97.7477110000 -31.7334590000 7.4793660000
99.6589200000 -31.6350360000 7.4070240000
101.6075060000 -31.5500870000 7.3365680000
103.5941850000 -31.4723760000 7.2678360000
105.6197130000 -31.3996240000 7.2006810000
107.6848450000 -31.3307380000 7.1349740000
109.7903520000 -31.2651310000 7.0706010000
111.9370270000 -31.2024440000 7.0074600000
114.1256790000 -31.1424600000 6.9454630000
116.3571170000 -31.0850410000 6.8845320000
118.6321950000 -31.0301020000 6.8246010000
120.9517520000 -30.9775980000 6.7656120000
123.3166580000 -30.9275090000 6.7075160000
125.7278060000 -30.8798390000 6.6502730000
128.1860960000 -30.8346020000 6.5938510000
130.6924590000 -30.7918300000 6.5382220000
133.2478330000 -30.7515660000 6.4833690000
135.8531490000 -30.7138630000 6.4292810000
138.5094300000 -30.6787850000 6.3759500000
141.2176360000 -30.6463970000 6.3233780000
143.9787900000 -30.6167810000 6.2715710000
146.7939300000 -30.5900210000 6.2205410000
149.6641240000 -30.5662120000 6.1703070000
152.5904390000 -30.5454540000 6.1208930000
155.5739590000 -30.5278550000 6.0723300000
158.6158140000 -30.5135330000 6.0246540000
161.7171480000 -30.5026130000 5.9779080000
164.8791350000 -30.4952300000 5.9321440000
168.1029360000 -30.4915280000 5.8874160000
171.3897710000 -30.4916610000 5.8437910000
174.7408600000 -30.4957920000 5.8013420000
178.1574860000 -30.5040990000 5.7601490000
181.6409150000 -30.5167690000 5.7203030000
185.1924440000 -30.5340060000 5.6819030000
188.8134160000 -30.5560260000 5.6450620000
192.5051880000 -30.5830650000 5.6099030000
196.2691500000 -30.6153720000 5.5765610000
200.1067050000 -30.6532170000 5.5451870000
204.0192870000 -30.6968960000 5.5159460000
208.0083770000 -30.7467230000 5.4890200000
212.0754700000 -30.8030430000 5.4646120000
216.2220760000 -30.8662300000 5.4429440000
220.4497530000 -30.9366890000 5.4242620000
224.7601010000 -30.4130290000 5.4002470000
229.1547240000 -30.4693070000 5.3543440000
233.6352690000 -30.5337580000 5.3091450000
238.2034300000 -30.6069950000 5.2647330000
242.8609010000 -30.6896970000 5.2212020000
247.6094360000 -30.7826350000 5.1786520000
252.4508210000 -30.6128980000 5.1310420000
257.3868710000 -30.7152900000 5.0752150000
262.4194340000 -30.8306330000 5.0192680000
267.5503850000 -30.9602430000 4.9632120000
272.7816770000 -31.1056610000 4.9070630000
278.1152340000 -31.2687020000 4.8508340000
283.5530700000 -31.4515130000 4.7945410000
289.0972600000 -31.6566850000 4.7381960000
294.7498170000 -31.8873520000 4.6818150000
300.5129390000 -32.1473770000 4.6254120000
306.3887020000 -32.4415860000 4.5690040000
312.3793640000 -32.7761040000 4.5126030000
318.4871830000 -33.1588590000 4.4562260000
324.7143860000 -33.6003460000 4.3998880000
331.0633850000 -34.1148110000 4.3436040000
337.5364990000 -34.7221870000 4.2873900000
344.1361690000 -35.4513820000 4.2312600000
350.8648990000 -36.3462180000 4.1752310000
357.7251890000 -37.4768220000 4.1193180000
364.7196040000 -38.9634970000 4.0635370000
371.8508000000 -40.8867300000 9.2406930000
379.1213990000 -40.2449420000 3.1935150000
386.5341800000 -38.9834940000 3.6802800000
394.0918880000 -38.1833110000 4.1765300000
401.7973630000 -37.5817410000 4.6795160000
409.6535340000 -37.0751270000 5.1870590000
417.6632690000 -36.6166190000 5.6968310000
425.8296200000 -36.1812130000 6.2063790000
434.1556700000 -35.7542460000 6.7131390000
442.6445010000 -35.3267330000 7.2144430000
451.2993160000 -34.8931270000 7.7075500000
460.1233520000 -34.4502260000 8.1896690000
469.1199040000 -33.9965590000 8.6579700000
478.2923890000 -33.5321120000 9.1096230000
487.6441960000 -33.0582010000 9.5418150000
497.1788640000 -32.5774960000 9.9517750000
506.8999330000 -32.0942310000 0.3368090000
516.8110960000 -31.6145670000 0.6943130000
526.9160770000 -31.1472820000 1.0218200000
537.2185670000 -30.7050500000 1.3169960000
547.7225340000 -30.3067110000 1.5776900000
558.4318850000 -29.9818400000 1.8019470000
569.3506470000 -29.7804660000 1.9880260000
580.4828490000 -29.5088010000 5.3000740000
591.8327640000 -28.0735800000 5.4145700000
603.4046020000 -28.1195370000 6.8378220000
615.2026370000 -25.9254260000 6.8752190000
627.2313840000 -24.6112730000 6.8676760000
639.4953610000 -23.4592840000 6.8150310000
651.9990840000 -22.3964610000 6.7174260000
664.7473140000 -21.3993450000 6.5752850000
677.7447510000 -20.4600090000 6.3893260000
690.9963990000 -19.5784400000 6.1605400000
704.5070800000 -18.7612110000 5.8901920000
718.2819820000 -18.9898380000 6.6208380000
732.3261720000 -17.1490570000 6.2728980000
746.6450200000 -16.0956820000 5.8882260000
761.2437740000 -15.1694440000 5.4689960000
776.1279910000 -14.3196600000 5.0175440000
791.3032230000 -13.5308200000 4.5363690000
806.7752080000 -12.7965210000 4.0280900000
822.5496830000 -12.1137930000 3.4954240000
838.6325680000 -11.4811520000 2.9411700000
855.0299680000 -10.8978290000 2.3681620000
871.7479250000 -10.3634000000 1.7792630000
888.7927860000 -9.8775760000 1.1773260000
906.1708980000 -9.4400960000 0.5651840000
923.8888550000 -9.0506170000 9.9456040000
941.9531860000 -8.7086330000 9.3212910000
960.3707280000 -8.4132630000 8.6948490000
979.1483760000 -8.1627550000 8.0687710000
998.2931520000 -7.9527990000 7.4454250000
1017.8123170000 -7.7181540000 7.0360530000
1037.7131350000 -7.4941580000 6.6519490000
1058.0029300000 -7.2846430000 6.2729550000
1078.6895750000 -7.0867930000 5.8991580000
1099.7806400000 -6.9012540000 5.5305980000
1121.2841800000 -6.7275350000 5.1673250000
1143.2080080000 -6.5651780000 4.8093810000
1165.5606690000 -6.4137500000 4.4568030000
1188.3502200000 -6.2757450000 4.1096770000
1211.5854490000 -6.1452400000 3.7680270000
1235.2750240000 -6.0352910000 3.4328380000
1259.4277340000 -5.9248910000 3.1033410000
1284.0527340000 -5.8234980000 2.7795000000
1309.1591800000 -5.7307910000 2.4613130000
1334.7564700000 -5.6464670000 2.1487770000
1360.8542480000 -5.5702390000 1.8418820000
1387.4624020000 -5.5018400000 1.5406130000
1414.5908200000 -5.4410130000 1.2449520000
1442.2495120000 -5.3875240000 0.9548800000
1470.4492190000 -5.4046200000 0.6708020000
1499.2000730000 -5.4125880000 0.3959460000
1528.5131840000 -5.3564270000 0.1281810000
1558.3995360000 -5.3306890000 9.8659320000
1588.8701170000 -5.3109230000 9.6091270000
1619.9365230000 -5.2969930000 9.3576900000
1651.6103520000 -5.2887820000 9.1115400000
1683.9034420000 -5.2861920000 8.8706050000
1716.8280030000 -5.2891410000 8.6348090000
1750.3962400000 -5.2975660000 8.4040750000
1784.6208500000 -5.3114320000 8.1783270000
1819.5146480000 -5.3340740000 7.9575800000
1855.0908200000 -5.3588230000 7.7416800000
1891.3624270000 -5.3890060000 7.5305450000
1928.3432620000 -5.4246720000 7.3241000000
1966.0472410000 -5.4659010000 7.1222720000
2004.4884030000 -5.5128050000 6.9249840000
2043.6811520000 -5.5655260000 6.7321670000
2083.6401370000 -5.6242530000 6.5437470000
2124.3806150000 -5.6892150000 6.3596490000
2165.9174800000 -5.7606960000 6.1798060000
2208.2666020000 -5.8390400000 6.0041430000
2251.4438480000 -5.9246630000 5.8325900000
2295.4653320000 -6.0627250000 5.6656090000
2340.3474120000 -6.1646950000 5.5044570000
2386.1069340000 -6.2756440000 5.3472080000
2432.7612300000 -6.4239990000 5.1945140000
2480.3278810000 -6.5558100000 5.0463190000
2528.8244630000 -6.6997580000 4.9018050000
2578.2692870000 -6.8574350000 4.7609000000
2628.6809080000 -7.0308270000 4.6235260000
2680.0783690000 -7.2224300000 4.4896120000
2732.4804690000 -7.4354400000 4.3590860000
2785.9074710000 -7.6740140000 4.2318770000
2840.3789060000 -7.9436940000 4.1079160000
2895.9152830000 -8.2620330000 3.9873810000
2952.5378420000 -8.6199720000 3.8702450000
3010.2673340000 -9.0435300000 3.7564100000
3069.1254880000 -9.5585100000 3.6467620000
3129.1347660000 -10.2075930000 3.5400710000
3190.3171390000 -11.0762400000 3.4362650000
3252.6958010000 -12.3757550000 3.3352720000
3316.2941890000 -15.0123690000 3.2370240000
3338.3898930000 -17.4514010000 3.2039500000
3338.4799800000 -17.4683720000 3.2038170000
3338.5700680000 -17.4854600000 3.2036830000
3338.6599120000 -17.5026250000 3.2035490000
3338.7500000000 -17.5199110000 3.2034160000
3338.8400880000 -17.5373650000 3.2032820000
3338.9299320000 -17.5549010000 3.2031490000
3339.0200200000 -17.5726090000 3.2030150000
3339.1101070000 -17.5904480000 3.2028810000
3339.1999510000 -17.6083720000 3.2027480000
3339.2900390000 -17.6264740000 3.2026140000
3339.3798830000 -17.6446190000 3.2024810000
3339.4699710000 -17.6629940000 3.2023470000
3339.5600590000 -17.6815110000 3.2022140000
3339.6499020000 -17.7001210000 3.2020800000
3339.7399900000 -17.7189240000 3.2019470000
3339.8300780000 -17.7378750000 3.2018130000
3339.9199220000 -17.7568720000 3.2016800000
3340.0100100000 -17.7761210000 3.2015460000
3340.1000980000 -17.7955250000 3.2014130000
3340.1899410000 -17.8150330000 3.2012790000
3340.2800290000 -17.8347510000 3.2011460000
3340.3701170000 -17.8546330000 3.2010120000
3340.4599610000 -17.8746240000 3.2008790000
3340.5500490000 -17.8947830000 3.2007460000
3340.6398930000 -17.9151100000 3.2006120000
3340.7299800000 -17.9356630000 3.2004790000
3340.8200680000 -17.9563940000 3.2003450000
3340.9099120000 -17.9772470000 3.2002120000
3341.0000000000 -17.9983390000 3.2000780000
3341.0900880000 -18.0196150000 3.1999450000
3341.1799320000 -18.0409660000 3.1998120000
3341.2700200000 -18.0626240000 3.1996780000
3341.3601070000 -18.0844760000 3.1995450000
3341.4499510000 -18.1064700000 3.1994120000
3341.5400390000 -18.1287270000 3.1992780000
3341.6298830000 -18.1511290000 3.1991450000
3341.7199710000 -18.1737420000 3.1990120000
3341.8100590000 -18.1966300000 3.1988790000
3341.8999020000 -18.2196750000 3.1987450000
3341.9899900000 -18.2430060000 3.1986120000
3342.0800780000 -18.2665630000 3.1984780000
3342.1699220000 -18.2902910000 3.1983450000
3342.2600100000 -18.3143200000 3.1982120000
3342.3500980000 -18.3385240000 3.1980790000
3342.4399410000 -18.3629760000 3.1979460000
3342.5300290000 -18.3877450000 3.1978120000
3342.6201170000 -18.4127710000 3.1976790000
3342.7099610000 -18.4379920000 3.1975460000
3342.8000490000 -18.4635510000 3.1974120000
3342.8898930000 -18.4892460000 3.1972800000
3342.9799800000 -18.5153580000 3.1971460000
3343.0700680000 -18.5417560000 3.1970130000
3343.1599120000 -18.5683780000 3.1968800000
3343.2500000000 -18.5953690000 3.1967470000
3343.3400880000 -18.6226690000 3.1966130000
3343.4299320000 -18.6502090000 3.1964800000
3343.5200200000 -18.6780700000 3.1963470000
3343.6101070000 -18.7063330000 3.1962140000
3343.6999510000 -18.7348580000 3.1960810000
3343.7900390000 -18.7638030000 3.1959480000
3343.8798830000 -18.7930260000 3.1958150000
3343.9699710000 -18.8226870000 3.1956820000
3344.0600590000 -18.8526420000 3.1955490000
3344.1499020000 -18.8829770000 3.1954160000
3344.2399900000 -18.9137820000 3.1952820000
3344.3300780000 -18.9449920000 3.1951490000
3344.4199220000 -18.9765280000 3.1950160000
3344.5100100000 -19.0085740000 3.1948830000
3344.6000980000 -19.0410540000 3.1947500000
3344.6899410000 -19.0738090000 3.1946180000
3344.7800290000 -19.1071950000 3.1944840000
3344.8701170000 -19.1410560000 3.1943510000
3344.9599610000 -19.1753140000 3.1942180000
3345.0500490000 -19.2101630000 3.1940850000
3345.1398930000 -19.2454380000 3.1939520000
3345.2299800000 -19.2812400000 3.1938200000
3345.3200680000 -19.3176860000 3.1936860000
3345.4099120000 -19.3546010000 3.1935530000
3345.5000000000 -19.3921990000 3.1934200000
3345.5900880000 -19.4303990000 3.1932870000
3345.6799320000 -19.4691200000 3.1931550000
3345.7700200000 -19.5085870000 3.1930220000
3345.8601070000 -19.5486130000 3.1928890000
3345.9499510000 -19.5893250000 3.1927560000
3346.0400390000 -19.6308570000 3.1926230000
3346.1398930000 -19.6777610000 3.1924750000
3346.2299800000 -19.7208860000 3.1923420000
3346.3200680000 -19.7648090000 3.1922090000
3346.4099120000 -19.8093200000 3.1920770000
3346.5000000000 -19.8549290000 3.1919440000
3346.5900880000 -19.9014320000 3.1918110000
3346.6799320000 -19.9487380000 3.1916780000
3346.7700200000 -19.9971390000 3.1915450000
3346.8601070000 -20.0465490000 3.1914120000
3346.9499510000 -20.0968780000 3.1912800000
3347.0400390000 -20.1483000000 3.1911470000
3347.1298830000 -20.2008670000 3.1910140000
3347.2199710000 -20.2547720000 3.1908810000
3347.3100590000 -20.3099350000 3.1907480000
3347.3999020000 -20.3662640000 3.1906160000
3347.4899900000 -20.4241260000 3.1904830000
3347.5800780000 -20.4834420000 3.1903500000
3347.6699220000 -20.5439590000 3.1902180000
3347.7600100000 -20.6064050000 3.1900850000
3347.8500980000 -20.6705470000 3.1899520000
3347.9399410000 -20.7363070000 3.1898190000
3348.0300290000 -20.8041360000 3.1896870000
3348.1201170000 -20.8739760000 3.1895530000
3348.2099610000 -20.9455620000 3.1894210000
3348.3000490000 -21.0197930000 3.1892890000
3348.3898930000 -21.0962310000 3.1891560000
3348.4799800000 -21.1754510000 3.1890230000
3348.5800780000 -21.2667180000 3.1888760000
3348.6699220000 -21.3517720000 3.1887430000
3348.7600100000 -21.4402560000 3.1886100000
3348.8500980000 -21.5319540000 3.1884780000
3348.9399410000 -21.6273770000 3.1883450000
3349.0300290000 -21.7271080000 3.1882130000
3349.1201170000 -21.8312660000 3.1880800000
3349.2099610000 -21.9399640000 3.1879480000
3349.3000490000 -22.0542550000 3.1878150000
3349.3898930000 -22.1737440000 3.1876830000
3349.4799800000 -22.3003410000 3.1875500000
3349.5700680000 -22.4341660000 3.1874170000
3349.6599120000 -22.5757080000 3.1872850000
3349.7500000000 -22.7267680000 3.1871520000
3349.8400880000 -22.8882470000 3.1870190000
3349.9299320000 -23.0612140000 3.1868870000
3350.0200200000 -23.2479900000 3.1867550000
3350.1101070000 -23.4515380000 3.1866220000
3350.1999510000 -23.6738800000 3.1864900000
3350.2900390000 -23.9202880000 3.1863570000
3350.3798830000 -24.1949860000 3.1862250000
3350.4799800000 -24.5446170000 3.1860770000
3350.5700680000 -24.9103280000 3.1859450000
3350.6599120000 -25.3441140000 3.1858130000
3350.7500000000 -25.8788720000 3.1856800000
3350.8400880000 -26.5736690000 3.1855470000
3350.9299320000 -27.5641080000 3.1854150000
3351.0200200000 -29.3265190000 3.1852830000
3351.1101070000 -34.1380460000 0.5231000000
3351.1999510000 -28.8207000000 0.5229390000
3351.2900390000 -27.3192370000 0.5227780000
3351.3798830000 -26.4149490000 0.5226160000
3351.4699710000 -25.7633690000 0.5224540000
3351.5600590000 -25.2546270000 0.5222930000
3351.6499020000 -24.8382590000 0.5221320000
3351.7399900000 -24.4851170000 0.5219710000
3351.8300780000 -24.1777570000 0.5218090000
3351.9199220000 -23.9069480000 0.5216470000
3352.0200200000 -23.6382520000 0.5214670000
3352.1101070000 -23.4203850000 0.5213050000
3352.1999510000 -23.2216890000 0.5211440000
3352.2900390000 -23.0381740000 0.5209820000
3352.3798830000 -22.8689580000 0.5208210000
3352.4699710000 -22.7104210000 0.5206580000
3352.5600590000 -22.5620140000 0.5204960000
3352.6499020000 -22.4228820000 0.5203340000
3352.7399900000 -22.2912810000 0.5201720000
3352.8300780000 -22.1667420000 0.5200100000
3352.9199220000 -22.0491620000 0.5198490000
3353.0100100000 -21.9366760000 0.5196860000
3353.1000980000 -21.8293950000 0.5195240000
3353.1899410000 -21.7271290000 0.5193610000
3353.2800290000 -21.6289330000 0.5191990000
3353.3798830000 -21.5247420000 0.5190190000
3353.4699710000 -21.4346080000 0.5188560000
3353.5600590000 -21.3480800000 0.5186940000
3353.6499020000 -21.2646730000 0.5185320000
3353.7399900000 -21.1839620000 0.5183690000
3353.8300780000 -21.1059720000 0.5182070000
3353.9199220000 -21.0307290000 0.5180440000
3354.0100100000 -20.9576680000 0.5178810000
3354.1000980000 -20.8870330000 0.5177180000
3354.1899410000 -20.8184990000 0.5175560000
3354.2800290000 -20.7517660000 0.5173930000
3354.3701170000 -20.6869130000 0.5172300000
3354.4599610000 -20.6239970000 0.5170670000
3354.5500490000 -20.5625930000 0.5169040000
3354.6499020000 -20.4963910000 0.5167240000
3354.7399900000 -20.4384100000 0.5165610000
3354.8300780000 -20.3817060000 0.5163970000
3354.9199220000 -20.3265090000 0.5162340000
3355.0100100000 -20.2724690000 0.5160710000
3355.1000980000 -20.2196670000 0.5159080000
3355.1899410000 -20.1681860000 0.5157450000
3355.2800290000 -20.1178360000 0.5155820000
3355.3701170000 -20.0684380000 0.5154180000
3355.4599610000 -20.0202050000 0.5152550000
3355.5500490000 -19.9728430000 0.5150920000
3355.6398930000 -19.9265610000 0.5149290000
3355.7399900000 -19.8760780000 0.5147470000
3355.8300780000 -19.8315730000 0.5145830000
3355.9199220000 -19.7881490000 0.5144200000
3356.0100100000 -19.7453060000 0.5142560000
3356.1000980000 -19.7032530000 0.5140920000
3356.1899410000 -19.6620660000 0.5139280000
3356.2800290000 -19.6215020000 0.5137650000
3356.3701170000 -19.5816440000 0.5136010000
3356.4599610000 -19.5426770000 0.5134380000
3356.5500490000 -19.5041620000 0.5132730000
3356.6398930000 -19.4663850000 0.5131100000
3356.7299800000 -19.4291250000 0.5129460000
3356.8300780000 -19.3884280000 0.5127630000
3356.9199220000 -19.3525050000 0.5126000000
3357.0100100000 -19.3170470000 0.5124350000
3357.1000980000 -19.2822250000 0.5122720000
3357.1899410000 -19.2479270000 0.5121080000
3357.2800290000 -19.2140480000 0.5119430000
3357.3701170000 -19.1806680000 0.5117790000
3357.4599610000 -19.1478580000 0.5116150000
3357.5500490000 -19.1154290000 0.5114500000
3357.6398930000 -19.0836240000 0.5112870000
3357.7299800000 -19.0520940000 0.5111220000
3357.8300780000 -19.0175650000 0.5109390000
3357.9199220000 -18.9870130000 0.5107750000
3358.0100100000 -18.9567890000 0.5106100000
3358.1000980000 -18.9269600000 0.5104450000
3358.1899410000 -18.8975980000 0.5102810000
3358.2800290000 -18.8686120000 0.5101160000
3358.3701170000 -18.8399160000 0.5099520000
3358.4599610000 -18.8116550000 0.5097870000
3358.5500490000 -18.7836690000 0.5096220000
3358.6398930000 -18.7560980000 0.5094570000
3358.7399900000 -18.7257710000 0.5092740000
3358.8300780000 -18.6988950000 0.5091090000
3358.9199220000 -18.6723330000 0.5089450000
3359.0100100000 -18.6460090000 0.5087790000
3359.1000980000 -18.6199910000 0.5086140000
3359.1899410000 -18.5943370000 0.5084490000
3359.2800290000 -18.5689070000 0.5082840000
3359.3701170000 -18.5437580000 0.5081180000
3359.4599610000 -18.5190180000 0.5079540000
3359.5500490000 -18.4944190000 0.5077880000
3359.6499020000 -18.4674630000 0.5076050000
3359.7399900000 -18.4434170000 0.5074390000
3359.8300780000 -18.4196260000 0.5072740000
3359.9199220000 -18.3961470000 0.5071080000
3360.0100100000 -18.3729100000 0.5069430000
3360.1000980000 -18.3498520000 0.5067770000
3360.1899410000 -18.3270870000 0.5066120000
3360.2800290000 -18.3044910000 0.5064460000
3360.3701170000 -18.2821220000 0.5062800000
3360.4599610000 -18.2600330000 0.5061140000
3360.5600590000 -18.2357350000 0.5059310000
3360.6499020000 -18.2140960000 0.5057650000
3360.7399900000 -18.1926080000 0.5055990000
3360.8300780000 -18.1713240000 0.5054330000
3360.9199220000 -18.1502950000 0.5052670000
3361.0100100000 -18.1294100000 0.5051010000
3361.1000980000 -18.1087170000 0.5049340000
3361.1899410000 -18.0883220000 0.5047690000
3361.2800290000 -18.0680050000 0.5046030000
3361.3798830000 -18.0456980000 0.5044180000
3361.4699710000 -18.0257640000 0.5042520000
3361.5600590000 -18.0060080000 0.5040860000
3361.6499020000 -17.9864770000 0.5039200000
3361.7399900000 -17.9671150000 0.5037540000
3361.8300780000 -17.9478700000 0.5035870000
3361.9199220000 -17.9288390000 0.5034210000
3362.0100100000 -17.9099220000 0.5032540000
3362.1000980000 -17.8911630000 0.5030880000
3362.1999510000 -17.8705540000 0.5029030000
3362.2900390000 -17.8521230000 0.5027360000
3362.3798830000 -17.8339420000 0.5025700000
3362.4699710000 -17.8158130000 0.5024030000
3362.5600590000 -17.7978310000 0.5022360000
3362.6499020000 -17.7800410000 0.5020690000
3362.7399900000 -17.7623460000 0.5019030000
3362.8300780000 -17.7447910000 0.5017360000
3362.9299320000 -17.7255400000 0.5015510000
3363.0200200000 -17.7082750000 0.5013840000
3363.1101070000 -17.6911430000 0.5012170000
3363.1999510000 -17.6741870000 0.5010500000
3363.2900390000 -17.6573180000 0.5008830000
3363.3798830000 -17.6406190000 0.5007160000
3363.4699710000 -17.6240020000 0.5005480000
3363.5600590000 -17.6075530000 0.5003810000
3363.6599120000 -17.5894170000 0.5001960000
3381.1359860000 -15.6507540000 0.4669320000
3447.2456050000 -13.5234610000 0.3272020000
3512.3999020000 -14.4151590000 0.1692890000
3512.5000000000 -14.4238800000 0.1690310000
3512.6000980000 -14.4326930000 0.1687750000
3512.6999510000 -14.4415600000 0.1685180000
3512.8000490000 -14.4505660000 0.1682610000
3512.8999020000 -14.4596500000 0.1680040000
3513.0000000000 -14.4688560000 0.1677470000
3513.1000980000 -14.4781650000 0.1674890000
3513.1999510000 -14.4875560000 0.1672330000
3513.3000490000 -14.4970540000 0.1669750000
3513.3999020000 -14.5066600000 0.1667180000
3513.5000000000 -14.5163990000 0.1664610000
3513.6000980000 -14.5262520000 0.1662030000
3513.6999510000 -14.5361960000 0.1659460000
3513.8000490000 -14.5462810000 0.1656890000
3513.8999020000 -14.5564370000 0.1654320000
3514.0000000000 -14.5667650000 0.1651740000
3514.1000980000 -14.5772170000 0.1649160000
3514.1999510000 -14.5877710000 0.1646590000
3514.3000490000 -14.5984810000 0.1644000000
3514.3999020000 -14.6092990000 0.1641430000
3514.4899900000 -14.6191470000 0.1639120000
3514.5900880000 -14.6302500000 0.1636530000
3514.6479490000 -14.6367390000 0.1635040000
3514.6899410000 -14.6414680000 0.1633960000
3514.7900390000 -14.6528580000 0.1631370000
3514.8898930000 -14.6643690000 0.1628800000
3514.9899900000 -14.6760580000 0.1626210000
3515.0900880000 -14.6878750000 0.1623640000
3515.1899410000 -14.6998500000 0.1621070000
3515.2900390000 -14.7120170000 0.1618480000
3515.3898930000 -14.7243230000 0.1615900000
3515.4899900000 -14.7368310000 0.1613310000
3515.5900880000 -14.7495180000 0.1610730000
3515.6899410000 -14.7623340000 0.1608150000
3515.7900390000 -14.7754150000 0.1605570000
3515.8898930000 -14.7887230000 0.1602980000
3515.9899900000 -14.8027690000 0.1600400000
3516.0900880000 -14.8145860000 0.1597810000
3516.1899410000 -14.8289180000 0.1595230000
3516.2900390000 -14.8430160000 0.1592650000
3516.3898930000 -14.8572610000 0.1590070000
3516.4899900000 -14.8717370000 0.1587480000
3516.5900880000 -14.8864270000 0.1584880000
3516.6899410000 -14.9013080000 0.1582310000
3516.7900390000 -14.9164600000 0.1579710000
3516.8898930000 -14.9317810000 0.1577140000
3516.9899900000 -14.9474260000 0.1574540000
3517.0900880000 -14.9633290000 0.1571950000
3517.1899410000 -14.9794620000 0.1569370000
3517.2900390000 -14.9959080000 0.1566770000
3517.3898930000 -15.0125580000 0.1564190000
3517.4899900000 -15.0295810000 0.1561590000
3517.5900880000 -15.0469070000 0.1559000000
3517.6899410000 -15.0645050000 0.1556420000
3517.7900390000 -15.0824670000 0.1553820000
3517.8898930000 -15.1007210000 0.1551230000
3517.9799800000 -15.1174840000 0.1548890000
3518.0800780000 -15.1364050000 0.1546310000
3518.1799320000 -15.1556930000 0.1543710000
3518.2800290000 -15.1754120000 0.1541120000
3518.3798830000 -15.1954800000 0.1538520000
3518.4799800000 -15.2160090000 0.1535930000
3518.5800780000 -15.2369170000 0.1533340000
3518.6799320000 -15.2582690000 0.1530740000
3518.7800290000 -15.2801360000 0.1528150000
3518.8798830000 -15.3024320000 0.1525550000
3518.9799800000 -15.3252840000 0.1522950000
3519.0800780000 -15.3486610000 0.1520360000
3519.1799320000 -15.3724710000 0.1517760000
3519.2800290000 -15.3969660000 0.1515160000
3519.3798830000 -15.4219990000 0.1512570000
3519.4799800000 -15.4477180000 0.1509960000
3519.5800780000 -15.4740930000 0.1507360000
3519.6799320000 -15.5010920000 0.1504760000
3519.7800290000 -15.5288110000 0.1502170000
3519.8798830000 -15.5572880000 0.1499570000
3519.9799800000 -15.5866340000 0.1496960000
3520.0800780000 -15.6168230000 0.1494360000
3520.1799320000 -15.6478310000 0.1491770000
3520.2800290000 -15.6798540000 0.1489160000
3520.3798830000 -15.7127190000 0.1486570000
3520.4799800000 -15.7467990000 0.1483960000
3520.5800780000 -15.7820060000 0.1481350000
3520.6799320000 -15.8183260000 0.1478750000
3520.7800290000 -15.8560140000 0.1476140000
3520.8798830000 -15.8949790000 0.1473540000
3520.9799800000 -15.9354080000 0.1470940000
3521.0800780000 -15.9775100000 0.1468330000
3521.1799320000 -16.0212120000 0.1465730000
3521.2800290000 -16.0668560000 0.1463120000
3521.3798830000 -16.1143820000 0.1460510000
3521.4799800000 -16.1641920000 0.1457900000
3521.5800780000 -16.2162490000 0.1455300000
3521.6799320000 -16.2708970000 0.1452690000
3521.7800290000 -16.3285370000 0.1450080000
3521.8798830000 -16.3892040000 0.1447480000
3521.9799800000 -16.4535450000 0.1444860000
3522.0800780000 -16.5218430000 0.1442250000
3522.1799320000 -16.5942460000 0.1439650000
3522.2800290000 -16.6720500000 0.1437030000
3522.3798830000 -16.7554590000 0.1434430000
3522.4799800000 -16.8457850000 0.1431810000
3522.5800780000 -16.9439890000 0.1429200000
3522.6799320000 -17.0512790000 0.1426590000
3522.7800290000 -17.1698040000 0.1423980000
3522.8798830000 -17.3021510000 0.1421370000
3522.9799800000 -17.4523010000 0.1418750000
3523.0800780000 -17.6252140000 0.1416130000
3523.1799320000 -17.8284150000 0.1413520000
3523.2800290000 -18.0761050000 0.1410900000
3523.3798830000 -18.3903270000 0.1408300000
3523.4799800000 -18.8258340000 0.1405680000
3523.5800780000 -19.5317760000 0.1403060000
3523.6799320000 -21.6164190000 0.1400440000
3523.7800290000 -20.0078930000 3.8066280000
3523.8798830000 -19.0628890000 3.8063390000
3523.9799800000 -18.5444980000 3.8060480000
3524.0800780000 -18.1859590000 3.8057580000
3524.1799320000 -17.9119890000 3.8054680000
3524.2800290000 -17.6892380000 3.8051770000
3524.3898930000 -17.4849930000 3.8048570000
3524.4899900000 -17.3256090000 3.8045660000
3524.5900880000 -17.1847320000 3.8042760000
3524.6899410000 -17.0590110000 3.8039850000
3524.7900390000 -16.9449810000 3.8036940000
3524.8898930000 -16.8410820000 3.8034030000
3524.9899900000 -16.7452180000 3.8031120000
3525.0900880000 -16.6566160000 3.8028210000
3525.1899410000 -16.5740590000 3.8025300000
3525.2900390000 -16.4965820000 3.8022380000
3525.3898930000 -16.4239160000 3.8019480000
3525.4899900000 -16.3551770000 3.8016560000
3525.5900880000 -16.2900960000 3.8013640000
3525.6899410000 -16.2285860000 3.8010730000
3525.7900390000 -16.1697350000 3.8007810000
3525.8898930000 -16.1136970000 3.8004900000
3525.9899900000 -16.0599670000 3.8001990000
3526.0900880000 -16.0084720000 3.7999060000
3526.1899410000 -15.9591460000 3.7996150000
3526.2900390000 -15.9116990000 3.7993230000
3526.3898930000 -15.8659920000 3.7990310000
3526.4899900000 -15.8217940000 3.7987390000
3526.5900880000 -15.7791000000 3.7984470000
3526.6899410000 -15.7379070000 3.7981550000
3526.7900390000 -15.6979260000 3.7978620000
3526.8898930000 -15.6593530000 3.7975710000
3526.9899900000 -15.6217440000 3.7972780000
3527.0900880000 -15.5852190000 3.7969860000
3527.1899410000 -15.5497970000 3.7966930000
3527.2900390000 -15.5152510000 3.7964000000
3527.3898930000 -15.4816940000 3.7961080000
3527.4899900000 -15.4489950000 3.7958150000
3527.5900880000 -15.4170310000 3.7955230000
3527.6899410000 -15.3859170000 3.7952300000
3527.7900390000 -15.3554630000 3.7949370000
3527.8999020000 -15.3228420000 3.7946150000
3528.0000000000 -15.2938200000 3.7943210000
3528.1000980000 -15.2654990000 3.7940280000
3528.1999510000 -15.2377820000 3.7937360000
3528.3000490000 -15.2105760000 3.7934420000
3528.3999020000 -15.1839880000 3.7931490000
3528.5000000000 -15.1578660000 3.7928550000
3528.6000980000 -15.1322540000 3.7925620000
3528.6999510000 -15.1072480000 3.7922690000
3528.8000490000 -15.0825910000 3.7919750000
3528.8999020000 -15.0584420000 3.7916820000
3529.0000000000 -15.0346690000 3.7913880000
3529.1000980000 -15.0113130000 3.7910940000
3529.1999510000 -14.9884680000 3.7908010000
3529.3000490000 -14.9659010000 3.7905060000
3529.3999020000 -14.9437610000 3.7902130000
3529.5000000000 -14.9219280000 3.7899190000
3529.6000980000 -14.9004440000 3.7896240000
3529.6999510000 -14.8793480000 3.7893300000
3529.8000490000 -14.8585760000 3.7890370000
3529.8999020000 -14.8381190000 3.7887430000
3530.0000000000 -14.8179170000 3.7884470000
3530.1000980000 -14.7980110000 3.7881530000
3530.2099610000 -14.7764910000 3.7878290000
3530.3100590000 -14.7571770000 3.7875350000
3530.4099120000 -14.7382210000 3.7872410000
3530.5100100000 -14.7194360000 3.7869450000
3530.6101070000 -14.7009030000 3.7866510000
3530.7099610000 -14.6826590000 3.7863560000
3530.8100590000 -14.6646110000 3.7860610000
3530.9099120000 -14.6468370000 3.7857670000
3531.0100100000 -14.6292890000 3.7854720000
3531.1101070000 -14.6119180000 3.7851760000
3531.2099610000 -14.5948020000 3.7848820000
3531.3100590000 -14.5778530000 3.7845860000
3531.4099120000 -14.5611480000 3.7842900000
3531.5100100000 -14.5445990000 3.7839950000
3531.6101070000 -14.5282820000 3.7837000000
3531.7099610000 -14.5121520000 3.7834040000
3531.8100590000 -14.4961670000 3.7831090000
3531.9199220000 -14.4788270000 3.7827840000
3532.0200200000 -14.4632120000 3.7824880000
3532.1201170000 -14.4477670000 3.7821920000
3532.2199710000 -14.4325600000 3.7818970000
3532.3200680000 -14.4174420000 3.7816010000
3532.4199220000 -14.4025180000 3.7813050000
3532.5200200000 -14.3877130000 3.7810090000
3532.6201170000 -14.3730600000 3.7807120000
3532.7199710000 -14.3585880000 3.7804160000
3532.8200680000 -14.3442610000 3.7801210000
3532.9199220000 -14.3300750000 3.7798240000
3533.0200200000 -14.3159930000 3.7795280000
3533.1201170000 -14.3020470000 3.7792310000
3533.2199710000 -14.2882660000 3.7789340000
3533.3200680000 -14.2746150000 3.7786390000
3533.4199220000 -14.2610900000 3.7783420000
3533.5300290000 -14.2463220000 3.7780160000
3533.6298830000 -14.2330550000 3.7777190000
3533.7299800000 -14.2198770000 3.7774220000
3533.8300780000 -14.2068160000 3.7771240000
3533.9299320000 -14.1939310000 3.7768290000
3534.0300290000 -14.1810960000 3.7765310000
3534.1298830000 -14.1684030000 3.7762350000
3534.2299800000 -14.1557870000 3.7759370000
3534.3300780000 -14.1432770000 3.7756400000
3534.4299320000 -14.1309020000 3.7753430000
3534.5300290000 -14.1186290000 3.7750450000
3534.6298830000 -14.1064560000 3.7747490000
3534.7299800000 -14.0943520000 3.7744500000
3534.8400880000 -14.0811500000 3.7741230000
3534.9399410000 -14.0692760000 3.7738260000
3535.0400390000 -14.0574670000 3.7735280000
3535.1398930000 -14.0458070000 3.7732310000
3535.2399900000 -14.0341800000 3.7729330000
3535.3400880000 -14.0226420000 3.7726350000
3535.4399410000 -14.0112180000 3.7723370000
3535.5400390000 -13.9998520000 3.7720380000
3535.6398930000 -13.9885980000 3.7717410000
3535.7399900000 -13.9774270000 3.7714430000
3535.8400880000 -13.9663100000 3.7711450000
3535.9399410000 -13.9552990000 3.7708460000
3536.0400390000 -13.9443410000 3.7705480000
3536.1499020000 -13.9324030000 3.7702200000
3536.2500000000 -13.9216060000 3.7699210000
3536.3500980000 -13.9109110000 3.7696230000
3536.4499510000 -13.9002890000 3.7693240000
3536.5500490000 -13.8897130000 3.7690260000
3536.6499020000 -13.8792350000 3.7687270000
3536.7500000000 -13.8688030000 3.7684280000
3536.8500980000 -13.8584390000 3.7681280000
3536.9499510000 -13.8481940000 3.7678310000
3537.0500490000 -13.8379660000 3.7675310000
3537.1499020000 -13.8278290000 3.7672330000
3537.2600100000 -13.8167280000 3.7669030000
3537.3601070000 -13.8067030000 3.7666030000
3537.4599610000 -13.7967890000 3.7663050000
3537.5600590000 -13.7868900000 3.7660060000
3537.6599120000 -13.7770770000 3.7657070000
3537.7600100000 -13.7673000000 3.7654070000
3537.8601070000 -13.7575840000 3.7651070000
3537.9599610000 -13.7479500000 3.7648080000
3538.0600590000 -13.7383730000 3.7645080000
3538.1599120000 -13.7288540000 3.7642090000
3538.2700200000 -13.7184240000 3.7638790000
3538.3701170000 -13.7090010000 3.7635780000
3538.4699710000 -13.6996550000 3.7632790000
3538.5700680000 -13.6903410000 3.7629790000
3538.6699220000 -13.6811250000 3.7626790000
3538.7700200000 -13.6719170000 3.7623790000
3538.8701170000 -13.6627620000 3.7620780000
3538.9699710000 -13.6536810000 3.7617790000
3539.0700680000 -13.6446280000 3.7614770000
3539.1699220000 -13.6356470000 3.7611780000
3539.2800290000 -13.6258230000 3.7608480000
3539.3798830000 -13.6169450000 3.7605480000
3539.4799800000 -13.6080950000 3.7602460000
3539.5800780000 -13.5992920000 3.7599460000
3539.6799320000 -13.5905570000 3.7596450000
3539.7800290000 -13.5818480000 3.7593440000
3539.8798830000 -13.5732270000 3.7590440000
3539.9799800000 -13.5646090000 3.7587420000
3540.0800780000 -13.5560360000 3.7584410000
3540.1799320000 -13.5475280000 3.7581410000
3540.2900390000 -13.5381980000 3.7578090000
3540.3898930000 -13.5298000000 3.7575090000
3583.3681640000 -11.5000510000 3.6221690000
3653.4318850000 -9.9331470000 3.3777000000
3724.8657230000 -9.0370010000 3.1010600000
3791.6899410000 -9.1142500000 2.8203680000
3791.8000490000 -9.1174330000 2.8198890000
3791.9199220000 -9.1209380000 2.8193680000
3792.0300290000 -9.1241980000 2.8188900000
3792.1499020000 -9.1277890000 2.8183680000
3792.2700200000 -9.1314280000 2.8178470000
3792.3798830000 -9.1348040000 2.8173690000
3792.5000000000 -9.1385390000 2.8168470000
3792.6101070000 -9.1420070000 2.8163680000
3792.7299800000 -9.1458290000 2.8158460000
3792.8500980000 -9.1497020000 2.8153260000
3792.9599610000 -9.1532960000 2.8148470000
3793.0800780000 -9.1572750000 2.8143240000
3793.1899410000 -9.1609610000 2.8138470000
3793.3100590000 -9.1650430000 2.8133240000
3793.4299320000 -9.1691640000 2.8128030000
3793.5400390000 -9.1730040000 2.8123240000
3793.6599120000 -9.1772410000 2.8118020000
3793.7700200000 -9.1811840000 2.8113220000
3793.8898930000 -9.1855330000 2.8108010000
3794.0100100000 -9.1899420000 2.8102790000
3794.1201170000 -9.1940460000 2.8097990000
3794.2399900000 -9.1985750000 2.8092770000
3794.3601070000 -9.2031760000 2.8087540000
3794.4699710000 -9.2074430000 2.8082750000
3794.5900880000 -9.2121620000 2.8077530000
3794.6999510000 -9.2165470000 2.8072740000
3794.8200680000 -9.2214080000 2.8067500000
3794.9399410000 -9.2263300000 2.8062280000
3795.0500490000 -9.2309140000 2.8057480000
3795.1699220000 -9.2359660000 2.8052260000
3795.2800290000 -9.2406820000 2.8047470000
3795.3999020000 -9.2458910000 2.8042230000
3795.5200200000 -9.2511880000 2.8036990000
3795.6298830000 -9.2561050000 2.8032210000
3795.7500000000 -9.2615500000 2.8026970000
3795.8701170000 -9.2670900000 2.8021740000
3795.9799800000 -9.2722330000 2.8016940000
3796.1000980000 -9.2779410000 2.8011700000
3796.2099610000 -9.2832420000 2.8006910000
3796.3300780000 -9.2891150000 2.8001670000
3796.4499510000 -9.2950820000 2.7996440000
3796.5600590000 -9.3006500000 2.7991640000
3796.6799320000 -9.3068080000 2.7986400000
3796.8000490000 -9.3130800000 2.7981160000
3796.9099120000 -9.3188970000 2.7976370000
3797.0300290000 -9.3253750000 2.7971120000
3797.1398930000 -9.3313960000 2.7966330000
3797.2600100000 -9.3380890000 2.7961080000
3797.3798830000 -9.3448870000 2.7955850000
3797.4899900000 -9.3512210000 2.7951040000
3797.6101070000 -9.3582660000 2.7945800000
3797.6960450000 -9.3633900000 2.7942040000
3797.7299800000 -9.3654240000 2.7940560000
3797.8400880000 -9.3721130000 2.7935740000
3797.9599610000 -9.3795260000 2.7930510000
3798.0700680000 -9.3864410000 2.7925700000
3798.1899410000 -9.3941230000 2.7920470000
3798.3100590000 -9.4019680000 2.7915210000
3798.4199220000 -9.4092770000 2.7910400000
3798.5400390000 -9.4174180000 2.7905150000
3798.6599120000 -9.4256890000 2.7899920000
3798.7700200000 -9.4334480000 2.7895110000
3798.8898930000 -9.4420600000 2.7889860000
3799.0100100000 -9.4508690000 2.7884610000
3799.1201170000 -9.4591050000 2.7879790000
3799.2399900000 -9.4682390000 2.7874560000
3799.3500980000 -9.4768180000 2.7869730000
3799.4699710000 -9.4863560000 2.7864480000
3799.5900880000 -9.4961250000 2.7859230000
3799.6999510000 -9.5052560000 2.7854410000
3799.8200680000 -9.5154580000 2.7849160000
3799.9399410000 -9.5258570000 2.7843920000
3800.0500490000 -9.5356450000 2.7839100000
3800.1699220000 -9.5465510000 2.7833840000
3800.2900390000 -9.5577460000 2.7828590000
3800.3999020000 -9.5682330000 2.7823770000
3800.5200200000 -9.5799560000 2.7818520000
3800.6398930000 -9.5919840000 2.7813270000
3800.7500000000 -9.6033120000 2.7808450000
3800.8701170000 -9.6159930000 2.7803180000
3800.9899900000 -9.6289990000 2.7797930000
3801.1000980000 -9.6412420000 2.7793110000
3801.2199710000 -9.6549700000 2.7787860000
3801.3400880000 -9.6691320000 2.7782590000
3801.4499510000 -9.6824630000 2.7777770000
3801.5700680000 -9.6974690000 2.7772500000
3801.6799320000 -9.7115810000 2.7767700000
3801.8000490000 -9.7275270000 2.7762420000
3801.9199220000 -9.7439720000 2.7757170000
3802.0300290000 -9.7595750000 2.7752330000
3802.1499020000 -9.7771380000 2.7747080000
3802.2700200000 -9.7953410000 2.7741810000
3802.3798830000 -9.8126220000 2.7737000000
3802.5000000000 -9.8322160000 2.7731720000
3802.6201170000 -9.8525950000 2.7726450000
3802.7299800000 -9.8719750000 2.7721620000
3802.8500980000 -9.8939870000 2.7716370000
3802.9699710000 -9.9169790000 2.7711110000
3803.0800780000 -9.9390310000 2.7706270000
3803.1999510000 -9.9641460000 2.7701010000
3803.3200680000 -9.9905760000 2.7695720000
3803.4299320000 -10.0159090000 2.7690910000
3803.5500490000 -10.0451250000 2.7685630000
3803.6699220000 -10.0759690000 2.7680370000
3803.7800290000 -10.1059470000 2.7675520000
3803.8999020000 -10.1405970000 2.7670260000
3804.0200200000 -10.1776080000 2.7665000000
3804.1298830000 -10.2138840000 2.7660160000
3804.2500000000 -10.2564950000 2.7654880000
3804.3701170000 -10.3026720000 2.7649600000
3804.4799800000 -10.3485640000 2.7644770000
3804.6000980000 -10.4033590000 2.7639490000
3804.7199710000 -10.4640940000 2.7634230000
3804.8300780000 -10.5263040000 2.7629380000
3804.9499510000 -10.6028330000 2.7624110000
3805.0700680000 -10.6914510000 2.7618830000
3805.1899410000 -10.7958770000 2.7613560000
3805.3000490000 -10.9122520000 2.7608720000
3805.4199220000 -11.0729730000 2.7603450000
3805.5400390000 -11.2963050000 2.7598150000
3805.6499020000 -11.6202200000 2.7593320000
3805.7700200000 -12.5701730000 2.7588040000
3805.8898930000 -11.9261550000 4.6207650000
3806.0000000000 -11.4504230000 4.6202410000
3806.1201170000 -11.1699230000 4.6196690000
3806.2399900000 -10.9797450000 4.6190990000
3806.3500980000 -10.8461360000 4.6185750000
3806.4699710000 -10.7276300000 4.6180040000
3806.5900880000 -10.6282520000 4.6174320000
3806.6999510000 -10.5495990000 4.6169090000
3806.8200680000 -10.4737330000 4.6163370000
3806.9399410000 -10.4064060000 4.6157670000
3807.0500490000 -10.3502850000 4.6152420000
3807.1699220000 -10.2944130000 4.6146710000
3807.2900390000 -10.2430050000 4.6140990000
3807.4099120000 -10.1955570000 4.6135270000
3807.5200200000 -10.1549810000 4.6130030000
3807.6398930000 -10.1134660000 4.6124320000
3807.7600100000 -10.0744030000 4.6118590000
3807.8701170000 -10.0405630000 4.6113340000
3807.9899900000 -10.0056270000 4.6107630000
3808.1101070000 -9.9724710000 4.6101910000
3808.2199710000 -9.9434950000 4.6096670000
3808.3400880000 -9.9132140000 4.6090940000
3808.4599610000 -9.8843170000 4.6085220000
3808.5700680000 -9.8588440000 4.6079970000
3808.6899410000 -9.8322260000 4.6074270000
3808.8100590000 -9.8065270000 4.6068530000
3808.9299320000 -9.7818220000 4.6062810000
3809.0400390000 -9.7599020000 4.6057560000
3809.1599120000 -9.7368140000 4.6051840000
3809.2800290000 -9.7144840000 4.6046110000
3809.3898930000 -9.6946380000 4.6040870000
3809.5100100000 -9.6735780000 4.6035140000
3809.6298830000 -9.6531800000 4.6029420000
3809.7500000000 -9.6333270000 4.6023670000
3809.8601070000 -9.6156480000 4.6018430000
3809.9799800000 -9.5968560000 4.6012710000
3810.1000980000 -9.5785170000 4.6006980000
3810.2099610000 -9.5621490000 4.6001720000
3810.3300780000 -9.5446760000 4.5995990000
3810.4499510000 -9.5276880000 4.5990270000
3810.5600590000 -9.5124020000 4.5985010000
3810.6799320000 -9.4961200000 4.5979280000
3810.8000490000 -9.4801660000 4.5973540000
3810.9199220000 -9.4645870000 4.5967820000
3811.0300290000 -9.4505950000 4.5962560000
3811.1499020000 -9.4356270000 4.5956830000
3811.2700200000 -9.4209290000 4.5951090000
3811.3798830000 -9.4077370000 4.5945840000
3811.5000000000 -9.3935770000 4.5940090000
3811.6201170000 -9.3796820000 4.5934350000
3811.7399900000 -9.3660940000 4.5928630000
3811.8500980000 -9.3538020000 4.5923370000
3811.9699710000 -9.3406440000 4.5917630000
3812.0900880000 -9.3276840000 4.5911880000
3812.2099610000 -9.3149920000 4.5906160000
3812.3200680000 -9.3034940000 4.5900900000
3812.4399410000 -9.2911690000 4.5895160000
3812.5600590000 -9.2790150000 4.5889420000
3812.6699220000 -9.2680620000 4.5884150000
3812.7900390000 -9.2562620000 4.5878410000
3812.9099120000 -9.2446820000 4.5872680000
3813.0300290000 -9.2332280000 4.5866930000
3813.1398930000 -9.2228940000 4.5861670000
3813.2600100000 -9.2117490000 4.5855920000
3813.3798830000 -9.2008010000 4.5850190000
3813.4899900000 -9.1908580000 4.5844920000
3813.6101070000 -9.1801490000 4.5839170000
3813.7299800000 -9.1696020000 4.5833430000
3813.8500980000 -9.1591720000 4.5827670000
3813.9599610000 -9.1497470000 4.5822410000
3814.0800780000 -9.1395870000 4.5816670000
3814.1999510000 -9.1295520000 4.5810920000
3814.3200680000 -9.1196180000 4.5805170000
3814.4299320000 -9.1106370000 4.5799900000
3814.5500490000 -9.1009270000 4.5794140000
3814.6699220000 -9.0913690000 4.5788410000
3814.7900390000 -9.0818820000 4.5782650000
3814.8999020000 -9.0732970000 4.5777390000
3815.0200200000 -9.0640100000 4.5771630000
3815.1398930000 -9.0548430000 4.5765890000
3815.2600100000 -9.0457750000 4.5760140000
3815.3701170000 -9.0375300000 4.5754850000
3815.4899900000 -9.0286440000 4.5749110000
3815.6101070000 -9.0198310000 4.5743340000
3815.7199710000 -9.0118480000 4.5738080000
3815.8400880000 -9.0032220000 4.5732330000
3815.9599610000 -8.9946820000 4.5726580000
3816.0800780000 -8.9862080000 4.5720820000
3816.1899410000 -8.9785280000 4.5715540000
3816.3100590000 -8.9702080000 4.5709770000
3816.4299320000 -8.9619990000 4.5704030000
3816.5500490000 -8.9538340000 4.5698270000
3816.6599120000 -8.9464290000 4.5693000000
3816.7800290000 -8.9384060000 4.5687230000
3816.8999020000 -8.9304690000 4.5681480000
3817.0200200000 -8.9226020000 4.5675720000
3817.1298830000 -8.9154510000 4.5670440000
3817.2500000000 -8.9076990000 4.5664670000
3817.3701170000 -8.9000110000 4.5658900000
3817.4899900000 -8.8924050000 4.5653150000
3817.6000980000 -8.8854880000 4.5647870000
3817.7199710000 -8.8779990000 4.5642110000
3817.8400880000 -8.8705570000 4.5636340000
3817.9599610000 -8.8631900000 4.5630580000
3818.0700680000 -8.8564740000 4.5625300000
3818.1899410000 -8.8492310000 4.5619540000
3818.3100590000 -8.8420150000 4.5613770000
3818.4299320000 -8.8348690000 4.5608010000
3818.5500490000 -8.8277640000 4.5602240000
3818.6599120000 -8.8213100000 4.5596950000
3818.7800290000 -8.8143190000 4.5591190000
3818.8999020000 -8.8073790000 4.5585420000
3819.0200200000 -8.8004750000 4.5579650000
3819.1298830000 -8.7942040000 4.5574370000
3819.2500000000 -8.7873950000 4.5568590000
3819.3701170000 -8.7806460000 4.5562820000
3819.4899900000 -8.7739450000 4.5557060000
3819.6000980000 -8.7678300000 4.5551760000
3819.7199710000 -8.7612160000 4.5546000000
3819.8400880000 -8.7546340000 4.5540220000
3819.9599610000 -8.7481210000 4.5534460000
3820.0700680000 -8.7421660000 4.5529160000
3820.1899410000 -8.7357220000 4.5523390000
3820.3100590000 -8.7293070000 4.5517610000
3820.4299320000 -8.7229470000 4.5511840000
3820.5500490000 -8.7166260000 4.5506070000
3820.6599120000 -8.7108690000 4.5500770000
3820.7800290000 -8.7046110000 4.5495000000
3820.8999020000 -8.6984050000 4.5489230000
3821.0200200000 -8.6922250000 4.5483440000
3821.1298830000 -8.6866160000 4.5478150000
3821.2500000000 -8.6805070000 4.5472370000
3821.3701170000 -8.6744340000 4.5466590000
3821.4899900000 -8.6684080000 4.5460820000
3821.6101070000 -8.6624060000 4.5455030000
3821.7199710000 -8.6569590000 4.5449740000
3821.8400880000 -8.6510220000 4.5443950000
3821.9599610000 -8.6451320000 4.5438180000
3822.0800780000 -8.6392620000 4.5432390000
3822.1899410000 -8.6339240000 4.5427090000
3822.3100590000 -8.6281280000 4.5421310000
3822.4299320000 -8.6223650000 4.5415530000
3822.5500490000 -8.6166210000 4.5409750000
3822.6699220000 -8.6109200000 4.5403970000
3822.7800290000 -8.6057110000 4.5398650000
3822.8999020000 -8.6000790000 4.5392890000
3823.0200200000 -8.5944540000 4.5387100000
3823.1398930000 -8.5888700000 4.5381310000
3823.2600100000 -8.5833030000 4.5375520000
3823.3701170000 -8.5782260000 4.5370210000
3823.4899900000 -8.5727370000 4.5364440000
3823.6101070000 -8.5672520000 4.5358640000
3823.7299800000 -8.5618070000 4.5352850000
3823.8400880000 -8.5568280000 4.5347540000
3823.9599610000 -8.5514340000 4.5341760000
3824.0800780000 -8.5460660000 4.5335970000
3824.1999510000 -8.5407240000 4.5330180000
3824.3200680000 -8.5353980000 4.5324380000
3871.9506840000 -7.2323750000 4.2987140000
3947.6569820000 -6.0197200000 3.9130210000
4024.8435060000 -5.0969770000 3.5052700000
4103.5390630000 -4.3297670000 3.0783590000
4183.7739260000 -3.6734900000 2.6353010000
4265.5771480000 -3.1065370000 2.1792030000
4348.9794920000 -2.6162910000 1.7131990000
4434.0131840000 -2.7212000000 1.3334850000
4520.7089840000 -2.3727200000 0.9658120000
4609.1005860000 -2.2884590000 0.6161690000
4699.2197270000 -2.0268250000 0.3035910000
4791.1015630000 -1.7910140000 9.9997110000
4884.7792970000 -1.5779680000 9.7043440000
4980.2890630000 -1.3668490000 9.4160860000
5077.6660160000 -1.1906750000 9.1332740000
5176.9472660000 -1.0311780000 8.8579070000
5278.1694340000 -0.8867970000 8.5898290000
5381.3710940000 -0.7561670000 8.3288830000
5486.5903320000 -0.6380900000 8.0749120000
5593.8666990000 -0.5315040000 7.8277660000
5703.2412110000 -0.4354630000 7.5872930000
5814.7534180000 -0.3491200000 7.3533460000
5928.4467770000 -0.2717130000 7.1257760000
6044.3627930000 -0.2025550000 6.9044410000
6162.5449220000 -0.1410200000 6.6892010000
6283.0380860000 -0.0865420000 6.4799120000
6405.8872070000 -0.0386020000 6.2764400000
6531.1386720000 0.0032730000 6.0786470000
6658.8383790000 0.0395190000 5.8864040000
6789.0356450000 0.0642490000 5.7000200000
6921.7783200000 0.0893320000 5.5191630000
7057.1162110000 0.1057200000 5.3435370000
7195.1005860000 0.1232230000 5.1733810000
7335.7827150000 0.1369000000 5.0081390000
7479.2158200000 0.1470150000 4.8476830000
7625.4531250000 0.1474920000 4.6919570000
7774.5498050000 0.1510080000 4.5414040000
7926.5620120000 0.1517010000 4.3953110000
8081.5458980000 0.1497630000 4.2535600000
8239.5605470000 0.1453730000 4.1160340000
8400.6640630000 0.1386960000 3.9826200000
8564.9189450000 0.1298780000 3.8532090000
8732.3837890000 0.1190540000 3.7276940000
8903.1240230000 0.1063480000 3.6059800000
9077.2021480000 0.0924950000 3.4886590000
9254.6845700000 0.0771690000 3.3749470000
9435.6367190000 0.0604790000 3.2647420000
9620.1269530000 0.0425290000 3.1579430000
9808.2246090000 0.0234120000 3.0544510000
10000.0000000000 0.0032160000 2.9541720000
10195.5253900000 -0.0179820000 2.8570110000
10394.8730500000 -0.0401070000 2.7628790000
10598.1191400000 -0.0630940000 2.6716870000
10805.3388700000 -0.0877690000 2.5833580000
11016.6103500000 -0.1123590000 2.4978180000
11232.0127000000 -0.1376400000 2.4149700000
11451.6259800000 -0.1642880000 2.3347470000
11675.5341800000 -0.1908580000 2.2570680000
11903.8203100000 -0.2180040000 2.1818490000
12136.5693400000 -0.2456960000 2.1090180000
12373.8701200000 -0.2739140000 2.0385020000
12615.8105500000 -0.3026390000 1.9702310000
12862.4814500000 -0.3318590000 1.9041390000
13113.9746100000 -0.3615680000 1.8401590000
13370.3857400000 -0.3917630000 1.7782280000
13631.8105500000 -0.4226050000 1.7182870000
13898.3466800000 -0.4537950000 1.6602730000
14170.0937500000 -0.4855000000 1.6041270000
14447.1543000000 -0.5177430000 1.5497920000
14729.6328100000 -0.5521100000 1.4972780000
15017.6337900000 -0.5855250000 1.4464890000
15311.2666000000 -0.6209000000 1.3973590000
15610.6396500000 -0.6556640000 1.3498920000
15915.8671900000 -0.6911950000 1.3039700000
16227.0615200000 -0.7275730000 1.2595460000
16544.3418000000 -0.7669710000 1.2165920000
16867.8242200000 -0.8053720000 1.1751470000
17197.6328100000 -0.8449520000 1.1350640000
17533.8906300000 -0.8858700000 1.0962990000
17876.7207000000 -0.9283130000 1.0588120000
18226.2558600000 -0.9725050000 1.0225600000
18582.6250000000 -1.0187130000 0.9875060000
18945.9628900000 -1.0672600000 0.9536110000
19316.4023400000 -1.1185410000 0.9208370000
19694.0878900000 -1.1730440000 0.8891500000
20079.1562500000 -1.2313780000 0.8585130000
20471.7539100000 -1.2943170000 0.8288950000
20872.0273400000 -1.3628600000 0.8002610000
21280.1289100000 -1.4383300000 0.7725800000
21696.2070300000 -1.5225170000 0.7458220000
22120.4238300000 -1.6179300000 0.7199570000
22552.9335900000 -1.7282210000 0.6949550000
22993.8984400000 -1.8589960000 0.6707900000
23443.4882800000 -2.0194700000 0.6474340000
23901.8671900000 -2.2263480000 0.6248610000
24369.2070300000 -2.5148240000 0.6030460000
24801.8007800000 -2.9257510000 0.5838590000
24806.8007800000 -2.9319440000 0.5836430000
24811.8007800000 -2.9381830000 0.5834260000
24816.6992200000 -2.9443440000 0.5832150000
24821.6992200000 -2.9506770000 0.5829990000
24826.6992200000 -2.9570600000 0.5827830000
24831.5996100000 -2.9633660000 0.5825710000
24836.5996100000 -2.9698460000 0.5823560000
24841.5996100000 -2.9763800000 0.5821400000
24845.6875000000 -2.9817590000 0.5819640000
24846.5996100000 -2.9829640000 0.5819250000
24851.5000000000 -2.9894670000 0.5817140000
24856.5000000000 -2.9961570000 0.5814980000
24861.5000000000 -3.0028990000 0.5812830000
24866.5000000000 -3.0096990000 0.5810680000
24871.5000000000 -3.0165520000 0.5808540000
24876.5000000000 -3.0234610000 0.5806390000
24881.5000000000 -3.0304310000 0.5804240000
24886.5000000000 -3.0374570000 0.5802100000
24891.5000000000 -3.0445440000 0.5799960000
24896.5000000000 -3.0516900000 0.5797810000
24901.5000000000 -3.0589000000 0.5795670000
24906.5000000000 -3.0661700000 0.5793530000
24911.5000000000 -3.0735060000 0.5791390000
24916.5000000000 -3.0809030000 0.5789260000
24921.5000000000 -3.0883670000 0.5787120000
24926.5000000000 -3.0959000000 0.5784990000
24931.5000000000 -3.1034980000 0.5782850000
24936.5000000000 -3.1111690000 0.5780720000
24941.5000000000 -3.1189070000 0.5778590000
24946.5000000000 -3.1267200000 0.5776460000
24951.5996100000 -3.1347600000 0.5774290000
24956.5996100000 -3.1427220000 0.5772160000
24961.5996100000 -3.1507560000 0.5770030000
24966.5996100000 -3.1588710000 0.5767910000
24971.6992200000 -3.1672250000 0.5765740000
24976.6992200000 -3.1754990000 0.5763610000
24981.6992200000 -3.1838530000 0.5761490000
24986.8007800000 -3.1924640000 0.5759330000
24991.8007800000 -3.2009870000 0.5757210000
24996.8007800000 -3.2096000000 0.5755090000
25001.9003900000 -3.2184720000 0.5752930000
25006.9003900000 -3.2272640000 0.5750820000
25012.0000000000 -3.2363230000 0.5748660000
25017.0000000000 -3.2453030000 0.5746540000
25022.0996100000 -3.2545600000 0.5744390000
25027.0996100000 -3.2637320000 0.5742280000
25032.1992200000 -3.2731920000 0.5740130000
25037.1992200000 -3.2825680000 0.5738020000
25042.3007800000 -3.2922440000 0.5735870000
25047.3007800000 -3.3018320000 0.5733760000
25052.4003900000 -3.3117260000 0.5731610000
25057.5000000000 -3.3217350000 0.5729470000
25062.5000000000 -3.3316610000 0.5727360000
25067.5996100000 -3.3419080000 0.5725220000
25072.6992200000 -3.3522730000 0.5723080000
25077.6992200000 -3.3625650000 0.5720980000
25082.8007800000 -3.3731880000 0.5718840000
25087.9003900000 -3.3839450000 0.5716700000
25093.0000000000 -3.3948380000 0.5714560000
25098.0000000000 -3.4056490000 0.5712460000
25103.0996100000 -3.4168210000 0.5710330000
25108.1992200000 -3.4281390000 0.5708190000
25113.3007800000 -3.4396080000 0.5706060000
25118.4003900000 -3.4512300000 0.5703930000
25123.5000000000 -3.4630100000 0.5701800000
25128.5996100000 -3.4749480000 0.5699670000
25133.6992200000 -3.4870570000 0.5697540000
25138.8007800000 -3.4993430000 0.5695410000
25143.9003900000 -3.5117940000 0.5693290000
25149.0000000000 -3.5244320000 0.5691160000
25154.0996100000 -3.5372550000 0.5689040000
25159.1992200000 -3.5502650000 0.5686920000
25164.3007800000 -3.5634810000 0.5684790000
25169.4003900000 -3.5768960000 0.5682670000
25174.5000000000 -3.5905140000 0.5680560000
25179.5996100000 -3.6043530000 0.5678440000
25184.6992200000 -3.6184140000 0.5676320000
25189.8007800000 -3.6327040000 0.5674210000
25194.9003900000 -3.6472310000 0.5672090000
25200.0996100000 -3.6622910000 0.5669940000
25205.1992200000 -3.6773140000 0.5667830000
25210.3007800000 -3.6926080000 0.5665710000
25215.4003900000 -3.7081660000 0.5663600000
25220.5996100000 -3.7243150000 0.5661460000
25225.6992200000 -3.7404410000 0.5659350000
25230.8007800000 -3.7568790000 0.5657240000
25236.0000000000 -3.7739510000 0.5655100000
25241.0996100000 -3.7910220000 0.5652990000
25246.3007800000 -3.8087760000 0.5650850000
25251.4003900000 -3.8265300000 0.5648750000
25256.5000000000 -3.8446530000 0.5646650000
25261.6992200000 -3.8635150000 0.5644510000
25266.8007800000 -3.8824140000 0.5642410000
25272.0000000000 -3.9021010000 0.5640270000
25277.0996100000 -3.9218430000 0.5638180000
25282.3007800000 -3.9424340000 0.5636040000
25287.4003900000 -3.9630960000 0.5633950000
25292.5996100000 -3.9846530000 0.5631820000
25297.8007800000 -4.0067560000 0.5629690000
25302.9003900000 -4.0289700000 0.5627600000
25308.0996100000 -4.0521950000 0.5625470000
25313.3007800000 -4.0760410000 0.5623340000
25318.4003900000 -4.1000530000 0.5621250000
25323.5996100000 -4.1251960000 0.5619130000
25328.8007800000 -4.1510760000 0.5617010000
25331.4824200000 -4.1647140000 0.5615910000
25333.9003900000 -4.1771910000 0.5614920000
25339.0996100000 -4.2046100000 0.5612800000
25344.3007800000 -4.2328930000 0.5610680000
25349.5000000000 -4.2620700000 0.5608560000
25354.6992200000 -4.2922120000 0.5606440000
25359.9003900000 -4.3233820000 0.5604330000
25365.0000000000 -4.3550250000 0.5602250000
25370.1992200000 -4.3884490000 0.5600140000
25375.4003900000 -4.4231490000 0.5598020000
25380.5996100000 -4.4591980000 0.5595910000
25385.8007800000 -4.4967290000 0.5593800000
25391.0000000000 -4.5358390000 0.5591690000
25396.1992200000 -4.5766630000 0.5589580000
25401.4003900000 -4.6194180000 0.5587470000
25406.5996100000 -4.6646290000 0.5585370000
25411.8007800000 -4.7117100000 0.5583260000
25417.0000000000 -4.7612800000 0.5581160000
25422.3007800000 -4.8146830000 0.5579020000
25427.5000000000 -4.8702140000 0.5576920000
25432.6992200000 -4.9292510000 0.5574820000
25437.9003900000 -4.9922830000 0.5572720000
25443.0996100000 -5.0598280000 0.5570620000
25448.3007800000 -5.1326290000 0.5568520000
25453.5996100000 -5.2130670000 0.5566390000
25458.8007800000 -5.2993090000 0.5564300000
25464.0000000000 -5.3941680000 0.5562200000
25469.3007800000 -5.5017490000 0.5560070000
25474.5000000000 -5.6206130000 0.5557980000
25479.6992200000 -5.7564480000 0.5555890000
25485.0000000000 -5.9182160000 0.5553760000
25490.1992200000 -6.1088820000 0.5551680000
25495.4003900000 -6.3470660000 0.5549590000
25500.6992200000 -6.6716540000 0.5547470000
25505.9003900000 -7.1524280000 0.5545380000
25511.1992200000 -8.1835190000 0.5543260000
25516.4003900000 -8.3446720000 3.6186460000
25521.6992200000 -7.2051970000 3.6170550000
25526.9003900000 -6.6993790000 3.6154980000
25532.1992200000 -6.3615460000 3.6139140000
25537.5000000000 -6.1101790000 3.6123330000
25542.6992200000 -5.9133240000 3.6107860000
25548.0000000000 -5.7461720000 3.6092120000
25553.1992200000 -5.6056430000 3.6076710000
25558.5000000000 -5.4802420000 3.6061040000
25563.8007800000 -5.3688390000 3.6045400000
25569.0996100000 -5.2686360000 3.6029800000
25574.3007800000 -5.1791420000 3.6014520000
25579.5996100000 -5.0955010000 3.5998990000
25584.9003900000 -5.0182570000 3.5983480000
25590.1992200000 -4.9465430000 3.5968010000
25595.4003900000 -4.8807810000 3.5952860000
25600.6992200000 -4.8179210000 3.5937460000
25606.0000000000 -4.7587000000 3.5922080000
25611.3007800000 -4.7027730000 3.5906740000
25616.5996100000 -4.6497900000 3.5891440000
25621.9003900000 -4.5994210000 3.5876170000
25627.1992200000 -4.5514490000 3.5860930000
25632.5000000000 -4.5056250000 3.5845730000
25637.8007800000 -4.4617760000 3.5830550000
25643.0996100000 -4.4197530000 3.5815420000
25648.4003900000 -4.3793660000 3.5800300000
25653.6992200000 -4.3405460000 3.5785230000
25659.0000000000 -4.3031360000 3.5770190000
25664.3007800000 -4.2670490000 3.5755180000
25669.5996100000 -4.2322050000 3.5740200000
25675.0000000000 -4.1978790000 3.5724980000
25680.3007800000 -4.1652560000 3.5710060000
25685.5996100000 -4.1336640000 3.5695190000
25690.9003900000 -4.1030060000 3.5680340000
25696.1992200000 -4.0732510000 3.5665530000
25701.5996100000 -4.0437910000 3.5650470000
25706.9003900000 -4.0156740000 3.5635720000
25712.1992200000 -3.9883070000 3.5621000000
25717.5996100000 -3.9611590000 3.5606040000
25722.9003900000 -3.9351920000 3.5591390000
25728.1992200000 -3.9098730000 3.5576780000
25733.5996100000 -3.8846990000 3.5561910000
25738.9003900000 -3.8605650000 3.5547350000
25744.3007800000 -3.8365580000 3.5532560000
25749.5996100000 -3.8135330000 3.5518070000
25755.0000000000 -3.7905880000 3.5503340000
25760.3007800000 -3.7685450000 3.5488910000
25765.6992200000 -3.7465800000 3.5474250000
25771.0000000000 -3.7254590000 3.5459880000
25776.4003900000 -3.7043800000 3.5445280000
25781.6992200000 -3.6841000000 3.5430980000
25787.0996100000 -3.6638440000 3.5416450000
25792.5000000000 -3.6439800000 3.5401950000
25797.8007800000 -3.6248470000 3.5387740000
25803.1992200000 -3.6057160000 3.5373310000
25808.5996100000 -3.5869340000 3.5358900000
25813.9003900000 -3.5688250000 3.5344790000
25819.3007800000 -3.5506940000 3.5330450000
25824.6992200000 -3.5328890000 3.5316140000
25826.7753900000 -3.5261250000 3.5310650000
25830.0996100000 -3.5153820000 3.5301870000
25835.5000000000 -3.4981610000 3.5287620000
25840.8007800000 -3.4815400000 3.5273670000
25846.1992200000 -3.4648850000 3.5259490000
25851.5996100000 -3.4484900000 3.5245340000
25857.0000000000 -3.4323480000 3.5231220000
25862.4003900000 -3.4164610000 3.5217140000
25867.8007800000 -3.4008100000 3.5203080000
25873.1992200000 -3.3854060000 3.5189060000
25878.5996100000 -3.3702240000 3.5175080000
25884.0000000000 -3.3552580000 3.5161110000
25889.4003900000 -3.3405130000 3.5147190000
25894.8007800000 -3.3259770000 3.5133300000
25900.1992200000 -3.3116440000 3.5119430000
25905.5996100000 -3.2975090000 3.5105610000
25911.0000000000 -3.2835670000 3.5091810000
25916.5000000000 -3.2695560000 3.5077780000
25921.9003900000 -3.2559860000 3.5064050000
25927.3007800000 -3.2425900000 3.5050340000
25932.6992200000 -3.2293760000 3.5036670000
25938.0996100000 -3.2163250000 3.5023030000
25943.5996100000 -3.2032000000 3.5009170000
25949.0000000000 -3.1904780000 3.4995590000
25954.4003900000 -3.1779070000 3.4982040000
25959.9003900000 -3.1652680000 3.4968270000
25965.3007800000 -3.1530030000 3.4954790000
25970.6992200000 -3.1408910000 3.4941340000
25976.1992200000 -3.1286950000 3.4927660000
25981.5996100000 -3.1168630000 3.4914270000
25987.0996100000 -3.1049540000 3.4900670000
25992.5000000000 -3.0933890000 3.4887340000
25998.0000000000 -3.0817490000 3.4873800000
26003.4003900000 -3.0704430000 3.4860530000
26008.9003900000 -3.0590610000 3.4847050000
26014.3007800000 -3.0480030000 3.4833840000
26019.8007800000 -3.0368690000 3.4820420000
26025.3007800000 -3.0258510000 3.4807040000
26030.6992200000 -3.0151540000 3.4793930000
26036.1992200000 -3.0043680000 3.4780600000
26041.6992200000 -2.9936990000 3.4767320000
26047.0996100000 -2.9833270000 3.4754290000
26052.5996100000 -2.9728760000 3.4741070000
26058.0996100000 -2.9625280000 3.4727860000
26063.5996100000 -2.9522850000 3.4714700000
26069.0000000000 -2.9423300000 3.4701800000
26074.5000000000 -2.9322910000 3.4688700000
26080.0000000000 -2.9223480000 3.4675620000
26085.5000000000 -2.9125020000 3.4662580000
26091.0000000000 -2.9027540000 3.4649570000
26096.5000000000 -2.8930960000 3.4636590000
26102.0000000000 -2.8835320000 3.4623640000
26107.5000000000 -2.8740550000 3.4610720000
26113.0000000000 -2.8646670000 3.4597830000
26118.5000000000 -2.8553680000 3.4584980000
26124.0000000000 -2.8461510000 3.4572150000
26129.5000000000 -2.8370210000 3.4559360000
26135.0000000000 -2.8279700000 3.4546590000
26140.5000000000 -2.8190030000 3.4533860000
26146.0000000000 -2.8101110000 3.4521160000
26151.5000000000 -2.8012980000 3.4508480000
26157.0000000000 -2.7925650000 3.4495840000
26162.5996100000 -2.7837480000 3.4483010000
26168.0996100000 -2.7751620000 3.4470420000
26173.5996100000 -2.7666520000 3.4457880000
26179.0996100000 -2.7582110000 3.4445350000
26184.6992200000 -2.7496900000 3.4432640000
26190.1992200000 -2.7413930000 3.4420190000
26195.6992200000 -2.7331610000 3.4407760000
26201.3007800000 -2.7248470000 3.4395130000
26206.8007800000 -2.7167530000 3.4382760000
26212.3007800000 -2.7087200000 3.4370420000
26217.9003900000 -2.7006090000 3.4357900000
26223.4003900000 -2.6927080000 3.4345620000
26229.0000000000 -2.6847260000 3.4333150000
26234.5000000000 -2.6769460000 3.4320940000
26240.0996100000 -2.6690910000 3.4308530000
26245.5996100000 -2.6614320000 3.4296380000
26251.1992200000 -2.6536950000 3.4284030000
26256.6992200000 -2.6461560000 3.4271940000
26262.3007800000 -2.6385340000 3.4259650000
26267.9003900000 -2.6309730000 3.4247400000
26331.7539100000 -2.5485990000 3.4109830000
26846.6054700000 -2.0516800000 3.3134750000
27371.5234400000 -1.6998120000 3.2227230000
27906.7070300000 -1.4305980000 3.1319500000
28452.3515600000 -1.2130780000 3.0412940000
29008.6660200000 -1.0315040000 2.9508850000
29575.8593800000 -0.8767220000 2.8608530000
30154.1406300000 -0.7429380000 2.7713240000
30743.7304700000 -0.6262350000 2.6824200000
31344.8476600000 -0.5238390000 2.5942600000
31957.7168000000 -0.4337060000 2.5069580000
32582.5703100000 -0.3542880000 2.4206230000
33219.6406300000 -0.3317260000 2.3361010000
33869.1679700000 -0.2731930000 2.2617730000
34531.3945300000 -0.2209570000 2.1895860000
35206.5703100000 -0.1742680000 2.1194840000
35894.9492200000 -0.1325020000 2.0514140000
36596.7851600000 -0.0951340000 1.9853250000
37312.3437500000 -0.0617100000 1.9211670000
38041.8906300000 -0.0318380000 1.8588890000
38785.7070300000 -0.0051760000 1.7984420000
39544.0625000000 0.0185750000 1.7397790000
40317.2500000000 0.0396820000 1.6828550000
41105.5546900000 0.0583800000 1.6276220000
41909.2695300000 0.0748780000 1.5740380000
42728.6992200000 0.0893660000 1.5220580000
43564.1523400000 0.1021190000 1.4716390000
44415.9414100000 0.1130800000 1.4227400000
45284.3867200000 0.1224930000 1.3753200000
46169.8085900000 0.1304840000 1.3293410000
47072.5429700000 0.1371680000 1.2847630000
47992.9296900000 0.1426510000 1.2415470000
48931.3125000000 0.1470290000 1.1996590000
49888.0429700000 0.1503920000 1.1590600000
50863.4765600000 0.1528190000 1.1197160000
51857.9843800000 0.1522170000 1.0817850000
52871.9375000000 0.1529770000 1.0450820000
53905.7187500000 0.1530300000 1.0095360000
54959.7109400000 0.1524350000 0.9751120000
56034.3085900000 0.1512470000 0.9417790000
57129.9218800000 0.1495150000 0.9095040000
58246.9531300000 0.1472860000 0.8782580000
59385.8281300000 0.1446040000 0.8480100000
60546.9687500000 0.1415080000 0.8187310000
61730.8125000000 0.1380350000 0.7903930000
62937.8046900000 0.1342200000 0.7629670000
64168.3984400000 0.1300940000 0.7364270000
65423.0507800000 0.1256870000 0.7107470000
66702.2343800000 0.1210260000 0.6859010000
68006.4296900000 0.1161360000 0.6618640000
69336.1250000000 0.1110400000 0.6386130000
70691.8203100000 0.1057590000 0.6161220000
72074.0234400000 0.1000460000 0.5943740000
73483.2500000000 0.0944530000 0.5733450000
74920.0312500000 0.0887190000 0.5530100000
76384.9062500000 0.0825760000 0.5333530000
77878.4218800000 0.0765390000 0.5143500000
79401.1406300000 0.0701470000 0.4959800000
80953.6328100000 0.0636930000 0.4783360000
82536.4765600000 0.0577150000 0.4613580000
84150.2734400000 0.0517190000 0.4449560000
85795.6250000000 0.0457100000 0.4291100000
87473.1406300000 0.0397010000 0.4138030000
89183.4609400000 0.0336980000 0.3990170000
90927.2187500000 0.0277110000 0.3847360000
92705.0781300000 0.0217460000 0.3709420000
94517.6953100000 0.0158110000 0.3576210000
96365.7500000000 0.0099110000 0.3447560000
98249.9453100000 0.0040530000 0.3323330000
100170.9766000000 -0.0017590000 0.3203380000
102129.5703000000 -0.0075190000 0.3087570000
104126.4609000000 -0.0132240000 0.2975750000
106162.3906000000 -0.0188700000 0.2867810000
108238.1328000000 -0.0244530000 0.2763600000
110354.4609000000 -0.0299670000 0.2663020000
112512.1641000000 -0.0373990000 0.2566980000
114712.0547000000 -0.0428180000 0.2474470000
116954.9688000000 -0.0481550000 0.2385270000
119241.7266000000 -0.0534060000 0.2299250000
121573.2031000000 -0.0585710000 0.2216320000
123950.2656000000 -0.0636480000 0.2136340000
126373.8047000000 -0.0686370000 0.2059230000
128844.7266000000 -0.0735360000 0.1984880000
131363.9688000000 -0.0783450000 0.1913190000
133932.4531000000 -0.0830640000 0.1844060000
136551.1719000000 -0.0876920000 0.1777410000
139221.0938000000 -0.0922300000 0.1713150000
141943.2188000000 -0.0966780000 0.1651190000
144718.5625000000 -0.1010350000 0.1591460000
147548.1719000000 -0.1053030000 0.1533860000
150433.1094000000 -0.1094820000 0.1478330000
153374.4531000000 -0.1135720000 0.1424800000
156373.2969000000 -0.1175740000 0.1373180000
159430.7969000000 -0.1214890000 0.1323420000
162548.0625000000 -0.1253170000 0.1275440000
165726.2813000000 -0.1290610000 0.1229190000
168966.6406000000 -0.1327190000 0.1184600000
172270.3750000000 -0.1362950000 0.1141620000
175638.6875000000 -0.1397880000 0.1100180000
179072.8594000000 -0.1432000000 0.1060230000
182574.1875000000 -0.1465310000 0.1021720000
186143.9688000000 -0.1497840000 0.0984590000
189783.5469000000 -0.1529590000 0.0948800000
193494.2969000000 -0.1560580000 0.0914300000
197277.5938000000 -0.1590810000 0.0881050000
201134.8594000000 -0.1620310000 0.0848990000
205067.5469000000 -0.1649080000 0.0818090000
209077.1406000000 -0.1677130000 0.0788300000
213165.1250000000 -0.1704480000 0.0759590000
217333.0313000000 -0.1731150000 0.0731910000
221582.4375000000 -0.1757140000 0.0705240000
225914.9219000000 -0.1782470000 0.0679530000
230332.1250000000 -0.1807150000 0.0654740000
234835.7031000000 -0.1831190000 0.0630850000
239427.3281000000 -0.1854610000 0.0607830000
244108.7344000000 -0.1877420000 0.0585640000
248881.6719000000 -0.1899630000 0.0564250000
253747.9219000000 -0.1921260000 0.0543640000
258709.3281000000 -0.1942320000 0.0523770000
263767.7500000000 -0.1962820000 0.0504620000
268925.0625000000 -0.1982770000 0.0486170000
274183.2188000000 -0.2002180000 0.0468380000
279544.1875000000 -0.2021070000 0.0451240000
285010.0000000000 -0.2039450000 0.0434720000
290582.6563000000 -0.2057330000 0.0418810000
296264.2500000000 -0.2074720000 0.0403460000
302056.9688000000 -0.2091640000 0.0388680000
307962.9375000000 -0.2108090000 0.0374430000
313984.3750000000 -0.2124090000 0.0360700000
320123.5625000000 -0.2139640000 0.0347470000
326382.7813000000 -0.2154760000 0.0334720000
332764.3750000000 -0.2169460000 0.0322440000
339270.7500000000 -0.2183740000 0.0310600000
345904.3438000000 -0.2197630000 0.0299190000
352667.6563000000 -0.2211120000 0.0288200000
359563.1875000000 -0.2224230000 0.0277610000
366593.5625000000 -0.2236970000 0.0267400000
373761.3750000000 -0.2249350000 0.0257570000
381069.3438000000 -0.2261370000 0.0248100000
388520.2188000000 -0.2273050000 0.0238970000
396116.7500000000 -0.2284390000 0.0230170000
403861.8125000000 -0.2295400000 0.0221700000
411758.3438000000 -0.2306100000 0.0213530000
419809.2500000000 -0.2316480000 0.0205660000
428017.5625000000 -0.2326570000 0.0198080000
436386.3750000000 -0.2336350000 0.0190780000
444918.8125000000 -0.2345860000 0.0183740000
453618.0938000000 -0.2355080000 0.0176970000
462487.4688000000 -0.2364030000 0.0170440000
471530.2500000000 -0.2372720000 0.0164150000
480749.8438000000 -0.2381150000 0.0158080000
490149.7188000000 -0.2389340000 0.0152250000
499733.3750000000 -0.2397270000 0.0146620000
509504.4063000000 -0.2404980000 0.0141200000
519466.5000000000 -0.2412450000 0.0135980000
529623.3750000000 -0.2419700000 0.0130950000
539978.8125000000 -0.2426730000 0.0126110000
550536.7500000000 -0.2433540000 0.0121450000
561301.1250000000 -0.2440160000 0.0116950000
572276.0000000000 -0.2446570000 0.0112620000
583465.4375000000 -0.2452790000 0.0108450000
594873.6250000000 -0.2458820000 0.0104430000
606504.8750000000 -0.2464660000 0.0100560000
618363.5625000000 -0.2470330000 0.0096840000
630454.1250000000 -0.2475830000 0.0093250000
642781.1250000000 -0.2481150000 0.0089790000
655349.0625000000 -0.2486310000 0.0086460000
668162.8125000000 -0.2491320000 0.0083250000
681227.0625000000 -0.2496170000 0.0080160000
694546.7500000000 -0.2500860000 0.0077190000
