30.0000000000 -33.8920100000 9.1060430000
30.5865750000 -33.6822130000 9.0914410000
31.1846200000 -33.4792210000 9.0671000000
31.7943570000 -33.2846070000 9.0330960000
32.4160160000 -33.1002120000 8.9895400000
33.0498310000 -32.9282760000 8.9365720000
33.6960370000 -32.7715840000 8.8743600000
34.3548770000 -32.6336860000 8.8031020000
35.0266040000 -32.5193140000 8.7230240000
35.7114600000 -32.4349750000 8.6343770000
36.4097100000 -32.3900340000 8.5374380000
37.1216090000 -32.3986550000 8.4325080000
37.8474310000 -32.4835700000 8.3199100000
38.5874440000 -32.6840480000 8.1999860000
39.3419230000 -33.4052700000 2.6489610000
40.1111560000 -31.5060940000 2.1933200000
40.8954320000 -30.4759460000 1.7596960000
41.6950380000 -29.7496130000 1.3457530000
42.5102810000 -29.1871050000 0.9494470000
43.3414650000 -28.7299230000 0.5690170000
44.1888960000 -28.3474270000 0.2029330000
45.0529020000 -28.0213240000 9.8498660000
45.9338000000 -27.7397520000 9.5086830000
46.8319210000 -27.4945390000 9.1784060000
47.7476010000 -27.2798100000 8.8582040000
48.6811870000 -27.0911900000 8.5473650000
49.6330260000 -26.9253480000 8.2452960000
50.6034740000 -26.7796730000 7.9514910000
51.5928990000 -26.6520940000 7.6655340000
52.6016690000 -26.5409370000 7.3870750000
53.6301650000 -26.4448300000 7.1158320000
54.6787680000 -26.3626380000 6.8515760000
55.7478750000 -26.2934170000 6.5941190000
56.8378870000 -26.2363740000 6.3433150000
57.9492070000 -26.1908490000 6.0990490000
59.0822600000 -26.1563000000 5.8612330000
60.2374690000 -26.1323010000 5.6297970000
61.4152600000 -26.1185530000 5.4046930000
62.6160810000 -26.1149020000 5.1858820000
63.8403850000 -26.1213990000 4.9733360000
65.0886230000 -26.1383950000 4.7670330000
66.3612670000 -26.1667420000 4.5669550000
67.6587980000 -26.2082480000 4.3730840000
68.9816970000 -26.3020290000 4.3649700000
70.3304600000 -26.2653270000 4.1887610000
71.7055970000 -26.2702370000 4.0187530000
73.1076200000 -26.2900520000 3.8549140000
74.5370640000 -26.3192460000 3.6972090000
75.9944460000 -26.3555720000 3.5455940000
77.4803310000 -26.3977990000 3.4000190000
78.9952620000 -26.4451310000 3.2604280000
80.5398180000 -26.4969830000 3.1267580000
82.1145710000 -26.5528930000 2.9989370000
83.7201160000 -26.6124760000 2.8768860000
85.3570560000 -26.6754040000 2.7605230000
87.0260010000 -26.7413850000 2.6497550000
88.7275770000 -26.8101630000 2.5444860000
90.4624250000 -26.8815080000 2.4446120000
92.2311940000 -26.9552120000 2.3500250000
94.0345380000 -27.0310900000 2.2606130000
95.8731540000 -27.1089740000 2.1762590000
97.7477110000 -27.1887230000 2.0968430000
99.6589200000 -27.2702050000 2.0222430000
101.6075060000 -27.3533120000 1.9523320000
103.5941850000 -27.4379520000 1.8869870000
105.6197130000 -27.5240480000 1.8260790000
107.6848450000 -27.6115440000 1.7694810000
109.7903520000 -27.7003990000 1.7170690000
111.9370270000 -27.7905920000 1.6687160000
114.1256790000 -27.8821140000 1.6243010000
116.3571170000 -27.9749770000 1.5837030000
118.6321950000 -28.0692120000 1.5468060000
120.9517520000 -28.1648640000 1.5134960000
123.3166580000 -28.2619970000 1.4836670000
125.7278060000 -28.3606950000 1.4572160000
128.1860960000 -28.5970270000 1.4369810000
130.6924590000 -28.6938720000 1.4206930000
133.2478330000 -29.3800770000 1.4178020000
135.8531490000 -29.4587150000 1.4231100000
138.5094300000 -29.5402070000 1.4297730000
141.2176360000 -29.6247960000 1.4378240000
143.9787900000 -29.7127480000 1.4473050000
146.7939300000 -29.8043460000 1.4582640000
149.6641240000 -29.8998990000 1.4707560000
152.5904390000 -29.9997410000 1.4848470000
155.5739590000 -30.1042420000 1.5006110000
158.6158140000 -29.7417770000 1.4932100000
161.7171480000 -29.8395480000 1.4857120000
164.8791350000 -29.9434320000 1.4783160000
168.1029360000 -30.0540030000 1.4710070000
171.3897710000 -30.1719090000 1.4637730000
174.7408600000 -30.2978780000 1.4566040000
178.1574860000 -30.4327370000 1.4494870000
181.6409150000 -30.5774380000 1.4424130000
185.1924440000 -30.7330670000 1.4353740000
188.8134160000 -30.9008900000 1.4283590000
192.5051880000 -31.0823880000 1.4213630000
196.2691500000 -31.2793160000 1.4143760000
200.1067050000 -31.4937630000 1.4073930000
204.0192870000 -31.7282660000 1.4004080000
208.0083770000 -31.9859290000 1.3934160000
212.0754700000 -32.2706220000 1.3864120000
216.2220760000 -32.5872500000 1.3793930000
220.4497530000 -32.9421460000 1.3723540000
224.7601010000 -33.3437000000 1.3652940000
229.1547240000 -33.8033140000 1.3582100000
233.6352690000 -34.3369830000 1.3511000000
238.2034300000 -34.9680250000 1.3439640000
242.8609010000 -35.7320250000 1.3368000000
247.6094360000 -36.6865620000 1.3296090000
252.4508210000 -37.9319650000 1.3223900000
257.3868710000 -40.2997250000 7.3975590000
262.4194340000 -38.5536160000 7.8294030000
267.5503850000 -37.9592860000 8.2789930000
272.7816770000 -37.6200100000 8.7456970000
278.1152340000 -37.4370770000 9.2309600000
283.5530700000 -37.2566380000 9.7320870000
289.0972600000 -37.1002120000 0.2475830000
294.7498170000 -36.9522320000 0.7761870000
300.5129390000 -36.8028870000 1.3164870000
306.3887020000 -36.6455310000 1.8669130000
312.3793640000 -36.4754560000 2.4257500000
318.4871830000 -36.2892570000 2.9911430000
324.7143860000 -36.0844920000 3.5610860000
331.0633850000 -35.8594630000 4.1334620000
337.5364990000 -35.6131360000 4.7060280000
344.1361690000 -35.3450970000 5.2764400000
350.8648990000 -35.0555530000 5.8422660000
357.7251890000 -34.7454070000 6.4010090000
364.7196040000 -34.4163400000 6.9500960000
371.8508000000 -34.0709920000 7.4869400000
379.1213990000 -33.7132450000 8.0089240000
386.5341800000 -33.3486710000 8.5134390000
394.0918880000 -32.9852940000 8.9978960000
401.7973630000 -32.6348950000 9.4597610000
409.6535340000 -32.3154450000 9.8965630000
417.6632690000 -32.0559880000 0.3059160000
425.8296200000 -33.8269040000 3.3004340000
434.1556700000 -31.2669620000 3.6717050000
442.6445010000 -30.1711200000 4.0080450000
451.2993160000 -29.2938140000 5.4509280000
460.1233520000 -27.9853840000 5.7263580000
469.1199040000 -26.8551310000 5.9614200000
478.2923890000 -25.7963960000 6.1548630000
487.6441960000 -24.7791180000 6.3056600000
497.1788640000 -23.7918950000 6.4130340000
506.8999330000 -22.8310260000 6.4764480000
516.8110960000 -21.8972550000 6.4956250000
526.9160770000 -20.9949570000 6.4705410000
537.2185670000 -20.1329420000 6.4014280000
547.7225340000 -20.7503740000 7.2768650000
558.4318850000 -18.3987770000 7.1215320000
569.3506470000 -17.2566570000 6.9240800000
580.4828490000 -16.2250800000 6.6857200000
591.8327640000 -15.2535620000 6.4078730000
603.4046020000 -14.3275830000 6.0921760000
615.2026370000 -13.4417160000 5.7404520000
627.2313840000 -12.5938930000 5.3546960000
639.4953610000 -11.7834880000 4.9370540000
651.9990840000 -11.0105990000 4.4898110000
664.7473140000 -10.2756170000 4.0153620000
677.7447510000 -9.5790740000 3.5161930000
690.9963990000 -8.9215060000 2.9948620000
704.5070800000 -8.3034130000 2.4539780000
718.2819820000 -7.7252030000 1.8961640000
732.3261720000 -6.8732830000 1.3228660000
746.6450200000 -6.3723340000 0.7298160000
761.2437740000 -5.9120400000 0.1275540000
776.1279910000 -5.4924090000 9.5186080000
791.3032230000 -5.1133920000 8.9054510000
806.7752080000 -4.7749390000 8.2904550000
822.5496830000 -4.4770900000 7.6759030000
838.6325680000 -4.2200890000 7.0639590000
855.0299680000 -4.0045930000 6.4566590000
871.7479250000 -3.8320220000 5.8559060000
888.7927860000 -3.7051950000 5.2634610000
906.1708980000 -3.6295950000 4.6809430000
923.8888550000 -3.6161190000 4.1098080000
941.9531860000 -3.6880370000 3.5513700000
960.3707280000 -3.9019120000 3.0067810000
979.1483760000 -4.4350550000 2.4770390000
998.2931520000 -6.3147080000 1.9629960000
1017.8123170000 -6.6450920000 1.6619370000
1037.7131350000 -6.5618980000 1.3853490000
1058.0029300000 -6.4824630000 1.1138730000
1078.6895750000 -6.4098800000 0.8473800000
1099.7806400000 -6.3439300000 0.5858210000
1121.2841800000 -6.2844110000 0.3291420000
1143.2080080000 -6.2311390000 0.0772890000
1165.5606690000 -6.1839420000 9.8302050000
1188.3502200000 -6.1426660000 9.5878400000
1211.5854490000 -6.1071710000 9.3501350000
1235.2750240000 -6.0773310000 9.1170330000
1259.4277340000 -6.0530380000 8.8884820000
1284.0527340000 -6.0342180000 8.6644260000
1309.1591800000 -6.0216410000 8.4448330000
1334.7564700000 -6.0135300000 8.2296250000
1360.8542480000 -6.0106770000 8.0187440000
1387.4624020000 -6.0130510000 7.8121360000
1414.5908200000 -6.0206390000 7.6097410000
1442.2495120000 -6.0334480000 7.4115060000
1470.4492190000 -6.0515060000 7.2173720000
1499.2000730000 -6.0748630000 7.0272860000
1528.5131840000 -6.1035920000 6.8411880000
1558.3995360000 -6.1377960000 6.6590230000
1588.8701170000 -6.1776060000 6.4807370000
1619.9365230000 -6.2231860000 6.3062730000
1651.6103520000 -6.2747430000 6.1355740000
1683.9034420000 -6.3325220000 5.9685880000
1716.8280030000 -6.4308190000 5.8061800000
1750.3962400000 -6.5026100000 5.6483060000
1784.6208500000 -6.6026110000 5.4941900000
1819.5146480000 -6.6896630000 5.3445860000
1855.0908200000 -6.7849630000 5.1984810000
1891.3624270000 -6.8892320000 5.0558130000
1928.3432620000 -7.0033410000 4.9165170000
1966.0472410000 -7.1283380000 4.7805290000
2004.4884030000 -7.2655000000 4.6477890000
2043.6811520000 -7.4163850000 4.5182330000
2083.6401370000 -7.5829240000 4.3918010000
2124.3806150000 -7.7675380000 4.2684300000
2165.9174800000 -7.9732920000 4.1480640000
2208.2666020000 -8.2125060000 4.0308280000
2251.4438480000 -8.4738250000 3.9167400000
2295.4653320000 -8.7725740000 3.8054880000
2340.3474120000 -9.1186990000 3.6970120000
2386.1069340000 -9.5267030000 3.5912570000
2432.7612300000 -10.0189610000 3.4881660000
2480.3278810000 -10.6326770000 3.3876830000
2528.8244630000 -11.4370160000 3.2897520000
2578.2692870000 -12.5863250000 3.1943230000
2628.6809080000 -14.5781970000 3.1013390000
2680.0783690000 -21.8515820000 1.2547720000
2732.4804690000 -14.8262620000 0.8316990000
2785.9074710000 -15.6260190000 0.4479600000
2840.3789060000 -12.0237460000 4.0462520000
2895.9152830000 -10.3054460000 3.5886440000
2952.5378420000 -9.3372340000 3.1829970000
3010.2673340000 -8.9729320000 2.8160750000
3069.1254880000 -8.2435240000 4.3029610000
3129.1347660000 -6.8361950000 3.8929160000
3190.3171390000 -5.9220400000 3.4913820000
3252.6958010000 -5.1980230000 3.0983770000
3316.2941890000 -4.5917830000 2.7139080000
3381.1359860000 -4.0706580000 2.3379760000
3447.2456050000 -3.6158790000 1.9705760000
3514.6479490000 -3.2560980000 1.6157610000
3583.3681640000 -2.9040550000 1.2743240000
3653.4318850000 -2.6013000000 0.9432740000
3724.8657230000 -2.3197670000 0.6234460000
3797.6960450000 -2.0659950000 0.3131440000
3871.9506840000 -1.8365510000 0.0121360000
3947.6569820000 -1.6285680000 9.7202000000
4024.8435060000 -1.4069170000 9.4314070000
4103.5390630000 -1.2330400000 9.1497750000
4183.7739260000 -1.0752500000 8.8756990000
4265.5771480000 -0.9320720000 8.6090130000
4348.9794920000 -0.8022110000 8.3495430000
4434.0131840000 -0.6845210000 8.0971150000
4520.7089840000 -0.5779860000 7.8515690000
4609.1005860000 -0.4816970000 7.6127390000
4699.2197270000 -0.3948390000 7.3804690000
4791.1015630000 -0.3180490000 7.1546160000
4884.7792970000 -0.2491770000 6.9350600000
4980.2890630000 -0.1864350000 6.7216080000
5077.6660160000 -0.1305610000 6.5141020000
5176.9472660000 -0.0810500000 6.3123960000
5278.1694340000 -0.0374420000 6.1163470000
5381.3710940000 0.0056920000 5.9256770000
5486.5903320000 0.0387840000 5.7399910000
5593.8666990000 0.0647720000 5.5595660000
5703.2412110000 0.0886110000 5.3844880000
5814.7534180000 0.1083330000 5.2144040000
5928.4467770000 0.1242250000 5.0491850000
6044.3627930000 0.1365490000 4.8887110000
6162.5449220000 0.1401980000 4.7332360000
6283.0380860000 0.1459670000 4.5824870000
6405.8872070000 0.1489000000 4.4361570000
6531.1386720000 0.1491940000 4.2941290000
6658.8383790000 0.1470330000 4.1562940000
6789.0356450000 0.1425890000 4.0225390000
6921.7783200000 0.1360200000 3.8927570000
7057.1162110000 0.1274750000 3.7668430000
7195.1005860000 0.1170910000 3.6446930000
7335.7827150000 0.1049940000 3.5262070000
7479.2158200000 0.0913040000 3.4112870000
7625.4531250000 0.0761290000 3.2998360000
7774.5498050000 0.0595700000 3.1917600000
7926.5620120000 0.0417200000 3.0869670000
8081.5458980000 0.0183640000 2.9854490000
8239.5605470000 -0.0017580000 2.8870770000
8400.6640630000 -0.0255620000 2.7917410000
8564.9189450000 -0.0476990000 2.6993900000
8732.3837890000 -0.0707760000 2.6098870000
8903.1240230000 -0.0947450000 2.5231610000
9077.2021480000 -0.1191840000 2.4397830000
9254.6845700000 -0.1442860000 2.3590260000
9435.6367190000 -0.1700120000 2.2808150000
9620.1269530000 -0.1963270000 2.2050730000
9808.2246090000 -0.2232010000 2.1317270000
10000.0000000000 -0.2506090000 2.0607050000
10195.5253900000 -0.2785320000 1.9919380000
10394.8730500000 -0.3069940000 1.9253590000
10598.1191400000 -0.3359090000 1.8609010000
10805.3388700000 -0.3653070000 1.7985020000
11016.6103500000 -0.3951910000 1.7380980000
11232.0127000000 -0.4255650000 1.6796290000
11451.6259800000 -0.4564400000 1.6230360000
11675.5341800000 -0.4887730000 1.5682810000
11903.8203100000 -0.5207420000 1.5153290000
12136.5693400000 -0.5540810000 1.4640950000
12373.8701200000 -0.5872480000 1.4145620000
12615.8105500000 -0.6210690000 1.3666390000
12862.4814500000 -0.6556020000 1.3202750000
13113.9746100000 -0.6909150000 1.2754210000
13370.3857400000 -0.7285920000 1.2320930000
13631.8105500000 -0.7657700000 1.1902100000
13898.3466800000 -0.8040170000 1.1497020000
14170.0937500000 -0.8434700000 1.1105270000
14447.1543000000 -0.8842860000 1.0726410000
14729.6328100000 -0.9266570000 1.0360040000
15017.6337900000 -0.9708070000 1.0005770000
15311.2666000000 -1.0170080000 0.9663190000
15610.6396500000 -1.0655840000 0.9331950000
15915.8671900000 -1.1169370000 0.9011680000
16227.0615200000 -1.1715570000 0.8702020000
16544.3418000000 -1.2300590000 0.8402630000
16867.8242200000 -1.2932220000 0.8113200000
17197.6328100000 -1.3620530000 0.7833380000
17533.8906300000 -1.4378770000 0.7562890000
17876.7207000000 -1.5230580000 0.7301450000
18226.2558600000 -1.6189690000 0.7048770000
18582.6250000000 -1.7298340000 0.6804520000
18945.9628900000 -1.8612330000 0.6568440000
19316.4023400000 -2.0223080000 0.6340270000
19694.0878900000 -2.2295330000 0.6119740000
20079.1562500000 -2.5172850000 0.5906620000
20471.7539100000 -2.9784080000 0.5700650000
20564.6992200000 -3.1384440000 0.5653470000
20568.0996100000 -3.1449090000 0.5651760000
20571.5000000000 -3.1514240000 0.5650040000
20574.9003900000 -3.1579840000 0.5648330000
20578.3007800000 -3.1645990000 0.5646620000
20581.6992200000 -3.1712610000 0.5644910000
20585.0996100000 -3.1779790000 0.5643200000
20588.5996100000 -3.1849490000 0.5641440000
20592.0000000000 -3.1917710000 0.5639730000
20595.4003900000 -3.1986520000 0.5638020000
20598.8007800000 -3.2055880000 0.5636310000
20602.3007800000 -3.2127850000 0.5634550000
20605.6992200000 -3.2198320000 0.5632850000
20609.0996100000 -3.2269420000 0.5631140000
20612.5000000000 -3.2341060000 0.5629440000
20616.0000000000 -3.2415460000 0.5627690000
20619.4003900000 -3.2488370000 0.5625980000
20622.8007800000 -3.2561890000 0.5624280000
20626.1992200000 -3.2636010000 0.5622580000
20629.6992200000 -3.2713000000 0.5620830000
20633.0996100000 -3.2788470000 0.5619130000
20636.5000000000 -3.2864550000 0.5617430000
20640.0000000000 -3.2943600000 0.5615680000
20643.4003900000 -3.3021110000 0.5613990000
20646.9003900000 -3.3101610000 0.5612240000
20650.3007800000 -3.3180540000 0.5610540000
20653.6992200000 -3.3260150000 0.5608850000
20657.1992200000 -3.3342900000 0.5607100000
20660.5996100000 -3.3424020000 0.5605410000
20664.0996100000 -3.3508340000 0.5603670000
20667.5000000000 -3.3591060000 0.5601980000
20670.9003900000 -3.3674570000 0.5600290000
20674.4003900000 -3.3761370000 0.5598550000
20677.8007800000 -3.3846530000 0.5596860000
20681.3007800000 -3.3935050000 0.5595120000
20684.6992200000 -3.4021880000 0.5593430000
20688.1992200000 -3.4112200000 0.5591690000
20691.5996100000 -3.4200810000 0.5590010000
20695.0996100000 -3.4293000000 0.5588270000
20698.5996100000 -3.4386160000 0.5586540000
20702.0000000000 -3.4477640000 0.5584850000
20705.5000000000 -3.4572800000 0.5583120000
20708.9003900000 -3.4666250000 0.5581440000
20712.4003900000 -3.4763470000 0.5579710000
20715.8007800000 -3.4858980000 0.5578030000
20719.3007800000 -3.4958360000 0.5576300000
20722.8007800000 -3.5058880000 0.5574570000
20726.1992200000 -3.5157590000 0.5572890000
20729.6992200000 -3.5260410000 0.5571160000
20733.1992200000 -3.5364440000 0.5569440000
20736.5996100000 -3.5466640000 0.5567760000
20740.0996100000 -3.5573130000 0.5566040000
20743.5996100000 -3.5680910000 0.5564310000
20747.0000000000 -3.5786900000 0.5562640000
20750.5000000000 -3.5897320000 0.5560910000
20754.0000000000 -3.6009140000 0.5559190000
20757.5000000000 -3.6122360000 0.5557470000
20760.9003900000 -3.6233780000 0.5555800000
20764.4003900000 -3.6349920000 0.5554080000
20767.9003900000 -3.6467590000 0.5552360000
20771.4003900000 -3.6586830000 0.5550650000
20774.9003900000 -3.6707680000 0.5548930000
20778.3007800000 -3.6826690000 0.5547260000
20781.8007800000 -3.6950850000 0.5545550000
20785.3007800000 -3.7076740000 0.5543830000
20788.8007800000 -3.7204430000 0.5542120000
20792.3007800000 -3.7333960000 0.5540410000
20795.8007800000 -3.7465380000 0.5538690000
20799.3007800000 -3.7598750000 0.5536980000
20802.6992200000 -3.7730190000 0.5535320000
20806.1992200000 -3.7867560000 0.5533610000
20809.6992200000 -3.8007060000 0.5531900000
20813.1992200000 -3.8148750000 0.5530200000
20816.6992200000 -3.8292690000 0.5528490000
20820.1992200000 -3.8438960000 0.5526780000
20823.6992200000 -3.8587630000 0.5525080000
20827.1992200000 -3.8738770000 0.5523370000
20830.6992200000 -3.8892480000 0.5521670000
20834.1992200000 -3.9048820000 0.5519960000
20837.6992200000 -3.9207910000 0.5518260000
20841.1992200000 -3.9369820000 0.5516560000
20844.6992200000 -3.9534650000 0.5514860000
20848.1992200000 -3.9702530000 0.5513160000
20851.6992200000 -3.9873540000 0.5511460000
20855.1992200000 -4.0047810000 0.5509760000
20858.6992200000 -4.0225460000 0.5508060000
20862.1992200000 -4.0406620000 0.5506370000
20865.8007800000 -4.0596830000 0.5504620000
20869.3007800000 -4.0785550000 0.5502930000
20872.0273400000 -4.0935240000 0.5501610000
20872.8007800000 -4.0978220000 0.5501230000
20876.3007800000 -4.1175010000 0.5499540000
20879.8007800000 -4.1376090000 0.5497840000
20883.3007800000 -4.1581660000 0.5496150000
20886.9003900000 -4.1797930000 0.5494410000
20890.4003900000 -4.2013200000 0.5492720000
20893.9003900000 -4.2233600000 0.5491030000
20897.4003900000 -4.2459360000 0.5489340000
20900.9003900000 -4.2690750000 0.5487660000
20904.5000000000 -4.2934860000 0.5485920000
20908.0000000000 -4.3178680000 0.5484230000
20911.5000000000 -4.3428910000 0.5482550000
20915.0000000000 -4.3686050000 0.5480860000
20918.5996100000 -4.3958050000 0.5479130000
20922.0996100000 -4.4230380000 0.5477450000
20925.5996100000 -4.4510860000 0.5475760000
20929.1992200000 -4.4808310000 0.5474030000
20932.6992200000 -4.5106880000 0.5472350000
20936.1992200000 -4.5415240000 0.5470670000
20939.8007800000 -4.5743420000 0.5468940000
20943.3007800000 -4.6073710000 0.5467270000
20946.8007800000 -4.6415970000 0.5465590000
20950.4003900000 -4.6781540000 0.5463860000
20953.9003900000 -4.7150900000 0.5462180000
20957.5000000000 -4.7546350000 0.5460460000
20961.0000000000 -4.7947360000 0.5458790000
20964.5000000000 -4.8366010000 0.5457110000
20968.0996100000 -4.8816610000 0.5455390000
20971.5996100000 -4.9276190000 0.5453720000
20975.1992200000 -4.9773030000 0.5452000000
20978.6992200000 -5.0282230000 0.5450330000
20982.3007800000 -5.0836270000 0.5448610000
20985.8007800000 -5.1406910000 0.5446940000
20989.4003900000 -5.2031300000 0.5445220000
20992.9003900000 -5.2679910000 0.5443560000
20996.5000000000 -5.3395690000 0.5441840000
21000.0996100000 -5.4168680000 0.5440130000
21003.5996100000 -5.4984560000 0.5438460000
21007.1992200000 -5.5901800000 0.5436750000
21010.6992200000 -5.6885240000 0.5435090000
21014.3007800000 -5.8013280000 0.5433380000
21017.9003900000 -5.9287370000 0.5431670000
21021.4003900000 -6.0709040000 0.5430000000
21025.0000000000 -6.2423820000 0.5428300000
21028.5996100000 -6.4502330000 0.5426590000
21032.0996100000 -6.7057030000 0.5424930000
21035.6992200000 -7.0632750000 0.5423220000
21039.3007800000 -7.6285920000 0.5421520000
21042.8007800000 -8.9883630000 0.5419860000
21046.4003900000 -8.3059460000 3.6798300000
21050.0000000000 -7.3888730000 3.6786590000
21053.5000000000 -6.9279490000 3.6775210000
21057.0996100000 -6.6050780000 3.6763520000
21060.6992200000 -6.3608920000 3.6751830000
21064.3007800000 -6.1641940000 3.6740150000
21067.9003900000 -5.9995740000 3.6728480000
21071.4003900000 -5.8615690000 3.6717130000
21075.0000000000 -5.7367360000 3.6705470000
21078.5996100000 -5.6255690000 3.6693820000
21082.1992200000 -5.5253040000 3.6682180000
21085.8007800000 -5.4339320000 3.6670540000
21089.4003900000 -5.3500310000 3.6658910000
21092.9003900000 -5.2745600000 3.6647610000
21096.5000000000 -5.2023190000 3.6636000000
21100.0996100000 -5.1348070000 3.6624390000
21103.6992200000 -5.0714360000 3.6612790000
21107.3007800000 -5.0116620000 3.6601190000
21110.9003900000 -4.9552060000 3.6589610000
21114.5000000000 -4.9016640000 3.6578040000
21118.0996100000 -4.8507460000 3.6566470000
21121.6992200000 -4.8022040000 3.6554910000
21125.3007800000 -4.7557760000 3.6543340000
21128.9003900000 -4.7113720000 3.6531800000
21132.5000000000 -4.6687800000 3.6520260000
21136.0996100000 -4.6278550000 3.6508730000
21139.6992200000 -4.5884490000 3.6497200000
21143.3007800000 -4.5504720000 3.6485670000
21146.9003900000 -4.5138410000 3.6474160000
21150.5000000000 -4.4784440000 3.6462660000
21154.0996100000 -4.4441830000 3.6451160000
21157.6992200000 -4.4110190000 3.6439670000
21161.3007800000 -4.3788500000 3.6428190000
21165.0000000000 -4.3467880000 3.6416390000
21168.5996100000 -4.3165090000 3.6404930000
21172.1992200000 -4.2870730000 3.6393470000
21175.8007800000 -4.2584200000 3.6382010000
21179.4003900000 -4.2305360000 3.6370570000
21183.0000000000 -4.2033540000 3.6359130000
21186.6992200000 -4.1761450000 3.6347380000
21190.3007800000 -4.1503050000 3.6335950000
21193.9003900000 -4.1250790000 3.6324530000
21197.5000000000 -4.1004510000 3.6313130000
21201.1992200000 -4.0757240000 3.6301410000
21204.8007800000 -4.0521750000 3.6290010000
21208.4003900000 -4.0291600000 3.6278620000
21212.0000000000 -4.0066310000 3.6267240000
21215.6992200000 -3.9839550000 3.6255550000
21219.3007800000 -3.9623400000 3.6244180000
21222.9003900000 -3.9411640000 3.6232830000
21226.5996100000 -3.9198340000 3.6221160000
21230.1992200000 -3.8994650000 3.6209810000
21233.8007800000 -3.8794770000 3.6198480000
21237.5000000000 -3.8593300000 3.6186830000
21241.0996100000 -3.8400700000 3.6175510000
21244.6992200000 -3.8211600000 3.6164200000
21248.4003900000 -3.8020600000 3.6152570000
21252.0000000000 -3.7837930000 3.6141270000
21255.6992200000 -3.7653510000 3.6129660000
21259.3007800000 -3.7476920000 3.6118370000
21263.0000000000 -3.7298440000 3.6106780000
21266.5996100000 -3.7127630000 3.6095510000
21270.3007800000 -3.6954810000 3.6083930000
21273.9003900000 -3.6789240000 3.6072670000
21277.5996100000 -3.6621800000 3.6061110000
21280.1289100000 -3.6508780000 3.6053210000
21281.1992200000 -3.6461320000 3.6049870000
21284.9003900000 -3.6298690000 3.6038310000
21288.5000000000 -3.6142910000 3.6027080000
21292.1992200000 -3.5985060000 3.6015550000
21295.8007800000 -3.5833630000 3.6004330000
21299.5000000000 -3.5680280000 3.5992820000
21303.1992200000 -3.5529000000 3.5981300000
21306.8007800000 -3.5383780000 3.5970110000
21310.5000000000 -3.5236640000 3.5958610000
21314.0996100000 -3.5095260000 3.5947430000
21317.8007800000 -3.4951890000 3.5935950000
21321.5000000000 -3.4810400000 3.5924470000
21325.0996100000 -3.4674520000 3.5913310000
21328.8007800000 -3.4536570000 3.5901850000
21332.5000000000 -3.4400370000 3.5890400000
21336.0996100000 -3.4269500000 3.5879260000
21339.8007800000 -3.4136580000 3.5867820000
21343.5000000000 -3.4005270000 3.5856390000
21347.1992200000 -3.3875600000 3.5844970000
21350.8007800000 -3.3750740000 3.5833850000
21354.5000000000 -3.3624060000 3.5822450000
21358.1992200000 -3.3498770000 3.5811050000
21361.9003900000 -3.3374910000 3.5799650000
21365.5996100000 -3.3252500000 3.5788270000
21369.1992200000 -3.3134630000 3.5777190000
21372.9003900000 -3.3014820000 3.5765820000
21376.5996100000 -3.2896320000 3.5754450000
21380.3007800000 -3.2779100000 3.5743090000
21384.0000000000 -3.2663130000 3.5731740000
21387.6992200000 -3.2548430000 3.5720400000
21391.4003900000 -3.2434820000 3.5709060000
21395.0996100000 -3.2322490000 3.5697730000
21398.6992200000 -3.2214280000 3.5686720000
21402.4003900000 -3.2104090000 3.5675400000
21406.0996100000 -3.1995100000 3.5664090000
21409.8007800000 -3.1887090000 3.5652790000
21413.5000000000 -3.1780240000 3.5641500000
21417.1992200000 -3.1674380000 3.5630210000
21420.9003900000 -3.1569540000 3.5618930000
21424.5996100000 -3.1465740000 3.5607660000
21428.3007800000 -3.1362830000 3.5596390000
21432.0000000000 -3.1260970000 3.5585140000
21435.6992200000 -3.1160010000 3.5573890000
21439.5000000000 -3.1057250000 3.5562340000
21443.1992200000 -3.0958200000 3.5551110000
21446.9003900000 -3.0859940000 3.5539870000
21450.5996100000 -3.0762650000 3.5528660000
21454.3007800000 -3.0666180000 3.5517440000
21458.0000000000 -3.0570550000 3.5506230000
21461.6992200000 -3.0475800000 3.5495040000
21465.4003900000 -3.0381760000 3.5483840000
21469.1992200000 -3.0286100000 3.5472350000
21472.9003900000 -3.0193720000 3.5461180000
21476.5996100000 -3.0102170000 3.5450010000
21480.3007800000 -3.0011290000 3.5438840000
21484.0000000000 -2.9921250000 3.5427690000
21487.8007800000 -2.9829470000 3.5416230000
21491.5000000000 -2.9740870000 3.5405090000
21495.1992200000 -2.9653020000 3.5393960000
21498.9003900000 -2.9565830000 3.5382830000
21502.6992200000 -2.9477020000 3.5371410000
21506.4003900000 -2.9391170000 3.5360290000
21510.0996100000 -2.9306080000 3.5349190000
21513.9003900000 -2.9219310000 3.5337790000
21517.5996100000 -2.9135540000 3.5326700000
21521.3007800000 -2.9052330000 3.5315610000
21525.0996100000 -2.8967630000 3.5304240000
21528.8007800000 -2.8885680000 3.5293160000
21532.5000000000 -2.8804420000 3.5282100000
21536.3007800000 -2.8721530000 3.5270740000
21540.0000000000 -2.8641440000 3.5259690000
21543.8007800000 -2.8559810000 3.5248350000
21547.5000000000 -2.8480890000 3.5237320000
21551.3007800000 -2.8400450000 3.5225990000
21555.0000000000 -2.8322680000 3.5214970000
21558.6992200000 -2.8245490000 3.5203960000
21562.5000000000 -2.8166720000 3.5192650000
21696.2070300000 -2.5705830000 3.4799550000
22120.4238300000 -2.0321680000 3.3609750000
22552.9335900000 -1.6726740000 3.2480230000
22993.8984400000 -1.4053450000 3.1407640000
23443.4882800000 -1.1948210000 3.0388840000
23901.8671900000 -1.0229190000 2.9420910000
24369.2070300000 -0.8788680000 2.8501090000
24845.6875000000 -0.7555950000 2.7626830000
25331.4824200000 -0.6479410000 2.6795710000
25826.7753900000 -0.5514230000 2.6005500000
26331.7539100000 -0.4601830000 2.5254060000
26846.6054700000 -0.3687230000 2.4513320000
27371.5234400000 -0.3009190000 2.3733120000
27906.7070300000 -0.2403690000 2.2975810000
28452.3515600000 -0.1863720000 2.2240620000
29008.6660200000 -0.1381080000 2.1526960000
29575.8593800000 -0.0949320000 2.0834270000
30154.1406300000 -0.0562930000 2.0162000000
30743.7304700000 -0.0217200000 1.9509610000
31344.8476600000 0.0092890000 1.8876570000
31957.7168000000 0.0369070000 1.8262350000
32582.5703100000 0.0615310000 1.7666470000
33219.6406300000 0.0834370000 1.7088430000
33869.1679700000 0.1028680000 1.6527750000
34531.3945300000 0.1200410000 1.5983970000
35206.5703100000 0.1351530000 1.5456620000
35894.9492200000 0.1483780000 1.4945250000
36596.7851600000 0.1598740000 1.4449440000
37312.3437500000 0.1697860000 1.3968760000
38041.8906300000 0.1782430000 1.3502790000
38785.7070300000 0.1853650000 1.3051120000
39544.0625000000 0.1912600000 1.2613360000
40317.2500000000 0.1960280000 1.2189120000
41105.5546900000 0.1997590000 1.1778030000
41909.2695300000 0.2025370000 1.1379720000
42728.6992200000 0.2033800000 1.0994700000
43564.1523400000 0.2044690000 1.0622020000
44415.9414100000 0.2048290000 1.0261080000
45284.3867200000 0.2045200000 0.9911540000
46169.8085900000 0.2035980000 0.9573070000
47072.5429700000 0.2021150000 0.9245360000
47992.9296900000 0.2001190000 0.8928080000
48931.3125000000 0.1976550000 0.8620940000
49888.0429700000 0.1947630000 0.8323630000
50863.4765600000 0.1914830000 0.8035870000
51857.9843800000 0.1878490000 0.7757380000
52871.9375000000 0.1838950000 0.7487880000
53905.7187500000 0.1796510000 0.7227110000
54959.7109400000 0.1751460000 0.6974800000
56034.3085900000 0.1704070000 0.6730710000
57129.9218800000 0.1653040000 0.6494590000
58246.9531300000 0.1601720000 0.6266230000
59385.8281300000 0.1548740000 0.6045370000
60546.9687500000 0.1492670000 0.5831800000
61730.8125000000 0.1436990000 0.5625300000
62937.8046900000 0.1380200000 0.5425620000
64168.3984400000 0.1322460000 0.5232560000
65423.0507800000 0.1260140000 0.5045970000
66702.2343800000 0.1200940000 0.4865640000
68006.4296900000 0.1141190000 0.4691350000
69336.1250000000 0.1080990000 0.4522900000
70691.8203100000 0.1020440000 0.4360120000
72074.0234400000 0.0959620000 0.4202820000
73483.2500000000 0.0898580000 0.4050840000
74920.0312500000 0.0837380000 0.3904000000
76384.9062500000 0.0776040000 0.3762160000
77878.4218800000 0.0714540000 0.3625140000
79401.1406300000 0.0652810000 0.3492810000
80953.6328100000 0.0592540000 0.3365760000
82536.4765600000 0.0533730000 0.3243570000
84150.2734400000 0.0475410000 0.3125590000
85795.6250000000 0.0417620000 0.3011710000
87473.1406300000 0.0360410000 0.2901770000
89183.4609400000 0.0303820000 0.2795660000
90927.2187500000 0.0247900000 0.2693250000
92705.0781300000 0.0184120000 0.2594830000
94517.6953100000 0.0128770000 0.2500020000
96365.7500000000 0.0074240000 0.2408630000
98249.9453100000 0.0020530000 0.2320550000
100170.9766000000 -0.0032310000 0.2235640000
102129.5703000000 -0.0084290000 0.2153800000
104126.4609000000 -0.0135380000 0.2074920000
106162.3906000000 -0.0185570000 0.1998890000
108238.1328000000 -0.0234870000 0.1925610000
110354.4609000000 -0.0283260000 0.1854980000
112512.1641000000 -0.0330730000 0.1786910000
114712.0547000000 -0.0377300000 0.1721310000
116954.9688000000 -0.0422950000 0.1658080000
119241.7266000000 -0.0467680000 0.1597150000
121573.2031000000 -0.0511510000 0.1538420000
123950.2656000000 -0.0554430000 0.1481830000
126373.8047000000 -0.0596450000 0.1427300000
128844.7266000000 -0.0637580000 0.1374740000
131363.9688000000 -0.0677820000 0.1324100000
133932.4531000000 -0.0717170000 0.1275300000
136551.1719000000 -0.0755660000 0.1228270000
139221.0938000000 -0.0793280000 0.1182960000
141943.2188000000 -0.0830050000 0.1139290000
144718.5625000000 -0.0865970000 0.1097220000
147548.1719000000 -0.0901060000 0.1056680000
150433.1094000000 -0.0935340000 0.1017620000
153374.4531000000 -0.0968800000 0.0979990000
156373.2969000000 -0.1001460000 0.0943720000
159430.7969000000 -0.1033350000 0.0908790000
162548.0625000000 -0.1064450000 0.0875130000
165726.2813000000 -0.1094800000 0.0842700000
168966.6406000000 -0.1124400000 0.0811460000
172270.3750000000 -0.1153270000 0.0781360000
175638.6875000000 -0.1181420000 0.0752370000
179072.8594000000 -0.1208850000 0.0724430000
182574.1875000000 -0.1235600000 0.0697530000
186143.9688000000 -0.1261660000 0.0671600000
189783.5469000000 -0.1287050000 0.0646630000
193494.2969000000 -0.1311790000 0.0622580000
197277.5938000000 -0.1335890000 0.0599410000
201134.8594000000 -0.1359350000 0.0577090000
205067.5469000000 -0.1382210000 0.0555590000
209077.1406000000 -0.1404460000 0.0534890000
213165.1250000000 -0.1426120000 0.0514940000
217333.0313000000 -0.1447200000 0.0495730000
221582.4375000000 -0.1467710000 0.0477230000
225914.9219000000 -0.1487680000 0.0459410000
230332.1250000000 -0.1507110000 0.0442250000
234835.7031000000 -0.1526000000 0.0425720000
239427.3281000000 -0.1544390000 0.0409800000
244108.7344000000 -0.1562270000 0.0394470000
248881.6719000000 -0.1579660000 0.0379710000
253747.9219000000 -0.1596560000 0.0365490000
258709.3281000000 -0.1613000000 0.0351800000
263767.7500000000 -0.1628980000 0.0338610000
268925.0625000000 -0.1644510000 0.0325920000
274183.2188000000 -0.1659610000 0.0313690000
279544.1875000000 -0.1674290000 0.0301920000
285010.0000000000 -0.1688550000 0.0290580000
290582.6563000000 -0.1702400000 0.0279670000
296264.2500000000 -0.1715860000 0.0269160000
302056.9688000000 -0.1728940000 0.0259040000
307962.9375000000 -0.1741640000 0.0249300000
313984.3750000000 -0.1753970000 0.0239910000
320123.5625000000 -0.1765960000 0.0230880000
326382.7813000000 -0.1777590000 0.0222190000
332764.3750000000 -0.1788890000 0.0213810000
339270.7500000000 -0.1799860000 0.0205750000
345904.3438000000 -0.1810500000 0.0198000000
352667.6563000000 -0.1820840000 0.0190520000
359563.1875000000 -0.1830870000 0.0183330000
366593.5625000000 -0.1840610000 0.0176410000
373761.3750000000 -0.1850060000 0.0169750000
381069.3438000000 -0.1859230000 0.0163330000
388520.2188000000 -0.1868130000 0.0157160000
396116.7500000000 -0.1876760000 0.0151210000
403861.8125000000 -0.1885140000 0.0145490000
411758.3438000000 -0.1893270000 0.0139980000
419809.2500000000 -0.1901150000 0.0134680000
428017.5625000000 -0.1908790000 0.0129580000
436386.3750000000 -0.1916210000 0.0124670000
444918.8125000000 -0.1923390000 0.0119940000
453618.0938000000 -0.1930370000 0.0115390000
462487.4688000000 -0.1937130000 0.0111010000
471530.2500000000 -0.1943680000 0.0106800000
480749.8438000000 -0.1950040000 0.0102740000
490149.7188000000 -0.1956200000 0.0098840000
499733.3750000000 -0.1962170000 0.0095080000
509504.4063000000 -0.1967960000 0.0091470000
519466.5000000000 -0.1973560000 0.0087990000
529623.3750000000 -0.1979000000 0.0084640000
539978.8125000000 -0.1984270000 0.0081420000
550536.7500000000 -0.1989370000 0.0078320000
561301.1250000000 -0.1994320000 0.0075340000
572276.0000000000 -0.1999110000 0.0072460000
583465.4375000000 -0.2003750000 0.0069700000
594873.6250000000 -0.2008250000 0.0067040000
606504.8750000000 -0.2012600000 0.0064490000
618363.5625000000 -0.2016820000 0.0062030000
630454.1250000000 -0.2020910000 0.0059660000
642781.1250000000 -0.2024860000 0.0057380000
655349.0625000000 -0.2028700000 0.0055190000
668162.8125000000 -0.2032410000 0.0053080000
681227.0625000000 -0.2036000000 0.0051050000
694546.7500000000 -0.2039470000 0.0049100000
