30.0000000000 -40.9770390000 8.2237880000
30.5865750000 -40.9035420000 8.2885710000
31.1846200000 -40.8320270000 8.3530570000
31.7943570000 -40.7629170000 8.4172310000
32.4160160000 -40.6967120000 8.4810760000
33.0498310000 -40.6340220000 8.5445800000
33.6960370000 -40.5755770000 8.6077270000
34.3548770000 -40.5222930000 8.6705020000
35.0266040000 -40.4753000000 8.7328890000
35.7114600000 -40.4360350000 8.7948760000
36.4097100000 -40.4063490000 8.8564460000
37.1216090000 -40.3886680000 8.9175840000
37.8474310000 -38.5698740000 8.9570970000
38.5874440000 -38.5528070000 8.9629170000
39.3419230000 -38.5626370000 8.9665470000
40.1111560000 -38.6085510000 8.9679830000
40.8954320000 -38.7044180000 8.9672250000
41.6950380000 -38.8723450000 8.9642730000
42.5102810000 -39.1499250000 8.9591290000
43.3414650000 -41.6297680000 4.5492710000
44.1888960000 -38.4599150000 4.0931700000
45.0529020000 -37.1282230000 3.6782420000
45.9338000000 -36.2608760000 3.2998430000
46.8319210000 -35.6200450000 2.9538630000
47.7476010000 -35.1154140000 2.6366790000
48.6811870000 -34.7018130000 2.3450770000
49.6330260000 -34.3530430000 2.0762210000
50.6034740000 -34.0524220000 1.8275890000
51.5928990000 -33.7886540000 1.5969510000
52.6016690000 -33.5537410000 1.3823220000
53.6301650000 -33.3418390000 1.1819410000
54.6787680000 -33.1485630000 0.9942440000
55.7478750000 -32.9705810000 0.8178340000
56.8378870000 -32.8053050000 0.6514710000
57.9492070000 -32.6507260000 0.4940520000
59.0822600000 -32.5052640000 0.3445880000
60.2374690000 -32.3676800000 0.2022030000
61.4152600000 -32.2370030000 0.0661120000
62.6160810000 -32.1124880000 9.9356160000
63.8403850000 -31.9935740000 9.8100900000
65.0886230000 -31.8798640000 9.6889800000
66.3612670000 -31.7711160000 9.5717880000
67.6587980000 -31.6672500000 9.4580700000
68.9816970000 -31.5683670000 9.3474320000
70.3304600000 -31.4748100000 9.2395260000
71.7055970000 -31.3872660000 9.1340340000
73.1076200000 -31.3070130000 9.0306810000
74.5370640000 -31.2364440000 8.9292200000
75.9944460000 -31.1723190000 8.9968910000
77.4803310000 -31.0382000000 8.9043440000
78.9952620000 -30.9259610000 8.8131900000
80.5398180000 -30.8227980000 8.7232760000
82.1145710000 -30.7253360000 8.6344660000
83.7201160000 -30.6321980000 8.5466420000
85.3570560000 -30.5426980000 8.4597020000
87.0260010000 -30.4564550000 8.3735560000
88.7275770000 -30.3732490000 8.2881290000
90.4624250000 -30.2929480000 8.2033540000
92.2311940000 -30.2154790000 8.1191770000
94.0345380000 -30.1408060000 8.0355550000
95.8731540000 -30.0689140000 7.9524500000
97.7477110000 -29.9998130000 7.8698350000
99.6589200000 -29.9335270000 7.7876920000
101.6075060000 -29.8700870000 7.7060060000
103.5941850000 -29.8095380000 7.6247710000
105.6197130000 -29.7519300000 7.5439860000
107.6848450000 -29.6973250000 7.4636590000
109.7903520000 -29.6457820000 7.3837990000
111.9370270000 -29.5973760000 7.3044230000
114.1256790000 -29.5521790000 7.2255520000
116.3571170000 -29.5102770000 7.1472130000
118.6321950000 -29.4717520000 7.0694380000
120.9517520000 -29.4367030000 6.9922610000
123.3166580000 -29.4052260000 6.9157250000
125.7278060000 -29.3774220000 6.8398740000
128.1860960000 -29.3534090000 6.7647580000
130.6924590000 -29.3333020000 6.6904340000
133.2478330000 -29.3172280000 6.6169600000
135.8531490000 -29.3053190000 6.5444050000
138.5094300000 -29.2977200000 6.4728370000
141.2176360000 -29.2945820000 6.4023350000
143.9787900000 -29.2960700000 6.3329830000
146.7939300000 -29.3023590000 6.2648710000
149.6641240000 -29.3136330000 6.1980950000
152.5904390000 -29.3300950000 6.1327620000
155.5739590000 -29.3519630000 6.0689850000
158.6158140000 -29.3794710000 6.0068870000
161.7171480000 -29.4128740000 5.9466010000
164.8791350000 -29.4524500000 5.8882710000
168.1029360000 -29.4984950000 5.8320540000
171.3897710000 -29.5513440000 5.7781180000
174.7408600000 -29.0135140000 5.7044510000
178.1574860000 -29.0565530000 5.6217000000
181.6409150000 -29.1074730000 5.5392150000
185.1924440000 -29.1667860000 5.4570190000
188.8134160000 -29.2350730000 5.3751410000
192.5051880000 -29.3129880000 5.2936040000
196.2691500000 -29.4012810000 5.2124330000
200.1067050000 -29.5008050000 5.1316540000
204.0192870000 -29.6125490000 5.0512890000
208.0083770000 -29.7376540000 4.9713620000
212.0754700000 -29.8774640000 4.8918960000
216.2220760000 -30.0335660000 4.8129130000
220.4497530000 -30.2078510000 4.7344370000
224.7601010000 -30.4026090000 4.6564870000
229.1547240000 -30.6206380000 4.5790850000
233.6352690000 -30.8654160000 4.5022530000
238.2034300000 -31.1413350000 4.4260090000
242.8609010000 -31.4540500000 4.3503740000
247.6094360000 -31.8110120000 4.2753660000
252.4508210000 -32.2222940000 4.2010050000
257.3868710000 -32.7019270000 4.1273100000
262.4194340000 -33.2702260000 4.0542960000
267.5503850000 -33.9579090000 3.9819820000
272.7816770000 -34.8141250000 3.9103830000
278.1152340000 -35.9233130000 3.8395180000
283.5530700000 -37.2617800000 7.0275010000
289.0972600000 -36.9773370000 9.5122810000
294.7498170000 -36.4273610000 9.9041220000
300.5129390000 -36.2145920000 0.3181850000
306.3887020000 -36.0464440000 0.7561570000
312.3793640000 -35.9271510000 1.2143520000
318.4871830000 -35.8292880000 1.6916820000
324.7143860000 -35.7374420000 2.1868390000
331.0633850000 -35.6418000000 2.6983240000
337.5364990000 -35.5356640000 3.2244120000
344.1361690000 -35.4142300000 3.7631770000
350.8648990000 -35.2739750000 4.3124950000
357.7251890000 -35.1123200000 4.8700490000
364.7196040000 -34.9274860000 5.4333300000
371.8508000000 -34.7184070000 5.9996750000
379.1213990000 -34.4847150000 6.5662590000
386.5341800000 -34.2268030000 7.1301310000
394.0918880000 -33.9459150000 7.6882190000
401.7973630000 -33.6443290000 8.2373790000
409.6535340000 -33.3256110000 8.7743950000
417.6632690000 -32.9950900000 9.2960150000
425.8296200000 -32.6605530000 9.7989880000
434.1556700000 -32.3335460000 0.2800940000
442.6445010000 -32.0316700000 0.7361580000
451.2993160000 -31.7831610000 1.1641010000
460.1233520000 -31.6367320000 1.5609590000
469.1199040000 -31.1993920000 4.7194020000
478.2923890000 -29.9918330000 5.0644800000
487.6441960000 -29.2499900000 6.5768870000
497.1788640000 -27.7972870000 6.8524190000
506.8999330000 -26.6012210000 7.0831240000
516.8110960000 -25.4933780000 7.2673070000
526.9160770000 -24.4344370000 7.4035820000
537.2185670000 -23.4105340000 7.4908680000
547.7225340000 -22.4176270000 7.5284210000
558.4318850000 -21.4573080000 7.5158310000
569.3506470000 -20.5359570000 7.4530260000
580.4828490000 -19.6662580000 7.3402750000
591.8327640000 -18.9318490000 8.1767810000
603.4046020000 -17.6527580000 7.9667740000
615.2026370000 -16.5553230000 7.7092990000
627.2313840000 -15.5357040000 7.4059180000
639.4953610000 -14.5712300000 7.0584750000
651.9990840000 -13.6544470000 6.6690900000
664.7473140000 -12.7828120000 6.2401180000
677.7447510000 -11.9558500000 5.7741360000
690.9963990000 -11.1739970000 5.2739030000
704.5070800000 -10.4381420000 4.7423500000
718.2819820000 -9.7493250000 4.1825220000
732.3261720000 -9.1086610000 3.5975760000
746.6450200000 -8.5172200000 2.9907250000
761.2437740000 -7.9760360000 2.3652270000
776.1279910000 -7.4860820000 1.7243370000
791.3032230000 -7.0482810000 1.0712910000
806.7752080000 -6.6636100000 0.4092670000
822.5496830000 -6.0394850000 9.7341980000
838.6325680000 -5.7619260000 9.0547500000
855.0299680000 -5.5416100000 8.3752120000
871.7479250000 -5.3807340000 7.6983150000
888.7927860000 -5.2824240000 7.0266360000
906.1708980000 -5.2512630000 6.3625770000
923.8888550000 -5.5981560000 5.7114450000
941.9531860000 -5.7169500000 5.0725280000
960.3707280000 -5.9366460000 4.4470650000
979.1483760000 -6.2838250000 3.8366690000
998.2931520000 -6.8037840000 3.2427450000
1017.8123170000 -6.7441150000 2.9107480000
1037.7131350000 -6.6252120000 2.6075020000
1058.0029300000 -6.5149180000 2.3088180000
1078.6895750000 -6.4129610000 2.0147290000
1099.7806400000 -6.3190790000 1.7252700000
1121.2841800000 -6.2580590000 1.4406930000
1143.2080080000 -6.2032790000 1.1625370000
1165.5606690000 -6.1374030000 0.8901940000
1188.3502200000 -6.0781680000 0.6230340000
1211.5854490000 -6.0253690000 0.3609910000
1235.2750240000 -5.9788190000 0.1040060000
1259.4277340000 -5.9383490000 9.8520200000
1284.0527340000 -5.9038040000 9.6049750000
1309.1591800000 -5.8750450000 9.3628060000
1334.7564700000 -5.8519470000 9.1254540000
1360.8542480000 -5.8344030000 8.8928580000
1387.4624020000 -5.8223210000 8.6649530000
1414.5908200000 -5.8170780000 8.4416920000
1442.2495120000 -5.8157720000 8.2230360000
1470.4492190000 -5.8197490000 8.0088880000
1499.2000730000 -5.8289860000 7.7991920000
1528.5131840000 -5.8434800000 7.5938840000
1558.3995360000 -5.8632480000 7.3929000000
1588.8701170000 -5.8883300000 7.1961810000
1619.9365230000 -5.9187910000 7.0036660000
1651.6103520000 -5.9547230000 6.8152910000
1683.9034420000 -5.9962480000 6.6309980000
1716.8280030000 -6.0435210000 6.4507250000
1750.3962400000 -6.0967380000 6.2744100000
1784.6208500000 -6.1561360000 6.1019950000
1819.5146480000 -6.2220030000 5.9334190000
1855.0908200000 -6.3321890000 5.7693310000
1891.3624270000 -6.4126020000 5.6102840000
1928.3432620000 -6.5006290000 5.4549330000
1966.0472410000 -6.6203800000 5.3043680000
2004.4884030000 -6.7257670000 5.1574850000
2043.6811520000 -6.8408530000 5.0141210000
2083.6401370000 -6.9666690000 4.8742060000
2124.3806150000 -7.1044650000 4.7376740000
2165.9174800000 -7.2557740000 4.6044610000
2208.2666020000 -7.4224930000 4.4744990000
2251.4438480000 -7.6069960000 4.3477250000
2295.4653320000 -7.8122920000 4.2240760000
2340.3474120000 -8.0506710000 4.1034900000
2386.1069340000 -8.3105750000 3.9863550000
2432.7612300000 -8.6072400000 3.8721620000
2480.3278810000 -8.9503990000 3.7608520000
2528.8244630000 -9.3542310000 3.6523640000
2578.2692870000 -9.8405490000 3.5466400000
2628.6809080000 -10.4455420000 3.4436200000
2680.0783690000 -11.2362060000 3.3432470000
2732.4804690000 -12.3610670000 3.2454630000
2785.9074710000 -14.2926700000 3.1502130000
2840.3789060000 -22.1908320000 1.0295220000
2895.9152830000 -14.6332240000 0.7299090000
2952.5378420000 -14.7102080000 0.4129550000
3010.2673340000 -11.9414100000 4.3139310000
3069.1254880000 -9.4426420000 3.8805240000
3129.1347660000 -9.0324540000 3.0828380000
3190.3171390000 -8.6856980000 2.5828110000
3252.6958010000 -8.0137320000 3.9902280000
3316.2941890000 -6.7054700000 3.5376460000
3381.1359860000 -5.8884340000 3.1188180000
3447.2456050000 -5.2609210000 2.7310830000
3514.6479490000 -4.7477540000 2.3722100000
3583.3681640000 -4.3139150000 2.0403450000
3653.4318850000 -3.9386780000 1.7339630000
3724.8657230000 -3.5452820000 1.4457890000
3797.6960450000 -3.2459190000 1.1737760000
3871.9506840000 -2.5556950000 0.9067960000
3947.6569820000 -2.2747770000 0.5885100000
4024.8435060000 -2.0214710000 0.2792870000
4103.5390630000 -1.7924080000 9.9789310000
4183.7739260000 -1.5847690000 9.6872400000
4265.5771480000 -1.3686480000 9.3991760000
4348.9794920000 -1.1955180000 9.1181930000
4434.0131840000 -1.0384310000 8.8445800000
4520.7089840000 -0.8959320000 8.5781860000
4609.1005860000 -0.7667400000 8.3188510000
4699.2197270000 -0.6497260000 8.0664260000
4791.1015630000 -0.5438820000 7.8207580000
4884.7792970000 -0.4483090000 7.5817000000
4980.2890630000 -0.3622000000 7.3491040000
5077.6660160000 -0.2848240000 7.1228280000
5176.9472660000 -0.2155220000 6.9027260000
5278.1694340000 -0.1550110000 6.6886720000
5381.3710940000 -0.1013430000 6.4805620000
5486.5903320000 -0.0528140000 6.2782290000
5593.8666990000 -0.0102430000 6.0815210000
5703.2412110000 0.0208390000 5.8904630000
5814.7534180000 0.0526730000 5.7052500000
5928.4467770000 0.0797570000 5.5252780000
6044.3627930000 0.0992270000 5.3507450000
6162.5449220000 0.1177880000 5.1812210000
6283.0380860000 0.1325610000 5.0165610000
6405.8872070000 0.1438070000 4.8566450000
6531.1386720000 0.1459460000 4.7017620000
6658.8383790000 0.1507020000 4.5516190000
6789.0356450000 0.1526610000 4.4058920000
6921.7783200000 0.1520180000 4.2644680000
7057.1162110000 0.1489560000 4.1272330000
7195.1005860000 0.1436430000 3.9940740000
7335.7827150000 0.1362360000 3.8648870000
7479.2158200000 0.1268800000 3.7395620000
7625.4531250000 0.1157100000 3.6179970000
7774.5498050000 0.1028500000 3.5000920000
7926.5620120000 0.0884120000 3.3857470000
8081.5458980000 0.0724990000 3.2748650000
8239.5605470000 0.0552010000 3.1673520000
8400.6640630000 0.0365910000 3.0631160000
8564.9189450000 0.0167070000 2.9620660000
8732.3837890000 -0.0086040000 2.8641740000
8903.1240230000 -0.0316580000 2.7693640000
9077.2021480000 -0.0542130000 2.6781690000
9254.6845700000 -0.0775700000 2.5898290000
9435.6367190000 -0.1016700000 2.5042630000
9620.1269530000 -0.1264670000 2.4213880000
9808.2246090000 -0.1519160000 2.3411230000
10000.0000000000 -0.1779780000 2.2633920000
10195.5253900000 -0.2046200000 2.1881190000
10394.8730500000 -0.2318140000 2.1152320000
10598.1191400000 -0.2595350000 2.0446570000
10805.3388700000 -0.2877660000 1.9763260000
11016.6103500000 -0.3165600000 1.9101730000
11232.0127000000 -0.3457780000 1.8461320000
11451.6259800000 -0.3754800000 1.7841390000
11675.5341800000 -0.4056680000 1.7241310000
11903.8203100000 -0.4363500000 1.6660490000
12136.5693400000 -0.4675370000 1.6098340000
12373.8701200000 -0.5003670000 1.5554480000
12615.8105500000 -0.5326540000 1.5028630000
12862.4814500000 -0.5664790000 1.4519820000
13113.9746100000 -0.5999780000 1.4028040000
13370.3857400000 -0.6341650000 1.3552250000
13631.8105500000 -0.6690870000 1.3091960000
13898.3466800000 -0.7048210000 1.2646670000
14170.0937500000 -0.7431070000 1.2216630000
14447.1543000000 -0.7807710000 1.1800960000
14729.6328100000 -0.8195510000 1.1398940000
15017.6337900000 -0.8595930000 1.1010160000
15311.2666000000 -0.9010670000 1.0634180000
15610.6396500000 -0.9441760000 1.0270610000
15915.8671900000 -0.9891630000 0.9919040000
16227.0615200000 -1.0363180000 0.9579090000
16544.3418000000 -1.0859960000 0.9250390000
16867.8242200000 -1.1386290000 0.8932590000
17197.6328100000 -1.1947570000 0.8625320000
17533.8906300000 -1.2550540000 0.8328260000
17876.7207000000 -1.3203830000 0.8041070000
18226.2558600000 -1.3918690000 0.7763440000
18582.6250000000 -1.4710110000 0.7495060000
18945.9628900000 -1.5598660000 0.7235640000
19316.4023400000 -1.6613510000 0.6984870000
19694.0878900000 -1.7804120000 0.6742510000
20079.1562500000 -1.9226090000 0.6508310000
20471.7539100000 -2.1001230000 0.6281960000
20872.0273400000 -2.3349580000 0.6063210000
21280.1289100000 -2.6774040000 0.5851790000
21566.1992200000 -3.0480520000 0.5710150000
21570.0000000000 -3.0542710000 0.5708310000
21573.8007800000 -3.0605370000 0.5706460000
21577.5000000000 -3.0666770000 0.5704670000
21581.3007800000 -3.0730350000 0.5702820000
21585.0000000000 -3.0792660000 0.5701030000
21588.8007800000 -3.0857190000 0.5699180000
21592.5000000000 -3.0920480000 0.5697390000
21596.3007800000 -3.0985960000 0.5695550000
21600.0996100000 -3.1051950000 0.5693710000
21603.8007800000 -3.1116740000 0.5691920000
21607.5996100000 -3.1183720000 0.5690080000
21611.4003900000 -3.1251300000 0.5688250000
21615.0996100000 -3.1317560000 0.5686460000
21618.9003900000 -3.1386220000 0.5684620000
21622.6992200000 -3.1455390000 0.5682790000
21626.4003900000 -3.1523300000 0.5681010000
21630.1992200000 -3.1593590000 0.5679170000
21634.0000000000 -3.1664510000 0.5677340000
21637.8007800000 -3.1735980000 0.5675510000
21641.5000000000 -3.1806160000 0.5673730000
21645.3007800000 -3.1878830000 0.5671900000
21649.0996100000 -3.1952120000 0.5670070000
21652.9003900000 -3.2026080000 0.5668250000
21656.6992200000 -3.2100640000 0.5666420000
21660.4003900000 -3.2173880000 0.5664640000
21664.1992200000 -3.2249740000 0.5662820000
21668.0000000000 -3.2326280000 0.5660990000
21671.8007800000 -3.2403540000 0.5659170000
21675.5996100000 -3.2481470000 0.5657350000
21679.4003900000 -3.2560100000 0.5655530000
21683.1992200000 -3.2639460000 0.5653710000
21687.0000000000 -3.2719590000 0.5651890000
21690.8007800000 -3.2800480000 0.5650070000
21694.5000000000 -3.2879900000 0.5648300000
21696.2070300000 -3.2916810000 0.5647490000
21698.3007800000 -3.2962310000 0.5646490000
21702.0996100000 -3.3045420000 0.5644670000
21705.9003900000 -3.3129430000 0.5642860000
21709.6992200000 -3.3214210000 0.5641040000
21713.5000000000 -3.3299830000 0.5639230000
21717.3007800000 -3.3386350000 0.5637420000
21721.1992200000 -3.3475980000 0.5635560000
21725.0000000000 -3.3564280000 0.5633750000
21728.8007800000 -3.3653490000 0.5631940000
21732.5996100000 -3.3743520000 0.5630130000
21736.4003900000 -3.3834590000 0.5628320000
21740.1992200000 -3.3926580000 0.5626520000
21744.0000000000 -3.4019540000 0.5624710000
21747.8007800000 -3.4113550000 0.5622900000
21751.5996100000 -3.4208540000 0.5621100000
21755.5000000000 -3.4307140000 0.5619250000
21759.3007800000 -3.4404260000 0.5617450000
21763.0996100000 -3.4502480000 0.5615650000
21766.9003900000 -3.4601860000 0.5613840000
21770.6992200000 -3.4702270000 0.5612050000
21774.5996100000 -3.4806620000 0.5610200000
21778.4003900000 -3.4909520000 0.5608400000
21782.1992200000 -3.5013590000 0.5606600000
21786.0000000000 -3.5118900000 0.5604810000
21789.9003900000 -3.5228340000 0.5602960000
21793.6992200000 -3.5336270000 0.5601170000
21797.5000000000 -3.5445590000 0.5599380000
21801.4003900000 -3.5559180000 0.5597540000
21805.1992200000 -3.5671200000 0.5595740000
21809.0000000000 -3.5784770000 0.5593950000
21812.9003900000 -3.5902830000 0.5592120000
21816.6992200000 -3.6019370000 0.5590330000
21820.5000000000 -3.6137460000 0.5588540000
21824.4003900000 -3.6260350000 0.5586700000
21828.1992200000 -3.6381710000 0.5584920000
21832.0996100000 -3.6508050000 0.5583080000
21835.9003900000 -3.6632930000 0.5581300000
21839.8007800000 -3.6762850000 0.5579470000
21843.5996100000 -3.6891310000 0.5577690000
21847.5000000000 -3.7025130000 0.5575860000
21851.3007800000 -3.7157520000 0.5574070000
21855.1992200000 -3.7295360000 0.5572250000
21859.0000000000 -3.7431760000 0.5570470000
21862.9003900000 -3.7573990000 0.5568640000
21866.6992200000 -3.7714730000 0.5566860000
21870.5996100000 -3.7861560000 0.5565040000
21874.4003900000 -3.8006990000 0.5563260000
21878.3007800000 -3.8158710000 0.5561440000
21882.1992200000 -3.8312870000 0.5559620000
21886.0000000000 -3.8465850000 0.5557850000
21889.9003900000 -3.8625560000 0.5556030000
21893.8007800000 -3.8788140000 0.5554210000
21897.5996100000 -3.8949370000 0.5552440000
21901.5000000000 -3.9117930000 0.5550620000
21905.4003900000 -3.9289690000 0.5548800000
21909.1992200000 -3.9460100000 0.5547040000
21913.0996100000 -3.9638520000 0.5545220000
21917.0000000000 -3.9820520000 0.5543410000
21920.9003900000 -4.0006230000 0.5541600000
21924.6992200000 -4.0190830000 0.5539830000
21928.5996100000 -4.0384320000 0.5538020000
21932.5000000000 -4.0582000000 0.5536210000
21936.4003900000 -4.0783940000 0.5534400000
21940.1992200000 -4.0985130000 0.5532640000
21944.0996100000 -4.1196370000 0.5530830000
21948.0000000000 -4.1412580000 0.5529030000
21951.9003900000 -4.1634010000 0.5527220000
21955.8007800000 -4.1860900000 0.5525420000
21959.6992200000 -4.2093400000 0.5523610000
21963.5996100000 -4.2332030000 0.5521810000
21967.5000000000 -4.2577000000 0.5520010000
21971.4003900000 -4.2828630000 0.5518210000
21975.1992200000 -4.3080370000 0.5516460000
21979.0996100000 -4.3346250000 0.5514660000
21983.0000000000 -4.3619970000 0.5512860000
21986.9003900000 -4.3902000000 0.5511060000
21990.8007800000 -4.4192840000 0.5509260000
21994.6992200000 -4.4492900000 0.5507470000
21998.5996100000 -4.4803080000 0.5505670000
22002.5000000000 -4.5123900000 0.5503880000
22006.5000000000 -4.5464720000 0.5502040000
22010.4003900000 -4.5809450000 0.5500250000
22014.3007800000 -4.6167330000 0.5498460000
22018.1992200000 -4.6539180000 0.5496670000
22022.0996100000 -4.6926520000 0.5494880000
22026.0000000000 -4.7330240000 0.5493090000
22029.9003900000 -4.7752190000 0.5491300000
22033.8007800000 -4.8193850000 0.5489520000
22037.6992200000 -4.8656850000 0.5487730000
22041.6992200000 -4.9156570000 0.5485900000
22045.5996100000 -4.9670570000 0.5484110000
22049.5000000000 -5.0213890000 0.5482330000
22053.4003900000 -5.0790030000 0.5480550000
22057.3007800000 -5.1403140000 0.5478770000
22061.3007800000 -5.2075450000 0.5476940000
22065.1992200000 -5.2779500000 0.5475160000
22069.0996100000 -5.3539620000 0.5473380000
22073.0996100000 -5.4386860000 0.5471560000
22077.0000000000 -5.5291580000 0.5469780000
22080.9003900000 -5.6289800000 0.5468010000
22084.8007800000 -5.7402830000 0.5466230000
22088.8007800000 -5.8694440000 0.5464410000
22092.6992200000 -6.0143610000 0.5462640000
22096.6992200000 -6.1894850000 0.5460820000
22100.5996100000 -6.3971070000 0.5459050000
22104.5000000000 -6.6609320000 0.5457280000
22108.5000000000 -7.0340090000 0.5455460000
22112.4003900000 -7.6214750000 0.5453690000
22116.4003900000 -9.3932700000 0.5451880000
22120.3007800000 -8.0628470000 3.6649710000
22120.4238300000 -8.0238140000 3.6649330000
22124.3007800000 -7.2374180000 3.6637330000
22128.1992200000 -6.8006850000 3.6625260000
22132.1992200000 -6.4907110000 3.6612900000
22136.0996100000 -6.2593630000 3.6600840000
22140.0996100000 -6.0668940000 3.6588490000
22144.0000000000 -5.9091430000 3.6576460000
22148.0000000000 -5.7693240000 3.6564120000
22151.9003900000 -5.6493890000 3.6552100000
22155.9003900000 -5.5395380000 3.6539790000
22159.8007800000 -5.4427370000 3.6527790000
22163.8007800000 -5.3521780000 3.6515490000
22167.8007800000 -5.2689930000 3.6503210000
22171.6992200000 -5.1939380000 3.6491240000
22175.6992200000 -5.1222520000 3.6478970000
22179.6992200000 -5.0552450000 3.6466710000
22183.5996100000 -4.9938520000 3.6454760000
22187.5996100000 -4.9344800000 3.6442510000
22191.5996100000 -4.8783410000 3.6430280000
22195.5996100000 -4.8250710000 3.6418050000
22199.5000000000 -4.7756840000 3.6406140000
22203.5000000000 -4.7273280000 3.6393920000
22207.5000000000 -4.6811490000 3.6381720000
22211.5000000000 -4.6369350000 3.6369530000
22215.4003900000 -4.5955560000 3.6357650000
22219.4003900000 -4.5547680000 3.6345480000
22223.4003900000 -4.5155160000 3.6333320000
22227.4003900000 -4.4776870000 3.6321160000
22231.4003900000 -4.4411810000 3.6309010000
22235.4003900000 -4.4058900000 3.6296870000
22239.3007800000 -4.3726000000 3.6285040000
22243.3007800000 -4.3395270000 3.6272920000
22247.3007800000 -4.3074650000 3.6260800000
22251.3007800000 -4.2763530000 3.6248700000
22255.3007800000 -4.2461370000 3.6236600000
22259.3007800000 -4.2167640000 3.6224520000
22263.3007800000 -4.1881900000 3.6212440000
22267.3007800000 -4.1603560000 3.6200370000
22271.3007800000 -4.1332510000 3.6188300000
22275.3007800000 -4.1068250000 3.6176250000
22279.3007800000 -4.0810440000 3.6164210000
22283.3007800000 -4.0558770000 3.6152170000
22287.3007800000 -4.0312950000 3.6140150000
22291.3007800000 -4.0072590000 3.6128130000
22295.3007800000 -3.9837680000 3.6116120000
22299.3007800000 -3.9607860000 3.6104120000
22303.4003900000 -3.9377400000 3.6091830000
22307.4003900000 -3.9157230000 3.6079850000
22311.4003900000 -3.8941540000 3.6067870000
22315.4003900000 -3.8730030000 3.6055900000
22319.4003900000 -3.8522750000 3.6043950000
22323.4003900000 -3.8319430000 3.6032000000
22327.5000000000 -3.8115010000 3.6019760000
22331.5000000000 -3.7919250000 3.6007830000
22335.5000000000 -3.7726930000 3.5995910000
22339.5000000000 -3.7538100000 3.5983990000
22343.5000000000 -3.7352560000 3.5972080000
22347.5996100000 -3.7165700000 3.5959890000
22351.5996100000 -3.6986460000 3.5948010000
22355.5996100000 -3.6810090000 3.5936120000
22359.6992200000 -3.6632400000 3.5923960000
22363.6992200000 -3.6461810000 3.5912090000
22367.6992200000 -3.6293890000 3.5900240000
22371.8007800000 -3.6124340000 3.5888090000
22375.8007800000 -3.5961590000 3.5876260000
22379.8007800000 -3.5801270000 3.5864430000
22383.9003900000 -3.5639430000 3.5852310000
22387.9003900000 -3.5483740000 3.5840500000
22392.0000000000 -3.5326580000 3.5828400000
22396.0000000000 -3.5175410000 3.5816610000
22400.0996100000 -3.5022660000 3.5804530000
22404.0996100000 -3.4875610000 3.5792750000
22408.1992200000 -3.4727030000 3.5780690000
22412.1992200000 -3.4584010000 3.5768930000
22416.3007800000 -3.4439250000 3.5756880000
22420.3007800000 -3.4299970000 3.5745130000
22424.4003900000 -3.4159080000 3.5733110000
22428.4003900000 -3.4023360000 3.5721380000
22432.5000000000 -3.3885960000 3.5709370000
22436.5000000000 -3.3753610000 3.5697660000
22440.5996100000 -3.3619650000 3.5685670000
22444.6992200000 -3.3487330000 3.5673690000
22448.6992200000 -3.3359700000 3.5662000000
22452.8007800000 -3.3230450000 3.5650030000
22456.9003900000 -3.3102790000 3.5638070000
22460.9003900000 -3.2979600000 3.5626410000
22465.0000000000 -3.2854860000 3.5614470000
22469.0996100000 -3.2731540000 3.5602540000
22473.0996100000 -3.2612550000 3.5590910000
22477.1992200000 -3.2491890000 3.5578990000
22481.3007800000 -3.2372570000 3.5567080000
22485.4003900000 -3.2254550000 3.5555180000
22489.5000000000 -3.2137860000 3.5543290000
22493.5000000000 -3.2025190000 3.5531700000
22497.5996100000 -3.1910890000 3.5519830000
22501.6992200000 -3.1797830000 3.5507970000
22505.8007800000 -3.1685890000 3.5496110000
22509.9003900000 -3.1575090000 3.5484260000
22514.0000000000 -3.1465470000 3.5472430000
22518.0000000000 -3.1359560000 3.5460890000
22522.0996100000 -3.1252040000 3.5449060000
22526.1992200000 -3.1145630000 3.5437250000
22530.3007800000 -3.1040200000 3.5425450000
22534.4003900000 -3.0935790000 3.5413650000
22538.5000000000 -3.0832430000 3.5401870000
22542.5996100000 -3.0730040000 3.5390090000
22546.6992200000 -3.0628560000 3.5378320000
22550.8007800000 -3.0528030000 3.5366560000
22552.9335900000 -3.0476120000 3.5360440000
22554.9003900000 -3.0428420000 3.5354800000
22559.0000000000 -3.0329770000 3.5343060000
22563.0996100000 -3.0232000000 3.5331330000
22567.1992200000 -3.0135060000 3.5319600000
22571.3007800000 -3.0038990000 3.5307880000
22575.4003900000 -2.9943760000 3.5296170000
22579.5996100000 -2.9847130000 3.5284190000
22583.6992200000 -2.9753600000 3.5272500000
22587.8007800000 -2.9660790000 3.5260800000
22591.9003900000 -2.9568860000 3.5249130000
22596.0000000000 -2.9477660000 3.5237460000
22600.0996100000 -2.9387250000 3.5225810000
22604.3007800000 -2.9295360000 3.5213870000
22608.4003900000 -2.9206460000 3.5202230000
22612.5000000000 -2.9118290000 3.5190600000
22616.5996100000 -2.9030780000 3.5178970000
22620.8007800000 -2.8941890000 3.5167070000
22624.9003900000 -2.8855790000 3.5155460000
22629.0000000000 -2.8770410000 3.5143860000
22633.0996100000 -2.8685660000 3.5132270000
22637.3007800000 -2.8599550000 3.5120400000
22641.4003900000 -2.8516120000 3.5108830000
22645.5000000000 -2.8433370000 3.5097270000
22649.6992200000 -2.8349220000 3.5085430000
22653.8007800000 -2.8267690000 3.5073880000
22658.0000000000 -2.8184820000 3.5062050000
22662.0996100000 -2.8104560000 3.5050530000
22666.1992200000 -2.8024880000 3.5039010000
22993.8984400000 -2.3034290000 3.4144210000
23443.4882800000 -1.8630920000 3.2996230000
23901.8671900000 -1.5519270000 3.1912410000
24369.2070300000 -1.3133760000 3.0888980000
24845.6875000000 -1.1213570000 2.9922410000
25331.4824200000 -0.9613110000 2.9009460000
25826.7753900000 -0.8238720000 2.8147080000
26331.7539100000 -0.7020220000 2.7332480000
26846.6054700000 -0.5920220000 2.6535640000
27371.5234400000 -0.4990680000 2.5699270000
27906.7070300000 -0.4170150000 2.4884890000
28452.3515600000 -0.3442820000 2.4092090000
29008.6660200000 -0.2818100000 2.3322380000
29575.8593800000 -0.2246250000 2.2576920000
30154.1406300000 -0.1735660000 2.1853310000
30743.7304700000 -0.1279200000 2.1150950000
31344.8476600000 -0.0870890000 2.0469300000
31957.7168000000 -0.0505600000 1.9807800000
32582.5703100000 -0.0178930000 1.9165920000
33219.6406300000 0.0112930000 1.8543130000
33869.1679700000 0.0373320000 1.7938930000
34531.3945300000 0.0607070000 1.7352790000
35206.5703100000 0.0813080000 1.6784250000
35894.9492200000 0.0995450000 1.6232830000
36596.7851600000 0.1156250000 1.5698070000
37312.3437500000 0.1297340000 1.5179510000
38041.8906300000 0.1420390000 1.4676710000
38785.7070300000 0.1526900000 1.4189240000
39544.0625000000 0.1618250000 1.3716680000
40317.2500000000 0.1695680000 1.3258610000
41105.5546900000 0.1760330000 1.2814640000
41909.2695300000 0.1813230000 1.2384370000
42728.6992200000 0.1855350000 1.1967420000
43564.1523400000 0.1887550000 1.1563420000
44415.9414100000 0.1901850000 1.1172200000
45284.3867200000 0.1916440000 1.0793960000
46169.8085900000 0.1923420000 1.0427620000
47072.5429700000 0.1923420000 1.0072830000
47992.9296900000 0.1917020000 0.9729260000
48931.3125000000 0.1904770000 0.9396590000
49888.0429700000 0.1887150000 0.9074500000
50863.4765600000 0.1864620000 0.8762680000
51857.9843800000 0.1837630000 0.8460830000
52871.9375000000 0.1806560000 0.8168670000
53905.7187500000 0.1771780000 0.7885890000
54959.7109400000 0.1733640000 0.7612240000
56034.3085900000 0.1692460000 0.7347430000
57129.9218800000 0.1648520000 0.7091200000
58246.9531300000 0.1602110000 0.6843310000
59385.8281300000 0.1553470000 0.6603500000
60546.9687500000 0.1501580000 0.6371520000
61730.8125000000 0.1449240000 0.6147180000
62937.8046900000 0.1395320000 0.5930210000
64168.3984400000 0.1338590000 0.5720410000
65423.0507800000 0.1282130000 0.5517560000
66702.2343800000 0.1224620000 0.5321420000
68006.4296900000 0.1166220000 0.5131800000
69336.1250000000 0.1107260000 0.4948490000
70691.8203100000 0.1047460000 0.4771300000
72074.0234400000 0.0987130000 0.4600050000
73483.2500000000 0.0926360000 0.4434540000
74920.0312500000 0.0865230000 0.4274600000
76384.9062500000 0.0803810000 0.4120070000
77878.4218800000 0.0742130000 0.3970760000
79401.1406300000 0.0680210000 0.3826520000
80953.6328100000 0.0619350000 0.3688010000
82536.4765600000 0.0559550000 0.3554770000
84150.2734400000 0.0500100000 0.3426110000
85795.6250000000 0.0441070000 0.3301890000
87473.1406300000 0.0382510000 0.3181950000
89183.4609400000 0.0324460000 0.3066170000
90927.2187500000 0.0266970000 0.2954390000
92705.0781300000 0.0210080000 0.2846500000
94517.6953100000 0.0153820000 0.2742370000
96365.7500000000 0.0087570000 0.2642040000
98249.9453100000 0.0031920000 0.2545720000
100170.9766000000 -0.0022910000 0.2452870000
102129.5703000000 -0.0076900000 0.2363360000
104126.4609000000 -0.0130050000 0.2277080000
106162.3906000000 -0.0182340000 0.2193900000
108238.1328000000 -0.0233740000 0.2113720000
110354.4609000000 -0.0284260000 0.2036440000
112512.1641000000 -0.0333880000 0.1961940000
114712.0547000000 -0.0382600000 0.1890140000
116954.9688000000 -0.0430410000 0.1820930000
119241.7266000000 -0.0477310000 0.1754220000
121573.2031000000 -0.0523290000 0.1689920000
123950.2656000000 -0.0568370000 0.1627950000
126373.8047000000 -0.0612540000 0.1568220000
128844.7266000000 -0.0655800000 0.1510650000
131363.9688000000 -0.0698160000 0.1455180000
133932.4531000000 -0.0739620000 0.1401710000
136551.1719000000 -0.0780190000 0.1350180000
139221.0938000000 -0.0819890000 0.1300520000
141943.2188000000 -0.0858710000 0.1252660000
144718.5625000000 -0.0896660000 0.1206540000
147548.1719000000 -0.0933760000 0.1162100000
150433.1094000000 -0.0970010000 0.1119280000
153374.4531000000 -0.1005430000 0.1078010000
156373.2969000000 -0.1040020000 0.1038240000
159430.7969000000 -0.1073810000 0.0999930000
162548.0625000000 -0.1106790000 0.0963010000
165726.2813000000 -0.1138980000 0.0927430000
168966.6406000000 -0.1170400000 0.0893150000
172270.3750000000 -0.1201050000 0.0860130000
175638.6875000000 -0.1230950000 0.0828310000
179072.8594000000 -0.1260120000 0.0797650000
182574.1875000000 -0.1288560000 0.0768110000
186143.9688000000 -0.1316290000 0.0739650000
189783.5469000000 -0.1343310000 0.0712240000
193494.2969000000 -0.1369660000 0.0685830000
197277.5938000000 -0.1395330000 0.0660380000
201134.8594000000 -0.1420340000 0.0635870000
205067.5469000000 -0.1444700000 0.0612250000
209077.1406000000 -0.1468430000 0.0589510000
213165.1250000000 -0.1491540000 0.0567590000
217333.0313000000 -0.1514040000 0.0546490000
221582.4375000000 -0.1535950000 0.0526150000
225914.9219000000 -0.1557280000 0.0506570000
230332.1250000000 -0.1578040000 0.0487700000
234835.7031000000 -0.1598240000 0.0469530000
239427.3281000000 -0.1617900000 0.0452030000
244108.7344000000 -0.1637020000 0.0435170000
248881.6719000000 -0.1655630000 0.0418940000
253747.9219000000 -0.1673720000 0.0403300000
258709.3281000000 -0.1691330000 0.0388240000
263767.7500000000 -0.1708440000 0.0373740000
268925.0625000000 -0.1725090000 0.0359770000
274183.2188000000 -0.1741270000 0.0346320000
279544.1875000000 -0.1757000000 0.0333360000
285010.0000000000 -0.1772290000 0.0320890000
290582.6563000000 -0.1787150000 0.0308870000
296264.2500000000 -0.1801590000 0.0297300000
302056.9688000000 -0.1815630000 0.0286160000
307962.9375000000 -0.1829270000 0.0275430000
313984.3750000000 -0.1842510000 0.0265100000
320123.5625000000 -0.1855380000 0.0255160000
326382.7813000000 -0.1867890000 0.0245580000
332764.3750000000 -0.1880030000 0.0236360000
339270.7500000000 -0.1891820000 0.0227480000
345904.3438000000 -0.1903270000 0.0218930000
352667.6563000000 -0.1914390000 0.0210700000
359563.1875000000 -0.1925190000 0.0202770000
366593.5625000000 -0.1935670000 0.0195140000
373761.3750000000 -0.1945840000 0.0187800000
381069.3438000000 -0.1955710000 0.0180720000
388520.2188000000 -0.1965300000 0.0173920000
396116.7500000000 -0.1974600000 0.0167360000
403861.8125000000 -0.1983620000 0.0161050000
411758.3438000000 -0.1992380000 0.0154980000
419809.2500000000 -0.2000880000 0.0149130000
428017.5625000000 -0.2009120000 0.0143500000
436386.3750000000 -0.2017120000 0.0138080000
444918.8125000000 -0.2024870000 0.0132860000
453618.0938000000 -0.2032400000 0.0127840000
462487.4688000000 -0.2039690000 0.0123010000
471530.2500000000 -0.2046770000 0.0118360000
480749.8438000000 -0.2053630000 0.0113880000
490149.7188000000 -0.2060290000 0.0109570000
499733.3750000000 -0.2066740000 0.0105420000
509504.4063000000 -0.2072990000 0.0101430000
519466.5000000000 -0.2079050000 0.0097590000
529623.3750000000 -0.2084930000 0.0093890000
539978.8125000000 -0.2090620000 0.0090330000
550536.7500000000 -0.2096140000 0.0086900000
561301.1250000000 -0.2101490000 0.0083610000
572276.0000000000 -0.2106680000 0.0080430000
583465.4375000000 -0.2111700000 0.0077380000
594873.6250000000 -0.2116570000 0.0074440000
606504.8750000000 -0.2121290000 0.0071610000
618363.5625000000 -0.2125850000 0.0068890000
630454.1250000000 -0.2130280000 0.0066270000
642781.1250000000 -0.2134570000 0.0063750000
655349.0625000000 -0.2138720000 0.0061330000
668162.8125000000 -0.2142740000 0.0059000000
681227.0625000000 -0.2146630000 0.0056750000
694546.7500000000 -0.2150410000 0.0054590000
