30.0000000000 -54.4464260000 2.3937640000
30.5865750000 -54.5841410000 2.9099420000
31.1846200000 -54.7202110000 3.4503100000
31.7943570000 -54.8540990000 4.0161020000
32.4160160000 -54.9851990000 4.6086170000
33.0498310000 -55.1128580000 5.2292380000
33.6960370000 -55.2363470000 5.8794030000
34.3548770000 -55.3548620000 6.5606520000
35.0266040000 -55.4675290000 7.2745990000
35.7114600000 -55.5733680000 8.0229470000
36.4097100000 -55.6713180000 8.8074990000
37.1216090000 -55.7602010000 9.6301520000
37.8474310000 -44.0622180000 9.9338490000
38.5874440000 -43.5107000000 0.1518590000
39.3419230000 -42.9488330000 0.3484710000
40.1111560000 -42.3778040000 0.5230140000
40.8954320000 -41.7988660000 0.6748890000
41.6950380000 -41.2133140000 0.8035700000
42.5102810000 -40.6224750000 0.9086170000
43.3414650000 -40.0277370000 0.9896600000
44.1888960000 -39.4305150000 1.0464190000
45.0529020000 -38.8322490000 1.0786950000
45.9338000000 -38.2344130000 1.0863720000
46.8319210000 -37.6385120000 1.0694290000
47.7476010000 -37.0460660000 1.0279200000
48.6811870000 -36.4586300000 0.9619920000
49.6330260000 -35.8777730000 0.8718760000
50.6034740000 -35.3051070000 0.7578830000
51.5928990000 -34.7422640000 0.6204150000
52.6016690000 -34.1909410000 0.4599400000
53.6301650000 -33.6528890000 0.2770140000
54.6787680000 -33.1299630000 0.0722640000
55.7478750000 -32.6241530000 9.8463840000
56.8378870000 -32.1376460000 9.6001380000
57.9492070000 -31.6729340000 9.3343490000
59.0822600000 -31.2329540000 9.0498960000
60.2374690000 -30.8213310000 8.7477170000
61.4152600000 -30.4427830000 8.4287930000
62.6160810000 -30.1037880000 8.0941450000
63.8403850000 -29.8138390000 7.7448330000
65.0886230000 -29.5878470000 7.3819470000
66.3612670000 -29.4512330000 7.0066070000
67.6587980000 -29.6596740000 9.4667590000
68.9816970000 -28.2484530000 8.8854540000
70.3304600000 -27.3886150000 8.3110050000
71.7055970000 -26.7310910000 7.7430440000
73.1076200000 -26.1898820000 7.1813760000
74.5370640000 -25.7291490000 6.6259400000
75.9944460000 -25.3301110000 6.0767840000
77.4803310000 -24.9815080000 5.5340510000
78.9952620000 -24.6759570000 4.9979640000
80.5398180000 -24.4082830000 4.4688080000
82.1145710000 -24.1746620000 3.9469110000
83.7201160000 -23.9721550000 3.4326410000
85.3570560000 -23.7984160000 2.9263940000
87.0260010000 -23.6515220000 2.4285760000
88.7275770000 -23.5298520000 1.9396040000
90.4624250000 -23.4320280000 1.4598910000
92.2311940000 -23.3568590000 0.9898430000
94.0345380000 -23.3033240000 0.5298550000
95.8731540000 -23.2705650000 0.0802960000
97.7477110000 -23.2579100000 9.6415210000
99.6589200000 -23.2649190000 9.2138580000
101.6075060000 -23.2914910000 8.7975970000
103.5941850000 -23.3380550000 8.3930070000
105.6197130000 -23.4060040000 8.0003160000
107.6848450000 -23.7449040000 7.8579330000
109.7903520000 -23.5669990000 7.4957040000
111.9370270000 -23.5927890000 7.1458890000
114.1256790000 -23.6491530000 6.8085690000
116.3571170000 -23.7235130000 6.4837960000
118.6321950000 -23.8113880000 6.1715800000
120.9517520000 -23.9103910000 5.8719070000
123.3166580000 -24.0189460000 5.5847210000
125.7278060000 -24.1358600000 5.3099410000
128.1860960000 -24.2601620000 5.0474540000
130.6924590000 -24.3910140000 4.7971200000
133.2478330000 -24.5276790000 4.5587720000
135.8531490000 -24.6694930000 4.3322250000
138.5094300000 -24.8158570000 4.1172660000
141.2176360000 -24.9662230000 3.9136640000
143.9787900000 -25.1200940000 3.7211740000
146.7939300000 -25.2770210000 3.5395330000
149.6641240000 -25.4365920000 3.3684660000
152.5904390000 -25.5984420000 3.2076860000
155.5739590000 -25.7622410000 3.0569020000
158.6158140000 -25.9277060000 2.9158140000
161.7171480000 -26.0945850000 2.7841150000
164.8791350000 -26.2626710000 2.6615000000
168.1029360000 -26.4317840000 2.5476620000
171.3897710000 -26.6017910000 2.4422950000
174.7408600000 -29.4512630000 2.3474610000
178.1574860000 -29.5305580000 2.3336880000
181.6409150000 -29.6116660000 2.3218400000
185.1924440000 -29.6948570000 2.3119110000
188.8134160000 -29.7803380000 2.3039040000
192.5051880000 -29.8683240000 2.2978300000
196.2691500000 -29.9590470000 2.2937080000
200.1067050000 -30.0527530000 2.2915650000
204.0192870000 -30.1497080000 2.2914380000
208.0083770000 -30.2501910000 2.2933730000
212.0754700000 -30.3545070000 2.2974280000
216.2220760000 -30.4629840000 2.3036710000
220.4497530000 -30.5759750000 2.3121800000
224.7601010000 -30.6938630000 2.3230490000
229.1547240000 -30.8170590000 2.3363840000
233.6352690000 -30.9460160000 2.3523060000
238.2034300000 -31.0812260000 2.3709520000
242.8609010000 -31.2232280000 2.3924780000
247.6094360000 -31.3726160000 2.4170580000
252.4508210000 -31.5300430000 2.4448870000
257.3868710000 -31.6962380000 2.4761850000
262.4194340000 -31.8720110000 2.5111960000
267.5503850000 -32.0582700000 2.5501920000
272.7816770000 -31.3250790000 2.5443680000
278.1152340000 -31.4896160000 2.5380370000
283.5530700000 -31.6674180000 2.5316380000
289.0972600000 -31.8600520000 2.5251550000
294.7498170000 -32.0693470000 2.5185770000
300.5129390000 -32.2974430000 2.5118920000
306.3887020000 -32.5468670000 2.5050870000
312.3793640000 -32.8206480000 2.4981540000
318.4871830000 -33.1224290000 2.4910840000
324.7143860000 -33.4566650000 2.4838690000
331.0633850000 -33.8288730000 2.4765020000
337.5364990000 -34.2459830000 2.4689770000
344.1361690000 -34.7168390000 2.4612900000
350.8648990000 -35.2529680000 2.4534370000
357.7251890000 -35.8697090000 2.4454140000
364.7196040000 -36.5880010000 2.4372190000
371.8508000000 -37.4373130000 2.4288530000
379.1213990000 -38.4606170000 2.4203120000
386.5341800000 -39.7233850000 2.4116000000
394.0918880000 -41.3309210000 2.4027160000
401.7973630000 -43.4649350000 2.3936630000
409.6535340000 -46.0106320000 1.1674890000
417.6632690000 -44.3854370000 7.5163210000
425.8296200000 -41.7977330000 7.9535010000
434.1556700000 -40.1737940000 8.3790820000
442.6445010000 -38.8832970000 8.7916110000
451.2993160000 -37.7948910000 9.1880150000
460.1233520000 -36.8284530000 9.5665890000
469.1199040000 -35.9414560000 9.9256780000
478.2923890000 -35.1092340000 0.2636830000
487.6441960000 -34.3168070000 0.5790790000
497.1788640000 -33.5550160000 0.8704110000
506.8999330000 -32.8184890000 1.1363300000
516.8110960000 -32.1045610000 1.3755800000
526.9160770000 -31.4126820000 1.5870210000
537.2185670000 -30.7441980000 1.7696300000
547.7225340000 -30.1023120000 1.9225180000
558.4318850000 -29.4923920000 2.0449300000
569.3506470000 -28.9226150000 2.1362480000
580.4828490000 -28.4052470000 2.1960050000
591.8327640000 -27.9590440000 2.2238850000
603.4046020000 -27.6141400000 2.2197250000
615.2026370000 -27.4225670000 2.1835160000
627.2313840000 -27.0312580000 5.3540170000
639.4953610000 -25.6567080000 5.2616840000
651.9990840000 -25.6956500000 6.5166320000
664.7473140000 -23.6126060000 6.3697680000
677.7447510000 -22.3717560000 6.1911370000
690.9963990000 -21.3070640000 5.9815960000
704.5070800000 -20.3445530000 5.7421400000
718.2819820000 -19.4593200000 5.4738830000
732.3261720000 -18.6422180000 5.1780660000
746.6450200000 -17.8924750000 4.8560280000
761.2437740000 -17.2169130000 4.5092110000
776.1279910000 -16.8868270000 5.2038710000
791.3032230000 -15.7209300000 4.8115940000
806.7752080000 -14.8355880000 4.3989450000
822.5496830000 -14.0511070000 3.9676400000
838.6325680000 -13.3329840000 3.5194380000
855.0299680000 -12.6682370000 3.0561260000
871.7479250000 -12.0505290000 2.5795040000
888.7927860000 -11.4762550000 2.0913810000
906.1708980000 -10.9431500000 1.5935610000
923.8888550000 -10.4496450000 1.0878260000
941.9531860000 -9.9945960000 0.5759350000
960.3707280000 -9.5771010000 0.0596070000
979.1483760000 -9.1964190000 9.5405180000
998.2931520000 -8.8519240000 9.0202870000
1017.8123170000 -8.5487320000 8.5982800000
1037.7131350000 -8.2638740000 8.1900620000
1058.0029300000 -7.9977710000 7.7866190000
1078.6895750000 -7.7454140000 7.3880440000
1099.7806400000 -7.5122240000 6.9943900000
1121.2841800000 -7.2896420000 6.6062560000
1143.2080080000 -7.0805350000 6.2233580000
1165.5606690000 -6.8843540000 5.8457590000
1188.3502200000 -6.7005830000 5.4735190000
1211.5854490000 -6.5287280000 5.1066830000
1235.2750240000 -6.3683340000 4.7452930000
1259.4277340000 -6.2293770000 4.3894280000
1284.0527340000 -6.0913610000 4.0393710000
1309.1591800000 -5.9752820000 3.6952390000
1334.7564700000 -5.8581200000 3.3576020000
1360.8542480000 -5.7503730000 3.0257200000
1387.4624020000 -5.6517050000 2.6995930000
1414.5908200000 -5.5618000000 2.3792190000
1442.2495120000 -5.4803580000 2.0645960000
1470.4492190000 -5.4070970000 1.7557090000
1499.2000730000 -5.3417530000 1.4525450000
1528.5131840000 -5.2840770000 1.1550850000
1558.3995360000 -5.2338320000 0.8633030000
1588.8701170000 -5.1908040000 0.5771740000
1619.9365230000 -5.2218250000 0.2972560000
1651.6103520000 -5.2416830000 0.0267040000
1683.9034420000 -5.2193020000 9.7635100000
1716.8280030000 -5.2030060000 9.5057830000
1750.3962400000 -5.1926730000 9.2534520000
1784.6208500000 -5.1881970000 9.0064440000
1819.5146480000 -5.1894920000 8.7646870000
1855.0908200000 -5.1964890000 8.5281060000
1891.3624270000 -5.2091430000 8.2966320000
1928.3432620000 -5.2274250000 8.0701900000
1966.0472410000 -5.2513320000 7.8487080000
2004.4884030000 -5.2808860000 7.6321130000
2043.6811520000 -5.3200790000 7.4204030000
2083.6401370000 -5.3611440000 7.2134840000
2124.3806150000 -5.4080800000 7.0112380000
2165.9174800000 -5.4610310000 6.8135930000
2208.2666020000 -5.5201820000 6.6204780000
2251.4438480000 -5.5857650000 6.4318180000
2295.4653320000 -5.6580640000 6.2475460000
2340.3474120000 -5.7374290000 6.0675880000
2386.1069340000 -5.8242790000 5.8918760000
2432.7612300000 -5.9191240000 5.7203370000
2480.3278810000 -6.0747010000 5.5537350000
2528.8244630000 -6.1876390000 5.3931150000
2578.2692870000 -6.3106880000 5.2364520000
2628.6809080000 -6.4753290000 5.0844980000
2680.0783690000 -6.6222260000 4.9371430000
2732.4804690000 -6.7832670000 4.7935180000
2785.9074710000 -6.9605480000 4.6535460000
2840.3789060000 -7.1567510000 4.5171520000
2895.9152830000 -7.3754010000 4.3842620000
2952.5378420000 -7.6214220000 4.2548000000
3010.2673340000 -7.9012350000 4.1291180000
3069.1254880000 -8.2156310000 4.0087220000
3129.1347660000 -8.5816410000 3.8915680000
3190.3171390000 -9.0161540000 3.7775820000
3252.6958010000 -9.5470140000 3.6666850000
3316.2941890000 -10.2231500000 3.5588000000
3381.1359860000 -11.1446820000 3.4538530000
3447.2456050000 -12.5795740000 3.3517720000
3514.6479490000 -16.0263690000 3.2524840000
3523.3798830000 -17.2023120000 3.2399600000
3523.4799800000 -17.2196240000 3.2398170000
3523.5800780000 -17.2370570000 3.2396730000
3523.6799320000 -17.2545700000 3.2395310000
3523.7800290000 -17.2722530000 3.2393880000
3523.8798830000 -17.2899780000 3.2392450000
3523.9799800000 -17.3079170000 3.2391020000
3524.0800780000 -17.3259850000 3.2389590000
3524.1799320000 -17.3441470000 3.2388160000
3524.2800290000 -17.3624840000 3.2386730000
3524.3898930000 -17.3827720000 3.2385160000
3524.4899900000 -17.4013560000 3.2383730000
3524.5900880000 -17.4201280000 3.2382300000
3524.6899410000 -17.4389970000 3.2380870000
3524.7900390000 -17.4580590000 3.2379440000
3524.8898930000 -17.4772220000 3.2378010000
3524.9899900000 -17.4965840000 3.2376580000
3525.0900880000 -17.5160520000 3.2375160000
3525.1899410000 -17.5356750000 3.2373730000
3525.2900390000 -17.5555020000 3.2372300000
3525.3898930000 -17.5754430000 3.2370870000
3525.4899900000 -17.5955960000 3.2369440000
3525.5900880000 -17.6159170000 3.2368010000
3525.6899410000 -17.6363070000 3.2366590000
3525.7900390000 -17.6569670000 3.2365160000
3525.8898930000 -17.6777530000 3.2363730000
3525.9899900000 -17.6987670000 3.2362310000
3526.0900880000 -17.7199610000 3.2360880000
3526.1899410000 -17.7412890000 3.2359450000
3526.2900390000 -17.7628040000 3.2358020000
3526.3898930000 -17.7845100000 3.2356600000
3526.4899900000 -17.8064610000 3.2355170000
3526.5900880000 -17.8286110000 3.2353740000
3526.6899410000 -17.8509100000 3.2352320000
3526.7900390000 -17.8734660000 3.2350890000
3526.8898930000 -17.8961240000 3.2349460000
3526.9899900000 -17.9191040000 3.2348040000
3527.0900880000 -17.9422990000 3.2346610000
3527.1899410000 -17.9656620000 3.2345180000
3527.2900390000 -17.9893050000 3.2343750000
3527.3898930000 -18.0131230000 3.2342330000
3527.4899900000 -18.0371740000 3.2340910000
3527.5900880000 -18.0615220000 3.2339480000
3527.6899410000 -18.0860560000 3.2338050000
3527.7900390000 -18.1108970000 3.2336630000
3527.8999020000 -18.1384580000 3.2335060000
3528.0000000000 -18.1638410000 3.2333630000
3528.1000980000 -18.1894280000 3.2332210000
3528.1999510000 -18.2152860000 3.2330780000
3528.3000490000 -18.2414840000 3.2329360000
3528.3999020000 -18.2679020000 3.2327930000
3528.5000000000 -18.2946740000 3.2326510000
3528.6000980000 -18.3217410000 3.2325080000
3528.6999510000 -18.3489820000 3.2323660000
3528.8000490000 -18.3766610000 3.2322230000
3528.8999020000 -18.4045930000 3.2320810000
3529.0000000000 -18.4329130000 3.2319380000
3529.1000980000 -18.4615690000 3.2317960000
3529.1999510000 -18.4904250000 3.2316540000
3529.3000490000 -18.5197660000 3.2315110000
3529.3999020000 -18.5493950000 3.2313690000
3529.5000000000 -18.5794600000 3.2312260000
3529.6000980000 -18.6099010000 3.2310840000
3529.6999510000 -18.6406540000 3.2309420000
3529.8000490000 -18.6717990000 3.2307990000
3529.8999020000 -18.7033460000 3.2306570000
3530.0000000000 -18.7353860000 3.2305150000
3530.1000980000 -18.7678530000 3.2303720000
3530.2099610000 -18.8039950000 3.2302160000
3530.3100590000 -18.8373970000 3.2300730000
3530.4099120000 -18.8711010000 3.2299310000
3530.5100100000 -18.9054450000 3.2297890000
3530.6101070000 -18.9402790000 3.2296460000
3530.7099610000 -18.9755360000 3.2295040000
3530.8100590000 -19.0113960000 3.2293620000
3530.9099120000 -19.0477090000 3.2292190000
3531.0100100000 -19.0845700000 3.2290770000
3531.1101070000 -19.1220890000 3.2289350000
3531.2099610000 -19.1601070000 3.2287930000
3531.3100590000 -19.1988220000 3.2286500000
3531.4099120000 -19.2380710000 3.2285080000
3531.5100100000 -19.2780610000 3.2283660000
3531.6101070000 -19.3186230000 3.2282240000
3531.7099610000 -19.3598730000 3.2280820000
3531.8100590000 -19.4019390000 3.2279390000
3531.9199220000 -19.4489690000 3.2277830000
3532.0200200000 -19.4926240000 3.2276410000
3532.1201170000 -19.5370790000 3.2274990000
3532.2199710000 -19.5821500000 3.2273570000
3532.3200680000 -19.6282940000 3.2272150000
3532.4199220000 -19.6752220000 3.2270720000
3532.5200200000 -19.7231940000 3.2269300000
3532.6201170000 -19.7721350000 3.2267880000
3532.7199710000 -19.8219640000 3.2266460000
3532.8200680000 -19.8728430000 3.2265040000
3532.9199220000 -19.9248140000 3.2263620000
3533.0200200000 -19.9780540000 3.2262200000
3533.1201170000 -20.0324940000 3.2260780000
3533.2199710000 -20.0880510000 3.2259360000
3533.3200680000 -20.1449170000 3.2257940000
3533.4199220000 -20.2031520000 3.2256520000
3533.5300290000 -20.2690330000 3.2254960000
3533.6298830000 -20.3303760000 3.2253540000
3533.7299800000 -20.3934710000 3.2252120000
3533.8300780000 -20.4582580000 3.2250690000
3533.9299320000 -20.5245110000 3.2249280000
3534.0300290000 -20.5929620000 3.2247860000
3534.1298830000 -20.6632420000 3.2246440000
3534.2299800000 -20.7358070000 3.2245020000
3534.3300780000 -20.8106210000 3.2243600000
3534.4299320000 -20.8876440000 3.2242180000
3534.5300290000 -20.9672090000 3.2240760000
3534.6298830000 -21.0494880000 3.2239340000
3534.7299800000 -21.1348820000 3.2237920000
3534.8400880000 -21.2324470000 3.2236360000
3534.9399410000 -21.3244820000 3.2234940000
3535.0400390000 -21.4204060000 3.2233520000
3535.1398930000 -21.5198230000 3.2232110000
3535.2399900000 -21.6240290000 3.2230690000
3535.3400880000 -21.7329500000 3.2229270000
3535.4399410000 -21.8467540000 3.2227850000
3535.5400390000 -21.9664990000 3.2226430000
3535.6398930000 -22.0922090000 3.2225020000
3535.7399900000 -22.2248500000 3.2223600000
3535.8400880000 -22.3655780000 3.2222180000
3535.9399410000 -22.5146870000 3.2220760000
3536.0400390000 -22.6740470000 3.2219340000
3536.1499020000 -22.8620530000 3.2217780000
3536.2500000000 -23.0471610000 3.2216370000
3536.3500980000 -23.2472270000 3.2214950000
3536.4499510000 -23.4654690000 3.2213530000
3536.5500490000 -23.7061350000 3.2212110000
3536.6499020000 -23.9729480000 3.2210700000
3536.7500000000 -24.2739050000 3.2209280000
3536.8500980000 -24.6180480000 3.2207860000
3536.9499510000 -25.0178090000 3.2206450000
3537.0500490000 -25.5002250000 3.2205030000
3537.1499020000 -26.1029510000 3.2203620000
3537.2600100000 -27.0100980000 3.2202060000
3537.3601070000 -28.3072700000 3.2200640000
3537.4599610000 -31.3060970000 3.2199230000
3537.5600590000 -30.3657700000 0.7768280000
3537.6599120000 -28.0098170000 0.7764410000
3537.7600100000 -26.8404660000 0.7760520000
3537.8601070000 -26.0570010000 0.7756650000
3537.9599610000 -25.4682370000 0.7752780000
3538.0600590000 -24.9956250000 0.7748910000
3538.1599120000 -24.6008090000 0.7745040000
3538.2700200000 -24.2295300000 0.7740770000
3538.3701170000 -23.9355070000 0.7736890000
3538.4699710000 -23.6741470000 0.7733030000
3538.5700680000 -23.4379040000 0.7729150000
3538.6699220000 -23.2237990000 0.7725290000
3538.7700200000 -23.0263160000 0.7721410000
3538.8701170000 -22.8438400000 0.7717530000
3538.9699710000 -22.6746430000 0.7713660000
3539.0700680000 -22.5162180000 0.7709790000
3539.1699220000 -22.3679470000 0.7705920000
3539.2800290000 -22.2147410000 0.7701660000
3539.3798830000 -22.0835000000 0.7697790000
3539.4799800000 -21.9587750000 0.7693920000
3539.5800780000 -21.8402140000 0.7690040000
3539.6799320000 -21.7275010000 0.7686170000
3539.7800290000 -21.6195960000 0.7682290000
3539.8798830000 -21.5168210000 0.7678430000
3539.9799800000 -21.4178090000 0.7674550000
3540.0800780000 -21.3227230000 0.7670680000
3540.1799320000 -21.2314830000 0.7666810000
3540.2900390000 -21.1347500000 0.7662540000
3540.3898930000 -21.0504740000 0.7658680000
3540.4899900000 -20.9686790000 0.7654810000
3540.5900880000 -20.8895890000 0.7650930000
3540.6899410000 -20.8132080000 0.7647070000
3540.7900390000 -20.7390140000 0.7643180000
3540.8898930000 -20.6672230000 0.7639310000
3540.9899900000 -20.5975230000 0.7635450000
3541.0900880000 -20.5296380000 0.7631570000
3541.1999510000 -20.4572810000 0.7627320000
3541.3000490000 -20.3932130000 0.7623440000
3541.3999020000 -20.3309650000 0.7619570000
3541.5000000000 -20.2701570000 0.7615690000
3541.6000980000 -20.2109970000 0.7611830000
3541.6999510000 -20.1532670000 0.7607960000
3541.8000490000 -20.0967690000 0.7604080000
3541.8999020000 -20.0417080000 0.7600210000
3542.0100100000 -19.9824330000 0.7595950000
3542.1101070000 -19.9297980000 0.7592080000
3542.2099610000 -19.8785400000 0.7588210000
3542.3100590000 -19.8281270000 0.7584340000
3542.4099120000 -19.7788720000 0.7580470000
3542.5100100000 -19.7305030000 0.7576600000
3542.6101070000 -19.6830960000 0.7572720000
3542.7099610000 -19.6367240000 0.7568860000
3542.8100590000 -19.5912400000 0.7564980000
3542.9199220000 -19.5421790000 0.7560730000
3543.0200200000 -19.4983460000 0.7556850000
3543.1201170000 -19.4553090000 0.7552980000
3543.2199710000 -19.4131360000 0.7549100000
3543.3200680000 -19.3715990000 0.7545230000
3543.4199220000 -19.3309690000 0.7541370000
3543.5200200000 -19.2908340000 0.7537500000
3543.6201170000 -19.2513660000 0.7533630000
3543.7299800000 -19.2087880000 0.7529360000
3543.8300780000 -19.1706500000 0.7525490000
3543.9299320000 -19.1332930000 0.7521630000
3544.0300290000 -19.0963420000 0.7517760000
3544.1298830000 -19.0600430000 0.7513900000
3544.2299800000 -19.0242080000 0.7510010000
3544.3300780000 -18.9889070000 0.7506140000
3544.4399410000 -18.9507560000 0.7501890000
3544.5400390000 -18.9166070000 0.7498020000
3544.6398930000 -18.8829440000 0.7494150000
3544.7399900000 -18.8496740000 0.7490270000
3544.8400880000 -18.8168660000 0.7486400000
3544.9399410000 -18.7845820000 0.7482540000
3545.0400390000 -18.7526610000 0.7478660000
3545.1398930000 -18.7213120000 0.7474800000
3545.2500000000 -18.6871410000 0.7470540000
3545.3500980000 -18.6565000000 0.7466660000
3545.4499510000 -18.6263240000 0.7462800000
3545.5500490000 -18.5964580000 0.7458920000
3545.6499020000 -18.5670360000 0.7455050000
3545.7500000000 -18.5379770000 0.7451190000
3545.8500980000 -18.5092030000 0.7447310000
3545.9599610000 -18.4780200000 0.7443060000
3546.0600590000 -18.4499660000 0.7439180000
3546.1599120000 -18.4223080000 0.7435320000
3546.2600100000 -18.3949050000 0.7431440000
3546.3601070000 -18.3678840000 0.7427580000
3546.4599610000 -18.3411670000 0.7423720000
3546.5600590000 -18.3146900000 0.7419830000
3546.6699220000 -18.2859670000 0.7415580000
3546.7700200000 -18.2601010000 0.7411710000
3546.8701170000 -18.2345180000 0.7407840000
3546.9699710000 -18.2093300000 0.7403970000
3547.0700680000 -18.1842900000 0.7400100000
3547.1699220000 -18.1595750000 0.7396240000
3547.2700200000 -18.1350590000 0.7392360000
3547.3798830000 -18.1084400000 0.7388110000
3547.4799800000 -18.0845090000 0.7384240000
3547.5800780000 -18.0607620000 0.7380370000
3547.6799320000 -18.0373100000 0.7376500000
3547.7800290000 -18.0140340000 0.7372630000
3547.8798830000 -17.9910450000 0.7368760000
3547.9899900000 -17.9659540000 0.7364500000
3548.0900880000 -17.9434280000 0.7360640000
3548.1899410000 -17.9211200000 0.7356770000
3548.2900390000 -17.8989680000 0.7352900000
3548.3898930000 -17.8770770000 0.7349030000
3548.4899900000 -17.8553390000 0.7345150000
3548.5900880000 -17.8338010000 0.7341280000
3548.6999510000 -17.8104380000 0.7337040000
3548.8000490000 -17.7893100000 0.7333160000
3548.8999020000 -17.7684210000 0.7329300000
3549.0000000000 -17.7476690000 0.7325430000
3549.1000980000 -17.7271000000 0.7321550000
3549.1999510000 -17.7067600000 0.7317690000
3549.3100590000 -17.6845840000 0.7313430000
3549.4099120000 -17.6646120000 0.7309570000
3549.5100100000 -17.6447620000 0.7305700000
3549.6101070000 -17.6250800000 0.7301830000
3549.7099610000 -17.6056100000 0.7297950000
3549.8100590000 -17.5862560000 0.7294080000
3549.9199220000 -17.5652430000 0.7289840000
3550.0200200000 -17.5462230000 0.7285970000
3550.1201170000 -17.5273550000 0.7282090000
3550.2199710000 -17.5086860000 0.7278230000
3550.3200680000 -17.4901240000 0.7274360000
3550.4199220000 -17.4717940000 0.7270500000
3550.5300290000 -17.4517040000 0.7266240000
3550.6298830000 -17.4336320000 0.7262370000
3550.7299800000 -17.4156590000 0.7258500000
3550.8300780000 -17.3978250000 0.7254630000
3550.9299320000 -17.3801690000 0.7250770000
3551.0300290000 -17.3626480000 0.7246900000
3551.1398930000 -17.3435210000 0.7242650000
3551.2399900000 -17.3262350000 0.7238780000
3551.3400880000 -17.3090760000 0.7234910000
3551.4399410000 -17.2920840000 0.7231040000
3551.5400390000 -17.2751770000 0.7227160000
3583.3681640000 -14.5667550000 0.5998210000
3653.4318850000 -12.9743710000 0.3309370000
3712.2199710000 -13.7950770000 0.1073580000
3712.3300780000 -13.8022690000 0.1069410000
3712.4399410000 -13.8095170000 0.1065240000
3712.5500490000 -13.8168520000 0.1061080000
3712.6599120000 -13.8242260000 0.1056930000
3712.7700200000 -13.8317040000 0.1052750000
3712.8798830000 -13.8392400000 0.1048590000
3713.0000000000 -13.8475620000 0.1044040000
3713.1101070000 -13.8552690000 0.1039880000
3713.2199710000 -13.8630190000 0.1035730000
3713.3300780000 -13.8708800000 0.1031560000
3713.4399410000 -13.8788010000 0.1027390000
3713.5500490000 -13.8868210000 0.1023230000
3713.6599120000 -13.8949020000 0.1019070000
3713.7700200000 -13.9030670000 0.1014910000
3713.8898930000 -13.9120690000 0.1010370000
3714.0000000000 -13.9204260000 0.1006200000
3714.1101070000 -13.9288710000 0.1002040000
3714.2199710000 -13.9373850000 0.0997870000
3714.3300780000 -13.9460060000 0.0993700000
3714.4399410000 -13.9546800000 0.0989550000
3714.5500490000 -13.9634850000 0.0985380000
3714.6599120000 -13.9723640000 0.0981230000
3714.7800290000 -13.9821810000 0.0976680000
3714.8898930000 -13.9912620000 0.0972520000
3715.0000000000 -14.0004430000 0.0968360000
3715.1101070000 -14.0097440000 0.0964190000
3715.2199710000 -14.0191270000 0.0960040000
3715.3300780000 -14.0286360000 0.0955870000
3715.4399410000 -14.0382320000 0.0951710000
3715.5500490000 -14.0479350000 0.0947540000
3715.6699220000 -14.0586490000 0.0943010000
3715.7800290000 -14.0686090000 0.0938840000
3715.8898930000 -14.0786620000 0.0934690000
3716.0000000000 -14.0888550000 0.0930520000
3716.1101070000 -14.0991450000 0.0926360000
3716.2199710000 -14.1095580000 0.0922200000
3716.3300780000 -14.1201180000 0.0918040000
3716.4499510000 -14.1317620000 0.0913500000
3716.5600590000 -14.1425920000 0.0909330000
3716.6699220000 -14.1535320000 0.0905170000
3716.7800290000 -14.1646080000 0.0901010000
3716.8898930000 -14.1758220000 0.0896850000
3717.0000000000 -14.1872030000 0.0892690000
3717.1101070000 -14.1987300000 0.0888520000
3717.2299800000 -14.2114490000 0.0883980000
3717.3400880000 -14.2232630000 0.0879820000
3717.4499510000 -14.2352330000 0.0875670000
3717.5600590000 -14.2473880000 0.0871510000
3717.6699220000 -14.2596790000 0.0867350000
3717.7800290000 -14.2721630000 0.0863180000
3717.8898930000 -14.2847640000 0.0859030000
3718.0100100000 -14.2987690000 0.0854480000
3718.1201170000 -14.3117940000 0.0850320000
3718.2299800000 -14.3249750000 0.0846170000
3718.3400880000 -14.3383730000 0.0842000000
3718.4499510000 -14.3519350000 0.0837840000
3718.5600590000 -14.3656950000 0.0833680000
3718.6799320000 -14.3809400000 0.0829140000
3718.7900390000 -14.3951620000 0.0824990000
3718.8999020000 -14.4095660000 0.0820830000
3719.0100100000 -14.4242230000 0.0816660000
3719.1201170000 -14.4390750000 0.0812500000
3719.2299800000 -14.4541600000 0.0808340000
3719.3400880000 -14.4695170000 0.0804190000
3719.4599610000 -14.4865190000 0.0799650000
3719.5700680000 -14.5024000000 0.0795480000
3719.6799320000 -14.5184750000 0.0791340000
3719.7900390000 -14.5348880000 0.0787170000
3719.8999020000 -14.5515450000 0.0783010000
3720.0100100000 -14.5685240000 0.0778850000
3720.1298830000 -14.5873490000 0.0774320000
3720.2399900000 -14.6049210000 0.0770160000
3720.3500980000 -14.6228490000 0.0766000000
3720.4599610000 -14.6410640000 0.0761840000
3720.5700680000 -14.6596570000 0.0757680000
3720.6799320000 -14.6785580000 0.0753520000
3720.8000490000 -14.6996370000 0.0748980000
3720.9099120000 -14.7192670000 0.0744830000
3721.0200200000 -14.7393720000 0.0740670000
3721.1298830000 -14.7598370000 0.0736510000
3721.2399900000 -14.7807670000 0.0732350000
3721.3500980000 -14.8021340000 0.0728190000
3721.4699710000 -14.8258650000 0.0723660000
3721.5800780000 -14.8481990000 0.0719500000
3721.6899410000 -14.8709750000 0.0715340000
3721.8000490000 -14.8943150000 0.0711180000
3721.9099120000 -14.9181380000 0.0707030000
3722.0200200000 -14.9425170000 0.0702870000
3722.1398930000 -14.9697820000 0.0698340000
3722.2500000000 -14.9954640000 0.0694180000
3722.3601070000 -15.0217880000 0.0690010000
3722.4699710000 -15.0487250000 0.0685850000
3722.5800780000 -15.0764260000 0.0681700000
3722.6899410000 -15.1047420000 0.0677550000
3722.8100590000 -15.1366560000 0.0673010000
3722.9199220000 -15.1667050000 0.0668860000
3723.0300290000 -15.1976890000 0.0664690000
3723.1398930000 -15.2295210000 0.0660540000
3723.2500000000 -15.2623210000 0.0656390000
3723.3701170000 -15.2993550000 0.0651850000
3723.4799800000 -15.3343720000 0.0647690000
3723.5900880000 -15.3706320000 0.0643530000
3723.6999510000 -15.4080550000 0.0639370000
3723.8100590000 -15.4468030000 0.0635220000
3723.9199220000 -15.4869670000 0.0631070000
3724.0400390000 -15.5326190000 0.0626530000
3724.1499020000 -15.5760970000 0.0622380000
3724.2600100000 -15.6214490000 0.0618220000
3724.3701170000 -15.6686240000 0.0614060000
3724.4799800000 -15.7178850000 0.0609910000
3724.6000980000 -15.7743460000 0.0605370000
3724.7099610000 -15.8286050000 0.0601220000
3724.8200680000 -15.8857390000 0.0597060000
3724.8657230000 -15.9102330000 0.0595340000
3724.9299320000 -15.9457890000 0.0592910000
3725.0400390000 -16.0092070000 0.0588750000
3725.1599120000 -16.0827030000 0.0584220000
3725.2700200000 -16.1546610000 0.0580060000
3725.3798830000 -16.2312950000 0.0575900000
3725.4899900000 -16.3136140000 0.0571750000
3725.6000980000 -16.4020980000 0.0567600000
3725.7199710000 -16.5070970000 0.0563070000
3725.8300780000 -16.6127510000 0.0558900000
3725.9399410000 -16.7287600000 0.0554750000
3726.0500490000 -16.8579560000 0.0550590000
3726.1599120000 -17.0026280000 0.0546450000
3726.2700200000 -17.1685700000 0.0542290000
3726.3898930000 -17.3807890000 0.0537760000
3726.5000000000 -17.6166000000 0.0533600000
3726.6101070000 -17.9117580000 0.0529440000
3726.7199710000 -18.3041460000 0.0525290000
3726.8300780000 -18.8983120000 0.0521140000
3726.9499510000 -20.3545550000 0.0516610000
3727.0600590000 -20.1516690000 3.8067320000
3727.1699220000 -18.9065820000 3.8061920000
3727.2800290000 -18.3076610000 3.8056510000
3727.3999020000 -17.8805160000 3.8050630000
3727.5100100000 -17.5879080000 3.8045230000
3727.6201170000 -17.3524210000 3.8039810000
3727.7299800000 -17.1556590000 3.8034410000
3727.8400880000 -16.9859700000 3.8029000000
3727.9599610000 -16.8249280000 3.8023120000
3728.0700680000 -16.6933800000 3.8017710000
3728.1799320000 -16.5748160000 3.8012310000
3728.2900390000 -16.4664500000 3.8006900000
3728.3999020000 -16.3670430000 3.8001500000
3728.5200200000 -16.2669770000 3.7995620000
3728.6298830000 -16.1818540000 3.7990210000
3728.7399900000 -16.1020160000 3.7984800000
3728.8500980000 -16.0269830000 3.7979390000
3728.9599610000 -15.9563470000 3.7974000000
3729.0800780000 -15.8835600000 3.7968100000
3729.1899410000 -15.8203600000 3.7962700000
3729.3000490000 -15.7600520000 3.7957300000
3729.4099120000 -15.7026120000 3.7951900000
3729.5300290000 -15.6426580000 3.7946000000
3729.6398930000 -15.5901930000 3.7940600000
3729.7500000000 -15.5398040000 3.7935200000
3729.8601070000 -15.4912250000 3.7929790000
3729.9699710000 -15.4445230000 3.7924390000
3730.0900880000 -15.3953370000 3.7918490000
3730.1999510000 -15.3519380000 3.7913090000
3730.3100590000 -15.3099530000 3.7907700000
3730.4199220000 -15.2692880000 3.7902300000
3730.5400390000 -15.2262440000 3.7896390000
3730.6499020000 -15.1880840000 3.7891000000
3730.7600100000 -15.1509300000 3.7885590000
3730.8701170000 -15.1148820000 3.7880190000
3730.9799800000 -15.0798020000 3.7874790000
3731.1000980000 -15.0424930000 3.7868890000
3731.2099610000 -15.0092700000 3.7863490000
3731.3200680000 -14.9767950000 3.7858090000
3731.4299320000 -14.9452340000 3.7852700000
3731.5500490000 -14.9114980000 3.7846790000
3731.6599120000 -14.8813730000 3.7841400000
3731.7700200000 -14.8518520000 3.7835990000
3731.8798830000 -14.8230320000 3.7830590000
3732.0000000000 -14.7922190000 3.7824700000
3732.1101070000 -14.7646430000 3.7819300000
3732.2199710000 -14.7376210000 3.7813900000
3732.3300780000 -14.7110750000 3.7808490000
3732.4399410000 -14.6850970000 3.7803100000
3732.5600590000 -14.6572540000 3.7797190000
3732.6699220000 -14.6323330000 3.7791810000
3732.7800290000 -14.6077560000 3.7786400000
3732.8898930000 -14.5836660000 3.7781000000
3733.0100100000 -14.5578060000 3.7775110000
3733.1201170000 -14.5345240000 3.7769700000
3733.2299800000 -14.5117280000 3.7764310000
3733.3400880000 -14.4892090000 3.7758900000
3733.4599610000 -14.4651020000 3.7753010000
3733.5700680000 -14.4433260000 3.7747600000
3733.6799320000 -14.4219330000 3.7742200000
3733.7900390000 -14.4008660000 3.7736820000
3733.9099120000 -14.3782380000 3.7730920000
3734.0200200000 -14.3577730000 3.7725520000
3734.1298830000 -14.3376470000 3.7720120000
3734.2399900000 -14.3177650000 3.7714710000
3734.3601070000 -14.2963920000 3.7708820000
3734.4699710000 -14.2771650000 3.7703430000
3734.5800780000 -14.2581160000 3.7698020000
3734.6899410000 -14.2393610000 3.7692620000
3734.8100590000 -14.2191360000 3.7686730000
3734.9199220000 -14.2008880000 3.7681330000
3735.0300290000 -14.1828710000 3.7675930000
3735.1398930000 -14.1650790000 3.7670540000
3735.2600100000 -14.1458780000 3.7664640000
3735.3701170000 -14.1285020000 3.7659240000
3735.4799800000 -14.1113710000 3.7653840000
3735.5900880000 -14.0944410000 3.7648440000
3735.7099610000 -14.0761960000 3.7642560000
3735.8200680000 -14.0596370000 3.7637150000
3735.9299320000 -14.0433030000 3.7631750000
3736.0400390000 -14.0271160000 3.7626350000
3736.1599120000 -14.0097290000 3.7620480000
3736.2700200000 -13.9939110000 3.7615070000
3736.3798830000 -13.9782950000 3.7609670000
3736.4899900000 -13.9628120000 3.7604270000
3736.6101070000 -13.9461080000 3.7598360000
3736.7199710000 -13.9309930000 3.7592970000
3736.8300780000 -13.9160320000 3.7587580000
3736.9399410000 -13.9012220000 3.7582180000
3737.0600590000 -13.8852000000 3.7576280000
3737.1699220000 -13.8706950000 3.7570890000
3737.2800290000 -13.8563000000 3.7565480000
3737.3999020000 -13.8408160000 3.7559600000
3737.5100100000 -13.8267070000 3.7554210000
3737.6201170000 -13.8127310000 3.7548800000
3737.7299800000 -13.7989140000 3.7543400000
3737.8500980000 -13.7839540000 3.7537510000
3737.9599610000 -13.7704290000 3.7532120000
3738.0700680000 -13.7569670000 3.7526710000
3738.1799320000 -13.7436520000 3.7521320000
3738.3000490000 -13.7292310000 3.7515420000
3738.4099120000 -13.7161590000 3.7510030000
3738.5200200000 -13.7031990000 3.7504630000
3738.6298830000 -13.6903500000 3.7499250000
3738.7500000000 -13.6764250000 3.7493340000
3738.8601070000 -13.6637720000 3.7487950000
3738.9699710000 -13.6512510000 3.7482550000
3739.0900880000 -13.6376770000 3.7476650000
3739.1999510000 -13.6253940000 3.7471270000
3739.3100590000 -13.6131550000 3.7465870000
3739.4199220000 -13.6010400000 3.7460470000
3739.5400390000 -13.5879030000 3.7454580000
3739.6499020000 -13.5759850000 3.7449180000
3739.7600100000 -13.5641570000 3.7443790000
3739.8798830000 -13.5513550000 3.7437910000
3739.9899900000 -13.5396890000 3.7432500000
3740.1000980000 -13.5281100000 3.7427090000
3740.2099610000 -13.5166420000 3.7421700000
3740.3300780000 -13.5042240000 3.7415820000
3740.4399410000 -13.4929290000 3.7410420000
3740.5500490000 -13.4816910000 3.7405010000
3740.6699220000 -13.4695470000 3.7399130000
3740.7800290000 -13.4584760000 3.7393730000
3740.8898930000 -13.4475300000 3.7388340000
3741.0000000000 -13.4366110000 3.7382950000
3741.1201170000 -13.4247870000 3.7377050000
3741.2299800000 -13.4140470000 3.7371650000
3741.3400880000 -13.4033580000 3.7366250000
3741.4599610000 -13.3918240000 3.7360380000
3741.5700680000 -13.3812830000 3.7354970000
3741.6799320000 -13.3708330000 3.7349590000
3741.7900390000 -13.3604310000 3.7344180000
3741.9099120000 -13.3491800000 3.7338290000
3742.0200200000 -13.3389170000 3.7332890000
3742.1298830000 -13.3287630000 3.7327510000
3742.2500000000 -13.3177110000 3.7321620000
3742.3601070000 -13.3076460000 3.7316210000
3742.4699710000 -13.2976660000 3.7310820000
3742.5800780000 -13.2877240000 3.7305410000
3742.6999510000 -13.2769930000 3.7299550000
3742.8100590000 -13.2671790000 3.7294140000
3742.9199220000 -13.2574440000 3.7288750000
3743.0400390000 -13.2468680000 3.7282860000
3743.1499020000 -13.2372550000 3.7277460000
3743.2600100000 -13.2276980000 3.7272070000
3743.3798830000 -13.2173340000 3.7266190000
3743.4899900000 -13.2078720000 3.7260790000
3797.6960450000 -10.8626410000 3.4609100000
3871.9506840000 -9.4490990000 3.1004140000
3947.6569820000 -8.7206010000 2.7368130000
4000.9099120000 -8.8981130000 2.4837970000
4001.0400390000 -8.9011270000 2.4831810000
4001.1699220000 -8.9041750000 2.4825660000
4001.3000490000 -8.9072470000 2.4819530000
4001.4299320000 -8.9103670000 2.4813380000
4001.5600590000 -8.9135240000 2.4807210000
4001.6899410000 -8.9167060000 2.4801080000
4001.8200680000 -8.9199380000 2.4794930000
4001.9499510000 -8.9231970000 2.4788800000
4002.0800780000 -8.9265060000 2.4782650000
4002.2099610000 -8.9298560000 2.4776500000
4002.3400880000 -8.9332460000 2.4770340000
4002.4599610000 -8.9363990000 2.4764680000
4002.5900880000 -8.9398690000 2.4758530000
4002.7199710000 -8.9433680000 2.4752400000
4002.8500980000 -8.9469230000 2.4746250000
4002.9799800000 -8.9505090000 2.4740110000
4003.1101070000 -8.9541520000 2.4733960000
4003.2399900000 -8.9578420000 2.4727810000
4003.3701170000 -8.9615770000 2.4721660000
4003.5000000000 -8.9653450000 2.4715530000
4003.6298830000 -8.9691620000 2.4709400000
4003.7600100000 -8.9730410000 2.4703250000
4003.8898930000 -8.9769690000 2.4697090000
4004.0200200000 -8.9809480000 2.4690940000
4004.1398930000 -8.9846530000 2.4685290000
4004.2700200000 -8.9887310000 2.4679140000
4004.3999020000 -8.9928480000 2.4673000000
4004.5300290000 -8.9970350000 2.4666850000
4004.6599120000 -9.0012770000 2.4660700000
4004.7900390000 -9.0055600000 2.4654580000
4004.9199220000 -9.0099150000 2.4648430000
4005.0500490000 -9.0143300000 2.4642280000
4005.1799320000 -9.0187880000 2.4636150000
4005.3100590000 -9.0233240000 2.4630000000
4005.4399410000 -9.0279050000 2.4623870000
4005.5700680000 -9.0325670000 2.4617720000
4005.6999510000 -9.0372930000 2.4611570000
4005.8300780000 -9.0420870000 2.4605430000
4005.9599610000 -9.0469300000 2.4599290000
4006.0900880000 -9.0518600000 2.4593140000
4006.2199710000 -9.0568430000 2.4587020000
4006.3400880000 -9.0615220000 2.4581350000
4006.4699710000 -9.0666640000 2.4575200000
4006.6000980000 -9.0718610000 2.4569070000
4006.7299800000 -9.0771550000 2.4562920000
4006.8601070000 -9.0825280000 2.4556770000
4006.9899900000 -9.0879610000 2.4550650000
4007.1201170000 -9.0934970000 2.4544500000
4007.2500000000 -9.0990980000 2.4538370000
4007.3798830000 -9.1048050000 2.4532220000
4007.5100100000 -9.1106010000 2.4526080000
4007.6398930000 -9.1164670000 2.4519960000
4007.7700200000 -9.1224490000 2.4513810000
4007.8999020000 -9.1285030000 2.4507680000
4008.0300290000 -9.1346770000 2.4501530000
4008.1599120000 -9.1409520000 2.4495390000
4008.2900390000 -9.1473080000 2.4489270000
4008.4199220000 -9.1537920000 2.4483120000
4008.5500490000 -9.1603870000 2.4476980000
4008.6799320000 -9.1670680000 2.4470840000
4008.8100590000 -9.1738900000 2.4464700000
4008.9399410000 -9.1808040000 2.4458580000
4009.0700680000 -9.1878660000 2.4452430000
4009.1899410000 -9.1944960000 2.4446760000
4009.3200680000 -9.2018020000 2.4440610000
4009.4499510000 -9.2092140000 2.4434490000
4009.5800780000 -9.2167900000 2.4428350000
4009.7099610000 -9.2244790000 2.4422230000
4009.8400880000 -9.2323420000 2.4416080000
4009.9699710000 -9.2403550000 2.4409930000
4010.1000980000 -9.2484920000 2.4403810000
4010.2299800000 -9.2568210000 2.4397670000
4010.3601070000 -9.2653150000 2.4391530000
4010.4899900000 -9.2739480000 2.4385400000
4010.6201170000 -9.2827900000 2.4379260000
4010.7500000000 -9.2917830000 2.4373140000
4010.8798830000 -9.3009990000 2.4367000000
4011.0100100000 -9.3104120000 2.4360850000
4011.1398930000 -9.3199950000 2.4354730000
4011.2700200000 -9.3298240000 2.4348580000
4011.3999020000 -9.3398390000 2.4342470000
4011.5300290000 -9.3501190000 2.4336320000
4011.6599120000 -9.3606380000 2.4330180000
4011.7900390000 -9.3714050000 2.4324040000
4011.9199220000 -9.3823910000 2.4317920000
4012.0500490000 -9.3936880000 2.4311770000
4012.1799320000 -9.4052250000 2.4305660000
4012.3100590000 -9.4170990000 2.4299520000
4012.4399410000 -9.4292360000 2.4293390000
4012.5700680000 -9.4417410000 2.4287250000
4012.6999510000 -9.4545860000 2.4281110000
4012.8300780000 -9.4677870000 2.4274970000
4012.9599610000 -9.4813110000 2.4268860000
4013.0900880000 -9.4952770000 2.4262710000
4013.2199710000 -9.5096060000 2.4256590000
4013.3500980000 -9.5244250000 2.4250450000
4013.4799800000 -9.5397050000 2.4244310000
4013.6101070000 -9.5554170000 2.4238200000
4013.7399900000 -9.5717040000 2.4232050000
4013.8701170000 -9.5885430000 2.4225910000
4014.0000000000 -9.6059030000 2.4219800000
4014.1298830000 -9.6239500000 2.4213660000
4014.2600100000 -9.6425960000 2.4207530000
4014.3898930000 -9.6620240000 2.4201400000
4014.5200200000 -9.6822200000 2.4195260000
4014.6499020000 -9.7031630000 2.4189150000
4014.7800290000 -9.7250720000 2.4183010000
4014.9099120000 -9.7478610000 2.4176880000
4015.0400390000 -9.7717790000 2.4170750000
4015.1699220000 -9.7968400000 2.4164610000
4015.3000490000 -9.8231490000 2.4158470000
4015.4299320000 -9.8507270000 2.4152360000
4015.5600590000 -9.8799190000 2.4146220000
4015.6899410000 -9.9106770000 2.4140100000
4015.8200680000 -9.9434190000 2.4133970000
4015.9499510000 -9.9781370000 2.4127850000
4016.0800780000 -10.0153610000 2.4121710000
4016.2099610000 -10.0553010000 2.4115570000
4016.3400880000 -10.0983700000 2.4109440000
4016.4699710000 -10.1448980000 2.4103330000
4016.6000980000 -10.1958760000 2.4097190000
4016.7299800000 -10.2517600000 2.4091070000
4016.8601070000 -10.3140670000 2.4084940000
4016.9899900000 -10.3841150000 2.4078800000
4017.1201170000 -10.4637310000 2.4072690000
4017.2500000000 -10.5566650000 2.4066550000
4017.3798830000 -10.6671930000 2.4060440000
4017.5100100000 -10.8046570000 2.4054300000
4017.6398930000 -10.9852670000 2.4048170000
4017.7700200000 -11.2473250000 2.4042050000
4017.8999020000 -11.7372370000 2.4035910000
4018.0300290000 -12.4532180000 4.2596670000
4018.1599120000 -11.4641570000 4.2590160000
4018.2900390000 -11.1104050000 4.2583620000
4018.4199220000 -10.8904080000 4.2577100000
4018.5500490000 -10.7292420000 4.2570560000
4018.6799320000 -10.6021790000 4.2564020000
4018.8100590000 -10.4971850000 4.2557480000
4018.9399410000 -10.4079590000 4.2550960000
4019.0700680000 -10.3298300000 4.2544420000
4019.1999510000 -10.2607560000 4.2537910000
4019.3300780000 -10.1984160000 4.2531370000
4019.4599610000 -10.1419650000 4.2524850000
4019.5900880000 -10.0900170000 4.2518310000
4019.7199710000 -10.0420480000 4.2511770000
4019.8500980000 -9.9974760000 4.2505230000
4019.9799800000 -9.9559850000 4.2498710000
4020.1101070000 -9.9168990000 4.2492180000
4020.2399900000 -9.8801980000 4.2485660000
4020.3701170000 -9.8453610000 4.2479120000
4020.5100100000 -9.8098360000 4.2472080000
4020.6398930000 -9.7786210000 4.2465560000
4020.7700200000 -9.7487270000 4.2459030000
4020.8999020000 -9.7202430000 4.2452520000
4021.0300290000 -9.6928460000 4.2445970000
4021.1599120000 -9.6665430000 4.2439440000
4021.2900390000 -9.6413350000 4.2432930000
4021.4199220000 -9.6169600000 4.2426390000
4021.5500490000 -9.5934420000 4.2419850000
4021.6799320000 -9.5708020000 4.2413340000
4021.8100590000 -9.5488190000 4.2406800000
4021.9399410000 -9.5276040000 4.2400280000
4022.0700680000 -9.5069560000 4.2393750000
4022.1999510000 -9.4869150000 4.2387220000
4022.3300780000 -9.4674420000 4.2380680000
4022.4599610000 -9.4485720000 4.2374160000
4022.5900880000 -9.4301370000 4.2367630000
4022.7199710000 -9.4122430000 4.2361120000
4022.8500980000 -9.3947330000 4.2354580000
4022.9799800000 -9.3776500000 4.2348050000
4023.1101070000 -9.3610320000 4.2341540000
4023.2500000000 -9.3434990000 4.2334500000
4023.3798830000 -9.3276550000 4.2327990000
4023.5100100000 -9.3120990000 4.2321450000
4023.6398930000 -9.2969270000 4.2314940000
4023.7700200000 -9.2820170000 4.2308410000
4023.8999020000 -9.2674070000 4.2301870000
4024.0300290000 -9.2530860000 4.2295340000
4024.1599120000 -9.2390930000 4.2288830000
4024.2900390000 -9.2253110000 4.2282300000
4024.4199220000 -9.2118340000 4.2275790000
4024.5500490000 -9.1985490000 4.2269260000
4024.6799320000 -9.1855000000 4.2262730000
4024.8100590000 -9.1727220000 4.2256210000
4024.8435060000 -9.1694220000 4.2254510000
4024.9399410000 -9.1601130000 4.2249680000
4025.0700680000 -9.1477130000 4.2243150000
4025.1999510000 -9.1355580000 4.2236640000
4025.3400880000 -9.1226370000 4.2229600000
4025.4699710000 -9.1108750000 4.2223100000
4025.6000980000 -9.0992510000 4.2216570000
4025.7299800000 -9.0878000000 4.2210040000
4025.8601070000 -9.0765170000 4.2203500000
4025.9899900000 -9.0654380000 4.2197000000
4026.1201170000 -9.0544760000 4.2190470000
4026.2500000000 -9.0437050000 4.2183960000
4026.3798830000 -9.0330420000 4.2177430000
4026.5100100000 -9.0225220000 4.2170900000
4026.6398930000 -9.0121790000 4.2164390000
4026.7700200000 -9.0019330000 4.2157860000
4026.8999020000 -8.9918550000 4.2151360000
4027.0300290000 -8.9818670000 4.2144820000
4027.1699220000 -8.9712830000 4.2137810000
4027.3000490000 -8.9615470000 4.2131290000
4027.4299320000 -8.9519270000 4.2124760000
4027.5600590000 -8.9424200000 4.2118230000
4027.6899410000 -8.9330580000 4.2111720000
4027.8200680000 -8.9237680000 4.2105200000
4027.9499510000 -8.9146170000 4.2098690000
4028.0800780000 -8.9055330000 4.2092160000
4028.2099610000 -8.8965480000 4.2085640000
4028.3400880000 -8.8876930000 4.2079130000
4028.4699710000 -8.8789000000 4.2072600000
4028.6000980000 -8.8701980000 4.2066080000
4028.7399900000 -8.8609580000 4.2059070000
4028.8701170000 -8.8524400000 4.2052550000
4029.0000000000 -8.8440380000 4.2046040000
4029.1298830000 -8.8356890000 4.2039520000
4029.2600100000 -8.8274200000 4.2032990000
4029.3898930000 -8.8192620000 4.2026480000
4029.5200200000 -8.8111520000 4.2019960000
4029.6499020000 -8.8031450000 4.2013450000
4029.7800290000 -8.7951850000 4.2006930000
4029.9099120000 -8.7872960000 4.2000410000
4030.0500490000 -8.7788810000 4.1993380000
4030.1799320000 -8.7711680000 4.1986880000
4030.3100590000 -8.7634940000 4.1980350000
4030.4399410000 -8.7559150000 4.1973850000
4030.5700680000 -8.7483720000 4.1967330000
4030.6999510000 -8.7409210000 4.1960820000
4030.8300780000 -8.7335050000 4.1954300000
4030.9599610000 -8.7261510000 4.1947770000
4031.0900880000 -8.7188570000 4.1941250000
4031.2199710000 -8.7116490000 4.1934750000
4031.3601070000 -8.7039210000 4.1927730000
4031.4899900000 -8.6968310000 4.1921220000
4031.6201170000 -8.6897710000 4.1914700000
4031.7500000000 -8.6827640000 4.1908180000
4031.8798830000 -8.6758370000 4.1901670000
4032.0100100000 -8.6689370000 4.1895150000
4032.1398930000 -8.6621120000 4.1888660000
4032.2700200000 -8.6553140000 4.1882130000
4032.3999020000 -8.6485650000 4.1875610000
4032.5400390000 -8.6413770000 4.1868610000
4032.6699220000 -8.6347290000 4.1862090000
4032.8000490000 -8.6281280000 4.1855560000
4032.9299320000 -8.6215970000 4.1849070000
4033.0600590000 -8.6150880000 4.1842550000
4033.1899410000 -8.6086460000 4.1836050000
4033.3200680000 -8.6022250000 4.1829530000
4033.4499510000 -8.5958480000 4.1823010000
4033.5900880000 -8.5890270000 4.1815990000
4033.7199710000 -8.5827600000 4.1809490000
4033.8500980000 -8.5765100000 4.1802970000
4033.9799800000 -8.5703250000 4.1796470000
4034.1101070000 -8.5641560000 4.1789950000
4034.2399900000 -8.5580480000 4.1783460000
4034.3701170000 -8.5519560000 4.1776930000
4034.5000000000 -8.5459020000 4.1770420000
4034.6398930000 -8.5394470000 4.1763420000
4034.7700200000 -8.5334700000 4.1756910000
4034.8999020000 -8.5275510000 4.1750400000
4035.0300290000 -8.5216460000 4.1743890000
4035.1599120000 -8.5157760000 4.1737370000
4035.2900390000 -8.5099400000 4.1730850000
4035.4199220000 -8.5041590000 4.1724360000
4035.5500490000 -8.4983910000 4.1717830000
4035.6899410000 -8.4922370000 4.1710840000
4035.8200680000 -8.4865370000 4.1704330000
4035.9499510000 -8.4808690000 4.1697810000
4036.0800780000 -8.4752530000 4.1691310000
4036.2099610000 -8.4696470000 4.1684800000
4036.3400880000 -8.4640730000 4.1678280000
4036.4699710000 -8.4585490000 4.1671790000
4036.6101070000 -8.4526120000 4.1664770000
4036.7399900000 -8.4471480000 4.1658280000
4036.8701170000 -8.4416950000 4.1651760000
4037.0000000000 -8.4362700000 4.1645240000
4037.1298830000 -8.4308920000 4.1638760000
4037.2600100000 -8.4255230000 4.1632230000
4103.5390630000 -6.9095270000 3.8338620000
4183.7739260000 -5.8714170000 3.4418060000
4265.5771480000 -5.0781100000 3.0500510000
4348.9794920000 -4.4206550000 2.6593370000
4434.0131840000 -3.8594420000 2.2703670000
4520.7089840000 -3.3728170000 1.8838420000
4609.1005860000 -3.1056750000 1.5040200000
4699.2197270000 -2.7409770000 1.1569550000
4791.1015630000 -2.4166270000 0.8169350000
4884.7792970000 -2.1999700000 0.4899740000
4980.2890630000 -1.9449130000 0.1793220000
5077.6660160000 -1.7150400000 9.8770770000
5176.9472660000 -1.5074380000 9.5830550000
5278.1694340000 -1.3095390000 9.2960190000
5381.3710940000 -1.1388460000 9.0157310000
5486.5903320000 -0.9844160000 8.7428670000
5593.8666990000 -0.8447350000 8.4772680000
5703.2412110000 -0.7184770000 8.2187770000
5814.7534180000 -0.6044780000 7.9672390000
5928.4467770000 -0.5017010000 7.7225000000
6044.3627930000 -0.4092250000 7.4844090000
6162.5449220000 -0.3262260000 7.2528200000
6283.0380860000 -0.2519570000 7.0275810000
6405.8872070000 -0.1857460000 6.8085530000
6531.1386720000 -0.1269850000 6.5955890000
6658.8383790000 -0.0751180000 6.3885540000
6789.0356450000 -0.0296370000 6.1873060000
6921.7783200000 0.0099200000 5.9917120000
7057.1162110000 0.0439800000 5.8016380000
7195.1005860000 0.0662180000 5.6175720000
7335.7827150000 0.0903980000 5.4388670000
7479.2158200000 0.1058520000 5.2653780000
7625.4531250000 0.1206720000 5.0972930000
7774.5498050000 0.1316790000 4.9341250000
7926.5620120000 0.1402780000 4.7757320000
8081.5458980000 0.1406480000 4.6221280000
8239.5605470000 0.1428740000 4.4734310000
8400.6640630000 0.1423440000 4.3291540000
8564.9189450000 0.1392470000 4.1891790000
8732.3837890000 0.1337570000 4.0533920000
8903.1240230000 0.1260370000 3.9216910000
9077.2021480000 0.1165710000 3.7946160000
9254.6845700000 0.1052980000 3.6714310000
9435.6367190000 0.0923540000 3.5520260000
9620.1269530000 0.0778640000 3.4362930000
9808.2246090000 0.0619450000 3.3241270000
10000.0000000000 0.0447030000 3.2154250000
10195.5253900000 0.0262360000 3.1100880000
10394.8730500000 0.0066380000 3.0080180000
10598.1191400000 -0.0140100000 2.9091210000
10805.3388700000 -0.0356300000 2.8133040000
11016.6103500000 -0.0581520000 2.7204790000
11232.0127000000 -0.0815120000 2.6305560000
11451.6259800000 -0.1056520000 2.5434530000
11675.5341800000 -0.1317000000 2.4591000000
11903.8203100000 -0.1572910000 2.3774230000
12136.5693400000 -0.1835160000 2.2983250000
12373.8701200000 -0.2112450000 2.2217450000
12615.8105500000 -0.2386600000 2.1476040000
12862.4814500000 -0.2666160000 2.0758170000
13113.9746100000 -0.2950930000 2.0063160000
13370.3857400000 -0.3240760000 1.9390320000
13631.8105500000 -0.3535540000 1.8738960000
13898.3466800000 -0.3835250000 1.8108450000
14170.0937500000 -0.4139880000 1.7498160000
14447.1543000000 -0.4449490000 1.6907470000
14729.6328100000 -0.4766050000 1.6335820000
15017.6337900000 -0.5086150000 1.5782610000
15311.2666000000 -0.5411720000 1.5247250000
15610.6396500000 -0.5760160000 1.4730130000
15915.8671900000 -0.6098020000 1.4229830000
16227.0615200000 -0.6456660000 1.3745980000
16544.3418000000 -0.6808710000 1.3278490000
16867.8242200000 -0.7168880000 1.2826220000
17197.6328100000 -0.7538080000 1.2388720000
17533.8906300000 -0.7940000000 1.1965990000
17876.7207000000 -0.8330770000 1.1557960000
18226.2558600000 -0.8734250000 1.1163350000
18582.6250000000 -0.9152190000 1.0781720000
18945.9628900000 -0.9586670000 1.0412680000
19316.4023400000 -1.0040170000 1.0055810000
19694.0878900000 -1.0515690000 0.9710730000
20079.1562500000 -1.1016870000 0.9377070000
20471.7539100000 -1.1548190000 0.9054450000
20872.0273400000 -1.2115220000 0.8742540000
21280.1289100000 -1.2725010000 0.8440970000
21696.2070300000 -1.3386580000 0.8149430000
22120.4238300000 -1.4111780000 0.7867580000
22552.9335900000 -1.4916460000 0.7595130000
22993.8984400000 -1.5822580000 0.7331760000
23443.4882800000 -1.6861640000 0.7077190000
23901.8671900000 -1.8080910000 0.6831130000
24369.2070300000 -1.9556000000 0.6593300000
24845.6875000000 -2.1418560000 0.6363440000
25331.4824200000 -2.3928640000 0.6141290000
25826.7753900000 -2.7720780000 0.5926600000
25943.5996100000 -2.8951790000 0.5877610000
25949.0000000000 -2.9013410000 0.5875360000
25954.4003900000 -2.9075520000 0.5873110000
25959.9003900000 -2.9139230000 0.5870830000
25965.3007800000 -2.9202300000 0.5868580000
25970.6992200000 -2.9265810000 0.5866340000
25976.1992200000 -2.9331040000 0.5864050000
25981.5996100000 -2.9395570000 0.5861810000
25987.0996100000 -2.9461810000 0.5859530000
25992.5000000000 -2.9527400000 0.5857290000
25998.0000000000 -2.9594710000 0.5855010000
26003.4003900000 -2.9661370000 0.5852770000
26008.9003900000 -2.9729790000 0.5850490000
26014.3007800000 -2.9797540000 0.5848260000
26019.8007800000 -2.9867100000 0.5845990000
26025.3007800000 -2.9937260000 0.5843710000
26030.6992200000 -3.0006690000 0.5841480000
26036.1992200000 -3.0078050000 0.5839210000
26041.6992200000 -3.0150000000 0.5836940000
26047.0996100000 -3.0221290000 0.5834720000
26052.5996100000 -3.0294500000 0.5832450000
26058.0996100000 -3.0368380000 0.5830180000
26063.5996100000 -3.0442930000 0.5827920000
26069.0000000000 -3.0516750000 0.5825700000
26074.5000000000 -3.0592610000 0.5823440000
26080.0000000000 -3.0669200000 0.5821180000
26085.5000000000 -3.0746490000 0.5818920000
26091.0000000000 -3.0824480000 0.5816660000
26096.5000000000 -3.0903220000 0.5814410000
26102.0000000000 -3.0982690000 0.5812150000
26107.5000000000 -3.1062940000 0.5809900000
26113.0000000000 -3.1143980000 0.5807650000
26118.5000000000 -3.1225770000 0.5805400000
26124.0000000000 -3.1308400000 0.5803150000
26129.5000000000 -3.1391820000 0.5800900000
26135.0000000000 -3.1476100000 0.5798650000
26140.5000000000 -3.1561210000 0.5796410000
26146.0000000000 -3.1647210000 0.5794160000
26151.5000000000 -3.1734110000 0.5791920000
26157.0000000000 -3.1821880000 0.5789680000
26162.5996100000 -3.1912210000 0.5787400000
26168.0996100000 -3.2001890000 0.5785160000
26173.5996100000 -3.2092500000 0.5782920000
26179.0996100000 -3.2184120000 0.5780690000
26184.6992200000 -3.2278430000 0.5778410000
26190.1992200000 -3.2372070000 0.5776180000
26195.6992200000 -3.2466790000 0.5773950000
26201.3007800000 -3.2564340000 0.5771670000
26206.8007800000 -3.2661210000 0.5769440000
26212.3007800000 -3.2759220000 0.5767220000
26217.9003900000 -3.2860180000 0.5764950000
26223.4003900000 -3.2960500000 0.5762720000
26229.0000000000 -3.3063890000 0.5760460000
26234.5000000000 -3.3166680000 0.5758240000
26240.0996100000 -3.3272570000 0.5755970000
26245.5996100000 -3.3377930000 0.5753750000
26251.1992200000 -3.3486530000 0.5751490000
26256.6992200000 -3.3594530000 0.5749280000
26262.3007800000 -3.3705970000 0.5747020000
26267.9003900000 -3.3818850000 0.5744760000
26273.4003900000 -3.3931190000 0.5742550000
26279.0000000000 -3.4047040000 0.5740300000
26284.5996100000 -3.4164520000 0.5738040000
26290.0996100000 -3.4281500000 0.5735830000
26295.6992200000 -3.4402250000 0.5733590000
26301.3007800000 -3.4524710000 0.5731340000
26306.9003900000 -3.4648940000 0.5729090000
26312.5000000000 -3.4774980000 0.5726850000
26318.0996100000 -3.4902890000 0.5724600000
26323.5996100000 -3.5030350000 0.5722400000
26329.1992200000 -3.5162120000 0.5720160000
26331.7539100000 -3.5222930000 0.5719140000
26334.8007800000 -3.5295970000 0.5717920000
26340.4003900000 -3.5431870000 0.5715680000
26346.0000000000 -3.5569930000 0.5713440000
26351.5996100000 -3.5710170000 0.5711210000
26357.1992200000 -3.5852750000 0.5708970000
26362.8007800000 -3.5997760000 0.5706740000
26368.4003900000 -3.6145170000 0.5704510000
26374.0000000000 -3.6295110000 0.5702280000
26379.5996100000 -3.6447680000 0.5700050000
26385.3007800000 -3.6605770000 0.5697780000
26390.9003900000 -3.6763840000 0.5695550000
26396.5000000000 -3.6924870000 0.5693330000
26402.0996100000 -3.7088910000 0.5691110000
26407.6992200000 -3.7256060000 0.5688880000
26413.4003900000 -3.7429570000 0.5686620000
26419.0000000000 -3.7603390000 0.5684400000
26424.5996100000 -3.7780640000 0.5682180000
26430.3007800000 -3.7964960000 0.5679930000
26435.9003900000 -3.8149700000 0.5677710000
26441.5000000000 -3.8338440000 0.5675490000
26447.1992200000 -3.8534750000 0.5673240000
26452.8007800000 -3.8732040000 0.5671030000
26458.5000000000 -3.8937350000 0.5668780000
26464.0996100000 -3.9143820000 0.5666570000
26469.8007800000 -3.9359050000 0.5664320000
26475.4003900000 -3.9575640000 0.5662110000
26481.0996100000 -3.9801600000 0.5659870000
26486.6992200000 -4.0029340000 0.5657670000
26492.4003900000 -4.0267300000 0.5655420000
26498.0000000000 -4.0507270000 0.5653220000
26503.6992200000 -4.0758360000 0.5650980000
26509.4003900000 -4.1016830000 0.5648740000
26515.0000000000 -4.1277980000 0.5646550000
26520.6992200000 -4.1551860000 0.5644310000
26526.4003900000 -4.1834400000 0.5642080000
26532.0996100000 -4.2125950000 0.5639840000
26537.6992200000 -4.2421890000 0.5637650000
26543.4003900000 -4.2733430000 0.5635420000
26549.0996100000 -4.3055930000 0.5633190000
26554.8007800000 -4.3390390000 0.5630960000
26560.5000000000 -4.3737490000 0.5628740000
26566.1992200000 -4.4098320000 0.5626510000
26571.9003900000 -4.4474240000 0.5624290000
26577.5996100000 -4.4866000000 0.5622060000
26583.3007800000 -4.5275380000 0.5619840000
26589.0000000000 -4.5703720000 0.5617620000
26594.6992200000 -4.6152970000 0.5615400000
26600.4003900000 -4.6625420000 0.5613190000
26606.0996100000 -4.7123170000 0.5610970000
26611.8007800000 -4.7649430000 0.5608760000
26617.5000000000 -4.8207180000 0.5606540000
26623.1992200000 -4.8800590000 0.5604330000
26628.9003900000 -4.9434670000 0.5602120000
26634.6992200000 -5.0127110000 0.5599870000
26640.4003900000 -5.0861960000 0.5597660000
26646.0996100000 -5.1659190000 0.5595460000
26651.8007800000 -5.2530840000 0.5593250000
26657.5996100000 -5.3509280000 0.5591010000
26663.3007800000 -5.4581490000 0.5588810000
26669.0000000000 -5.5790840000 0.5586600000
26674.8007800000 -5.7204230000 0.5584370000
26680.5000000000 -5.8834130000 0.5582170000
26686.3007800000 -6.0841270000 0.5579930000
26692.0000000000 -6.3336110000 0.5577730000
26697.6992200000 -6.6721220000 0.5575540000
26703.5000000000 -7.2128960000 0.5573320000
26709.3007800000 -8.5629220000 0.5571110000
26715.0000000000 -7.9018950000 3.5993280000
26720.8007800000 -7.0017120000 3.5979750000
26726.5000000000 -6.5481930000 3.5966470000
26732.3007800000 -6.2347530000 3.5952960000
26738.0996100000 -5.9977110000 3.5939470000
26743.8007800000 -5.8097520000 3.5926210000
26749.5996100000 -5.6494570000 3.5912740000
26755.4003900000 -5.5115190000 3.5899270000
26761.0996100000 -5.3924450000 3.5886040000
26766.9003900000 -5.2843120000 3.5872580000
26772.6992200000 -5.1868470000 3.5859140000
26778.5000000000 -5.0980380000 3.5845710000
26784.3007800000 -5.0164840000 3.5832280000
26790.0000000000 -4.9423200000 3.5819100000
26795.8007800000 -4.8721060000 3.5805690000
26801.5996100000 -4.8065020000 3.5792290000
26807.4003900000 -4.7448960000 3.5778900000
26813.1992200000 -4.6868410000 3.5765520000
26819.0000000000 -4.6319450000 3.5752150000
26824.8007800000 -4.5798770000 3.5738790000
26830.5996100000 -4.5303730000 3.5725440000
26836.4003900000 -4.4831440000 3.5712080000
26842.1992200000 -4.4380440000 3.5698750000
26846.6054700000 -4.4050640000 3.5688630000
26848.0996100000 -4.3941240000 3.5685200000
26853.9003900000 -4.3527010000 3.5671870000
26859.6992200000 -4.3129220000 3.5658570000
26865.5000000000 -4.2746230000 3.5645270000
26871.3007800000 -4.2376960000 3.5631970000
26877.1992200000 -4.2014810000 3.5618460000
26883.0000000000 -4.1670700000 3.5605190000
26888.8007800000 -4.1337660000 3.5591920000
26894.6992200000 -4.1009870000 3.5578440000
26900.5000000000 -4.0697380000 3.5565190000
26906.3007800000 -4.0394010000 3.5551950000
26912.1992200000 -4.0094540000 3.5538490000
26918.0000000000 -3.9808270000 3.5525270000
26923.9003900000 -3.9524930000 3.5511830000
26929.6992200000 -3.9253920000 3.5498630000
26935.5996100000 -3.8985200000 3.5485200000
26941.4003900000 -3.8727720000 3.5472020000
26947.3007800000 -3.8472240000 3.5458610000
26953.0996100000 -3.8227060000 3.5445440000
26959.0000000000 -3.7983480000 3.5432060000
26964.8007800000 -3.7749450000 3.5418910000
26970.6992200000 -3.7516710000 3.5405540000
26976.5996100000 -3.7289060000 3.5392180000
26982.4003900000 -3.7069920000 3.5379050000
26988.3007800000 -3.6851740000 3.5365710000
26994.1992200000 -3.6638040000 3.5352380000
27000.0996100000 -3.6428620000 3.5339060000
27006.0000000000 -3.6223260000 3.5325740000
27011.8007800000 -3.6025280000 3.5312660000
27017.6992200000 -3.5827760000 3.5299370000
27023.5996100000 -3.5633770000 3.5286080000
27029.5000000000 -3.5443380000 3.5272800000
27035.4003900000 -3.5256330000 3.5259520000
27041.3007800000 -3.5072560000 3.5246260000
27047.1992200000 -3.4892070000 3.5233010000
27053.0996100000 -3.4714580000 3.5219770000
27059.0000000000 -3.4539980000 3.5206530000
27064.9003900000 -3.4368300000 3.5193310000
27070.8007800000 -3.4199330000 3.5180080000
27076.6992200000 -3.4033130000 3.5166880000
27082.5996100000 -3.3869420000 3.5153680000
27088.5996100000 -3.3705530000 3.5140260000
27094.5000000000 -3.3546850000 3.5127080000
27100.4003900000 -3.3390480000 3.5113900000
27106.3007800000 -3.3236440000 3.5100740000
27112.3007800000 -3.3082040000 3.5087360000
27118.1992200000 -3.2932460000 3.5074220000
27124.0996100000 -3.2784880000 3.5061080000
27130.0996100000 -3.2636910000 3.5047730000
27136.0000000000 -3.2493420000 3.5034610000
27141.9003900000 -3.2351810000 3.5021490000
27147.9003900000 -3.2209790000 3.5008170000
27153.8007800000 -3.2071910000 3.4995070000
27159.8007800000 -3.1933530000 3.4981770000
27165.6992200000 -3.1799270000 3.4968700000
27171.6992200000 -3.1664390000 3.4955410000
27177.5996100000 -3.1533440000 3.4942350000
27183.5996100000 -3.1401890000 3.4929080000
27189.5000000000 -3.1274090000 3.4916030000
27195.5000000000 -3.1145740000 3.4902780000
27201.5000000000 -3.1018880000 3.4889540000
27207.4003900000 -3.0895590000 3.4876520000
27213.4003900000 -3.0771720000 3.4863290000
27219.4003900000 -3.0649240000 3.4850080000
27225.4003900000 -3.0528170000 3.4836860000
27231.4003900000 -3.0408490000 3.4823670000
27237.3007800000 -3.0292060000 3.4810690000
27243.3007800000 -3.0174970000 3.4797510000
27249.3007800000 -3.0059190000 3.4784340000
27255.3007800000 -2.9944620000 3.4771180000
27261.3007800000 -2.9831280000 3.4758020000
27267.3007800000 -2.9719140000 3.4744870000
27273.3007800000 -2.9608200000 3.4731740000
27279.3007800000 -2.9498380000 3.4718610000
27285.3007800000 -2.9389680000 3.4705480000
27291.3007800000 -2.9282080000 3.4692370000
27297.3007800000 -2.9175590000 3.4679270000
27303.3007800000 -2.9070120000 3.4666180000
27309.3007800000 -2.8965700000 3.4653090000
27315.3007800000 -2.8862320000 3.4640020000
27321.4003900000 -2.8758220000 3.4626730000
27327.4003900000 -2.8656800000 3.4613670000
27333.4003900000 -2.8556330000 3.4600630000
27339.4003900000 -2.8456810000 3.4587580000
27345.5000000000 -2.8356590000 3.4574330000
27351.5000000000 -2.8258940000 3.4561310000
27357.5000000000 -2.8162150000 3.4548300000
27363.5996100000 -2.8064650000 3.4535080000
27369.5996100000 -2.7969600000 3.4522080000
27371.5234400000 -2.7939330000 3.4517920000
27375.6992200000 -2.7873850000 3.4508870000
27381.6992200000 -2.7780510000 3.4495900000
27387.6992200000 -2.7687960000 3.4482930000
27393.8007800000 -2.7594670000 3.4469750000
27399.9003900000 -2.7502220000 3.4456580000
27405.9003900000 -2.7412050000 3.4443630000
27412.0000000000 -2.7321160000 3.4430480000
27418.0000000000 -2.7232530000 3.4417560000
27424.0996100000 -2.7143160000 3.4404430000
27430.1992200000 -2.7054540000 3.4391300000
27436.1992200000 -2.6968070000 3.4378400000
27442.3007800000 -2.6880860000 3.4365290000
27448.4003900000 -2.6794380000 3.4352200000
27454.5000000000 -2.6708610000 3.4339110000
27460.5000000000 -2.6624890000 3.4326240000
27466.5996100000 -2.6540470000 3.4313170000
27472.6992200000 -2.6456710000 3.4300110000
27478.8007800000 -2.6373580000 3.4287050000
27484.9003900000 -2.6291140000 3.4274010000
27491.0000000000 -2.6209320000 3.4260980000
27497.0996100000 -2.6128120000 3.4247950000
27503.1992200000 -2.6047530000 3.4234940000
27509.3007800000 -2.5967530000 3.4221920000
27515.4003900000 -2.5888150000 3.4208920000
27521.5000000000 -2.5809360000 3.4195930000
27527.5996100000 -2.5731150000 3.4182950000
27533.6992200000 -2.5653510000 3.4169980000
27539.8007800000 -2.5576410000 3.4157010000
27546.0000000000 -2.5498650000 3.4143840000
27552.0996100000 -2.5422690000 3.4130900000
27906.7070300000 -2.1743910000 3.3393060000
28452.3515600000 -1.7819710000 3.2312100000
29008.6660200000 -1.4962300000 3.1273130000
29575.8593800000 -1.2735670000 3.0274360000
30154.1406300000 -1.0929650000 2.9314060000
30743.7304700000 -0.9425110000 2.8390610000
31344.8476600000 -0.8148870000 2.7502450000
31957.7168000000 -0.7050770000 2.6648090000
32582.5703100000 -0.6095600000 2.5826120000
33219.6406300000 -0.5257410000 2.5035170000
33869.1679700000 -0.4516420000 2.4273960000
34531.3945300000 -0.3857130000 2.3541260000
35206.5703100000 -0.3039750000 2.2804520000
35894.9492200000 -0.2499100000 2.2077350000
36596.7851600000 -0.2016150000 2.1371190000
37312.3437500000 -0.1584330000 2.0685500000
38041.8906300000 -0.1198060000 2.0019760000
38785.7070300000 -0.0852590000 1.9373450000
39544.0625000000 -0.0543790000 1.8746080000
40317.2500000000 -0.0268110000 1.8137150000
41105.5546900000 -0.0022410000 1.7546190000
41909.2695300000 0.0196060000 1.6972730000
42728.6992200000 0.0389760000 1.6416310000
43564.1523400000 0.0560870000 1.5876490000
44415.9414100000 0.0711330000 1.5352810000
45284.3867200000 0.0842900000 1.4844860000
46169.8085900000 0.0957160000 1.4352220000
47072.5429700000 0.1055550000 1.3874480000
47992.9296900000 0.1139370000 1.3411240000
48931.3125000000 0.1213110000 1.2962100000
49888.0429700000 0.1271240000 1.2526650000
50863.4765600000 0.1318050000 1.2104560000
51857.9843800000 0.1354460000 1.1695450000
52871.9375000000 0.1381290000 1.1298980000
53905.7187500000 0.1379150000 1.0915780000
54959.7109400000 0.1388840000 1.0545720000
56034.3085900000 0.1391280000 1.0187300000
57129.9218800000 0.1387060000 0.9840180000
58246.9531300000 0.1376730000 0.9504050000
59385.8281300000 0.1360810000 0.9178580000
60546.9687500000 0.1339780000 0.8863470000
61730.8125000000 0.1314060000 0.8558420000
62937.8046900000 0.1284070000 0.8263120000
64168.3984400000 0.1250190000 0.7977300000
65423.0507800000 0.1212750000 0.7700680000
66702.2343800000 0.1172080000 0.7432980000
68006.4296900000 0.1128470000 0.7173940000
69336.1250000000 0.1082190000 0.6923310000
70691.8203100000 0.1033480000 0.6680840000
72074.0234400000 0.0982560000 0.6446270000
73483.2500000000 0.0929600000 0.6219380000
74920.0312500000 0.0874740000 0.5999930000
76384.9062500000 0.0815440000 0.5787740000
77878.4218800000 0.0757010000 0.5582580000
79401.1406300000 0.0696530000 0.5384190000
80953.6328100000 0.0633970000 0.5193640000
82536.4765600000 0.0575300000 0.5010220000
84150.2734400000 0.0516150000 0.4832990000
85795.6250000000 0.0456660000 0.4661730000
87473.1406300000 0.0396880000 0.4496280000
89183.4609400000 0.0336980000 0.4336420000
90927.2187500000 0.0277030000 0.4182000000
92705.0781300000 0.0217130000 0.4032820000
94517.6953100000 0.0157360000 0.3888720000
96365.7500000000 0.0097790000 0.3749540000
98249.9453100000 0.0038500000 0.3615120000
100170.9766000000 -0.0020460000 0.3485300000
102129.5703000000 -0.0079020000 0.3359940000
104126.4609000000 -0.0137130000 0.3238880000
106162.3906000000 -0.0194750000 0.3121990000
108238.1328000000 -0.0251830000 0.3009130000
110354.4609000000 -0.0308330000 0.2900180000
112512.1641000000 -0.0364210000 0.2794990000
114712.0547000000 -0.0419450000 0.2693450000
116954.9688000000 -0.0496600000 0.2596140000
119241.7266000000 -0.0550840000 0.2502880000
121573.2031000000 -0.0604250000 0.2412950000
123950.2656000000 -0.0656810000 0.2326220000
126373.8047000000 -0.0708510000 0.2242590000
128844.7266000000 -0.0759340000 0.2161940000
131363.9688000000 -0.0809280000 0.2084170000
133932.4531000000 -0.0858340000 0.2009180000
136551.1719000000 -0.0906490000 0.1936860000
139221.0938000000 -0.0953750000 0.1867130000
141943.2188000000 -0.1000100000 0.1799880000
144718.5625000000 -0.1045550000 0.1735040000
147548.1719000000 -0.1090100000 0.1672520000
150433.1094000000 -0.1133750000 0.1612230000
153374.4531000000 -0.1176510000 0.1554100000
156373.2969000000 -0.1218370000 0.1498050000
159430.7969000000 -0.1259350000 0.1444000000
162548.0625000000 -0.1299450000 0.1391890000
165726.2813000000 -0.1338680000 0.1341640000
168966.6406000000 -0.1377050000 0.1293200000
172270.3750000000 -0.1414560000 0.1246490000
175638.6875000000 -0.1451240000 0.1201450000
179072.8594000000 -0.1487070000 0.1158030000
182574.1875000000 -0.1522090000 0.1116160000
186143.9688000000 -0.1556290000 0.1075790000
189783.5469000000 -0.1589690000 0.1036880000
193494.2969000000 -0.1622300000 0.0999360000
197277.5938000000 -0.1654140000 0.0963180000
201134.8594000000 -0.1685210000 0.0928310000
205067.5469000000 -0.1715530000 0.0894690000
209077.1406000000 -0.1745110000 0.0862270000
213165.1250000000 -0.1773960000 0.0831030000
217333.0313000000 -0.1802100000 0.0800900000
221582.4375000000 -0.1829530000 0.0771860000
225914.9219000000 -0.1856280000 0.0743860000
230332.1250000000 -0.1882350000 0.0716870000
234835.7031000000 -0.1907760000 0.0690850000
239427.3281000000 -0.1932530000 0.0665770000
244108.7344000000 -0.1956650000 0.0641590000
248881.6719000000 -0.1980150000 0.0618290000
253747.9219000000 -0.2003040000 0.0595820000
258709.3281000000 -0.2025330000 0.0574160000
263767.7500000000 -0.2047040000 0.0553290000
268925.0625000000 -0.2068170000 0.0533160000
274183.2188000000 -0.2088750000 0.0513770000
279544.1875000000 -0.2108770000 0.0495070000
285010.0000000000 -0.2128260000 0.0477050000
290582.6563000000 -0.2147230000 0.0459680000
296264.2500000000 -0.2165680000 0.0442940000
302056.9688000000 -0.2183630000 0.0426800000
307962.9375000000 -0.2201100000 0.0411240000
313984.3750000000 -0.2218080000 0.0396250000
320123.5625000000 -0.2234600000 0.0381800000
326382.7813000000 -0.2250670000 0.0367880000
332764.3750000000 -0.2266290000 0.0354450000
339270.7500000000 -0.2281480000 0.0341520000
345904.3438000000 -0.2296240000 0.0329050000
352667.6563000000 -0.2310590000 0.0317030000
359563.1875000000 -0.2324540000 0.0305450000
366593.5625000000 -0.2338100000 0.0294290000
373761.3750000000 -0.2351270000 0.0283540000
381069.3438000000 -0.2364070000 0.0273170000
388520.2188000000 -0.2376510000 0.0263180000
396116.7500000000 -0.2388590000 0.0253550000
403861.8125000000 -0.2400330000 0.0244280000
411758.3438000000 -0.2411730000 0.0235340000
419809.2500000000 -0.2422800000 0.0226720000
428017.5625000000 -0.2433550000 0.0218420000
436386.3750000000 -0.2443990000 0.0210420000
444918.8125000000 -0.2454130000 0.0202710000
453618.0938000000 -0.2463970000 0.0195280000
462487.4688000000 -0.2473530000 0.0188120000
471530.2500000000 -0.2482800000 0.0181220000
480749.8438000000 -0.2491810000 0.0174580000
490149.7188000000 -0.2500540000 0.0168170000
499733.3750000000 -0.2509020000 0.0162000000
509504.4063000000 -0.2517250000 0.0156050000
519466.5000000000 -0.2525240000 0.0150320000
529623.3750000000 -0.2532990000 0.0144800000
539978.8125000000 -0.2540510000 0.0139490000
550536.7500000000 -0.2547800000 0.0134360000
561301.1250000000 -0.2554870000 0.0129420000
572276.0000000000 -0.2561730000 0.0124660000
583465.4375000000 -0.2568390000 0.0120080000
594873.6250000000 -0.2574850000 0.0115660000
606504.8750000000 -0.2581110000 0.0111410000
618363.5625000000 -0.2587180000 0.0107310000
630454.1250000000 -0.2593060000 0.0103360000
642781.1250000000 -0.2598770000 0.0099560000
655349.0625000000 -0.2604300000 0.0095890000
668162.8125000000 -0.2609660000 0.0092360000
681227.0625000000 -0.2614860000 0.0088960000
694546.7500000000 -0.2619900000 0.0085680000
