30.0000000000 -1.9299420000 0.3530330000
30.5865750000 -1.9236350000 0.3445720000
31.1846200000 -1.9178990000 0.3358790000
31.7943570000 -1.9127440000 0.3269820000
32.4160160000 -1.9081830000 0.3179090000
33.0498310000 -1.9042240000 0.3086880000
33.6960370000 -2.0309620000 0.2995190000
34.3548770000 -2.0290030000 0.2970540000
35.0266040000 -2.0272630000 0.2945370000
35.7114600000 -2.0257500000 0.2919670000
36.4097100000 -2.0244710000 0.2893480000
37.1216090000 -2.0234360000 0.2866800000
37.8474310000 -2.0226540000 0.2839650000
38.5874440000 -2.0221340000 0.2812060000
39.3419230000 -2.0218870000 0.2784040000
40.1111560000 -2.0219230000 0.2755610000
40.8954320000 -2.0222550000 0.2726780000
41.6950380000 -2.0228940000 0.2697580000
42.5102810000 -2.0238540000 0.2668020000
43.3414650000 -2.0251470000 0.2638130000
44.1888960000 -2.0267900000 0.2607920000
45.0529020000 -2.0287960000 0.2577410000
45.9338000000 -2.0311840000 0.2546620000
46.8319210000 -2.0339710000 0.2515560000
47.7476010000 -2.0371760000 0.2484270000
48.6811870000 -2.0408190000 0.2452740000
49.6330260000 -2.0449240000 0.2421010000
50.6034740000 -2.0495130000 0.2389100000
51.5928990000 -2.0546140000 0.2357010000
52.6016690000 -2.0602530000 0.2324770000
53.6301650000 -2.0664610000 0.2292400000
54.6787680000 -2.0732710000 0.2259910000
55.7478750000 -2.0807200000 0.2227320000
56.8378870000 -2.0888460000 0.2194660000
57.9492070000 -2.0976930000 0.2161930000
59.0822600000 -2.1073070000 0.2129160000
60.2374690000 -2.1177420000 0.2096360000
61.4152600000 -2.1290540000 0.2063540000
62.6160810000 -2.1413070000 0.2030730000
63.8403850000 -2.1545720000 0.1997950000
65.0886230000 -2.1689280000 0.1965200000
66.3612670000 -2.1844610000 0.1932500000
67.6587980000 -2.2012720000 0.1899870000
68.9816970000 -2.2194720000 0.1867320000
70.3304600000 -2.2391860000 0.1834870000
71.7055970000 -2.2605570000 0.1802540000
73.1076200000 -2.2837490000 0.1770330000
74.5370640000 -2.3089500000 0.1738260000
75.9944460000 -2.3363740000 0.1706340000
77.4803310000 -2.3662750000 0.1674590000
78.9952620000 -2.3989440000 0.1643020000
80.5398180000 -2.4347270000 0.1611640000
82.1145710000 -2.4740340000 0.1580460000
83.7201160000 -2.5173540000 0.1549500000
85.3570560000 -2.5652780000 0.1518770000
87.0260010000 -2.6185260000 0.1488270000
88.7275770000 -2.6779880000 0.1458020000
90.4624250000 -2.7447730000 0.1428020000
92.2311940000 -2.8202880000 0.1398300000
94.0345380000 -2.9063440000 0.1368840000
95.8731540000 -3.0053190000 0.1339680000
97.7477110000 -3.1203950000 0.1310800000
99.6589200000 -3.2559430000 0.1282230000
101.6075060000 -3.4181420000 0.1253970000
103.5941850000 -3.6160320000 0.1226020000
105.6197130000 -3.8634100000 0.1198390000
107.6848450000 -4.1824590000 0.1171100000
109.7903520000 -4.6113270000 0.1144130000
111.9370270000 -6.0160900000 4.0797070000
114.1256790000 -4.3900180000 3.9912610000
116.3571170000 -3.6357540000 3.9039670000
118.6321950000 -3.1301360000 3.8178350000
120.9517520000 -2.7467800000 3.7328720000
123.3166580000 -2.4372860000 3.6490860000
125.7278060000 -2.1777700000 3.5664820000
128.1860960000 -1.9546100000 3.4850650000
130.6924590000 -1.7592640000 3.4048410000
133.2478330000 -1.5859990000 3.3258110000
135.8531490000 -1.4307720000 3.2479820000
138.5094300000 -1.2906080000 3.1713520000
141.2176360000 -1.1632550000 3.0959240000
143.9787900000 -1.0469580000 3.0216990000
146.7939300000 -0.9403220000 2.9486760000
149.6641240000 -0.8422130000 2.8768550000
152.5904390000 -0.7517000000 2.8062340000
155.5739590000 -0.6680030000 2.7368120000
158.6158140000 -0.5994590000 2.6686280000
161.7171480000 -0.5274130000 2.6018510000
164.8791350000 -0.4604680000 2.5362560000
168.1029360000 -0.3981980000 2.4718350000
171.3897710000 -0.3402330000 2.4085860000
174.7408600000 -0.2862430000 2.3465010000
178.1574860000 -0.2359350000 2.2855750000
181.6409150000 -0.1890480000 2.2258000000
185.1924440000 -0.1453440000 2.1671690000
188.8134160000 -0.1046170000 2.1096750000
192.5051880000 -0.0666600000 2.0533100000
196.2691500000 -0.0313050000 1.9980630000
200.1067050000 0.0016110000 1.9439280000
204.0192870000 0.0322390000 1.8908930000
208.0083770000 0.0607140000 1.8389500000
212.0754700000 0.0871650000 1.7880880000
216.2220760000 0.1117090000 1.7382970000
220.4497530000 0.1344570000 1.6895660000
224.7601010000 0.1555090000 1.6418830000
229.1547240000 0.1749620000 1.5952380000
233.6352690000 0.1929050000 1.5496180000
238.2034300000 0.2094210000 1.5050120000
242.8609010000 0.2245910000 1.4614080000
247.6094360000 0.2384860000 1.4187920000
252.4508210000 0.2511790000 1.3771530000
257.3868710000 0.2627340000 1.3364780000
262.4194340000 0.2732130000 1.2967540000
267.5503850000 0.2826760000 1.2579670000
272.7816770000 0.2911780000 1.2201040000
278.1152340000 0.2987720000 1.1831520000
283.5530700000 0.3055090000 1.1470980000
289.0972600000 0.3114350000 1.1119280000
294.7498170000 0.3165960000 1.0776280000
300.5129390000 0.3210350000 1.0441840000
306.3887020000 0.3247920000 1.0115820000
312.3793640000 0.3279080000 0.9798090000
318.4871830000 0.3304170000 0.9488510000
324.7143860000 0.3323560000 0.9186930000
331.0633850000 0.3337590000 0.8893220000
337.5364990000 0.3346570000 0.8607240000
344.1361690000 0.3350800000 0.8328840000
350.8648990000 0.3350580000 0.8057900000
357.7251890000 0.3346190000 0.7794260000
364.7196040000 0.3337880000 0.7537790000
371.8508000000 0.3325910000 0.7288350000
379.1213990000 0.3310520000 0.7045810000
386.5341800000 0.3291940000 0.6810020000
394.0918880000 0.3270390000 0.6580850000
401.7973630000 0.3246060000 0.6358160000
409.6535340000 0.3219170000 0.6141830000
417.6632690000 0.3189900000 0.5931710000
425.8296200000 0.3158420000 0.5727670000
434.1556700000 0.3124920000 0.5529580000
442.6445010000 0.3089550000 0.5337320000
451.2993160000 0.2868890000 0.5158980000
460.1233520000 0.2832200000 0.4987510000
469.1199040000 0.2794520000 0.4821220000
478.2923890000 0.2755950000 0.4659960000
487.6441960000 0.2716590000 0.4503600000
497.1788640000 0.2676540000 0.4352010000
506.8999330000 0.2635890000 0.4205060000
516.8110960000 0.2594730000 0.4062630000
526.9160770000 0.2553140000 0.3924600000
537.2185670000 0.2511190000 0.3790830000
547.7225340000 0.2468960000 0.3661230000
558.4318850000 0.2426510000 0.3535670000
569.3506470000 0.2383910000 0.3414040000
580.4828490000 0.2341210000 0.3296240000
591.8327640000 0.2298480000 0.3182150000
603.4046020000 0.2255750000 0.3071670000
615.2026370000 0.2213090000 0.2964700000
627.2313840000 0.2170530000 0.2861150000
639.4953610000 0.2128120000 0.2760910000
651.9990840000 0.2085900000 0.2663890000
664.7473140000 0.2043900000 0.2569990000
677.7447510000 0.2002170000 0.2479140000
690.9963990000 0.1960720000 0.2391230000
704.5070800000 0.1919590000 0.2306190000
718.2819820000 0.1878800000 0.2223930000
732.3261720000 0.1838390000 0.2144370000
746.6450200000 0.1798360000 0.2067430000
761.2437740000 0.1758750000 0.1993030000
776.1279910000 0.1719580000 0.1921100000
791.3032230000 0.1680850000 0.1851560000
806.7752080000 0.1642590000 0.1784340000
822.5496830000 0.1604800000 0.1719380000
838.6325680000 0.1567510000 0.1656600000
855.0299680000 0.1530720000 0.1595930000
871.7479250000 0.1494440000 0.1537320000
888.7927860000 0.1458680000 0.1480700000
906.1708980000 0.1423450000 0.1426010000
923.8888550000 0.1388750000 0.1373190000
941.9531860000 0.1354590000 0.1322180000
960.3707280000 0.1320970000 0.1272920000
979.1483760000 0.1287900000 0.1225370000
998.2931520000 0.1255370000 0.1179460000
1017.8123170000 0.1223670000 0.1135850000
1037.7131350000 0.1192590000 0.1093820000
1058.0029300000 0.1162110000 0.1053260000
1078.6895750000 0.1132220000 0.1014130000
1099.7806400000 0.1102920000 0.0976370000
1121.2841800000 0.1074210000 0.0939940000
1143.2080080000 0.1046080000 0.0904800000
1165.5606690000 0.1018530000 0.0870900000
1188.3502200000 0.0991550000 0.0838210000
1211.5854490000 0.0965140000 0.0806680000
1235.2750240000 0.0939300000 0.0776270000
1259.4277340000 0.0914010000 0.0746950000
1284.0527340000 0.0889270000 0.0718670000
1309.1591800000 0.0865080000 0.0691410000
1334.7564700000 0.0841430000 0.0665140000
1360.8542480000 0.0818300000 0.0639810000
1387.4624020000 0.0795700000 0.0615390000
1414.5908200000 0.0773620000 0.0591860000
1442.2495120000 0.0752040000 0.0569180000
1470.4492190000 0.0730970000 0.0547330000
1499.2000730000 0.0710390000 0.0526280000
1528.5131840000 0.0690300000 0.0505990000
1558.3995360000 0.0670690000 0.0486450000
1588.8701170000 0.0651540000 0.0467620000
1619.9365230000 0.0632860000 0.0449490000
1651.6103520000 0.0614640000 0.0432020000
1683.9034420000 0.0596860000 0.0415200000
1716.8280030000 0.0579520000 0.0399000000
1750.3962400000 0.0562610000 0.0383410000
1784.6208500000 0.0546130000 0.0368390000
1819.5146480000 0.0530060000 0.0353940000
1855.0908200000 0.0514400000 0.0340020000
1891.3624270000 0.0499130000 0.0326620000
1928.3432620000 0.0484260000 0.0313730000
1966.0472410000 0.0469780000 0.0301320000
2004.4884030000 0.0455660000 0.0289380000
2043.6811520000 0.0441920000 0.0277890000
2083.6401370000 0.0428510000 0.0266840000
2124.3806150000 0.0414090000 0.0256240000
2165.9174800000 0.0401430000 0.0246050000
2208.2666020000 0.0389100000 0.0236250000
2251.4438480000 0.0377110000 0.0226820000
2295.4653320000 0.0365440000 0.0217750000
2340.3474120000 0.0354090000 0.0209030000
2386.1069340000 0.0343050000 0.0200640000
2432.7612300000 0.0332310000 0.0192580000
2480.3278810000 0.0321870000 0.0184830000
2528.8244630000 0.0311710000 0.0177370000
2578.2692870000 0.0301840000 0.0170210000
2628.6809080000 0.0292250000 0.0163320000
2680.0783690000 0.0282930000 0.0156700000
2732.4804690000 0.0273860000 0.0150340000
2785.9074710000 0.0265060000 0.0144220000
2840.3789060000 0.0256500000 0.0138350000
2895.9152830000 0.0248190000 0.0132700000
2952.5378420000 0.0240110000 0.0127280000
3010.2673340000 0.0232260000 0.0122070000
3069.1254880000 0.0224620000 0.0117080000
3129.1347660000 0.0217210000 0.0112300000
3190.3171390000 0.0210010000 0.0107700000
3252.6958010000 0.0203030000 0.0103280000
3316.2941890000 0.0196250000 0.0099050000
3381.1359860000 0.0189680000 0.0094980000
3447.2456050000 0.0183300000 0.0091070000
3514.6479490000 0.0177110000 0.0087320000
3583.3681640000 0.0171110000 0.0083710000
3653.4318850000 0.0165290000 0.0080260000
3724.8657230000 0.0159650000 0.0076940000
3797.6960450000 0.0154170000 0.0073750000
3871.9506840000 0.0148850000 0.0070690000
3947.6569820000 0.0143710000 0.0067760000
4024.8435060000 0.0138720000 0.0064940000
4103.5390630000 0.0133880000 0.0062240000
4183.7739260000 0.0129190000 0.0059650000
4265.5771480000 0.0124650000 0.0057160000
4348.9794920000 0.0120250000 0.0054770000
4434.0131840000 0.0115980000 0.0052480000
4520.7089840000 0.0111850000 0.0050290000
4609.1005860000 0.0107840000 0.0048180000
4699.2197270000 0.0103960000 0.0046160000
4791.1015630000 0.0100210000 0.0044220000
4884.7792970000 0.0096570000 0.0042360000
4980.2890630000 0.0093040000 0.0040570000
5077.6660160000 0.0089630000 0.0038860000
5176.9472660000 0.0086320000 0.0037220000
5278.1694340000 0.0083120000 0.0035650000
5381.3710940000 0.0080020000 0.0034140000
5486.5903320000 0.0077020000 0.0032690000
5593.8666990000 0.0074110000 0.0031300000
5703.2412110000 0.0071300000 0.0029970000
5814.7534180000 0.0068580000 0.0028700000
5928.4467770000 0.0065940000 0.0027470000
6044.3627930000 0.0063390000 0.0026300000
6162.5449220000 0.0060930000 0.0025180000
6283.0380860000 0.0058540000 0.0024100000
6405.8872070000 0.0056230000 0.0023070000
6531.1386720000 0.0053990000 0.0022080000
6658.8383790000 0.0051830000 0.0021140000
6789.0356450000 0.0049730000 0.0020230000
6921.7783200000 0.0047710000 0.0019360000
7057.1162110000 0.0045750000 0.0018520000
7195.1005860000 0.0043860000 0.0017730000
7335.7827150000 0.0042030000 0.0016960000
7479.2158200000 0.0040250000 0.0016230000
7625.4531250000 0.0038540000 0.0015530000
7774.5498050000 0.0036880000 0.0014850000
7926.5620120000 0.0035280000 0.0014210000
8081.5458980000 0.0033730000 0.0013590000
8239.5605470000 0.0032230000 0.0013000000
8400.6640630000 0.0030780000 0.0012440000
8564.9189450000 0.0029380000 0.0011890000
8732.3837890000 0.0028030000 0.0011380000
8903.1240230000 0.0026720000 0.0010880000
9077.2021480000 0.0025460000 0.0010410000
9254.6845700000 0.0024240000 0.0009960000
9435.6367190000 0.0023060000 0.0009530000
9620.1269530000 0.0021920000 0.0009120000
9808.2246090000 0.0020810000 0.0008730000
10000.0000000000 0.0019750000 0.0008350000
10195.5253900000 0.0018720000 0.0007990000
10394.8730500000 0.0017730000 0.0007640000
10598.1191400000 0.0016770000 0.0007310000
10805.3388700000 0.0015840000 0.0007000000
11016.6103500000 0.0014940000 0.0006690000
11232.0127000000 0.0014080000 0.0006400000
11451.6259800000 0.0013240000 0.0006120000
11675.5341800000 0.0012430000 0.0005860000
11903.8203100000 0.0011650000 0.0005600000
12136.5693400000 0.0010900000 0.0005360000
12373.8701200000 0.0010170000 0.0005130000
12615.8105500000 0.0009470000 0.0004900000
12862.4814500000 0.0008790000 0.0004690000
13113.9746100000 0.0008130000 0.0004480000
13370.3857400000 0.0007500000 0.0004290000
13631.8105500000 0.0006890000 0.0004100000
13898.3466800000 0.0006300000 0.0003920000
14170.0937500000 0.0005730000 0.0003750000
14447.1543000000 0.0005180000 0.0003590000
14729.6328100000 0.0004650000 0.0003430000
15017.6337900000 0.0004130000 0.0003280000
15311.2666000000 0.0003640000 0.0003140000
15610.6396500000 0.0003160000 0.0003000000
15915.8671900000 0.0002700000 0.0002870000
16227.0615200000 0.0002250000 0.0002740000
16544.3418000000 0.0001820000 0.0002620000
16867.8242200000 0.0001410000 0.0002510000
17197.6328100000 0.0001010000 0.0002390000
17533.8906300000 0.0000620000 0.0002290000
17876.7207000000 0.0000240000 0.0002190000
18226.2558600000 -0.0000120000 0.0002090000
18582.6250000000 -0.0000460000 0.0002000000
18945.9628900000 -0.0000800000 0.0001910000
19316.4023400000 -0.0001130000 0.0001830000
19694.0878900000 -0.0001440000 0.0001750000
20079.1562500000 -0.0001740000 0.0001670000
20471.7539100000 -0.0002030000 0.0001600000
20872.0273400000 -0.0002320000 0.0001520000
21280.1289100000 -0.0002590000 0.0001460000
21696.2070300000 -0.0002850000 0.0001390000
22120.4238300000 -0.0003100000 0.0001330000
22552.9335900000 -0.0003350000 0.0001270000
22993.8984400000 -0.0003580000 0.0001220000
23443.4882800000 -0.0003810000 0.0001160000
23901.8671900000 -0.0004030000 0.0001110000
24369.2070300000 -0.0004240000 0.0001060000
24845.6875000000 -0.0004450000 0.0001010000
25331.4824200000 -0.0004650000 0.0000970000
25826.7753900000 -0.0004840000 0.0000920000
26331.7539100000 -0.0005020000 0.0000880000
26846.6054700000 -0.0005200000 0.0000840000
27371.5234400000 -0.0005370000 0.0000810000
27906.7070300000 -0.0005530000 0.0000770000
28452.3515600000 -0.0005690000 0.0000740000
29008.6660200000 -0.0005850000 0.0000700000
29575.8593800000 -0.0005990000 0.0000670000
30154.1406300000 -0.0006140000 0.0000640000
30743.7304700000 -0.0006270000 0.0000610000
31344.8476600000 -0.0006410000 0.0000590000
31957.7168000000 -0.0006540000 0.0000560000
32582.5703100000 -0.0006660000 0.0000540000
33219.6406300000 -0.0006780000 0.0000510000
33869.1679700000 -0.0006890000 0.0000490000
34531.3945300000 -0.0007000000 0.0000470000
35206.5703100000 -0.0007110000 0.0000450000
35894.9492200000 -0.0007210000 0.0000430000
36596.7851600000 -0.0007310000 0.0000410000
37312.3437500000 -0.0007410000 0.0000390000
38041.8906300000 -0.0007500000 0.0000370000
38785.7070300000 -0.0007590000 0.0000360000
39544.0625000000 -0.0007680000 0.0000340000
40317.2500000000 -0.0007760000 0.0000320000
41105.5546900000 -0.0007840000 0.0000310000
41909.2695300000 -0.0007920000 0.0000300000
42728.6992200000 -0.0007990000 0.0000280000
43564.1523400000 -0.0008070000 0.0000270000
44415.9414100000 -0.0008140000 0.0000260000
45284.3867200000 -0.0008200000 0.0000250000
46169.8085900000 -0.0008270000 0.0000240000
47072.5429700000 -0.0008330000 0.0000230000
47992.9296900000 -0.0008390000 0.0000220000
48931.3125000000 -0.0008450000 0.0000210000
49888.0429700000 -0.0008500000 0.0000200000
50863.4765600000 -0.0008570000 0.0000190000
51857.9843800000 -0.0008620000 0.0000180000
52871.9375000000 -0.0008670000 0.0000170000
53905.7187500000 -0.0008720000 0.0000160000
54959.7109400000 -0.0008760000 0.0000160000
56034.3085900000 -0.0008810000 0.0000150000
57129.9218800000 -0.0008850000 0.0000140000
58246.9531300000 -0.0008890000 0.0000140000
59385.8281300000 -0.0008930000 0.0000130000
60546.9687500000 -0.0008970000 0.0000130000
61730.8125000000 -0.0009010000 0.0000120000
62937.8046900000 -0.0009040000 0.0000110000
64168.3984400000 -0.0009080000 0.0000110000
65423.0507800000 -0.0009110000 0.0000100000
66702.2343800000 -0.0009150000 0.0000100000
68006.4296900000 -0.0009180000 0.0000100000
69336.1250000000 -0.0009210000 0.0000090000
70691.8203100000 -0.0009240000 0.0000090000
72074.0234400000 -0.0009260000 0.0000080000
73483.2500000000 -0.0009290000 0.0000080000
74920.0312500000 -0.0009320000 0.0000080000
76384.9062500000 -0.0009340000 0.0000070000
77878.4218800000 -0.0009370000 0.0000070000
79401.1406300000 -0.0009390000 0.0000070000
80953.6328100000 -0.0009410000 0.0000060000
82536.4765600000 -0.0009430000 0.0000060000
84150.2734400000 -0.0009450000 0.0000060000
85795.6250000000 -0.0009470000 0.0000060000
87473.1406300000 -0.0009490000 0.0000050000
89183.4609400000 -0.0009510000 0.0000050000
90927.2187500000 -0.0009530000 0.0000050000
92705.0781300000 -0.0009550000 0.0000050000
94517.6953100000 -0.0009560000 0.0000040000
96365.7500000000 -0.0009580000 0.0000040000
98249.9453100000 -0.0009590000 0.0000040000
100170.9766000000 -0.0009610000 0.0000040000
102129.5703000000 -0.0009620000 0.0000040000
104126.4609000000 -0.0009640000 0.0000040000
106162.3906000000 -0.0009650000 0.0000030000
108238.1328000000 -0.0009660000 0.0000030000
110354.4609000000 -0.0009680000 0.0000030000
112512.1641000000 -0.0009690000 0.0000030000
114712.0547000000 -0.0009700000 0.0000030000
116954.9688000000 -0.0009710000 0.0000030000
119241.7266000000 -0.0009720000 0.0000030000
121573.2031000000 -0.0009730000 0.0000020000
123950.2656000000 -0.0009740000 0.0000020000
126373.8047000000 -0.0009750000 0.0000020000
128844.7266000000 -0.0009760000 0.0000020000
131363.9688000000 -0.0009770000 0.0000020000
133932.4531000000 -0.0009780000 0.0000020000
136551.1719000000 -0.0009790000 0.0000020000
139221.0938000000 -0.0009790000 0.0000020000
141943.2188000000 -0.0009800000 0.0000020000
144718.5625000000 -0.0009810000 0.0000020000
147548.1719000000 -0.0009820000 0.0000020000
150433.1094000000 -0.0009820000 0.0000020000
153374.4531000000 -0.0009830000 0.0000010000
156373.2969000000 -0.0009840000 0.0000010000
159430.7969000000 -0.0009840000 0.0000010000
162548.0625000000 -0.0009850000 0.0000010000
165726.2813000000 -0.0009850000 0.0000010000
168966.6406000000 -0.0009860000 0.0000010000
172270.3750000000 -0.0009860000 0.0000010000
175638.6875000000 -0.0009870000 0.0000010000
179072.8594000000 -0.0009870000 0.0000010000
182574.1875000000 -0.0009880000 0.0000010000
186143.9688000000 -0.0009880000 0.0000010000
189783.5469000000 -0.0009890000 0.0000010000
193494.2969000000 -0.0009890000 0.0000010000
197277.5938000000 -0.0009900000 0.0000010000
201134.8594000000 -0.0009900000 0.0000010000
205067.5469000000 -0.0009900000 0.0000010000
209077.1406000000 -0.0009910000 0.0000010000
213165.1250000000 -0.0009910000 0.0000010000
217333.0313000000 -0.0009910000 0.0000010000
221582.4375000000 -0.0009920000 0.0000010000
225914.9219000000 -0.0009920000 0.0000010000
230332.1250000000 -0.0009920000 0.0000010000
234835.7031000000 -0.0009930000 0.0000010000
239427.3281000000 -0.0009930000 0.0000010000
244108.7344000000 -0.0009930000 0.0000010000
248881.6719000000 -0.0009930000 0.0000000000
253747.9219000000 -0.0009940000 0.0000000000
258709.3281000000 -0.0009940000 0.0000000000
263767.7500000000 -0.0009940000 0.0000000000
268925.0625000000 -0.0009940000 0.0000000000
274183.2188000000 -0.0009950000 0.0000000000
279544.1875000000 -0.0009950000 0.0000000000
285010.0000000000 -0.0009950000 0.0000000000
290582.6563000000 -0.0009950000 0.0000000000
296264.2500000000 -0.0009950000 0.0000000000
302056.9688000000 -0.0009950000 0.0000000000
307962.9375000000 -0.0009960000 0.0000000000
313984.3750000000 -0.0009960000 0.0000000000
320123.5625000000 -0.0009960000 0.0000000000
326382.7813000000 -0.0009960000 0.0000000000
332764.3750000000 -0.0009960000 0.0000000000
339270.7500000000 -0.0009960000 0.0000000000
345904.3438000000 -0.0009970000 0.0000000000
352667.6563000000 -0.0009970000 0.0000000000
359563.1875000000 -0.0009970000 0.0000000000
366593.5625000000 -0.0009970000 0.0000000000
373761.3750000000 -0.0009970000 0.0000000000
381069.3438000000 -0.0009970000 0.0000000000
388520.2188000000 -0.0009970000 0.0000000000
396116.7500000000 -0.0009970000 0.0000000000
403861.8125000000 -0.0009970000 0.0000000000
411758.3438000000 -0.0009980000 0.0000000000
419809.2500000000 -0.0009980000 0.0000000000
428017.5625000000 -0.0009980000 0.0000000000
436386.3750000000 -0.0009980000 0.0000000000
444918.8125000000 -0.0009980000 0.0000000000
453618.0938000000 -0.0009980000 0.0000000000
462487.4688000000 -0.0009980000 0.0000000000
471530.2500000000 -0.0009980000 0.0000000000
480749.8438000000 -0.0009980000 0.0000000000
490149.7188000000 -0.0009980000 0.0000000000
499733.3750000000 -0.0009980000 0.0000000000
509504.4063000000 -0.0009980000 0.0000000000
519466.5000000000 -0.0009980000 0.0000000000
529623.3750000000 -0.0009990000 0.0000000000
539978.8125000000 -0.0009990000 0.0000000000
550536.7500000000 -0.0009990000 0.0000000000
561301.1250000000 -0.0009990000 0.0000000000
572276.0000000000 -0.0009990000 0.0000000000
583465.4375000000 -0.0009990000 0.0000000000
594873.6250000000 -0.0009990000 0.0000000000
606504.8750000000 -0.0009990000 0.0000000000
618363.5625000000 -0.0009990000 0.0000000000
630454.1250000000 -0.0009990000 0.0000000000
642781.1250000000 -0.0009990000 0.0000000000
655349.0625000000 -0.0009990000 0.0000000000
668162.8125000000 -0.0009990000 0.0000000000
681227.0625000000 -0.0009990000 0.0000000000
694546.7500000000 -0.0009990000 0.0000000000
