30.0000000000 -50.3424910000 8.0761800000
30.5865750000 -50.2321010000 8.3618440000
31.1846200000 -50.1102870000 8.6487050000
31.7943570000 -49.9768370000 8.9362060000
32.4160160000 -49.8315540000 9.2237630000
33.0498310000 -49.6742820000 9.5107830000
33.6960370000 -49.5049060000 9.7966420000
34.3548770000 -49.3233410000 0.0807140000
35.0266040000 -49.1295390000 0.3623550000
35.7114600000 -48.9235000000 0.6409070000
36.4097100000 -48.7052500000 0.9157090000
37.1216090000 -48.4748760000 1.1860890000
37.8474310000 -48.2324910000 1.4513770000
38.5874440000 -47.9782560000 1.7109020000
39.3419230000 -47.7123790000 1.9639910000
40.1111560000 -47.4351120000 2.2099830000
40.8954320000 -47.1467480000 2.4482180000
41.6950380000 -46.8476300000 2.6780530000
42.5102810000 -46.5381280000 2.8988580000
43.3414650000 -46.2186780000 3.1100160000
44.1888960000 -45.8897480000 3.3109320000
45.0529020000 -45.5518420000 3.5010380000
45.9338000000 -45.2055170000 3.6797840000
46.8319210000 -44.8513680000 3.8466510000
47.7476010000 -44.4900210000 4.0011510000
48.6811870000 -44.1221500000 4.1428280000
49.6330260000 -43.7484630000 4.2712600000
50.6034740000 -43.3696980000 4.3860650000
51.5928990000 -42.9866410000 4.4868970000
52.6016690000 -42.6001010000 4.5734530000
53.6301650000 -42.2109260000 4.6454690000
54.6787680000 -41.8200000000 4.7027270000
55.7478750000 -41.4282420000 4.7450550000
56.8378870000 -41.0366020000 4.7723240000
57.9492070000 -40.6460800000 4.7844510000
59.0822600000 -40.2577130000 4.7814020000
60.2374690000 -39.8726010000 4.7631870000
61.4152600000 -39.4919050000 4.7298660000
62.6160810000 -39.1168710000 4.6815420000
63.8403850000 -38.7488480000 4.6183670000
65.0886230000 -40.8417360000 4.5705960000
66.3612670000 -40.5512700000 4.6126240000
67.6587980000 -40.2662700000 4.6456080000
68.9816970000 -39.9888230000 4.6694850000
70.3304600000 -39.7217180000 4.6842100000
71.7055970000 -39.4687840000 4.6897540000
73.1076200000 -39.2356070000 4.6861100000
74.5370640000 -39.0307270000 4.6732800000
75.9944460000 -38.8681870000 4.6512910000
77.4803310000 -40.6520080000 6.6104180000
78.9952620000 -38.3436580000 6.4772510000
80.5398180000 -37.5474050000 6.3416560000
82.1145710000 -36.9437900000 6.2032130000
83.7201160000 -36.4269330000 6.0615670000
85.3570560000 -35.9617580000 5.9164190000
87.0260010000 -35.5321160000 5.7675200000
88.7275770000 -35.1291890000 5.6146750000
90.4624250000 -34.7476810000 5.4577280000
92.2311940000 -34.3841820000 5.2965700000
94.0345380000 -34.0364150000 5.1311280000
95.8731540000 -33.7028120000 4.9613660000
97.7477110000 -33.3822940000 4.7872800000
99.6589200000 -33.0741270000 4.6088990000
101.6075060000 -32.7778240000 4.4262770000
103.5941850000 -32.4931070000 4.2394980000
105.6197130000 -32.2198680000 4.0486660000
107.6848450000 -31.9581660000 3.8539110000
109.7903520000 -31.7082420000 3.6553800000
111.9370270000 -31.4705510000 3.4532410000
114.1256790000 -31.2458520000 3.2476750000
116.3571170000 -31.0353760000 3.0388800000
118.6321950000 -30.8411670000 2.8270690000
120.9517520000 -30.6668070000 2.6124660000
123.3166580000 -30.5363330000 2.6729900000
125.7278060000 -30.2565940000 2.4597340000
128.1860960000 -30.0283890000 2.2444120000
130.6924590000 -29.8228630000 2.0272760000
133.2478330000 -29.6332380000 1.8085780000
135.8531490000 -29.4568940000 1.5885870000
138.5094300000 -29.2925030000 1.3675600000
141.2176360000 -29.1393240000 1.1457630000
143.9787900000 -28.9968950000 0.9234660000
146.7939300000 -28.8649060000 0.7009320000
149.6641240000 -28.7431430000 0.4784280000
152.5904390000 -28.6314370000 0.2562170000
155.5739590000 -28.5296670000 0.0345640000
158.6158140000 -28.4377230000 9.8137260000
161.7171480000 -28.3555200000 9.5939600000
164.8791350000 -28.2829800000 9.3755130000
168.1029360000 -28.2200360000 9.1586350000
171.3897710000 -28.1666220000 8.9435670000
174.7408600000 -28.1226840000 8.7305440000
178.1574860000 -28.0881690000 8.5197950000
181.6409150000 -28.0630320000 8.3115440000
185.1924440000 -28.0472320000 8.1060080000
188.8134160000 -28.0407310000 7.9033960000
192.5051880000 -28.0435050000 7.7039130000
196.2691500000 -28.0555310000 7.5077530000
200.1067050000 -28.0767990000 7.3151070000
204.0192870000 -28.1073130000 7.1261580000
208.0083770000 -28.1470810000 6.9410810000
212.0754700000 -28.1961330000 6.7600450000
216.2220760000 -28.2545090000 6.5832120000
220.4497530000 -28.3222750000 6.4107420000
224.7601010000 -28.3995150000 6.2427810000
229.1547240000 -28.4863360000 6.0794780000
233.6352690000 -28.5828720000 5.9209730000
238.2034300000 -28.6892930000 5.7674010000
242.8609010000 -28.8057980000 5.6188950000
247.6094360000 -28.9326320000 5.4755840000
252.4508210000 -29.0700870000 5.3375950000
257.3868710000 -29.2185000000 5.2050520000
262.4194340000 -29.3782750000 5.0780810000
267.5503850000 -29.5498790000 4.9568050000
272.7816770000 -29.7338660000 4.8413500000
278.1152340000 -29.9308720000 4.7318430000
283.5530700000 -30.1416450000 4.6284180000
289.0972600000 -30.3670580000 4.5312080000
294.7498170000 -30.6081280000 4.4403580000
300.5129390000 -30.8660490000 4.3560160000
306.3887020000 -33.7211300000 4.3061870000
312.3793640000 -33.1702000000 4.2891090000
318.4871830000 -33.4058110000 4.2503300000
324.7143860000 -33.6640660000 4.2119490000
331.0633850000 -33.9479560000 4.1739390000
337.5364990000 -34.2610320000 4.1362720000
344.1361690000 -34.6075710000 4.0989240000
350.8648990000 -34.9927710000 4.0618710000
357.7251890000 -35.4230350000 4.0250890000
364.7196040000 -35.9063380000 3.9885590000
371.8508000000 -36.4527930000 3.9522590000
379.1213990000 -37.0753940000 3.9161710000
386.5341800000 -37.7912180000 3.8802780000
394.0918880000 -38.6231690000 3.8445630000
401.7973630000 -39.6028060000 3.8090110000
409.6535340000 -40.7749560000 3.7736070000
417.6632690000 -42.2056310000 3.7383400000
425.8296200000 -43.9966160000 3.7031970000
434.1556700000 -46.3139310000 3.6681670000
442.6445010000 -49.4489170000 3.6332400000
451.2993160000 -60.4343030000 7.5914130000
460.1233520000 -47.8721770000 7.5912840000
469.1199040000 -43.6320420000 7.5707130000
478.2923890000 -40.7661970000 7.5296590000
487.6441960000 -38.5861470000 7.4681450000
497.1788640000 -36.7419360000 7.3885650000
506.8999330000 -35.1499980000 7.2887520000
516.8110960000 -33.7403340000 7.1688750000
526.9160770000 -32.4705810000 7.0291480000
537.2185670000 -31.3136520000 6.8698430000
547.7225340000 -30.2516440000 6.6912750000
558.4318850000 -29.2727050000 6.4938110000
569.3506470000 -28.3692530000 6.2778630000
580.4828490000 -27.5370600000 6.0438940000
591.8327640000 -26.7747860000 5.7923980000
603.4046020000 -26.0840660000 5.5239240000
615.2026370000 -25.4700240000 5.2390460000
627.2313840000 -24.9425620000 4.9383870000
639.4953610000 -24.5189740000 4.6225910000
651.9990840000 -24.2294080000 4.2923450000
664.7473140000 -27.7063480000 7.2445790000
677.7447510000 -23.5766870000 6.8967300000
690.9963990000 -22.3639200000 6.5351330000
704.5070800000 -22.3200780000 7.5760520000
718.2819820000 -20.5333520000 7.1985230000
732.3261720000 -19.4312110000 6.8089100000
746.6450200000 -18.5085680000 6.4080120000
761.2437740000 -17.6944680000 5.9966470000
776.1279910000 -16.9642540000 5.5756300000
791.3032230000 -16.3078190000 5.1457900000
806.7752080000 -15.7247000000 4.7079510000
822.5496830000 -15.2234780000 4.2629430000
838.6325680000 -14.7338010000 4.8927350000
855.0299680000 -13.8677620000 4.4341140000
871.7479250000 -13.1605970000 3.9704270000
888.7927860000 -12.5315270000 3.5024720000
906.1708980000 -11.9570240000 3.0310400000
923.8888550000 -11.4265160000 2.5569020000
941.9531860000 -10.9341260000 2.0808160000
960.3707280000 -10.4761300000 1.6035160000
979.1483760000 -10.0499510000 1.1257210000
998.2931520000 -9.6536900000 0.6481250000
1017.8123170000 -9.2945200000 0.2023240000
1037.7131350000 -8.9571230000 9.7639140000
1058.0029300000 -8.6391200000 9.3301640000
1078.6895750000 -8.3394170000 8.9011760000
1099.7806400000 -8.0570580000 8.4770550000
1121.2841800000 -7.7912350000 8.0578980000
1143.2080080000 -7.5549520000 7.6450560000
1165.5606690000 -7.3217250000 7.2377830000
1188.3502200000 -7.1125940000 6.8361450000
1211.5854490000 -6.9083370000 6.4411240000
1235.2750240000 -6.7170730000 6.0519700000
1259.4277340000 -6.5382450000 5.6687260000
1284.0527340000 -6.3713380000 5.2914270000
1309.1591800000 -6.2158720000 4.9200980000
1334.7564700000 -6.0713980000 4.5547650000
1360.8542480000 -5.9374920000 4.1954420000
1387.4624020000 -5.8137560000 3.8421410000
1414.5908200000 -5.7113230000 3.4956620000
1442.2495120000 -5.6073800000 3.1556230000
1470.4492190000 -5.5270650000 2.8219620000
1499.2000730000 -5.4413390000 2.4946060000
1528.5131840000 -5.3639700000 2.1733650000
1558.3995360000 -5.2946710000 1.8582150000
1588.8701170000 -5.2331710000 1.5491310000
1619.9365230000 -5.1792170000 1.2460790000
1651.6103520000 -5.1325710000 0.9490210000
1683.9034420000 -5.0930110000 0.6579190000
1716.8280030000 -5.0603340000 0.3727280000
1750.3962400000 -5.0343500000 0.0934040000
1784.6208500000 -5.0877290000 9.8212740000
1819.5146480000 -5.1275380000 9.5587000000
1855.0908200000 -5.1199310000 9.3032540000
1891.3624270000 -5.1180400000 9.0533320000
1928.3432620000 -5.1217800000 8.8088490000
1966.0472410000 -5.1310880000 8.5697230000
2004.4884030000 -5.1459190000 8.3358750000
2043.6811520000 -5.1662500000 8.1072220000
2083.6401370000 -5.1920810000 7.8836840000
2124.3806150000 -5.2234380000 7.6651780000
2165.9174800000 -5.2603720000 7.4516280000
2208.2666020000 -5.3029640000 7.2429500000
2251.4438480000 -5.3513300000 7.0390660000
2295.4653320000 -5.4097510000 6.8399160000
2340.3474120000 -5.4701980000 6.6455060000
2386.1069340000 -5.5370010000 6.4556580000
2432.7612300000 -5.6104560000 6.2702930000
2480.3278810000 -5.6909280000 6.0893320000
2528.8244630000 -5.7788510000 5.9126990000
2578.2692870000 -5.8747580000 5.7403210000
2628.6809080000 -5.9792880000 5.5721190000
2680.0783690000 -6.1344520000 5.4089950000
2732.4804690000 -6.2587990000 5.2511210000
2785.9074710000 -6.3945320000 5.0971930000
2840.3789060000 -6.5712990000 4.9480030000
2895.9152830000 -6.7345050000 4.8032390000
2952.5378420000 -6.9145030000 4.6621860000
3010.2673340000 -7.1139170000 4.5251410000
3069.1254880000 -7.3346330000 4.3934530000
3129.1347660000 -7.5823710000 4.2652960000
3190.3171390000 -7.8633350000 4.1405860000
3252.6958010000 -8.1861670000 4.0192380000
3316.2941890000 -8.5639900000 3.9011770000
3381.1359860000 -9.0148910000 3.7863470000
3447.2456050000 -9.5708650000 3.6746490000
3514.6479490000 -10.2895770000 3.5660040000
3583.3681640000 -11.2963270000 3.4603370000
3653.4318850000 -12.9707490000 3.3575730000
3714.4399410000 -16.9610670000 3.2719330000
3714.5500490000 -16.9786220000 3.2717810000
3714.6599120000 -16.9962620000 3.2716300000
3714.7800290000 -17.0156920000 3.2714650000
3714.8898930000 -17.0335960000 3.2713130000
3715.0000000000 -17.0516300000 3.2711620000
3715.1101070000 -17.0698360000 3.2710110000
3715.2199710000 -17.0881330000 3.2708600000
3715.3300780000 -17.1066060000 3.2707080000
3715.4399410000 -17.1251750000 3.2705570000
3715.5500490000 -17.1438850000 3.2704060000
3715.6699220000 -17.1644590000 3.2702410000
3715.7800290000 -17.1835080000 3.2700900000
3715.8898930000 -17.2026600000 3.2699390000
3716.0000000000 -17.2220020000 3.2697870000
3716.1101070000 -17.2414530000 3.2696360000
3716.2199710000 -17.2610570000 3.2694850000
3716.3300780000 -17.2808590000 3.2693340000
3716.4499510000 -17.3025970000 3.2691690000
3716.5600590000 -17.3227330000 3.2690180000
3716.6699220000 -17.3429870000 3.2688670000
3716.7800290000 -17.3634070000 3.2687160000
3716.8898930000 -17.3839950000 3.2685650000
3717.0000000000 -17.4048000000 3.2684140000
3717.1101070000 -17.4257790000 3.2682620000
3717.2299800000 -17.4488240000 3.2680980000
3717.3400880000 -17.4701310000 3.2679470000
3717.4499510000 -17.4916230000 3.2677960000
3717.5600590000 -17.5133480000 3.2676450000
3717.6699220000 -17.5352170000 3.2674940000
3717.7800290000 -17.5573270000 3.2673430000
3717.8898930000 -17.5795360000 3.2671920000
3718.0100100000 -17.6041010000 3.2670270000
3718.1201170000 -17.6268330000 3.2668760000
3718.2299800000 -17.6497250000 3.2667250000
3718.3400880000 -17.6728780000 3.2665740000
3718.4499510000 -17.6961980000 3.2664230000
3718.5600590000 -17.7197360000 3.2662730000
3718.6799320000 -17.7456780000 3.2661080000
3718.7900390000 -17.7697430000 3.2659570000
3718.8999020000 -17.7939910000 3.2658060000
3719.0100100000 -17.8185310000 3.2656550000
3719.1201170000 -17.8432600000 3.2655040000
3719.2299800000 -17.8682380000 3.2653540000
3719.3400880000 -17.8935220000 3.2652030000
3719.4599610000 -17.9213470000 3.2650380000
3719.5700680000 -17.9471800000 3.2648870000
3719.6799320000 -17.9731710000 3.2647370000
3719.7900390000 -17.9995500000 3.2645860000
3719.8999020000 -18.0261540000 3.2644350000
3720.0100100000 -18.0531020000 3.2642840000
3720.1298830000 -18.0827790000 3.2641200000
3720.2399900000 -18.1102910000 3.2639690000
3720.3500980000 -18.1381720000 3.2638180000
3720.4599610000 -18.1663060000 3.2636680000
3720.5700680000 -18.1948240000 3.2635170000
3720.6799320000 -18.2236120000 3.2633660000
3720.8000490000 -18.2554680000 3.2632010000
3720.9099120000 -18.2849040000 3.2630510000
3721.0200200000 -18.3148250000 3.2629000000
3721.1298830000 -18.3450410000 3.2627500000
3721.2399900000 -18.3756980000 3.2625990000
3721.3500980000 -18.4067360000 3.2624480000
3721.4699710000 -18.4409070000 3.2622840000
3721.5800780000 -18.4727750000 3.2621340000
3721.6899410000 -18.5049840000 3.2619830000
3721.8000490000 -18.5376890000 3.2618320000
3721.9099120000 -18.5707590000 3.2616820000
3722.0200200000 -18.6042730000 3.2615310000
3722.1398930000 -18.6413650000 3.2613670000
3722.2500000000 -18.6759260000 3.2612160000
3722.3601070000 -18.7109760000 3.2610660000
3722.4699710000 -18.7464490000 3.2609150000
3722.5800780000 -18.7825150000 3.2607650000
3722.6899410000 -18.8189530000 3.2606140000
3722.8100590000 -18.8594970000 3.2604500000
3722.9199220000 -18.8971730000 3.2603000000
3723.0300290000 -18.9355110000 3.2601490000
3723.1398930000 -18.9743650000 3.2599990000
3723.2500000000 -19.0138380000 3.2598480000
3723.3701170000 -19.0577200000 3.2596840000
3723.4799800000 -19.0985510000 3.2595340000
3723.5900880000 -19.1401540000 3.2593830000
3723.6999510000 -19.1823750000 3.2592330000
3723.8100590000 -19.2253250000 3.2590830000
3723.9199220000 -19.2690320000 3.2589320000
3724.0400390000 -19.3177110000 3.2587680000
3724.1499020000 -19.3630910000 3.2586180000
3724.2600100000 -19.4094140000 3.2584670000
3724.3701170000 -19.4565180000 3.2583170000
3724.4799800000 -19.5045320000 3.2581670000
3724.6000980000 -19.5581090000 3.2580030000
3724.7099610000 -19.6081500000 3.2578530000
3724.8200680000 -19.6593320000 3.2577020000
3724.8657230000 -19.6808050000 3.2576400000
3724.9299320000 -19.7114790000 3.2575520000
3725.0400390000 -19.7647440000 3.2574020000
3725.1599120000 -19.8241980000 3.2572380000
3725.2700200000 -19.8800910000 3.2570870000
3725.3798830000 -19.9371450000 3.2569370000
3725.4899900000 -19.9956720000 3.2567870000
3725.6000980000 -20.0554830000 3.2566370000
3725.7199710000 -20.1224310000 3.2564730000
3725.8300780000 -20.1855550000 3.2563230000
3725.9399410000 -20.2501870000 3.2561720000
3726.0500490000 -20.3166940000 3.2560220000
3726.1599120000 -20.3847330000 3.2558720000
3726.2700200000 -20.4550040000 3.2557220000
3726.3898930000 -20.5338420000 3.2555580000
3726.5000000000 -20.6085340000 3.2554080000
3726.6101070000 -20.6855450000 3.2552580000
3726.7199710000 -20.7646750000 3.2551080000
3726.8300780000 -20.8467770000 3.2549580000
3726.9499510000 -20.9393710000 3.2547940000
3727.0600590000 -21.0275760000 3.2546440000
3727.1699220000 -21.1188340000 3.2544940000
3727.2800290000 -21.2137910000 3.2543440000
3727.3999020000 -21.3212700000 3.2541800000
3727.5100100000 -21.4244790000 3.2540300000
3727.6201170000 -21.5321750000 3.2538800000
3727.7299800000 -21.6445160000 3.2537300000
3727.8400880000 -21.7624530000 3.2535800000
3727.9599610000 -21.8973050000 3.2534170000
3728.0700680000 -22.0282500000 3.2532670000
3728.1799320000 -22.1661950000 3.2531170000
3728.2900390000 -22.3126010000 3.2529670000
3728.3999020000 -22.4678550000 3.2528170000
3728.5200200000 -22.6491510000 3.2526530000
3728.6298830000 -22.8278270000 3.2525030000
3728.7399900000 -23.0208320000 3.2523530000
3728.8500980000 -23.2301520000 3.2522030000
3728.9599610000 -23.4582820000 3.2520530000
3729.0800780000 -23.7337780000 3.2518900000
3729.1899410000 -24.0163610000 3.2517400000
3729.3000490000 -24.3361090000 3.2515900000
3729.4099120000 -24.7024590000 3.2514410000
3729.5300290000 -25.1767270000 3.2512770000
3729.6398930000 -25.7078900000 3.2511270000
3729.7500000000 -26.3848530000 3.2509780000
3729.8601070000 -27.3216920000 3.2508280000
3729.9699710000 -28.8412670000 3.2506780000
3730.0900880000 -35.2559660000 3.2505140000
3730.1999510000 -29.5343460000 1.0650500000
3730.3100590000 -27.6907860000 1.0643770000
3730.4199220000 -26.6432270000 1.0637040000
3730.5400390000 -25.8494110000 1.0629690000
3730.6499020000 -25.2943400000 1.0622980000
3730.7600100000 -24.8397750000 1.0616240000
3730.8701170000 -24.4562420000 1.0609510000
3730.9799800000 -24.1239300000 1.0602800000
3731.1000980000 -23.8050860000 1.0595460000
3731.2099610000 -23.5453360000 1.0588730000
3731.3200680000 -23.3096240000 1.0582000000
3731.4299320000 -23.0951750000 1.0575290000
3731.5500490000 -22.8796230000 1.0567960000
3731.6599120000 -22.6975520000 1.0561240000
3731.7700200000 -22.5275170000 1.0554510000
3731.8798830000 -22.3686710000 1.0547800000
3732.0000000000 -22.2058560000 1.0540470000
3732.1101070000 -22.0657010000 1.0533750000
3732.2199710000 -21.9330040000 1.0527040000
3732.3300780000 -21.8067440000 1.0520320000
3732.4399410000 -21.6868250000 1.0513610000
3732.5600590000 -21.5619960000 1.0506280000
3732.6699220000 -21.4532760000 1.0499580000
3732.7800290000 -21.3486520000 1.0492860000
3732.8898930000 -21.2484550000 1.0486150000
3733.0100100000 -21.1433320000 1.0478830000
3733.1201170000 -21.0507110000 1.0472110000
3733.2299800000 -20.9617900000 1.0465420000
3733.3400880000 -20.8755630000 1.0458710000
3733.4599610000 -20.7849560000 1.0451390000
3733.5700680000 -20.7045380000 1.0444680000
3733.6799320000 -20.6268020000 1.0437980000
3733.7900390000 -20.5514160000 1.0431280000
3733.9099120000 -20.4716840000 1.0423970000
3734.0200200000 -20.4006310000 1.0417260000
3734.1298830000 -20.3316960000 1.0410570000
3734.2399900000 -20.2644730000 1.0403860000
3734.3601070000 -20.1931510000 1.0396540000
3734.4699710000 -20.1297930000 1.0389860000
3734.5800780000 -20.0677390000 1.0383160000
3734.6899410000 -20.0073240000 1.0376460000
3734.8100590000 -19.9429090000 1.0369150000
3734.9199220000 -19.8854160000 1.0362460000
3735.0300290000 -19.8292200000 1.0355780000
3735.1398930000 -19.7742650000 1.0349080000
3735.2600100000 -19.7155400000 1.0341780000
3735.3701170000 -19.6629010000 1.0335070000
3735.4799800000 -19.6114640000 1.0328390000
3735.5900880000 -19.5610680000 1.0321700000
3735.7099610000 -19.5072210000 1.0314420000
3735.8200680000 -19.4587710000 1.0307720000
3735.9299320000 -19.4113480000 1.0301040000
3736.0400390000 -19.3647140000 1.0294340000
3736.1599120000 -19.3150140000 1.0287070000
3736.2700200000 -19.2701360000 1.0280370000
3736.3798830000 -19.2261510000 1.0273690000
3736.4899900000 -19.1828370000 1.0267010000
3736.6101070000 -19.1364330000 1.0259700000
3736.7199710000 -19.0947320000 1.0253030000
3736.8300780000 -19.0537220000 1.0246350000
3736.9399410000 -19.0133780000 1.0239690000
3737.0600590000 -18.9700090000 1.0232390000
3737.1699220000 -18.9309940000 1.0225720000
3737.2800290000 -18.8925000000 1.0219030000
3737.3999020000 -18.8513410000 1.0211770000
3737.5100100000 -18.8140540000 1.0205090000
3737.6201170000 -18.7773210000 1.0198400000
3737.7299800000 -18.7412030000 1.0191740000
3737.8500980000 -18.7023090000 1.0184450000
3737.9599610000 -18.6673360000 1.0177790000
3738.0700680000 -18.6327000000 1.0171120000
3738.1799320000 -18.5986180000 1.0164450000
3738.3000490000 -18.5618840000 1.0157170000
3738.4099120000 -18.5287550000 1.0150510000
3738.5200200000 -18.4960650000 1.0143840000
3738.6298830000 -18.4638000000 1.0137190000
3738.7500000000 -18.4290030000 1.0129910000
3738.8601070000 -18.3975300000 1.0123230000
3738.9699710000 -18.3665200000 1.0116580000
3739.0900880000 -18.3330550000 1.0109300000
3739.1999510000 -18.3029040000 1.0102650000
3739.3100590000 -18.2729870000 1.0095990000
3739.4199220000 -18.2434940000 1.0089330000
3739.5400390000 -18.2116470000 1.0082050000
3739.6499020000 -18.1828730000 1.0075410000
3739.7600100000 -18.1544300000 1.0068750000
3739.8798830000 -18.1237660000 1.0061490000
3739.9899900000 -18.0959340000 1.0054840000
3740.1000980000 -18.0684130000 1.0048170000
3740.2099610000 -18.0412560000 1.0041520000
3740.3300780000 -18.0119610000 1.0034270000
3740.4399410000 -17.9854150000 1.0027620000
3740.5500490000 -17.9590950000 1.0020960000
3740.6699220000 -17.9307580000 1.0013710000
3740.7800290000 -17.9050120000 1.0007060000
3740.8898930000 -17.8796460000 1.0000430000
3741.0000000000 -17.8544290000 0.9993770000
3741.1201170000 -17.8272110000 0.9986510000
3741.2299800000 -17.8025780000 0.9979870000
3741.3400880000 -17.7781350000 0.9973210000
3741.4599610000 -17.7518520000 0.9965980000
3741.5700680000 -17.7279070000 0.9959340000
3741.6799320000 -17.7042470000 0.9952700000
3741.7900390000 -17.6807590000 0.9946050000
3741.9099120000 -17.6554430000 0.9938810000
3742.0200200000 -17.6324180000 0.9932160000
3742.1298830000 -17.6097050000 0.9925540000
3742.2500000000 -17.5850600000 0.9918290000
3742.3601070000 -17.5626850000 0.9911640000
3742.4699710000 -17.5405600000 0.9905010000
3742.5800780000 -17.5185850000 0.9898370000
3742.6999510000 -17.4949300000 0.9891150000
3742.8100590000 -17.4733620000 0.9884510000
3742.9199220000 -17.4520260000 0.9877880000
3743.0400390000 -17.4289130000 0.9870630000
3743.1499020000 -17.4079630000 0.9864020000
3743.2600100000 -17.3871900000 0.9857390000
3743.3798830000 -17.3647230000 0.9850160000
3743.4899900000 -17.3442710000 0.9843520000
3743.6000980000 -17.3239860000 0.9836880000
3743.7099610000 -17.3039130000 0.9830270000
3743.8300780000 -17.2822000000 0.9823050000
3743.9399410000 -17.2624660000 0.9816430000
3744.0500490000 -17.2428510000 0.9809790000
3744.1699220000 -17.2216720000 0.9802570000
3744.2800290000 -17.2023810000 0.9795940000
3744.3898930000 -17.1832830000 0.9789320000
3744.5100100000 -17.1626130000 0.9782100000
3744.6201170000 -17.1437840000 0.9775480000
3744.7299800000 -17.1251390000 0.9768870000
3744.8500980000 -17.1049180000 0.9761640000
3744.9599610000 -17.0865690000 0.9755020000
3745.0700680000 -17.0683560000 0.9748410000
3745.1799320000 -17.0502800000 0.9741800000
3745.3000490000 -17.0306720000 0.9734570000
3745.4099120000 -17.0128730000 0.9727970000
3745.5200200000 -16.9951670000 0.9721350000
3745.6398930000 -16.9760720000 0.9714160000
3745.7500000000 -16.9586330000 0.9707540000
3797.6960450000 -13.5127600000 0.6677760000
3871.9506840000 -12.4358340000 0.2646320000
3922.4399410000 -13.3759940000 0.0089570000
3922.5600590000 -13.3837590000 0.0083670000
3922.6899410000 -13.3922560000 0.0077270000
3922.8100590000 -13.4001940000 0.0071350000
3922.9299320000 -13.4081940000 0.0065450000
3923.0600590000 -13.4169500000 0.0059050000
3923.1799320000 -13.4251150000 0.0053150000
3923.3100590000 -13.4340700000 0.0046750000
3923.4299320000 -13.4424050000 0.0040850000
3923.5600590000 -13.4515490000 0.0034450000
3923.6799320000 -13.4600440000 0.0028550000
3923.8000490000 -13.4686600000 0.0022650000
3923.9299320000 -13.4780780000 0.0016260000
3924.0500490000 -13.4868800000 0.0010350000
3924.1799320000 -13.4965030000 0.0003960000
3924.3000490000 -13.5054810000 9.9998060000
3924.4199220000 -13.5145540000 9.9992170000
3924.5500490000 -13.5245110000 9.9985780000
3924.6699220000 -13.5337880000 9.9979890000
3924.8000490000 -13.5439700000 9.9973490000
3924.9199220000 -13.5534380000 9.9967610000
3925.0500490000 -13.5638540000 9.9961210000
3925.1699220000 -13.5735600000 9.9955330000
3925.2900390000 -13.5833930000 9.9949430000
3925.4199220000 -13.5941310000 9.9943070000
3925.5400390000 -13.6041980000 9.9937160000
3925.6699220000 -13.6152110000 9.9930780000
3925.7900390000 -13.6255190000 9.9924890000
3925.9199220000 -13.6368000000 9.9918520000
3926.0400390000 -13.6473380000 9.9912630000
3926.1599120000 -13.6580010000 9.9906750000
3926.2900390000 -13.6697190000 9.9900360000
3926.4099120000 -13.6806480000 9.9894490000
3926.5400390000 -13.6926620000 9.9888100000
3926.6599120000 -13.7038480000 9.9882230000
3926.7900390000 -13.7161700000 9.9875850000
3926.9099120000 -13.7276710000 9.9869980000
3927.0300290000 -13.7393370000 9.9864080000
3927.1599120000 -13.7521200000 9.9857720000
3927.2800290000 -13.7640750000 9.9851850000
3927.4099120000 -13.7772030000 9.9845480000
3927.5300290000 -13.7895080000 9.9839590000
3927.6599120000 -13.8029980000 9.9833230000
3927.7800290000 -13.8156190000 9.9827360000
3927.9099120000 -13.8294880000 9.9821000000
3928.0300290000 -13.8424940000 9.9815110000
3928.1499020000 -13.8556540000 9.9809250000
3928.2800290000 -13.8701450000 9.9802880000
3928.3999020000 -13.8836630000 9.9797010000
3928.5300290000 -13.8985840000 9.9790650000
3928.6499020000 -13.9125360000 9.9784770000
3928.7800290000 -13.9279100000 9.9778410000
3928.8999020000 -13.9422890000 9.9772550000
3929.0300290000 -13.9581130000 9.9766200000
3929.1499020000 -13.9729450000 9.9760330000
3929.2800290000 -13.9893020000 9.9753960000
3929.3999020000 -14.0046120000 9.9748110000
3929.5200200000 -14.0201940000 9.9742230000
3929.6499020000 -14.0372900000 9.9735890000
3929.7700200000 -14.0533930000 9.9730020000
3929.8999020000 -14.0711030000 9.9723670000
3930.0200200000 -14.0877620000 9.9717810000
3930.1499020000 -14.1060560000 9.9711470000
3930.2700200000 -14.1233040000 9.9705600000
3930.3999020000 -14.1422910000 9.9699260000
3930.5200200000 -14.1601700000 9.9693390000
3930.6499020000 -14.1798590000 9.9687050000
3930.7700200000 -14.1983730000 9.9681200000
3930.8898930000 -14.2172250000 9.9675340000
3931.0200200000 -14.2380860000 9.9668990000
3931.1398930000 -14.2576810000 9.9663140000
3931.2700200000 -14.2793780000 9.9656790000
3931.3898930000 -14.2997310000 9.9650960000
3931.5200200000 -14.3223280000 9.9644600000
3931.6398930000 -14.3435820000 9.9638760000
3931.7700200000 -14.3671500000 9.9632410000
3931.8898930000 -14.3893360000 9.9626560000
3932.0200200000 -14.4139100000 9.9620230000
3932.1398930000 -14.4371040000 9.9614390000
3932.2700200000 -14.4628660000 9.9608040000
3932.3898930000 -14.4871590000 9.9602200000
3932.5200200000 -14.5141140000 9.9595870000
3932.6398930000 -14.5396060000 9.9590020000
3932.7600100000 -14.5657650000 9.9584180000
3932.8898930000 -14.5947810000 9.9577850000
3933.0100100000 -14.6223200000 9.9572000000
3933.1398930000 -14.6528460000 9.9565690000
3933.2600100000 -14.6819080000 9.9559840000
3933.3898930000 -14.7142240000 9.9553510000
3933.5100100000 -14.7449760000 9.9547660000
3933.6398930000 -14.7792220000 9.9541340000
3933.7600100000 -14.8117960000 9.9535510000
3933.8898930000 -14.8482020000 9.9529190000
3934.0100100000 -14.8829600000 9.9523340000
3934.1398930000 -14.9218030000 9.9517030000
3934.2600100000 -14.9588850000 9.9511190000
3934.3898930000 -15.0004930000 9.9504880000
3934.5100100000 -15.0403850000 9.9499030000
3934.6398930000 -15.0851660000 9.9492720000
3934.7600100000 -15.1282110000 9.9486890000
3934.8898930000 -15.1765730000 9.9480580000
3935.0100100000 -15.2232830000 9.9474740000
3935.1398930000 -15.2760310000 9.9468430000
3935.2600100000 -15.3270650000 9.9462590000
3935.3898930000 -15.3849180000 9.9456280000
3935.5100100000 -15.4410110000 9.9450460000
3935.6398930000 -15.5050150000 9.9444150000
3935.7600100000 -15.5675140000 9.9438320000
3935.8898930000 -15.6390920000 9.9432010000
3936.0100100000 -15.7094260000 9.9426180000
3936.1398930000 -15.7903940000 9.9419890000
3936.2600100000 -15.8707310000 9.9414060000
3936.3898930000 -15.9642380000 9.9407760000
3936.5100100000 -16.0578230000 9.9401930000
3936.6398930000 -16.1678730000 9.9395640000
3936.7600100000 -16.2797930000 9.9389810000
3936.8898930000 -16.4139330000 9.9383510000
3937.0100100000 -16.5529670000 9.9377690000
3937.1398930000 -16.7239840000 9.9371390000
3937.2600100000 -16.9067750000 9.9365580000
3937.3898930000 -17.1421130000 9.9359280000
3937.5100100000 -17.4098550000 9.9353460000
3937.6398930000 -17.7865770000 9.9347160000
3937.7600100000 -18.2837910000 9.9341340000
3937.8898930000 -19.2379420000 9.9335060000
3938.0100100000 -22.2144490000 3.8049260000
3938.1398930000 -18.9616660000 3.8040210000
3938.2600100000 -18.1957570000 3.8031850000
3938.3898930000 -17.6950650000 3.8022810000
3938.5100100000 -17.3619920000 3.8014450000
3938.6398930000 -17.0802150000 3.8005410000
3938.7600100000 -16.8662530000 3.7997060000
3938.8898930000 -16.6697410000 3.7988010000
3939.0100100000 -16.5121080000 3.7979670000
3939.1398930000 -16.3609620000 3.7970630000
3939.2600100000 -16.2356190000 3.7962270000
3939.3898930000 -16.1127000000 3.7953240000
3939.5100100000 -16.0087070000 3.7944890000
3939.6398930000 -15.9052200000 3.7935870000
3939.7600100000 -15.8162780000 3.7927520000
3939.8898930000 -15.7265630000 3.7918490000
3940.0100100000 -15.6488200000 3.7910140000
3940.1398930000 -15.5697090000 3.7901120000
3940.2600100000 -15.5007510000 3.7892780000
3940.3898930000 -15.4299550000 3.7883760000
3940.5100100000 -15.3677440000 3.7875410000
3940.6398930000 -15.3036540000 3.7866390000
3940.7600100000 -15.2471660000 3.7858070000
3940.8898930000 -15.1885900000 3.7849040000
3941.0200200000 -15.1324120000 3.7840010000
3941.1398930000 -15.0826960000 3.7831690000
3941.2700200000 -15.0307670000 3.7822660000
3941.3898930000 -14.9847560000 3.7814350000
3941.5200200000 -14.9364570000 3.7805330000
3941.6398930000 -14.8934620000 3.7797000000
3941.7700200000 -14.8483080000 3.7787980000
3941.8898930000 -14.8080180000 3.7779660000
3942.0200200000 -14.7656870000 3.7770650000
3942.1398930000 -14.7277680000 3.7762350000
3942.2700200000 -14.6877790000 3.7753320000
3942.3898930000 -14.6519600000 3.7745010000
3942.5200200000 -14.6141900000 3.7736010000
3942.6398930000 -14.5802400000 3.7727700000
3942.7700200000 -14.5443220000 3.7718690000
3942.8999020000 -14.5093900000 3.7709680000
3943.0200200000 -14.4778600000 3.7701360000
3943.1499020000 -14.4446240000 3.7692380000
3943.2700200000 -14.4145340000 3.7684060000
3943.3999020000 -14.3827190000 3.7675070000
3943.5200200000 -14.3539360000 3.7666750000
3943.6499020000 -14.3234720000 3.7657760000
3943.7700200000 -14.2959380000 3.7649460000
3943.8999020000 -14.2667080000 3.7640480000
3944.0200200000 -14.2402120000 3.7632160000
3944.1499020000 -14.2121170000 3.7623180000
3944.2800290000 -14.1845250000 3.7614170000
3944.3999020000 -14.1596270000 3.7605900000
3944.5300290000 -14.1330390000 3.7596900000
3944.6499020000 -14.1089800000 3.7588610000
3944.7800290000 -14.0833220000 3.7579610000
3944.8999020000 -14.0601350000 3.7571340000
3945.0300290000 -14.0353380000 3.7562350000
3945.1499020000 -14.0128730000 3.7554060000
3945.2800290000 -13.9888800000 3.7545070000
3945.3999020000 -13.9671300000 3.7536790000
3945.5300290000 -13.9439310000 3.7527820000
3945.6599120000 -13.9211010000 3.7518840000
3945.7800290000 -13.9003080000 3.7510550000
3945.9099120000 -13.8781560000 3.7501580000
3946.0300290000 -13.8579680000 3.7493290000
3946.1599120000 -13.8364920000 3.7484340000
3946.2800290000 -13.8168740000 3.7476040000
3946.4099120000 -13.7959550000 3.7467080000
3946.5400390000 -13.7752950000 3.7458110000
3946.6599120000 -13.7565560000 3.7449850000
3946.7900390000 -13.7364430000 3.7440870000
3946.9099120000 -13.7181560000 3.7432600000
3947.0400390000 -13.6985600000 3.7423630000
3947.1599120000 -13.6807370000 3.7415360000
3947.2900390000 -13.6616650000 3.7406410000
3947.4099120000 -13.6442790000 3.7398150000
3947.5400390000 -13.6256370000 3.7389170000
3947.6569820000 -13.6091040000 3.7381130000
3947.6699220000 -13.6072600000 3.7380230000
3947.7900390000 -13.5904650000 3.7371950000
3947.9199220000 -13.5725480000 3.7363010000
3948.0400390000 -13.5561380000 3.7354750000
3948.1699220000 -13.5385950000 3.7345800000
3948.2900390000 -13.5225520000 3.7337520000
3948.4199220000 -13.5054270000 3.7328600000
3948.5500490000 -13.4884340000 3.7319640000
3948.6699220000 -13.4729460000 3.7311380000
3948.8000490000 -13.4563130000 3.7302430000
3948.9199220000 -13.4411510000 3.7294180000
3949.0500490000 -13.4248920000 3.7285240000
3949.1699220000 -13.4100400000 3.7276990000
3949.3000490000 -13.3940810000 3.7268050000
3949.4299320000 -13.3783160000 3.7259110000
3949.5500490000 -13.3638810000 3.7250850000
3949.6799320000 -13.3484530000 3.7241940000
3949.8000490000 -13.3342950000 3.7233680000
3949.9299320000 -13.3191330000 3.7224750000
3950.0600590000 -13.3040900000 3.7215810000
3950.1799320000 -13.2903900000 3.7207580000
3950.3100590000 -13.2756250000 3.7198640000
3950.4299320000 -13.2621470000 3.7190410000
3950.5600590000 -13.2476480000 3.7181460000
3950.6799320000 -13.2344100000 3.7173230000
3950.8100590000 -13.2201940000 3.7164320000
3950.9399410000 -13.2061060000 3.7155400000
3951.0600590000 -13.1931910000 3.7147150000
3951.1899410000 -13.1793430000 3.7138230000
3951.3100590000 -13.1666470000 3.7129980000
3951.4399410000 -13.1530570000 3.7121100000
3951.5700680000 -13.1395340000 3.7112160000
3951.6899410000 -13.1271790000 3.7103940000
3951.8200680000 -13.1138760000 3.7095010000
3951.9399410000 -13.1017200000 3.7086790000
3952.0700680000 -13.0886530000 3.7077880000
3952.1999510000 -13.0756930000 3.7068980000
3952.3200680000 -13.0638020000 3.7060740000
3952.4499510000 -13.0510430000 3.7051840000
3952.5700680000 -13.0393570000 3.7043620000
3952.6999510000 -13.0267920000 3.7034720000
3952.8300780000 -13.0143020000 3.7025800000
3952.9499510000 -13.0028820000 3.7017590000
3953.0800780000 -12.9905770000 3.7008680000
3953.1999510000 -12.9793450000 3.7000480000
3953.3300780000 -12.9672190000 3.6991580000
3953.4599610000 -12.9552050000 3.6982680000
3953.5800780000 -12.9441740000 3.6974460000
3953.7099610000 -12.9323300000 3.6965570000
3953.8300780000 -12.9214750000 3.6957360000
3953.9599610000 -12.9097960000 3.6948470000
3954.0900880000 -12.8981780000 3.6939570000
3954.2099610000 -12.8875490000 3.6931370000
3954.3400880000 -12.8761100000 3.6922480000
3954.4699710000 -12.8647510000 3.6913600000
3954.5900880000 -12.8543160000 3.6905380000
3954.7199710000 -12.8431060000 3.6896510000
3954.8400880000 -12.8328080000 3.6888290000
3954.9699710000 -12.8217660000 3.6879430000
3955.1000980000 -12.8107560000 3.6870540000
3955.2199710000 -12.8006780000 3.6862340000
3955.3500980000 -12.7898080000 3.6853460000
3955.4699710000 -12.7798570000 3.6845260000
3955.6000980000 -12.7691420000 3.6836400000
3955.7299800000 -12.7584970000 3.6827530000
3955.8500980000 -12.7487130000 3.6819320000
3955.9799800000 -12.7381960000 3.6810460000
3956.1101070000 -12.7277470000 3.6801590000
3956.2299800000 -12.7181610000 3.6793400000
3956.3601070000 -12.7078170000 3.6784520000
3956.4799800000 -12.6983430000 3.6776340000
3956.6101070000 -12.6881210000 3.6767460000
3956.7399900000 -12.6779980000 3.6758610000
3956.8601070000 -12.6686740000 3.6750420000
3956.9899900000 -12.6586480000 3.6741560000
3957.1201170000 -12.6486640000 3.6732690000
3957.2399900000 -12.6395180000 3.6724520000
3957.3701170000 -12.6296640000 3.6715660000
4024.8435060000 -10.1436220000 3.2285700000
4103.5390630000 -8.9347560000 2.7514850000
4183.7739260000 -8.4495830000 2.3046090000
4217.2998050000 -8.6767790000 2.1287260000
4217.4399410000 -8.6794910000 2.1280030000
4217.5800780000 -8.6822210000 2.1272830000
4217.7299800000 -8.6851910000 2.1265090000
4217.8701170000 -8.6879930000 2.1257870000
4218.0200200000 -8.6910200000 2.1250150000
4218.1601560000 -8.6938860000 2.1242930000
4218.2998050000 -8.6967740000 2.1235730000
4218.4501950000 -8.6999130000 2.1228000000
4218.5898440000 -8.7028680000 2.1220810000
4218.7299800000 -8.7058640000 2.1213590000
4218.8798830000 -8.7091010000 2.1205880000
4219.0200200000 -8.7121670000 2.1198660000
4219.1601560000 -8.7152680000 2.1191450000
4219.3100590000 -8.7186280000 2.1183720000
4219.4501950000 -8.7217910000 2.1176530000
4219.5898440000 -8.7249890000 2.1169350000
4219.7402340000 -8.7284790000 2.1161590000
4219.8798830000 -8.7317530000 2.1154410000
4220.0297850000 -8.7353040000 2.1146720000
4220.1699220000 -8.7386680000 2.1139510000
4220.3100590000 -8.7420710000 2.1132310000
4220.4599610000 -8.7457490000 2.1124610000
4220.6000980000 -8.7492350000 2.1117400000
4220.7402340000 -8.7527620000 2.1110200000
4220.8901370000 -8.7565750000 2.1102510000
4221.0297850000 -8.7601770000 2.1095330000
4221.1699220000 -8.7638330000 2.1088130000
4221.3198240000 -8.7677870000 2.1080450000
4221.4599610000 -8.7715350000 2.1073250000
4221.6098630000 -8.7756010000 2.1065540000
4221.7500000000 -8.7794310000 2.1058370000
4221.8901370000 -8.7833210000 2.1051180000
4222.0400390000 -8.7875430000 2.1043470000
4222.1801760000 -8.7915330000 2.1036280000
4222.3198240000 -8.7955460000 2.1029140000
4222.4702150000 -8.7999450000 2.1021400000
4222.6098630000 -8.8040760000 2.1014240000
4222.7597660000 -8.8085620000 2.1006570000
4222.8999020000 -8.8128190000 2.0999380000
4223.0400390000 -8.8171280000 2.0992190000
4223.1899410000 -8.8217940000 2.0984530000
4223.3300780000 -8.8262210000 2.0977330000
4223.4799800000 -8.8310140000 2.0969670000
4223.6201170000 -8.8355620000 2.0962490000
4223.7597660000 -8.8401550000 2.0955330000
4223.9101560000 -8.8451780000 2.0947620000
4224.0498050000 -8.8498830000 2.0940490000
4224.1899410000 -8.8546850000 2.0933310000
4224.3398440000 -8.8599030000 2.0925620000
4224.4799800000 -8.8648430000 2.0918450000
4224.6298830000 -8.8701940000 2.0910790000
4224.7700200000 -8.8752780000 2.0903620000
4224.9101560000 -8.8804330000 2.0896440000
4225.0600590000 -8.8860210000 2.0888790000
4225.2001950000 -8.8913300000 2.0881610000
4225.3500980000 -8.8970850000 2.0873960000
4225.4902340000 -8.9025550000 2.0866790000
4225.6298830000 -8.9080860000 2.0859650000
4225.7797850000 -8.9141240000 2.0851970000
4225.9199220000 -8.9198280000 2.0844830000
4226.0698240000 -8.9260570000 2.0837150000
4226.2099610000 -8.9319620000 2.0829990000
4226.3500980000 -8.9379580000 2.0822830000
4226.5000000000 -8.9444660000 2.0815180000
4226.6401370000 -8.9506580000 2.0808030000
4226.7900390000 -8.9573790000 2.0800380000
4226.9301760000 -8.9637780000 2.0793230000
4227.0800780000 -8.9707270000 2.0785580000
4227.2202150000 -8.9773440000 2.0778430000
4227.3598630000 -8.9840480000 2.0771300000
4227.5097660000 -8.9913800000 2.0763640000
4227.6499020000 -8.9983200000 2.0756510000
4227.7998050000 -9.0059130000 2.0748840000
4227.9399410000 -9.0131280000 2.0741700000
4228.0800780000 -9.0204700000 2.0734550000
4228.2299800000 -9.0284560000 2.0726920000
4228.3701170000 -9.0360720000 2.0719770000
4228.5200200000 -9.0443610000 2.0712140000
4228.6601560000 -9.0522700000 2.0704990000
4228.8100590000 -9.0608820000 2.0697360000
4228.9501950000 -9.0691030000 2.0690220000
4229.0898440000 -9.0774550000 2.0683110000
4229.2402340000 -9.0866440000 2.0675440000
4229.3798830000 -9.0953100000 2.0668340000
4229.5297850000 -9.1048540000 2.0660700000
4229.6699220000 -9.1139490000 2.0653560000
4229.8198240000 -9.1238730000 2.0645940000
4229.9599610000 -9.1333680000 2.0638810000
4230.1000980000 -9.1430650000 2.0631680000
4230.2500000000 -9.1536580000 2.0624060000
4230.3901370000 -9.1638030000 2.0616920000
4230.5400390000 -9.1749280000 2.0609280000
4230.6801760000 -9.1855210000 2.0602180000
4230.8300780000 -9.1971860000 2.0594540000
4230.9702150000 -9.2083440000 2.0587420000
4231.1098630000 -9.2197330000 2.0580310000
4231.2597660000 -9.2322520000 2.0572700000
4231.3999020000 -9.2442810000 2.0565580000
4231.5498050000 -9.2574730000 2.0557980000
4231.6899410000 -9.2701620000 2.0550850000
4231.8398440000 -9.2840930000 2.0543250000
4231.9799800000 -9.2975100000 2.0536130000
4232.1298830000 -9.3123080000 2.0528500000
4232.2700200000 -9.3265350000 2.0521380000
4232.4101560000 -9.3411350000 2.0514290000
4232.5600590000 -9.3573270000 2.0506670000
4232.7001950000 -9.3729310000 2.0499550000
4232.8500980000 -9.3901510000 2.0491950000
4232.9902340000 -9.4068270000 2.0484850000
4233.1401370000 -9.4252680000 2.0477250000
4233.2797850000 -9.4431010000 2.0470160000
4233.4301760000 -9.4630590000 2.0462520000
4233.5698240000 -9.4822190000 2.0455470000
4233.7202150000 -9.5037870000 2.0447830000
4233.8598630000 -9.5246210000 2.0440740000
4234.0000000000 -9.5463980000 2.0433640000
4234.1499020000 -9.5707030000 2.0426050000
4234.2900390000 -9.5945240000 2.0418950000
4234.4399410000 -9.6212110000 2.0411370000
4234.5800780000 -9.6474740000 2.0404260000
4234.7299800000 -9.6770280000 2.0396680000
4234.8701170000 -9.7062560000 2.0389590000
4235.0200200000 -9.7394360000 2.0381980000
4235.1601560000 -9.7723500000 2.0374880000
4235.3100590000 -9.8098500000 2.0367310000
4235.4501950000 -9.8474530000 2.0360210000
4235.6000980000 -9.8906730000 2.0352630000
4235.7402340000 -9.9344510000 2.0345540000
4235.8798830000 -9.9818100000 2.0338480000
4236.0297850000 -10.0374610000 2.0330910000
4236.1699220000 -10.0951040000 2.0323810000
4236.3198240000 -10.1642020000 2.0316220000
4236.4599610000 -10.2370480000 2.0309150000
4236.6098630000 -10.3274070000 2.0301560000
4236.7500000000 -10.4269540000 2.0294480000
4236.8999020000 -10.5566290000 2.0286910000
4237.0400390000 -10.7118830000 2.0279830000
4237.1899410000 -10.9422300000 2.0272260000
4237.3300780000 -11.2946700000 2.0265190000
4237.4799800000 -12.5535710000 2.0257610000
4237.6201170000 -11.5028320000 3.8784480000
4237.7700200000 -11.0239880000 3.8776450000
4237.9101560000 -10.7758200000 3.8768940000
4238.0600590000 -10.5907500000 3.8760920000
4238.2001950000 -10.4575480000 3.8753410000
4238.3500980000 -10.3417500000 3.8745390000
4238.4902340000 -10.2503120000 3.8737890000
4238.6401370000 -10.1655280000 3.8729850000
4238.7797850000 -10.0959920000 3.8722370000
4238.9301760000 -10.0290880000 3.8714330000
4239.0698240000 -9.9727600000 3.8706860000
4239.2202150000 -9.9174180000 3.8698830000
4239.3598630000 -9.8700110000 3.8691350000
4239.5097660000 -9.8229040000 3.8683340000
4239.6499020000 -9.7817840000 3.8675840000
4239.7998050000 -9.7405120000 3.8667810000
4239.9399410000 -9.7042740000 3.8660320000
4240.0898440000 -9.6677220000 3.8652320000
4240.2299800000 -9.6352940000 3.8644820000
4240.3798830000 -9.6023780000 3.8636820000
4240.5200200000 -9.5730100000 3.8629330000
4240.6699220000 -9.5430500000 3.8621330000
4240.8100590000 -9.5161950000 3.8613840000
4240.9599610000 -9.4885970000 3.8605820000
4241.1000980000 -9.4638460000 3.8598340000
4241.2500000000 -9.4384000000 3.8590350000
4241.3901370000 -9.4154300000 3.8582860000
4241.5400390000 -9.3917440000 3.8574870000
4241.6801760000 -9.3703040000 3.8567380000
4241.8300780000 -9.3481390000 3.8559400000
4241.9702150000 -9.3280270000 3.8551910000
4242.1201170000 -9.3071230000 3.8543900000
4242.2597660000 -9.2882410000 3.8536450000
4242.4101560000 -9.2685100000 3.8528440000
4242.5498050000 -9.2506530000 3.8520990000
4242.7001950000 -9.2319600000 3.8512980000
4242.8398440000 -9.2150160000 3.8505540000
4242.9902340000 -9.1972510000 3.8497530000
4243.1298830000 -9.1811250000 3.8490090000
4243.2797850000 -9.1641940000 3.8482080000
4243.4199220000 -9.1487520000 3.8474610000
4243.5698240000 -9.1326270000 3.8466630000
4243.7099610000 -9.1178540000 3.8459170000
4243.8598630000 -9.1024090000 3.8451190000
4244.0000000000 -9.0882470000 3.8443730000
4244.1499020000 -9.0734240000 3.8435760000
4244.2900390000 -9.0598180000 3.8428300000
4244.4399410000 -9.0455200000 3.8420310000
4244.5898440000 -9.0315440000 3.8412330000
4244.7299800000 -9.0186970000 3.8404870000
4244.8798830000 -9.0052210000 3.8396910000
4245.0200200000 -8.9928260000 3.8389450000
4245.1699220000 -8.9797730000 3.8381460000
4245.3100590000 -8.9678350000 3.8374030000
4245.4599610000 -8.9552140000 3.8366050000
4245.6000980000 -8.9436240000 3.8358600000
4245.7500000000 -8.9314400000 3.8350640000
4245.8901370000 -8.9202110000 3.8343190000
4246.0400390000 -8.9084010000 3.8335240000
4246.1801760000 -8.8975070000 3.8327780000
4246.3300780000 -8.8860070000 3.8319810000
4246.4799800000 -8.8747150000 3.8311850000
4246.6201170000 -8.8642910000 3.8304410000
4246.7700200000 -8.8533120000 3.8296460000
4246.9101560000 -8.8431740000 3.8289010000
4247.0600590000 -8.8324910000 3.8281070000
4247.2001950000 -8.8226210000 3.8273620000
4247.3500980000 -8.8121830000 3.8265660000
4247.4902340000 -8.8025660000 3.8258220000
4247.6401370000 -8.7924220000 3.8250270000
4247.7797850000 -8.7830750000 3.8242860000
4247.9301760000 -8.7731480000 3.8234890000
4248.0800780000 -8.7633440000 3.8226930000
4248.2202150000 -8.7543020000 3.8219500000
4248.3701170000 -8.7447570000 3.8211560000
4248.5097660000 -8.7359510000 3.8204150000
4248.6601560000 -8.7265910000 3.8196190000
4248.7998050000 -8.7179820000 3.8188780000
4248.9501950000 -8.7088280000 3.8180830000
4249.1000980000 -8.6997760000 3.8172870000
4249.2402340000 -8.6914170000 3.8165450000
4249.3901370000 -8.6825840000 3.8157510000
4249.5297850000 -8.6744260000 3.8150120000
4249.6801760000 -8.6657450000 3.8142170000
4249.8198240000 -8.6577520000 3.8134770000
4249.9702150000 -8.6492170000 3.8126790000
4250.1098630000 -8.6414080000 3.8119420000
4250.2597660000 -8.6330640000 3.8111480000
4250.4101560000 -8.6248040000 3.8103520000
4250.5498050000 -8.6171920000 3.8096130000
4250.7001950000 -8.6090860000 3.8088190000
4250.8398440000 -8.6016150000 3.8080810000
4250.9902340000 -8.5936310000 3.8072830000
4251.1298830000 -8.5862930000 3.8065450000
4251.2797850000 -8.5785010000 3.8057540000
4251.4301760000 -8.5707530000 3.8049590000
4251.5698240000 -8.5636090000 3.8042210000
4251.7202150000 -8.5559700000 3.8034250000
4251.8598630000 -8.5489710000 3.8026900000
4252.0097660000 -8.5414840000 3.8018960000
4252.1601560000 -8.5340600000 3.8011030000
4252.2998050000 -8.5272110000 3.8003640000
4252.4501950000 -8.5199080000 3.7995720000
4252.5898440000 -8.5131680000 3.7988340000
4252.7402340000 -8.5059580000 3.7980380000
4252.8798830000 -8.4993230000 3.7973010000
4253.0297850000 -8.4922690000 3.7965110000
4253.1801760000 -8.4852470000 3.7957180000
4253.3198240000 -8.4787650000 3.7949810000
4253.4702150000 -8.4718270000 3.7941870000
4253.6098630000 -8.4654630000 3.7934520000
4253.7597660000 -8.4586480000 3.7926600000
4253.9101560000 -8.4518830000 3.7918680000
4254.0498050000 -8.4456370000 3.7911320000
4254.2001950000 -8.4389680000 3.7903400000
4254.3398440000 -8.4328090000 3.7896030000
4254.4902340000 -8.4262130000 3.7888100000
4254.6401370000 -8.4197050000 3.7880210000
4254.7797850000 -8.4136730000 3.7872850000
4254.9301760000 -8.4072330000 3.7864930000
4255.0698240000 -8.4012820000 3.7857580000
4255.2202150000 -8.3949070000 3.7849650000
4255.3701170000 -8.3886150000 3.7841760000
4255.5097660000 -8.3827810000 3.7834410000
4255.6601560000 -8.3765500000 3.7826500000
4255.7998050000 -8.3707900000 3.7819150000
4255.9501950000 -8.3646380000 3.7811240000
4256.1000980000 -8.3585260000 3.7803340000
4256.2402340000 -8.3528560000 3.7795960000
4256.3901370000 -8.3468380000 3.7788100000
4256.5297850000 -8.3412560000 3.7780740000
4256.6801760000 -8.3352910000 3.7772850000
4256.8300780000 -8.3293630000 3.7764950000
4256.9702150000 -8.3238630000 3.7757580000
4257.1201170000 -8.3180230000 3.7749710000
4257.2700200000 -8.3122190000 3.7741840000
4257.4101560000 -8.3068140000 3.7734480000
4257.5600590000 -8.3010580000 3.7726580000
4257.7001950000 -8.2957330000 3.7719250000
4265.5771480000 -8.0330570000 3.7307100000
4348.9794920000 -6.5844860000 3.3133120000
4434.0131840000 -5.7283260000 2.9209410000
4520.7089840000 -5.0733120000 2.5520390000
4609.1005860000 -4.5362490000 2.2051590000
4699.2197270000 -4.0801450000 1.8789940000
4791.1015630000 -3.6836480000 1.5723340000
4884.7792970000 -3.1072270000 1.2674960000
4980.2890630000 -2.7791680000 0.9494230000
5077.6660160000 -2.4856140000 0.6432310000
5176.9472660000 -2.1119570000 0.3362500000
5278.1694340000 -1.8664890000 0.0294690000
5381.3710940000 -1.6452310000 9.7311120000
5486.5903320000 -1.4454000000 9.4409910000
5593.8666990000 -1.2517820000 9.1569510000
5703.2412110000 -1.0873740000 8.8799560000
5814.7534180000 -0.9387130000 8.6103320000
5928.4467770000 -0.8043430000 8.3479120000
6044.3627930000 -0.6829890000 8.0925450000
6162.5449220000 -0.5735270000 7.8440760000
6283.0380860000 -0.4749570000 7.6023490000
6405.8872070000 -0.3863880000 7.3672170000
6531.1386720000 -0.3070220000 7.1385280000
6658.8383790000 -0.2361380000 6.9161420000
6789.0356450000 -0.1730850000 6.6999080000
6921.7783200000 -0.1172700000 6.4896890000
7057.1162110000 -0.0681560000 6.2853450000
7195.1005860000 -0.0252500000 6.0867370000
7335.7827150000 0.0118970000 5.8937320000
7479.2158200000 0.0356990000 5.7063020000
7625.4531250000 0.0624970000 5.5248600000
7774.5498050000 0.0847470000 5.3486320000
7926.5620120000 0.0982350000 5.1776490000
8081.5458980000 0.1122800000 5.0119510000
8239.5605470000 0.1227090000 4.8510890000
8400.6640630000 0.1289730000 4.6949490000
8564.9189450000 0.1273030000 4.5436970000
8732.3837890000 0.1282610000 4.3971670000
8903.1240230000 0.1265450000 4.2550170000
9077.2021480000 0.1224680000 4.1177140000
9254.6845700000 0.1161830000 3.9845930000
9435.6367190000 0.1078560000 3.8555360000
9620.1269530000 0.0976400000 3.7304290000
9808.2246090000 0.0856750000 3.6091590000
10000.0000000000 0.0720940000 3.4916160000
10195.5253900000 0.0570170000 3.3776930000
10394.8730500000 0.0405570000 3.2672870000
10598.1191400000 0.0228160000 3.1602960000
10805.3388700000 0.0038900000 3.0566220000
11016.6103500000 -0.0161330000 2.9561690000
11232.0127000000 -0.0371720000 2.8588430000
11451.6259800000 -0.0591550000 2.7645530000
11675.5341800000 -0.0820130000 2.6732110000
11903.8203100000 -0.1056850000 2.5847300000
12136.5693400000 -0.1301170000 2.4990270000
12373.8701200000 -0.1552600000 2.4160180000
12615.8105500000 -0.1825000000 2.3356510000
12862.4814500000 -0.2089630000 2.2578410000
13113.9746100000 -0.2360130000 2.1824950000
13370.3857400000 -0.2646990000 2.1095630000
13631.8105500000 -0.2928640000 2.0389600000
13898.3466800000 -0.3215480000 1.9706060000
14170.0937500000 -0.3507380000 1.9044360000
14447.1543000000 -0.3804280000 1.8403810000
14729.6328100000 -0.4106160000 1.7783790000
15017.6337900000 -0.4413060000 1.7183670000
15311.2666000000 -0.4725080000 1.6602850000
15610.6396500000 -0.5044300000 1.6040760000
15915.8671900000 -0.5367150000 1.5496840000
16227.0615200000 -0.5713620000 1.4970710000
16544.3418000000 -0.6048360000 1.4462440000
16867.8242200000 -0.6389800000 1.3970660000
17197.6328100000 -0.6753510000 1.3495220000
17533.8906300000 -0.7109990000 1.3035770000
17876.7207000000 -0.7475200000 1.2591310000
18226.2558600000 -0.7850140000 1.2161360000
18582.6250000000 -0.8259110000 1.1746300000
18945.9628900000 -0.8657280000 1.1345390000
19316.4023400000 -0.9069250000 1.0957660000
19694.0878900000 -0.9497000000 1.0582700000
20079.1562500000 -0.9942850000 1.0220100000
20471.7539100000 -1.0409600000 0.9869470000
20872.0273400000 -1.0900650000 0.9530440000
21280.1289100000 -1.1420180000 0.9202620000
21696.2070300000 -1.1973350000 0.8885660000
22120.4238300000 -1.2566630000 0.8579210000
22552.9335900000 -1.3208310000 0.8282940000
22993.8984400000 -1.3909150000 0.7996530000
23443.4882800000 -1.4683490000 0.7719640000
23901.8671900000 -1.5550920000 0.7451990000
24369.2070300000 -1.6539230000 0.7193260000
24845.6875000000 -1.7689460000 0.6943180000
25331.4824200000 -1.9065770000 0.6701470000
25826.7753900000 -2.0776460000 0.6467850000
26331.7539100000 -2.3025670000 0.6242060000
26846.6054700000 -2.6271890000 0.6024340000
27076.6992200000 -2.8299990000 0.5931280000
27082.5996100000 -2.8359320000 0.5928920000
27088.5996100000 -2.8420080000 0.5926530000
27094.5000000000 -2.8480270000 0.5924170000
27100.4003900000 -2.8540920000 0.5921820000
27106.3007800000 -2.8602010000 0.5919470000
27112.3007800000 -2.8664620000 0.5917080000
27118.1992200000 -2.8726620000 0.5914730000
27124.0996100000 -2.8789140000 0.5912380000
27130.0996100000 -2.8853200000 0.5910000000
27136.0000000000 -2.8916670000 0.5907650000
27141.9003900000 -2.8980670000 0.5905310000
27147.9003900000 -2.9046230000 0.5902930000
27153.8007800000 -2.9111240000 0.5900590000
27159.8007800000 -2.9177880000 0.5898210000
27165.6992200000 -2.9243900000 0.5895870000
27171.6992200000 -2.9311630000 0.5893500000
27177.5996100000 -2.9378770000 0.5891160000
27183.5996100000 -2.9447620000 0.5888790000
27189.5000000000 -2.9515900000 0.5886460000
27195.5000000000 -2.9585890000 0.5884090000
27201.5000000000 -2.9656500000 0.5881720000
27207.4003900000 -2.9726540000 0.5879390000
27213.4003900000 -2.9798350000 0.5877030000
27219.4003900000 -2.9870820000 0.5874660000
27225.4003900000 -2.9943920000 0.5872300000
27231.4003900000 -3.0017650000 0.5869940000
27237.3007800000 -3.0090840000 0.5867620000
27243.3007800000 -3.0165920000 0.5865260000
27249.3007800000 -3.0241660000 0.5862900000
27255.3007800000 -3.0318130000 0.5860550000
27261.3007800000 -3.0395310000 0.5858190000
27267.3007800000 -3.0473210000 0.5855840000
27273.3007800000 -3.0551830000 0.5853490000
27279.3007800000 -3.0631220000 0.5851140000
27285.3007800000 -3.0711380000 0.5848790000
27291.3007800000 -3.0792310000 0.5846440000
27297.3007800000 -3.0874020000 0.5844100000
27303.3007800000 -3.0956560000 0.5841760000
27309.3007800000 -3.1039920000 0.5839410000
27315.3007800000 -3.1124100000 0.5837070000
27321.4003900000 -3.1210580000 0.5834690000
27327.4003900000 -3.1296530000 0.5832360000
27333.4003900000 -3.1383370000 0.5830020000
27339.4003900000 -3.1471120000 0.5827680000
27345.5000000000 -3.1561280000 0.5825310000
27351.5000000000 -3.1650900000 0.5822980000
27357.5000000000 -3.1741510000 0.5820650000
27363.5996100000 -3.1834640000 0.5818280000
27369.5996100000 -3.1927270000 0.5815950000
27371.5234400000 -3.1957160000 0.5815210000
27375.6992200000 -3.2022480000 0.5813590000
27381.6992200000 -3.2117190000 0.5811260000
27387.6992200000 -3.2212990000 0.5808940000
27393.8007800000 -3.2311550000 0.5806580000
27399.9003900000 -3.2411230000 0.5804220000
27405.9003900000 -3.2510460000 0.5801900000
27412.0000000000 -3.2612530000 0.5799540000
27418.0000000000 -3.2714130000 0.5797220000
27424.0996100000 -3.2818710000 0.5794870000
27430.1992200000 -3.2924590000 0.5792520000
27436.1992200000 -3.3030060000 0.5790210000
27442.3007800000 -3.3138670000 0.5787860000
27448.4003900000 -3.3248650000 0.5785510000
27454.5000000000 -3.3360070000 0.5783160000
27460.5000000000 -3.3471120000 0.5780850000
27466.5996100000 -3.3585510000 0.5778510000
27472.6992200000 -3.3701450000 0.5776170000
27478.8007800000 -3.3819030000 0.5773830000
27484.9003900000 -3.3938180000 0.5771490000
27491.0000000000 -3.4059050000 0.5769150000
27497.0996100000 -3.4181650000 0.5766810000
27503.1992200000 -3.4306030000 0.5764480000
27509.3007800000 -3.4432280000 0.5762150000
27515.4003900000 -3.4560380000 0.5759810000
27521.5000000000 -3.4690410000 0.5757480000
27527.5996100000 -3.4822440000 0.5755150000
27533.6992200000 -3.4956530000 0.5752830000
27539.8007800000 -3.5092790000 0.5750500000
27546.0000000000 -3.5233450000 0.5748140000
27552.0996100000 -3.5374140000 0.5745810000
27558.1992200000 -3.5517160000 0.5743490000
27564.3007800000 -3.5662620000 0.5741170000
27570.5000000000 -3.5812960000 0.5738810000
27576.5996100000 -3.5963470000 0.5736500000
27582.6992200000 -3.6116650000 0.5734180000
27588.9003900000 -3.6275180000 0.5731830000
27595.0000000000 -3.6433990000 0.5729510000
27601.0996100000 -3.6595760000 0.5727200000
27607.3007800000 -3.6763400000 0.5724850000
27613.4003900000 -3.6931400000 0.5722540000
27619.5996100000 -3.7105610000 0.5720200000
27625.6992200000 -3.7280440000 0.5717890000
27631.9003900000 -3.7461820000 0.5715550000
27638.0996100000 -3.7646980000 0.5713210000
27644.1992200000 -3.7833060000 0.5710900000
27650.4003900000 -3.8026360000 0.5708570000
27656.5996100000 -3.8223930000 0.5706230000
27662.6992200000 -3.8422770000 0.5703930000
27668.9003900000 -3.8629600000 0.5701600000
27675.0996100000 -3.8841390000 0.5699260000
27681.3007800000 -3.9058380000 0.5696930000
27687.4003900000 -3.9277150000 0.5694640000
27693.5996100000 -3.9505150000 0.5692310000
27699.8007800000 -3.9739220000 0.5689990000
27706.0000000000 -3.9979560000 0.5687660000
27712.1992200000 -4.0226630000 0.5685340000
27718.4003900000 -4.0480750000 0.5683010000
27724.5996100000 -4.0742230000 0.5680690000
27730.8007800000 -4.1011670000 0.5678370000
27737.0000000000 -4.1289390000 0.5676060000
27743.1992200000 -4.1575980000 0.5673740000
27749.4003900000 -4.1872200000 0.5671420000
27755.5996100000 -4.2178320000 0.5669110000
27761.8007800000 -4.2495300000 0.5666800000
27768.0996100000 -4.2829080000 0.5664450000
27774.3007800000 -4.3170310000 0.5662140000
27780.5000000000 -4.3524690000 0.5659830000
27786.6992200000 -4.3893490000 0.5657530000
27792.9003900000 -4.4278020000 0.5655220000
27799.1992200000 -4.4686090000 0.5652880000
27805.4003900000 -4.5106420000 0.5650580000
27811.6992200000 -4.5554120000 0.5648240000
27817.9003900000 -4.6017410000 0.5645940000
27824.0996100000 -4.6505390000 0.5643640000
27830.4003900000 -4.7029270000 0.5641310000
27836.5996100000 -4.7575620000 0.5639010000
27842.9003900000 -4.8166380000 0.5636680000
27849.0996100000 -4.8786900000 0.5634390000
27855.4003900000 -4.9463310000 0.5632060000
27861.6992200000 -5.0193010000 0.5629740000
27867.9003900000 -5.0971970000 0.5627450000
27874.1992200000 -5.1836100000 0.5625130000
27880.4003900000 -5.2773090000 0.5622840000
27886.6992200000 -5.3832230000 0.5620520000
27893.0000000000 -5.5026550000 0.5618200000
27899.3007800000 -5.6395670000 0.5615880000
27905.5000000000 -5.7969880000 0.5613610000
27906.7070300000 -5.8309610000 0.5613160000
27911.8007800000 -5.9894540000 0.5611290000
27918.0996100000 -6.2313410000 0.5608980000
27924.4003900000 -6.5568250000 0.5606670000
27930.6992200000 -7.0552410000 0.5604360000
27937.0000000000 -8.1610940000 0.5602050000
27943.3007800000 -8.0166370000 3.5808440000
27949.5996100000 -7.0061550000 3.5794960000
27955.9003900000 -6.5227460000 3.5781490000
27962.1992200000 -6.2014880000 3.5768020000
27968.5000000000 -5.9603240000 3.5754560000
27974.8007800000 -5.7670760000 3.5741110000
27981.0996100000 -5.6057540000 3.5727670000
27987.4003900000 -5.4672420000 3.5714230000
27993.8007800000 -5.3440170000 3.5700590000
28000.0996100000 -5.2361640000 3.5687180000
28006.4003900000 -5.1388780000 3.5673770000
28012.6992200000 -5.0503540000 3.5660370000
28019.0996100000 -4.9678120000 3.5646770000
28025.4003900000 -4.8927620000 3.5633390000
28031.6992200000 -4.8229750000 3.5620010000
28038.0996100000 -4.7567590000 3.5606430000
28044.4003900000 -4.6955770000 3.5593070000
28050.8007800000 -4.6370560000 3.5579510000
28057.0996100000 -4.5825990000 3.5566170000
28063.5000000000 -4.5301520000 3.5552630000
28069.8007800000 -4.4810450000 3.5539300000
28076.1992200000 -4.4335310000 3.5525780000
28082.5000000000 -4.3888170000 3.5512470000
28088.9003900000 -4.3453530000 3.5498960000
28095.3007800000 -4.3036680000 3.5485460000
28101.5996100000 -4.2642640000 3.5472180000
28108.0000000000 -4.2257260000 3.5458690000
28114.4003900000 -4.1885980000 3.5445210000
28120.6992200000 -4.1533450000 3.5431960000
28127.0996100000 -4.1187250000 3.5418500000
28133.5000000000 -4.0852540000 3.5405050000
28139.9003900000 -4.0528360000 3.5391600000
28146.3007800000 -4.0214170000 3.5378170000
28152.6992200000 -3.9909520000 3.5364750000
28159.0996100000 -3.9613520000 3.5351330000
28165.5000000000 -3.9325830000 3.5337920000
28171.9003900000 -3.9046080000 3.5324520000
28178.3007800000 -3.8773670000 3.5311120000
28184.6992200000 -3.8508380000 3.5297740000
28191.0996100000 -3.8249770000 3.5284370000
28197.5000000000 -3.7997420000 3.5271000000
28203.9003900000 -3.7751100000 3.5257640000
28210.3007800000 -3.7510610000 3.5244290000
28216.6992200000 -3.7275600000 3.5230950000
28223.1992200000 -3.7042220000 3.5217410000
28229.5996100000 -3.6817520000 3.5204090000
28236.0000000000 -3.6597530000 3.5190770000
28242.4003900000 -3.6382110000 3.5177460000
28248.9003900000 -3.6167910000 3.5163960000
28255.3007800000 -3.5961160000 3.5150670000
28261.8007800000 -3.5755340000 3.5137180000
28268.1992200000 -3.5556630000 3.5123910000
28274.6992200000 -3.5358600000 3.5110430000
28281.0996100000 -3.5167270000 3.5097180000
28287.5996100000 -3.4976450000 3.5083720000
28294.0000000000 -3.4791900000 3.5070480000
28300.5000000000 -3.4607780000 3.5057040000
28306.9003900000 -3.4429650000 3.5043820000
28313.4003900000 -3.4251760000 3.5030400000
28319.9003900000 -3.4076860000 3.5016980000
28326.3007800000 -3.3907440000 3.5003780000
28332.8007800000 -3.3738220000 3.4990390000
28339.3007800000 -3.3571640000 3.4977000000
28345.8007800000 -3.3407680000 3.4963620000
28352.1992200000 -3.3248740000 3.4950460000
28358.6992200000 -3.3089720000 3.4937100000
28365.1992200000 -3.2933080000 3.4923740000
28371.6992200000 -3.2778790000 3.4910400000
28378.1992200000 -3.2626690000 3.4897060000
28384.6992200000 -3.2476770000 3.4883740000
28391.1992200000 -3.2328970000 3.4870410000
28397.6992200000 -3.2183210000 3.4857100000
28404.1992200000 -3.2039450000 3.4843800000
28410.6992200000 -3.1897640000 3.4830510000
28417.1992200000 -3.1757710000 3.4817220000
28423.6992200000 -3.1619650000 3.4803940000
28430.3007800000 -3.1481210000 3.4790470000
28436.8007800000 -3.1346710000 3.4777210000
28443.3007800000 -3.1213880000 3.4763960000
28449.8007800000 -3.1082700000 3.4750710000
28452.3515600000 -3.1031680000 3.4745520000
28456.4003900000 -3.0951170000 3.4737270000
28462.9003900000 -3.0823210000 3.4724040000
28469.4003900000 -3.0696780000 3.4710830000
28476.0000000000 -3.0569950000 3.4697420000
28482.5000000000 -3.0446500000 3.4684210000
28489.0000000000 -3.0324480000 3.4671020000
28495.5996100000 -3.0202030000 3.4657630000
28502.0996100000 -3.0082790000 3.4644460000
28508.6992200000 -2.9963090000 3.4631090000
28515.3007800000 -2.9844700000 3.4617720000
28521.8007800000 -2.9729410000 3.4604570000
28528.4003900000 -2.9613630000 3.4591230000
28534.9003900000 -2.9500820000 3.4578090000
28541.5000000000 -2.9387500000 3.4564760000
28548.0996100000 -2.9275390000 3.4551450000
28554.6992200000 -2.9164450000 3.4538140000
28561.1992200000 -2.9056310000 3.4525030000
28567.8007800000 -2.8947610000 3.4511740000
28574.4003900000 -2.8840040000 3.4498460000
28581.0000000000 -2.8733560000 3.4485180000
28587.5996100000 -2.8628130000 3.4471910000
28594.1992200000 -2.8523720000 3.4458650000
28600.8007800000 -2.8420330000 3.4445400000
28607.4003900000 -2.8317970000 3.4432150000
28614.0000000000 -2.8216580000 3.4418920000
28620.5996100000 -2.8116160000 3.4405690000
28627.1992200000 -2.8016690000 3.4392480000
28633.8007800000 -2.7918110000 3.4379270000
28640.4003900000 -2.7820460000 3.4366070000
28647.0000000000 -2.7723710000 3.4352870000
28653.6992200000 -2.7626380000 3.4339490000
28660.3007800000 -2.7531350000 3.4326310000
28666.9003900000 -2.7437190000 3.4313150000
28673.5000000000 -2.7343860000 3.4299990000
28680.1992200000 -2.7249970000 3.4286640000
28686.8007800000 -2.7158240000 3.4273500000
28693.4003900000 -2.7067310000 3.4260360000
28700.0996100000 -2.6975820000 3.4247040000
28706.6992200000 -2.6886450000 3.4233930000
28713.4003900000 -2.6796480000 3.4220620000
28720.0000000000 -2.6708610000 3.4207520000
28726.6992200000 -2.6620130000 3.4194230000
28733.3007800000 -2.6533680000 3.4181150000
28740.0000000000 -2.6446670000 3.4167880000
28746.6992200000 -2.6360370000 3.4154620000
28753.3007800000 -2.6275980000 3.4141550000
28760.0000000000 -2.6191050000 3.4128310000
28766.6992200000 -2.6106800000 3.4115070000
28773.3007800000 -2.6024420000 3.4102040000
28780.0000000000 -2.5941450000 3.4088810000
28786.6992200000 -2.5859160000 3.4075600000
28793.4003900000 -2.5777470000 3.4062400000
28800.0996100000 -2.5696410000 3.4049200000
28806.8007800000 -2.5615960000 3.4036010000
28813.5000000000 -2.5536150000 3.4022840000
28820.1992200000 -2.5456910000 3.4009670000
28826.9003900000 -2.5378260000 3.3996500000
28833.5996100000 -2.5300200000 3.3983350000
29008.6660200000 -2.3441380000 3.3642650000
29575.8593800000 -1.9008630000 3.2576960000
30154.1406300000 -1.5877280000 3.1547150000
30743.7304700000 -1.3473230000 3.0551940000
31344.8476600000 -1.1539370000 2.9590120000
31957.7168000000 -0.9936870000 2.8660500000
32582.5703100000 -0.8581600000 2.7761960000
33219.6406300000 -0.7418370000 2.6893410000
33869.1679700000 -0.6408770000 2.6053790000
34531.3945300000 -0.5524910000 2.5242090000
35206.5703100000 -0.4744300000 2.4457340000
35894.9492200000 -0.4053510000 2.3698580000
36596.7851600000 -0.3327530000 2.2956550000
37312.3437500000 -0.2771420000 2.2224010000
38041.8906300000 -0.2275100000 2.1512770000
38785.7070300000 -0.1831640000 2.0822260000
39544.0625000000 -0.1435180000 2.0151960000
40317.2500000000 -0.1080740000 1.9501340000
41105.5546900000 -0.0764000000 1.8869880000
41909.2695300000 -0.0481270000 1.8257090000
42728.6992200000 -0.0229270000 1.7662470000
43564.1523400000 -0.0005150000 1.7085540000
44415.9414100000 0.0193620000 1.6525820000
45284.3867200000 0.0369310000 1.5982870000
46169.8085900000 0.0523920000 1.5456240000
47072.5429700000 0.0659260000 1.4945480000
47992.9296900000 0.0776960000 1.4450170000
48931.3125000000 0.0878500000 1.3969890000
49888.0429700000 0.0965200000 1.3504230000
50863.4765600000 0.1038290000 1.3052800000
51857.9843800000 0.1098870000 1.2615210000
52871.9375000000 0.1147960000 1.2191060000
53905.7187500000 0.1186490000 1.1780000000
54959.7109400000 0.1215300000 1.1381670000
56034.3085900000 0.1221600000 1.0995900000
57129.9218800000 0.1233070000 1.0623410000
58246.9531300000 0.1237120000 1.0262630000
59385.8281300000 0.1234370000 0.9913210000
60546.9687500000 0.1225360000 0.9574840000
61730.8125000000 0.1210640000 0.9247200000
62937.8046900000 0.1190660000 0.8929980000
64168.3984400000 0.1165890000 0.8622860000
65423.0507800000 0.1136730000 0.8325570000
66702.2343800000 0.1103560000 0.8037800000
68006.4296900000 0.1066720000 0.7759290000
69336.1250000000 0.1026530000 0.7489750000
70691.8203100000 0.0983290000 0.7228930000
72074.0234400000 0.0937250000 0.6976560000
73483.2500000000 0.0888650000 0.6732400000
74920.0312500000 0.0837660000 0.6496200000
76384.9062500000 0.0784440000 0.6267710000
77878.4218800000 0.0729060000 0.6046720000
79401.1406300000 0.0671430000 0.5832990000
80953.6328100000 0.0611390000 0.5627610000
82536.4765600000 0.0554550000 0.5429870000
84150.2734400000 0.0496910000 0.5238760000
85795.6250000000 0.0438620000 0.5054070000
87473.1406300000 0.0379810000 0.4875590000
89183.4609400000 0.0320610000 0.4703130000
90927.2187500000 0.0261150000 0.4536500000
92705.0781300000 0.0201500000 0.4375500000
94517.6953100000 0.0141790000 0.4219950000
96365.7500000000 0.0082100000 0.4069690000
98249.9453100000 0.0022510000 0.3924540000
100170.9766000000 -0.0036900000 0.3784330000
102129.5703000000 -0.0096050000 0.3648900000
104126.4609000000 -0.0154880000 0.3518110000
106162.3906000000 -0.0213340000 0.3391790000
108238.1328000000 -0.0271360000 0.3269810000
110354.4609000000 -0.0328900000 0.3152020000
112512.1641000000 -0.0385920000 0.3038280000
114712.0547000000 -0.0442370000 0.2928470000
116954.9688000000 -0.0498220000 0.2822450000
119241.7266000000 -0.0553430000 0.2720100000
121573.2031000000 -0.0633760000 0.2621620000
123950.2656000000 -0.0687960000 0.2527780000
126373.8047000000 -0.0741330000 0.2437270000
128844.7266000000 -0.0793860000 0.2349990000
131363.9688000000 -0.0845530000 0.2265810000
133932.4531000000 -0.0896330000 0.2184620000
136551.1719000000 -0.0946250000 0.2106330000
139221.0938000000 -0.0995280000 0.2030820000
141943.2188000000 -0.1043420000 0.1958000000
144718.5625000000 -0.1090660000 0.1887780000
147548.1719000000 -0.1137000000 0.1820060000
150433.1094000000 -0.1182440000 0.1754750000
153374.4531000000 -0.1226980000 0.1691770000
156373.2969000000 -0.1270630000 0.1631030000
159430.7969000000 -0.1313380000 0.1572460000
162548.0625000000 -0.1355240000 0.1515980000
165726.2813000000 -0.1396220000 0.1461520000
168966.6406000000 -0.1436330000 0.1409000000
172270.3750000000 -0.1475560000 0.1358350000
175638.6875000000 -0.1513940000 0.1309510000
179072.8594000000 -0.1551460000 0.1262420000
182574.1875000000 -0.1588140000 0.1217000000
186143.9688000000 -0.1623990000 0.1173210000
189783.5469000000 -0.1659020000 0.1130990000
193494.2969000000 -0.1693230000 0.1090270000
197277.5938000000 -0.1726650000 0.1051010000
201134.8594000000 -0.1759280000 0.1013160000
205067.5469000000 -0.1791130000 0.0976650000
209077.1406000000 -0.1822220000 0.0941460000
213165.1250000000 -0.1852560000 0.0907520000
217333.0313000000 -0.1882160000 0.0874800000
221582.4375000000 -0.1911040000 0.0843250000
225914.9219000000 -0.1939200000 0.0812830000
230332.1250000000 -0.1966660000 0.0783500000
234835.7031000000 -0.1993430000 0.0755230000
239427.3281000000 -0.2019530000 0.0727960000
244108.7344000000 -0.2044970000 0.0701670000
248881.6719000000 -0.2069760000 0.0676330000
253747.9219000000 -0.2093910000 0.0651890000
258709.3281000000 -0.2117440000 0.0628340000
263767.7500000000 -0.2140360000 0.0605620000
268925.0625000000 -0.2162680000 0.0583730000
274183.2188000000 -0.2184420000 0.0562620000
279544.1875000000 -0.2205580000 0.0542260000
285010.0000000000 -0.2226190000 0.0522640000
290582.6563000000 -0.2246240000 0.0503730000
296264.2500000000 -0.2265760000 0.0485490000
302056.9688000000 -0.2284760000 0.0467910000
307962.9375000000 -0.2303250000 0.0450960000
313984.3750000000 -0.2321230000 0.0434620000
320123.5625000000 -0.2338730000 0.0418870000
326382.7813000000 -0.2355750000 0.0403690000
332764.3750000000 -0.2372300000 0.0389050000
339270.7500000000 -0.2388400000 0.0374950000
345904.3438000000 -0.2404050000 0.0361340000
352667.6563000000 -0.2419270000 0.0348230000
359563.1875000000 -0.2434070000 0.0335600000
366593.5625000000 -0.2448460000 0.0323410000
373761.3750000000 -0.2462440000 0.0311670000
381069.3438000000 -0.2476030000 0.0300350000
388520.2188000000 -0.2489230000 0.0289440000
396116.7500000000 -0.2502070000 0.0278920000
403861.8125000000 -0.2514530000 0.0268790000
411758.3438000000 -0.2526650000 0.0259020000
419809.2500000000 -0.2538420000 0.0249600000
428017.5625000000 -0.2549850000 0.0240520000
436386.3750000000 -0.2560950000 0.0231770000
444918.8125000000 -0.2571740000 0.0223340000
453618.0938000000 -0.2582210000 0.0215210000
462487.4688000000 -0.2592380000 0.0207380000
471530.2500000000 -0.2602250000 0.0199830000
480749.8438000000 -0.2611840000 0.0192550000
490149.7188000000 -0.2621140000 0.0185530000
499733.3750000000 -0.2630180000 0.0178770000
509504.4063000000 -0.2638950000 0.0172260000
519466.5000000000 -0.2647460000 0.0165980000
529623.3750000000 -0.2655720000 0.0159930000
539978.8125000000 -0.2663730000 0.0154100000
550536.7500000000 -0.2671510000 0.0148480000
561301.1250000000 -0.2679060000 0.0143060000
572276.0000000000 -0.2686380000 0.0137840000
583465.4375000000 -0.2693480000 0.0132810000
594873.6250000000 -0.2700380000 0.0127960000
606504.8750000000 -0.2707050000 0.0123290000
618363.5625000000 -0.2713540000 0.0118790000
630454.1250000000 -0.2719820000 0.0114450000
642781.1250000000 -0.2725920000 0.0110270000
655349.0625000000 -0.2731830000 0.0106240000
668162.8125000000 -0.2737560000 0.0102360000
681227.0625000000 -0.2743120000 0.0098610000
694546.7500000000 -0.2748510000 0.0095010000
