30.0000000000 -35.2852170000 4.7148760000
30.5865750000 -35.3636780000 4.7116050000
31.1846200000 -35.4694630000 4.7076500000
31.7943570000 -35.6108670000 4.7030120000
32.4160160000 -35.7999840000 4.6976940000
33.0498310000 -36.0552370000 4.6916980000
33.6960370000 -36.4061200000 4.6850260000
34.3548770000 -36.6178400000 4.6706840000
35.0266040000 -39.5693860000 1.9546360000
35.7114600000 -35.8270720000 1.3533130000
36.4097100000 -34.2462500000 0.8068870000
37.1216090000 -33.2490200000 0.3095040000
37.8474310000 -32.5406040000 9.8559730000
38.5874440000 -32.0069810000 9.4416950000
39.3419230000 -31.5905360000 9.0625930000
40.1111560000 -31.2576470000 8.7150320000
40.8954320000 -30.9867940000 8.3957910000
41.6950380000 -30.7633250000 8.1019990000
42.5102810000 -30.5768170000 7.8310920000
43.3414650000 -30.4196130000 7.5807910000
44.1888960000 -30.2859440000 7.3490600000
45.0529020000 -30.1713830000 7.1340730000
45.9338000000 -30.0724810000 6.9342060000
46.8319210000 -29.9865260000 6.7479980000
47.7476010000 -29.9113640000 6.5741460000
48.6811870000 -29.8452740000 6.4114780000
49.6330260000 -29.7868820000 6.2589430000
50.6034740000 -29.7350900000 6.1155980000
51.5928990000 -29.6890320000 5.9805970000
52.6016690000 -29.6480240000 5.8531750000
53.6301650000 -29.6115610000 5.7326480000
54.6787680000 -29.5792850000 5.6183980000
55.7478750000 -29.5509950000 5.5098700000
56.8378870000 -29.5266570000 5.4065620000
57.9492070000 -29.5064490000 5.3080220000
59.0822600000 -29.4908500000 5.2138420000
60.2374690000 -29.4808140000 5.1236560000
61.4152600000 -29.4781950000 5.0371310000
62.6160810000 -29.4870150000 5.0920840000
63.8403850000 -29.4289470000 5.0172860000
65.0886230000 -29.3900110000 4.9454310000
66.3612670000 -29.3581790000 4.8762970000
67.6587980000 -29.3304290000 4.8096790000
68.9816970000 -29.3055400000 4.7453940000
70.3304600000 -29.2829000000 4.6832760000
71.7055970000 -29.2621630000 4.6231730000
73.1076200000 -29.2431260000 4.5649500000
74.5370640000 -29.2256620000 4.5084820000
75.9944460000 -29.2096960000 4.4536600000
77.4803310000 -29.1951830000 4.4003810000
78.9952620000 -29.1821040000 4.3485540000
80.5398180000 -29.1704580000 4.2980990000
82.1145710000 -29.1602550000 4.2489400000
83.7201160000 -29.1515200000 4.2010140000
85.3570560000 -29.1442830000 4.1542580000
87.0260010000 -29.1385840000 4.1086230000
88.7275770000 -29.1344720000 4.0640610000
90.4624250000 -29.1319940000 4.0205320000
92.2311940000 -29.1312140000 3.9779990000
94.0345380000 -29.1321960000 3.9364320000
95.8731540000 -29.1350080000 3.8958050000
97.7477110000 -29.1397270000 3.8560980000
99.6589200000 -29.1464350000 3.8172910000
101.6075060000 -29.1552180000 3.7793740000
103.5941850000 -29.1661720000 3.7423360000
105.6197130000 -29.1793960000 3.7061720000
107.6848450000 -29.1949940000 3.6708820000
109.7903520000 -29.2130830000 3.6364680000
111.9370270000 -29.2337840000 3.6029360000
114.1256790000 -29.2572270000 3.5702970000
116.3571170000 -29.2835500000 3.5385670000
118.6321950000 -29.3129060000 3.5077620000
120.9517520000 -29.3454530000 3.4779060000
123.3166580000 -29.3813650000 3.4490270000
125.7278060000 -29.4208260000 3.4211570000
128.1860960000 -29.4640370000 3.3943320000
130.6924590000 -29.5112150000 3.3685930000
133.2478330000 -29.5625950000 3.3439900000
135.8531490000 -29.6184330000 3.3205750000
138.5094300000 -29.6790070000 3.2984070000
141.2176360000 -29.3637050000 3.2624630000
143.9787900000 -29.4225850000 3.2216570000
146.7939300000 -29.4873980000 3.1810570000
149.6641240000 -29.5585690000 3.1406630000
152.5904390000 -29.6365800000 3.1004750000
155.5739590000 -29.7219640000 3.0604960000
158.6158140000 -29.8153290000 3.0207250000
161.7171480000 -29.9173580000 2.9811650000
164.8791350000 -30.0288430000 2.9418180000
168.1029360000 -30.1506820000 2.9026860000
171.3897710000 -30.2839240000 2.8637720000
174.7408600000 -30.4297940000 2.8250780000
178.1574860000 -30.5897410000 2.7866090000
181.6409150000 -30.7654910000 2.7483680000
185.1924440000 -30.9591370000 2.7103600000
188.8134160000 -31.1732390000 2.6725880000
192.5051880000 -31.4109990000 2.6350580000
196.2691500000 -31.6764790000 2.5977750000
200.1067050000 -31.9749580000 2.5607450000
204.0192870000 -32.3134690000 2.5239730000
208.0083770000 -32.7016600000 2.4874670000
212.0754700000 -33.1532630000 2.4512310000
216.2220760000 -33.6886670000 2.4152750000
220.4497530000 -34.3398090000 2.3796030000
224.7601010000 -35.1602130000 2.3442250000
229.1547240000 -36.5772170000 4.4894300000
233.6352690000 -36.5687520000 6.2049380000
238.2034300000 -36.2441180000 6.5516810000
242.8609010000 -36.1714170000 6.9241410000
247.6094360000 -36.2552680000 7.3229460000
252.4508210000 -36.3130950000 7.7512900000
257.3868710000 -36.3884200000 8.2058900000
262.4194340000 -36.4685360000 8.6865030000
267.5503850000 -36.5451320000 9.1926660000
272.7816770000 -36.6121640000 9.7236940000
278.1152340000 -36.6648860000 0.2786510000
283.5530700000 -36.6994020000 0.8563550000
289.0972600000 -36.7123950000 1.4553710000
294.7498170000 -36.7010080000 2.0739950000
300.5129390000 -36.6628070000 2.7102640000
306.3887020000 -36.5957450000 3.3619490000
312.3793640000 -36.4981990000 4.0265730000
318.4871830000 -36.3689920000 4.7014140000
324.7143860000 -36.2074930000 5.3835000000
331.0633850000 -36.0136950000 6.0696640000
337.5364990000 -35.7883720000 6.7565270000
344.1361690000 -35.5332790000 7.4405360000
350.8648990000 -35.2514760000 8.1180020000
357.7251890000 -34.9478000000 8.7851160000
364.7196040000 -34.6296770000 9.4379750000
371.8508000000 -34.3084830000 0.0726410000
379.1213990000 -34.0021320000 0.6851580000
386.5341800000 -33.7401810000 1.2716010000
394.0918880000 -34.6544650000 4.2963370000
401.7973630000 -32.7551230000 4.8452190000
409.6535340000 -31.6909500000 5.3558250000
417.6632690000 -30.6238290000 6.9092670000
425.8296200000 -29.3298320000 7.3482530000
434.1556700000 -28.1470090000 7.7389180000
442.6445010000 -27.0070590000 8.0785810000
451.2993160000 -25.8888150000 8.3648950000
460.1233520000 -24.7850300000 8.5958730000
469.1199040000 -23.6948340000 8.7699010000
478.2923890000 -22.6213680000 8.8857770000
487.6441960000 -21.5714170000 8.9427010000
497.1788640000 -20.5565010000 8.9403080000
506.8999330000 -20.0168860000 9.8386540000
516.8110960000 -18.3991990000 9.7192550000
526.9160770000 -17.1243590000 9.5416850000
537.2185670000 -15.9387340000 9.3072570000
547.7225340000 -14.8084810000 9.0176720000
558.4318850000 -13.7240620000 8.6750090000
569.3506470000 -12.6827540000 8.2816870000
580.4828490000 -11.6844210000 7.8404580000
591.8327640000 -10.7299730000 7.3543420000
603.4046020000 -9.8207760000 6.8266200000
615.2026370000 -8.9582990000 6.2607880000
627.2313840000 -8.1439430000 5.6605150000
639.4953610000 -7.3789200000 5.0295940000
651.9990840000 -6.6642280000 4.3719370000
664.7473140000 -5.5562630000 3.6800160000
677.7447510000 -4.9379350000 2.9674590000
690.9963990000 -4.3713770000 2.2397170000
704.5070800000 -3.8563630000 1.5006830000
718.2819820000 -3.3923940000 0.7541280000
732.3261720000 -2.9786570000 0.0037210000
746.6450200000 -2.6140620000 9.2529560000
761.2437740000 -2.2972740000 8.5051690000
776.1279910000 -2.0267130000 7.7634660000
791.3032230000 -1.8006020000 7.0307500000
806.7752080000 -1.6169800000 6.3096790000
822.5496830000 -1.5574360000 5.6029590000
838.6325680000 -1.4502320000 4.9131430000
855.0299680000 -1.3788750000 4.2413920000
871.7479250000 -1.3409800000 3.5893470000
888.7927860000 -1.3341340000 2.9583880000
906.1708980000 -1.3559160000 2.3496510000
923.8888550000 -6.9744830000 1.9409840000
941.9531860000 -6.8671780000 1.6596270000
960.3707280000 -6.7686750000 1.3814960000
979.1483760000 -6.6789620000 1.1066730000
998.2931520000 -6.5981030000 0.8352370000
1017.8123170000 -6.5292300000 0.5765090000
1037.7131350000 -6.4671040000 0.3233430000
1058.0029300000 -6.4111400000 0.0748470000
1078.6895750000 -6.3611700000 9.8309690000
1099.7806400000 -6.3170400000 9.5916590000
1121.2841800000 -6.2786120000 9.3568650000
1143.2080080000 -6.2457590000 9.1265350000
1165.5606690000 -6.2188690000 8.9006200000
1188.3502200000 -6.1969080000 8.6790810000
1211.5854490000 -6.1802330000 8.4618500000
1235.2750240000 -6.1687800000 8.2488760000
1259.4277340000 -6.1624950000 8.0401050000
1284.0527340000 -6.1613440000 7.8354860000
1309.1591800000 -6.1653080000 7.6349650000
1334.7564700000 -6.1743870000 7.4384880000
1360.8542480000 -6.1886010000 7.2460040000
1387.4624020000 -6.2079880000 7.0574560000
1414.5908200000 -6.2326110000 6.8727930000
1442.2495120000 -6.2625570000 6.6919630000
1470.4492190000 -6.2979410000 6.5149120000
1499.2000730000 -6.3389080000 6.3415880000
1528.5131840000 -6.3856370000 6.1719370000
1558.3995360000 -6.4383470000 6.0059080000
1588.8701170000 -6.5283340000 5.8445130000
1619.9365230000 -6.5945990000 5.6872840000
1651.6103520000 -6.6870600000 5.5340000000
1683.9034420000 -6.7678670000 5.3848330000
1716.8280030000 -6.8564220000 5.2391140000
1750.3962400000 -6.9533560000 5.0967800000
1784.6208500000 -7.0594250000 4.9577700000
1819.5146480000 -7.1755360000 4.8220230000
1855.0908200000 -7.3027840000 4.6894770000
1891.3624270000 -7.4424990000 4.5600730000
1928.3432620000 -7.5963100000 4.4337510000
1966.0472410000 -7.7662340000 4.3104520000
2004.4884030000 -7.9548010000 4.1901180000
2043.6811520000 -8.1724830000 4.0729400000
2083.6401370000 -8.4090420000 3.9587590000
2124.3806150000 -8.6771310000 3.8473800000
2165.9174800000 -8.9842500000 3.7387480000
2208.2666020000 -9.3409560000 3.6328060000
2251.4438480000 -9.7627350000 3.5295000000
2295.4653320000 -10.2736450000 3.4287760000
2340.3474120000 -10.9141240000 3.3305810000
2386.1069340000 -11.7605490000 3.2348620000
2432.7612300000 -12.9882620000 3.1415680000
2480.3278810000 -15.2024010000 3.0506460000
2528.8244630000 -19.4215600000 1.2621410000
2578.2692870000 -15.0058460000 0.8570850000
2628.6809080000 -16.5138240000 4.6015740000
2680.0783690000 -11.7912650000 4.0927620000
2732.4804690000 -10.2118890000 3.6196890000
2785.9074710000 -9.2957650000 3.1798620000
2840.3789060000 -9.0378940000 2.7710280000
2895.9152830000 -8.1277840000 4.2602960000
2952.5378420000 -6.8429310000 3.8741090000
3010.2673340000 -5.9649030000 3.5215230000
3069.1254880000 -5.2525780000 3.1460060000
3129.1347660000 -4.6491170000 2.7766990000
3190.3171390000 -4.1252670000 2.4135750000
3252.6958010000 -3.6640080000 2.0566070000
3316.2941890000 -3.2624080000 1.7067750000
3381.1359860000 -2.8972520000 1.3640530000
3447.2456050000 -2.5809880000 1.0290530000
3514.6479490000 -2.2868280000 0.7019640000
3583.3681640000 -2.0212050000 0.3817140000
3653.4318850000 -1.7811020000 0.0681950000
3724.8657230000 -1.5638890000 9.7613150000
3797.6960450000 -1.4203690000 9.4711120000
3871.9506840000 -1.2459400000 9.1887090000
3947.6569820000 -1.0875660000 8.9138910000
4024.8435060000 -0.9437800000 8.6464810000
4103.5390630000 -0.8132950000 8.3863090000
4183.7739260000 -0.6949700000 8.1331990000
4265.5771480000 -0.5890740000 7.8869910000
4348.9794920000 -0.4933110000 7.6475660000
4434.0131840000 -0.4058160000 7.4147370000
4520.7089840000 -0.3270120000 7.1883260000
4609.1005860000 -0.2562340000 6.9681740000
4699.2197270000 -0.1928790000 6.7541330000
4791.1015630000 -0.1363980000 6.5460500000
4884.7792970000 -0.0862880000 6.3437810000
4980.2890630000 -0.0420870000 6.1471830000
5077.6660160000 -0.0010660000 5.9560210000
5176.9472660000 0.0325720000 5.7700970000
5278.1694340000 0.0630000000 5.5893830000
5381.3710940000 0.0874670000 5.4136740000
5486.5903320000 0.1077970000 5.2429600000
5593.8666990000 0.1242750000 5.0771180000
5703.2412110000 0.1371660000 4.9160260000
5814.7534180000 0.1411810000 4.7600050000
5928.4467770000 0.1474790000 4.6086700000
6044.3627930000 0.1509230000 4.4617600000
6162.5449220000 0.1517120000 4.3191610000
6283.0380860000 0.1500310000 4.1807600000
6405.8872070000 0.1460500000 4.0464470000
6531.1386720000 0.1399320000 3.9161140000
6658.8383790000 0.1318230000 3.7896590000
6789.0356450000 0.1218620000 3.6669740000
6921.7783200000 0.1101780000 3.5479630000
7057.1162110000 0.0968890000 3.4325250000
7195.1005860000 0.0821060000 3.3205640000
7335.7827150000 0.0659290000 3.2119870000
7479.2158200000 0.0439510000 3.1068040000
7625.4531250000 0.0253240000 3.0048480000
7774.5498050000 0.0028620000 2.9060440000
7926.5620120000 -0.0179170000 2.8102990000
8081.5458980000 -0.0396880000 2.7174910000
8239.5605470000 -0.0623970000 2.6275390000
8400.6640630000 -0.0859990000 2.5403610000
8564.9189450000 -0.1104580000 2.4558810000
8732.3837890000 -0.1357540000 2.3740220000
8903.1240230000 -0.1618800000 2.2947240000
9077.2021480000 -0.1880370000 2.2185860000
9254.6845700000 -0.2147540000 2.1448540000
9435.6367190000 -0.2420050000 2.0734580000
9620.1269530000 -0.2697890000 2.0043280000
9808.2246090000 -0.2980560000 1.9373940000
10000.0000000000 -0.3268100000 1.8725930000
10195.5253900000 -0.3560440000 1.8098580000
10394.8730500000 -0.3857580000 1.7491290000
10598.1191400000 -0.4159560000 1.6903430000
10805.3388700000 -0.4466470000 1.6334430000
11016.6103500000 -0.4786150000 1.5783900000
11232.0127000000 -0.5103880000 1.5251380000
11451.6259800000 -0.5433720000 1.4736200000
11675.5341800000 -0.5763230000 1.4237970000
11903.8203100000 -0.6099080000 1.3755940000
12136.5693400000 -0.6441830000 1.3289580000
12373.8701200000 -0.6792150000 1.2838410000
12615.8105500000 -0.7163940000 1.2402590000
12862.4814500000 -0.7532310000 1.1981190000
13113.9746100000 -0.7910980000 1.1573640000
13370.3857400000 -0.8301220000 1.1179490000
13631.8105500000 -0.8704560000 1.0798320000
13898.3466800000 -0.9122780000 1.0429720000
14170.0937500000 -0.9558000000 1.0073280000
14447.1543000000 -1.0012760000 0.9728610000
14729.6328100000 -1.0490140000 0.9395340000
15017.6337900000 -1.0993840000 0.9073110000
15311.2666000000 -1.1528450000 0.8761550000
15610.6396500000 -1.2099640000 0.8460340000
15915.8671900000 -1.2719550000 0.8169150000
16227.0615200000 -1.3387360000 0.7887680000
16544.3418000000 -1.4120090000 0.7615590000
16867.8242200000 -1.4933850000 0.7352560000
17197.6328100000 -1.5850840000 0.7098310000
17533.8906300000 -1.6902840000 0.6852550000
17876.7207000000 -1.8137460000 0.6615010000
18226.2558600000 -1.9630550000 0.6385420000
18582.6250000000 -2.1513440000 0.6163520000
18945.9628900000 -2.4043560000 0.5949060000
19316.4023400000 -2.7839910000 0.5741810000
19559.0000000000 -3.1798490000 0.5611930000
19562.0996100000 -3.1863090000 0.5610300000
19565.0996100000 -3.1926080000 0.5608720000
19568.1992200000 -3.1991640000 0.5607090000
19571.3007800000 -3.2057740000 0.5605470000
19574.4003900000 -3.2124310000 0.5603840000
19577.5000000000 -3.2191390000 0.5602210000
19580.5996100000 -3.2259000000 0.5600580000
19583.6992200000 -3.2327130000 0.5598960000
19586.8007800000 -3.2395900000 0.5597330000
19589.9003900000 -3.2465120000 0.5595710000
19593.0000000000 -3.2534900000 0.5594080000
19596.0996100000 -3.2605250000 0.5592460000
19599.1992200000 -3.2676170000 0.5590840000
19602.3007800000 -3.2747710000 0.5589220000
19605.4003900000 -3.2819810000 0.5587600000
19608.5000000000 -3.2892500000 0.5585980000
19611.5996100000 -3.2965810000 0.5584360000
19614.6992200000 -3.3039740000 0.5582740000
19617.8007800000 -3.3114390000 0.5581120000
19620.9003900000 -3.3189590000 0.5579500000
19624.0000000000 -3.3265450000 0.5577890000
19627.0996100000 -3.3341960000 0.5576270000
19630.1992200000 -3.3419150000 0.5574650000
19633.3007800000 -3.3497080000 0.5573040000
19636.4003900000 -3.3575660000 0.5571430000
19639.5000000000 -3.3654940000 0.5569810000
19642.5996100000 -3.3734950000 0.5568200000
19645.8007800000 -3.3818390000 0.5566540000
19648.9003900000 -3.3899910000 0.5564930000
19652.0000000000 -3.3982190000 0.5563320000
19655.0996100000 -3.4065250000 0.5561710000
19658.1992200000 -3.4149100000 0.5560100000
19661.3007800000 -3.4233810000 0.5558490000
19664.4003900000 -3.4319280000 0.5556880000
19667.5996100000 -3.4408370000 0.5555220000
19670.6992200000 -3.4495610000 0.5553620000
19673.8007800000 -3.4583730000 0.5552010000
19676.9003900000 -3.4672680000 0.5550410000
19680.0996100000 -3.4765410000 0.5548750000
19683.1992200000 -3.4856210000 0.5547150000
19686.3007800000 -3.4948010000 0.5545550000
19689.4003900000 -3.5040710000 0.5543940000
19692.5996100000 -3.5137460000 0.5542290000
19694.0878900000 -3.5182790000 0.5541520000
19695.6992200000 -3.5232160000 0.5540690000
19698.8007800000 -3.5327950000 0.5539090000
19701.9003900000 -3.5424720000 0.5537490000
19705.0996100000 -3.5525700000 0.5535840000
19708.1992200000 -3.5624650000 0.5534240000
19711.3007800000 -3.5724780000 0.5532650000
19714.5000000000 -3.5829300000 0.5531000000
19717.5996100000 -3.5931700000 0.5529400000
19720.6992200000 -3.6035280000 0.5527810000
19723.9003900000 -3.6143520000 0.5526160000
19727.0000000000 -3.6249600000 0.5524570000
19730.1992200000 -3.6360470000 0.5522930000
19733.3007800000 -3.6469230000 0.5521330000
19736.4003900000 -3.6579260000 0.5519740000
19739.5996100000 -3.6694240000 0.5518100000
19742.6992200000 -3.6807070000 0.5516510000
19745.9003900000 -3.6925170000 0.5514870000
19749.0000000000 -3.7040950000 0.5513280000
19752.1992200000 -3.7162020000 0.5511640000
19755.3007800000 -3.7280980000 0.5510060000
19758.5000000000 -3.7405340000 0.5508420000
19761.5996100000 -3.7527570000 0.5506830000
19764.8007800000 -3.7655470000 0.5505200000
19767.9003900000 -3.7781070000 0.5503610000
19771.0996100000 -3.7912550000 0.5501980000
19774.1992200000 -3.8041790000 0.5500400000
19777.4003900000 -3.8177290000 0.5498760000
19780.5000000000 -3.8310380000 0.5497180000
19783.6992200000 -3.8449810000 0.5495550000
19786.8007800000 -3.8587060000 0.5493970000
19790.0000000000 -3.8730910000 0.5492340000
19793.1992200000 -3.8876970000 0.5490710000
19796.3007800000 -3.9020860000 0.5489130000
19799.5000000000 -3.9171680000 0.5487500000
19802.5996100000 -3.9320230000 0.5485930000
19805.8007800000 -3.9476290000 0.5484300000
19809.0000000000 -3.9634860000 0.5482670000
19812.0996100000 -3.9791180000 0.5481100000
19815.3007800000 -3.9955430000 0.5479470000
19818.5000000000 -4.0122680000 0.5477850000
19821.5996100000 -4.0287590000 0.5476280000
19824.8007800000 -4.0461030000 0.5474650000
19828.0000000000 -4.0637690000 0.5473030000
19831.0996100000 -4.0812270000 0.5471460000
19834.3007800000 -4.0995970000 0.5469840000
19837.5000000000 -4.1183260000 0.5468220000
19840.6992200000 -4.1374550000 0.5466600000
19843.8007800000 -4.1563740000 0.5465040000
19847.0000000000 -4.1762990000 0.5463420000
19850.1992200000 -4.1966610000 0.5461800000
19853.4003900000 -4.2175040000 0.5460190000
19856.5996100000 -4.2387980000 0.5458570000
19859.6992200000 -4.2599060000 0.5457010000
19862.9003900000 -4.2822160000 0.5455390000
19866.0996100000 -4.3050710000 0.5453780000
19869.3007800000 -4.3284980000 0.5452170000
19872.5000000000 -4.3525120000 0.5450560000
19875.6992200000 -4.3771710000 0.5448940000
19878.8007800000 -4.4017000000 0.5447380000
19882.0000000000 -4.4276870000 0.5445780000
19885.1992200000 -4.4544120000 0.5444170000
19888.4003900000 -4.4819500000 0.5442560000
19891.5996100000 -4.5102800000 0.5440950000
19894.8007800000 -4.5395040000 0.5439340000
19898.0000000000 -4.5696590000 0.5437740000
19901.1992200000 -4.6007860000 0.5436130000
19904.4003900000 -4.6329880000 0.5434530000
19907.5996100000 -4.6663200000 0.5432920000
19910.8007800000 -4.7008610000 0.5431320000
19914.0000000000 -4.7366800000 0.5429720000
19917.1992200000 -4.7739180000 0.5428120000
19920.4003900000 -4.8126660000 0.5426520000
19923.5996100000 -4.8530240000 0.5424920000
19926.8007800000 -4.8952080000 0.5423320000
19930.0000000000 -4.9392770000 0.5421720000
19933.1992200000 -4.9854630000 0.5420120000
19936.4003900000 -5.0340060000 0.5418520000
19939.5996100000 -5.0851220000 0.5416930000
19942.8007800000 -5.1390940000 0.5415330000
19946.0000000000 -5.1962210000 0.5413730000
19949.1992200000 -5.2569640000 0.5412140000
19952.4003900000 -5.3217640000 0.5410550000
19955.5996100000 -5.3911480000 0.5408950000
19958.8007800000 -5.4659480000 0.5407360000
19962.0996100000 -5.5494800000 0.5405720000
19965.3007800000 -5.6380570000 0.5404130000
19968.5000000000 -5.7353260000 0.5402540000
19971.6992200000 -5.8433100000 0.5400950000
19974.9003900000 -5.9647880000 0.5399360000
19978.0996100000 -6.1032060000 0.5397770000
19981.4003900000 -6.2697940000 0.5396130000
19984.5996100000 -6.4635830000 0.5394550000
19987.8007800000 -6.7046990000 0.5392960000
19991.0000000000 -7.0235350000 0.5391380000
19994.1992200000 -7.4957300000 0.5389790000
19997.5000000000 -8.4709840000 0.5388160000
20000.6992200000 -8.9966180000 3.6974240000
20003.9003900000 -7.6876710000 3.6963120000
20007.1992200000 -7.1233130000 3.6951660000
20010.4003900000 -6.7717910000 3.6940550000
20013.5996100000 -6.5114050000 3.6929450000
20016.8007800000 -6.3041120000 3.6918350000
20020.0996100000 -6.1269980000 3.6906910000
20023.3007800000 -5.9803010000 3.6895830000
20026.5000000000 -5.8519970000 3.6884750000
20029.8007800000 -5.7346210000 3.6873340000
20033.0000000000 -5.6322900000 3.6862270000
20036.3007800000 -5.5364550000 3.6850870000
20039.5000000000 -5.4513450000 3.6839830000
20042.6992200000 -5.3726660000 3.6828780000
20046.0000000000 -5.2973590000 3.6817400000
20049.1992200000 -5.2291950000 3.6806370000
20052.5000000000 -5.1633090000 3.6795010000
20055.6992200000 -5.1031930000 3.6783990000
20058.9003900000 -5.0462920000 3.6772980000
20062.1992200000 -4.9907700000 3.6761640000
20065.4003900000 -4.9395390000 3.6750630000
20068.6992200000 -4.8892810000 3.6739310000
20071.9003900000 -4.8426810000 3.6728320000
20075.1992200000 -4.7967650000 3.6717000000
20078.4003900000 -4.7540450000 3.6706030000
20079.1562500000 -4.7441870000 3.6703440000
20081.6992200000 -4.7117470000 3.6694730000
20084.9003900000 -4.6722840000 3.6683770000
20088.1992200000 -4.6330890000 3.6672480000
20091.5000000000 -4.5952980000 3.6661190000
20094.6992200000 -4.5598930000 3.6650250000
20098.0000000000 -4.5245910000 3.6638980000
20101.1992200000 -4.4914410000 3.6628060000
20104.5000000000 -4.4583160000 3.6616800000
20107.6992200000 -4.4271650000 3.6605890000
20111.0000000000 -4.3959420000 3.6594640000
20114.3007800000 -4.3656120000 3.6583400000
20117.5000000000 -4.3370300000 3.6572510000
20120.8007800000 -4.3083290000 3.6561290000
20124.0996100000 -4.2803810000 3.6550070000
20127.3007800000 -4.2539560000 3.6539200000
20130.5996100000 -4.2273810000 3.6528000000
20133.9003900000 -4.2014520000 3.6516800000
20137.0996100000 -4.1768890000 3.6505950000
20140.4003900000 -4.1521420000 3.6494770000
20143.6992200000 -4.1279550000 3.6483590000
20147.0000000000 -4.1043020000 3.6472420000
20150.1992200000 -4.0818490000 3.6461590000
20153.5000000000 -4.0591820000 3.6450440000
20156.8007800000 -4.0369710000 3.6439280000
20160.0996100000 -4.0152340000 3.6428150000
20163.3007800000 -3.9945400000 3.6417340000
20166.5996100000 -3.9736370000 3.6406220000
20169.9003900000 -3.9531090000 3.6395090000
20173.1992200000 -3.9329890000 3.6383980000
20176.5000000000 -3.9132140000 3.6372870000
20179.6992200000 -3.8943970000 3.6362100000
20183.0000000000 -3.8753120000 3.6351000000
20186.3007800000 -3.8565690000 3.6339910000
20189.5996100000 -3.8381460000 3.6328830000
20192.9003900000 -3.8200320000 3.6317760000
20196.1992200000 -3.8022160000 3.6306690000
20199.5000000000 -3.7846890000 3.6295630000
20202.8007800000 -3.7674320000 3.6284570000
20206.0996100000 -3.7504550000 3.6273520000
20209.3007800000 -3.7342390000 3.6262810000
20212.5996100000 -3.7177800000 3.6251780000
20215.9003900000 -3.7015490000 3.6240740000
20219.1992200000 -3.6855660000 3.6229720000
20222.5000000000 -3.6698150000 3.6218710000
20225.8007800000 -3.6542800000 3.6207690000
20229.0996100000 -3.6389820000 3.6196700000
20232.4003900000 -3.6238780000 3.6185700000
20235.6992200000 -3.6089990000 3.6174710000
20239.0000000000 -3.5943040000 3.6163730000
20242.3007800000 -3.5798130000 3.6152750000
20245.5996100000 -3.5655130000 3.6141780000
20249.0000000000 -3.5509680000 3.6130490000
20252.3007800000 -3.5370390000 3.6119530000
20255.5996100000 -3.5232860000 3.6108580000
20258.9003900000 -3.5097040000 3.6097640000
20262.1992200000 -3.4962890000 3.6086710000
20265.5000000000 -3.4830370000 3.6075780000
20268.8007800000 -3.4699360000 3.6064850000
20272.0996100000 -3.4569990000 3.6053940000
20275.4003900000 -3.4442120000 3.6043030000
20278.8007800000 -3.4311890000 3.6031790000
20282.0996100000 -3.4187070000 3.6020900000
20285.4003900000 -3.4063520000 3.6010010000
20288.6992200000 -3.3941420000 3.5999130000
20292.0000000000 -3.3820660000 3.5988250000
20295.4003900000 -3.3697590000 3.5977050000
20298.6992200000 -3.3579550000 3.5966190000
20302.0000000000 -3.3462630000 3.5955330000
20305.3007800000 -3.3346960000 3.5944480000
20308.6992200000 -3.3229200000 3.5933310000
20312.0000000000 -3.3115950000 3.5922470000
20315.3007800000 -3.3003920000 3.5911640000
20318.5996100000 -3.2893030000 3.5900820000
20322.0000000000 -3.2779900000 3.5889670000
20325.3007800000 -3.2671240000 3.5878860000
20328.5996100000 -3.2563650000 3.5868060000
20332.0000000000 -3.2453850000 3.5856930000
20335.3007800000 -3.2348360000 3.5846140000
20338.5996100000 -3.2243870000 3.5835360000
20342.0000000000 -3.2137270000 3.5824260000
20345.3007800000 -3.2034710000 3.5813480000
20348.6992200000 -3.1930110000 3.5802400000
20352.0000000000 -3.1829510000 3.5791640000
20355.3007800000 -3.1729770000 3.5780880000
20358.6992200000 -3.1628030000 3.5769820000
20362.0000000000 -3.1530150000 3.5759080000
20365.4003900000 -3.1430180000 3.5748020000
20368.6992200000 -3.1334040000 3.5737300000
20372.0996100000 -3.1235880000 3.5726250000
20375.4003900000 -3.1141370000 3.5715540000
20378.8007800000 -3.1044860000 3.5704510000
20382.0996100000 -3.0952070000 3.5693810000
20385.5000000000 -3.0857200000 3.5682790000
20388.8007800000 -3.0765870000 3.5672100000
20392.1992200000 -3.0672700000 3.5661110000
20395.5000000000 -3.0582880000 3.5650430000
20398.9003900000 -3.0491130000 3.5639440000
20402.1992200000 -3.0402890000 3.5628790000
20405.5996100000 -3.0312620000 3.5617810000
20408.9003900000 -3.0225690000 3.5607150000
20412.3007800000 -3.0136920000 3.5596190000
20415.6992200000 -3.0048850000 3.5585240000
20419.0000000000 -2.9963970000 3.5574610000
20422.4003900000 -2.9877270000 3.5563670000
20425.8007800000 -2.9791210000 3.5552730000
20429.0996100000 -2.9708340000 3.5542130000
20432.5000000000 -2.9623580000 3.5531200000
20435.9003900000 -2.9539510000 3.5520290000
20439.1992200000 -2.9458510000 3.5509700000
20442.5996100000 -2.9375650000 3.5498790000
20446.0000000000 -2.9293450000 3.5487900000
20449.3007800000 -2.9214190000 3.5477330000
20452.6992200000 -2.9133180000 3.5466450000
20456.0996100000 -2.9052720000 3.5455570000
20459.5000000000 -2.8972900000 3.5444700000
20471.7539100000 -2.8689800000 3.5405580000
20872.0273400000 -2.2053170000 3.4173960000
21280.1289100000 -1.7923570000 3.3004830000
21696.2070300000 -1.4950620000 3.1894690000
22120.4238300000 -1.2655060000 3.0840260000
22552.9335900000 -1.0807650000 2.9838510000
22993.8984400000 -0.9279380000 2.8886540000
23443.4882800000 -0.7989740000 2.7981700000
23901.8671900000 -0.6884700000 2.7121470000
24369.2070300000 -0.5925950000 2.6303500000
24845.6875000000 -0.5085210000 2.5525580000
25331.4824200000 -0.4340850000 2.4785670000
25826.7753900000 -0.3675860000 2.4081810000
26331.7539100000 -0.2568410000 2.3347540000
26846.6054700000 -0.1999920000 2.2603520000
27371.5234400000 -0.1491060000 2.1881830000
27906.7070300000 -0.1035460000 2.1180920000
28452.3515600000 -0.0627050000 2.0500270000
29008.6660200000 -0.0261360000 1.9839360000
29575.8593800000 0.0066080000 1.9197680000
30154.1406300000 0.0358980000 1.8574770000
30743.7304700000 0.0620600000 1.7970120000
31344.8476600000 0.0853810000 1.7383280000
31957.7168000000 0.1061140000 1.6813780000
32582.5703100000 0.1244870000 1.6261180000
33219.6406300000 0.1407020000 1.5725030000
33869.1679700000 0.1549420000 1.5204900000
34531.3945300000 0.1673710000 1.4700370000
35206.5703100000 0.1781370000 1.4211040000
35894.9492200000 0.1873770000 1.3736480000
36596.7851600000 0.1952140000 1.3276330000
37312.3437500000 0.2017600000 1.2830180000
38041.8906300000 0.2071180000 1.2397670000
38785.7070300000 0.2113840000 1.1978420000
39544.0625000000 0.2146430000 1.1572070000
40317.2500000000 0.2142590000 1.1179460000
41105.5546900000 0.2157000000 1.0800810000
41909.2695300000 0.2163820000 1.0434100000
42728.6992200000 0.2163680000 1.0078970000
43564.1523400000 0.2157170000 0.9735090000
44415.9414100000 0.2144820000 0.9402120000
45284.3867200000 0.2127120000 0.9079760000
46169.8085900000 0.2104550000 0.8767700000
47072.5429700000 0.2077520000 0.8465620000
47992.9296900000 0.2046440000 0.8173250000
48931.3125000000 0.2011670000 0.7890280000
49888.0429700000 0.1973560000 0.7616450000
50863.4765600000 0.1932420000 0.7351490000
51857.9843800000 0.1888550000 0.7095120000
52871.9375000000 0.1842230000 0.6847100000
53905.7187500000 0.1792010000 0.6607170000
54959.7109400000 0.1741560000 0.6375130000
56034.3085900000 0.1687630000 0.6150700000
57129.9218800000 0.1633930000 0.5933690000
58246.9531300000 0.1578910000 0.5723840000
59385.8281300000 0.1522710000 0.5520920000
60546.9687500000 0.1465520000 0.5324730000
61730.8125000000 0.1401600000 0.5135140000
62937.8046900000 0.1342880000 0.4951930000
64168.3984400000 0.1283590000 0.4774840000
65423.0507800000 0.1223840000 0.4603690000
66702.2343800000 0.1163750000 0.4438280000
68006.4296900000 0.1103390000 0.4278450000
69336.1250000000 0.1042870000 0.4124010000
70691.8203100000 0.0982250000 0.3974800000
72074.0234400000 0.0921580000 0.3830660000
73483.2500000000 0.0860910000 0.3691420000
74920.0312500000 0.0800260000 0.3556930000
76384.9062500000 0.0739570000 0.3427040000
77878.4218800000 0.0678750000 0.3301610000
79401.1406300000 0.0617540000 0.3180480000
80953.6328100000 0.0558090000 0.3064160000
82536.4765600000 0.0500570000 0.2952260000
84150.2734400000 0.0443640000 0.2844250000
85795.6250000000 0.0387330000 0.2740000000
87473.1406300000 0.0326270000 0.2639540000
89183.4609400000 0.0270340000 0.2542840000
90927.2187500000 0.0215230000 0.2449640000
92705.0781300000 0.0160950000 0.2359810000
94517.6953100000 0.0107510000 0.2273240000
96365.7500000000 0.0054940000 0.2189810000
98249.9453100000 0.0003250000 0.2109400000
100170.9766000000 -0.0047550000 0.2031900000
102129.5703000000 -0.0097460000 0.1957220000
104126.4609000000 -0.0146450000 0.1885250000
106162.3906000000 -0.0194530000 0.1815890000
108238.1328000000 -0.0241690000 0.1749050000
110354.4609000000 -0.0287940000 0.1684650000
112512.1641000000 -0.0333270000 0.1622580000
114712.0547000000 -0.0377690000 0.1562770000
116954.9688000000 -0.0421190000 0.1505140000
119241.7266000000 -0.0463790000 0.1449610000
121573.2031000000 -0.0505480000 0.1396100000
123950.2656000000 -0.0546280000 0.1344540000
126373.8047000000 -0.0586190000 0.1294870000
128844.7266000000 -0.0625220000 0.1247000000
131363.9688000000 -0.0663370000 0.1200880000
133932.4531000000 -0.0700670000 0.1156450000
136551.1719000000 -0.0737110000 0.1113640000
139221.0938000000 -0.0772710000 0.1072400000
141943.2188000000 -0.0807480000 0.1032660000
144718.5625000000 -0.0841430000 0.0994380000
147548.1719000000 -0.0874580000 0.0957500000
150433.1094000000 -0.0906930000 0.0921970000
153374.4531000000 -0.0938490000 0.0887740000
156373.2969000000 -0.0969290000 0.0854770000
159430.7969000000 -0.0999330000 0.0823000000
162548.0625000000 -0.1028630000 0.0792400000
165726.2813000000 -0.1057200000 0.0762930000
168966.6406000000 -0.1085040000 0.0734540000
172270.3750000000 -0.1112190000 0.0707190000
175638.6875000000 -0.1138640000 0.0680850000
179072.8594000000 -0.1164420000 0.0655470000
182574.1875000000 -0.1189530000 0.0631040000
186143.9688000000 -0.1213990000 0.0607500000
189783.5469000000 -0.1237810000 0.0584820000
193494.2969000000 -0.1261010000 0.0562990000
197277.5938000000 -0.1283590000 0.0541960000
201134.8594000000 -0.1305580000 0.0521700000
205067.5469000000 -0.1326980000 0.0502200000
209077.1406000000 -0.1347810000 0.0483410000
213165.1250000000 -0.1368080000 0.0465320000
217333.0313000000 -0.1387800000 0.0447890000
221582.4375000000 -0.1406980000 0.0431110000
225914.9219000000 -0.1425640000 0.0414960000
230332.1250000000 -0.1443790000 0.0399400000
234835.7031000000 -0.1461440000 0.0384410000
239427.3281000000 -0.1478610000 0.0369990000
244108.7344000000 -0.1495290000 0.0356090000
248881.6719000000 -0.1511520000 0.0342720000
253747.9219000000 -0.1527290000 0.0329840000
258709.3281000000 -0.1542610000 0.0317430000
263767.7500000000 -0.1557510000 0.0305490000
268925.0625000000 -0.1571980000 0.0293990000
274183.2188000000 -0.1586050000 0.0282920000
279544.1875000000 -0.1599710000 0.0272270000
285010.0000000000 -0.1612980000 0.0262010000
290582.6563000000 -0.1625880000 0.0252130000
296264.2500000000 -0.1638400000 0.0242620000
302056.9688000000 -0.1650560000 0.0233460000
307962.9375000000 -0.1662370000 0.0224650000
313984.3750000000 -0.1673830000 0.0216160000
320123.5625000000 -0.1684970000 0.0207990000
326382.7813000000 -0.1695780000 0.0200130000
332764.3750000000 -0.1706270000 0.0192560000
339270.7500000000 -0.1716450000 0.0185270000
345904.3438000000 -0.1726330000 0.0178260000
352667.6563000000 -0.1735920000 0.0171510000
359563.1875000000 -0.1745230000 0.0165010000
366593.5625000000 -0.1754260000 0.0158760000
373761.3750000000 -0.1763020000 0.0152740000
381069.3438000000 -0.1771520000 0.0146940000
388520.2188000000 -0.1779770000 0.0141360000
396116.7500000000 -0.1787770000 0.0136000000
403861.8125000000 -0.1795530000 0.0130830000
411758.3438000000 -0.1803050000 0.0125860000
419809.2500000000 -0.1810340000 0.0121070000
428017.5625000000 -0.1817420000 0.0116470000
436386.3750000000 -0.1824280000 0.0112040000
444918.8125000000 -0.1830930000 0.0107770000
453618.0938000000 -0.1837380000 0.0103670000
462487.4688000000 -0.1843630000 0.0099720000
471530.2500000000 -0.1849680000 0.0095920000
480749.8438000000 -0.1855560000 0.0092260000
490149.7188000000 -0.1861250000 0.0088740000
499733.3750000000 -0.1866760000 0.0085360000
509504.4063000000 -0.1872110000 0.0082100000
519466.5000000000 -0.1877280000 0.0078960000
529623.3750000000 -0.1882300000 0.0075950000
539978.8125000000 -0.1887160000 0.0073040000
550536.7500000000 -0.1891870000 0.0070250000
561301.1250000000 -0.1896430000 0.0067560000
572276.0000000000 -0.1900850000 0.0064980000
583465.4375000000 -0.1905130000 0.0062490000
594873.6250000000 -0.1909270000 0.0060100000
606504.8750000000 -0.1913290000 0.0057800000
618363.5625000000 -0.1917170000 0.0055580000
630454.1250000000 -0.1920940000 0.0053450000
642781.1250000000 -0.1924580000 0.0051400000
655349.0625000000 -0.1928110000 0.0049430000
668162.8125000000 -0.1931520000 0.0047530000
681227.0625000000 -0.1934830000 0.0045710000
694546.7500000000 -0.1938030000 0.0043950000
