30.0000000000 -50.6904340000 5.0699950000
30.5865750000 -50.8714600000 5.6158860000
31.1846200000 -51.0270960000 6.1969300000
31.7943570000 -51.1529580000 6.8121220000
32.4160160000 -51.2446400000 7.4599440000
33.0498310000 -51.2977750000 8.1383510000
33.6960370000 -51.3080900000 8.8447280000
34.3548770000 -51.2714810000 9.5759120000
35.0266040000 -51.1840710000 0.3281740000
35.7114600000 -51.0423090000 1.0972230000
36.4097100000 -50.8430370000 1.8782580000
37.1216090000 -50.5835690000 2.6659750000
37.8474310000 -50.2617490000 3.4546400000
38.5874440000 -49.8760530000 4.2381390000
39.3419230000 -49.4256170000 5.0100390000
40.1111560000 -48.9103320000 5.7637000000
40.8954320000 -48.3307080000 6.4923310000
41.6950380000 -47.6883430000 7.1891140000
42.5102810000 -46.9853820000 7.8473070000
43.3414650000 -46.2248760000 8.4603350000
44.1888960000 -45.4106750000 9.0219040000
45.0529020000 -44.5473520000 9.5261340000
45.9338000000 -43.6402320000 9.9676150000
46.8319210000 -42.6952670000 0.3415430000
47.7476010000 -41.7189940000 0.6437850000
48.6811870000 -40.7184220000 0.8709660000
49.6330260000 -39.7009540000 1.0205250000
50.6034740000 -38.6742670000 1.0907690000
51.5928990000 -37.6461980000 1.0808980000
52.6016690000 -36.6246190000 0.9910260000
53.6301650000 -35.6173400000 0.8221740000
54.6787680000 -34.6319810000 0.5762620000
55.7478750000 -33.6758350000 0.2560500000
56.8378870000 -32.7557980000 9.8651120000
57.9492070000 -31.8782630000 9.4077550000
59.0822600000 -31.0490260000 8.8889410000
60.2374690000 -30.2732160000 8.3141990000
61.4152600000 -29.5552520000 7.6895330000
62.6160810000 -28.8987920000 7.0213070000
63.8403850000 -28.3067040000 6.3161450000
65.0886230000 -27.7810760000 5.5808220000
66.3612670000 -27.3232120000 4.8221600000
67.6587980000 -26.9336550000 4.0469060000
68.9816970000 -26.6122490000 3.2616670000
70.3304600000 -26.3581790000 2.4728050000
71.7055970000 -26.1700440000 1.6863330000
73.1076200000 -26.0459580000 0.9078880000
74.5370640000 -25.9836440000 0.1426530000
75.9944460000 -25.9805760000 9.3953080000
77.4803310000 -26.0341150000 8.6699940000
78.9952620000 -26.1417200000 7.9703090000
80.5398180000 -26.3012120000 7.2992840000
82.1145710000 -26.5111690000 6.6593790000
83.7201160000 -26.7715400000 6.0525150000
85.3570560000 -27.0847590000 5.4800780000
87.0260010000 -27.4578800000 4.9429510000
88.7275770000 -29.1538720000 5.9327560000
90.4624250000 -28.1078720000 5.4233580000
92.2311940000 -28.0523820000 4.9517930000
94.0345380000 -28.1417680000 4.5171810000
95.8731540000 -33.4858700000 4.1592030000
97.7477110000 -33.4313930000 4.0556780000
99.6589200000 -33.3986660000 3.9574850000
101.6075060000 -33.3813590000 3.8643540000
103.5941850000 -33.3756370000 3.7760310000
105.6197130000 -33.3790130000 3.6922810000
107.6848450000 -33.3897900000 3.6128820000
109.7903520000 -33.4067880000 3.5376290000
111.9370270000 -33.4291800000 3.4663290000
114.1256790000 -33.4564020000 3.3988000000
116.3571170000 -33.4880870000 3.3348740000
118.6321950000 -33.5240590000 3.2743930000
120.9517520000 -33.5643120000 3.2172100000
123.3166580000 -33.6090390000 3.1631870000
125.7278060000 -33.6586950000 3.1121950000
128.1860960000 -33.7140730000 3.0641150000
130.6924590000 -33.7765460000 3.0188330000
133.2478330000 -33.8484570000 2.9762460000
135.8531490000 -33.9340360000 2.9362570000
138.5094300000 -34.0258600000 3.2047790000
141.2176360000 -33.9884380000 3.1759970000
143.9787900000 -33.9888040000 3.1495430000
146.7939300000 -34.0033110000 3.1253360000
149.6641240000 -34.0256960000 3.1033060000
152.5904390000 -34.0533180000 3.0833830000
155.5739590000 -34.0849460000 3.0655060000
158.6158140000 -34.1198350000 3.0496180000
161.7171480000 -34.1575580000 3.0356660000
164.8791350000 -34.1978650000 3.0236010000
168.1029360000 -34.2405930000 3.0133790000
171.3897710000 -34.2856670000 3.0049600000
174.7408600000 -34.3330570000 2.9983090000
178.1574860000 -34.3827590000 2.9933950000
181.6409150000 -34.4348180000 2.9901890000
185.1924440000 -34.4892850000 2.9886680000
188.8134160000 -34.5462460000 2.9888130000
192.5051880000 -34.6057930000 2.9906060000
196.2691500000 -34.6680450000 2.9940360000
200.1067050000 -34.7331350000 2.9990950000
204.0192870000 -34.8012080000 3.0057770000
208.0083770000 -34.8724250000 3.0140830000
212.0754700000 -34.9469720000 3.0240150000
216.2220760000 -35.0250400000 3.0355810000
220.4497530000 -35.1068420000 3.0487910000
224.7601010000 -35.1926190000 3.0636610000
229.1547240000 -35.2826160000 3.0802090000
233.6352690000 -35.3771130000 3.0984610000
238.2034300000 -35.4764100000 3.1184440000
242.8609010000 -35.5808300000 3.1401900000
247.6094360000 -35.6907270000 3.1637360000
252.4508210000 -35.8064920000 3.1891260000
257.3868710000 -35.9285390000 3.2164060000
262.4194340000 -36.0573350000 3.2456290000
267.5503850000 -36.1933820000 3.2768530000
272.7816770000 -36.3372420000 3.3101420000
278.1152340000 -36.4895290000 3.3455650000
283.5530700000 -36.6509170000 3.3832000000
289.0972600000 -36.8221660000 3.4231300000
294.7498170000 -37.0041200000 3.4654440000
300.5129390000 -37.1977120000 3.5102400000
306.3887020000 -37.4039990000 3.5576240000
312.3793640000 -37.6241760000 3.6077100000
318.4871830000 -37.8595960000 3.6606210000
324.7143860000 -38.1117940000 3.7164890000
331.0633850000 -38.3825420000 3.7754570000
337.5364990000 -38.6738660000 3.8376770000
344.1361690000 -38.9881320000 3.9033130000
350.8648990000 -39.3281020000 3.9725440000
357.7251890000 -39.0423390000 4.0287110000
364.7196040000 -39.4168780000 4.0687890000
371.8508000000 -39.8291780000 4.1102700000
379.1213990000 -40.2849310000 4.1532390000
386.5341800000 -40.7910960000 4.1977930000
394.0918880000 -41.3562930000 4.2440290000
401.7973630000 -41.9913410000 4.2920560000
409.6535340000 -42.7100410000 4.3419900000
417.6632690000 -43.5302890000 4.3939510000
425.8296200000 -44.4758070000 4.4480720000
434.1556700000 -45.5787620000 4.5044930000
442.6445010000 -46.8839530000 4.5633630000
451.2993160000 -45.0165180000 4.5959810000
460.1233520000 -46.8768310000 4.5569810000
469.1199040000 -49.2522510000 4.5169860000
478.2923890000 -52.3965840000 4.4760290000
487.6441960000 -63.6376150000 4.4010960000
497.1788640000 -58.8738480000 7.2955400000
506.8999330000 -49.1739810000 6.6143230000
516.8110960000 -43.9661520000 5.9366230000
526.9160770000 -40.2713810000 5.2626990000
537.2185670000 -37.3845790000 4.5928270000
547.7225340000 -35.0544400000 3.9276080000
558.4318850000 -33.0445440000 3.2688520000
569.3506470000 -31.3068920000 2.6149140000
580.4828490000 -29.7844600000 1.9660280000
591.8327640000 -28.4389380000 1.3223970000
603.4046020000 -27.2438240000 0.6842330000
615.2026370000 -26.1805730000 0.0517290000
627.2313840000 -25.2365000000 9.4250850000
639.4953610000 -24.4036560000 8.8044660000
651.9990840000 -23.6785340000 8.1900630000
664.7473140000 -23.0623720000 7.5820270000
677.7447510000 -22.5625420000 6.9805240000
690.9963990000 -22.1955510000 6.3856960000
704.5070800000 -21.9936470000 5.7976910000
718.2819820000 -23.2887310000 8.6191980000
732.3261720000 -21.1493300000 8.0495300000
746.6450200000 -20.1139910000 7.4855880000
761.2437740000 -19.8717170000 8.3829350000
776.1279910000 -18.4163650000 7.8387430000
791.3032230000 -17.4409410000 7.2998560000
806.7752080000 -16.6340390000 6.7663460000
822.5496830000 -15.9348980000 6.2382910000
838.6325680000 -15.3206440000 5.7157540000
855.0299680000 -14.7828030000 5.1987990000
871.7479250000 -14.3227540000 4.6874830000
888.7927860000 -14.3445210000 5.2726650000
906.1708980000 -13.3025520000 4.7715570000
923.8888550000 -12.6105330000 4.2758350000
941.9531860000 -12.0206610000 3.7855490000
960.3707280000 -11.4908110000 3.3007370000
979.1483760000 -11.0047650000 2.8214400000
998.2931520000 -10.5540920000 2.3476920000
1017.8123170000 -10.1272160000 1.8754770000
1037.7131350000 -9.7269710000 1.4077950000
1058.0029300000 -9.3513990000 0.9451180000
1078.6895750000 -8.9984740000 0.4875490000
1099.7806400000 -8.6665570000 0.0351850000
1121.2841800000 -8.3542800000 9.5881230000
1143.2080080000 -8.0604700000 9.1464460000
1165.5606690000 -7.7841060000 8.7102360000
1188.3502200000 -7.5242950000 8.2795730000
1211.5854490000 -7.2957030000 7.8547940000
1235.2750240000 -7.0681420000 7.4370840000
1259.4277340000 -6.8548020000 7.0253720000
1284.0527340000 -6.6691060000 6.6200180000
1309.1591800000 -6.4834180000 6.2219090000
1334.7564700000 -6.3100810000 5.8300870000
1360.8542480000 -6.1485790000 5.4445730000
1387.4624020000 -5.9984280000 5.0653790000
1414.5908200000 -5.8591730000 4.6925110000
1442.2495120000 -5.7303900000 4.3259730000
1470.4492190000 -5.6116780000 3.9657590000
1499.2000730000 -5.5202280000 3.6121960000
1528.5131840000 -5.4213180000 3.2663980000
1558.3995360000 -5.3312810000 2.9270110000
1588.8701170000 -5.2497970000 2.5940110000
1619.9365230000 -5.1765610000 2.2673660000
1651.6103520000 -5.1112900000 1.9470390000
1683.9034420000 -5.0707260000 1.6333030000
1716.8280030000 -5.0209440000 1.3260070000
1750.3962400000 -4.9783360000 1.0249200000
1784.6208500000 -4.9426870000 0.7299920000
1819.5146480000 -4.9137930000 0.4411680000
1855.0908200000 -4.8914690000 0.1583900000
1891.3624270000 -4.8755470000 9.8816020000
1928.3432620000 -4.8658740000 9.6107420000
1966.0472410000 -4.9315840000 9.3483650000
2004.4884030000 -4.9840930000 9.0949750000
2043.6811520000 -4.9910530000 8.8476640000
2083.6401370000 -5.0035120000 8.6058300000
2124.3806150000 -5.0214310000 8.3693880000
2165.9174800000 -5.0447930000 8.1382540000
2208.2666020000 -5.0736060000 7.9123430000
2251.4438480000 -5.1079020000 7.6915690000
2295.4653320000 -5.1477410000 7.4758520000
2340.3474120000 -5.1932140000 7.2651060000
2386.1069340000 -5.2444460000 7.0592510000
2432.7612300000 -5.3016020000 6.8582020000
2480.3278810000 -5.3648910000 6.6618780000
2528.8244630000 -5.4345740000 6.4701980000
2578.2692870000 -5.5153120000 6.2831210000
2628.6809080000 -5.5988450000 6.1006160000
2680.0783690000 -5.6899630000 5.9225160000
2732.4804690000 -5.7892620000 5.7487430000
2785.9074710000 -5.8974870000 5.5792180000
2840.3789060000 -6.0156150000 5.4138660000
2895.9152830000 -6.1874740000 5.2541620000
2952.5378420000 -6.3313540000 5.0991750000
3010.2673340000 -6.5020880000 4.9487180000
3069.1254880000 -6.6696310000 4.8049640000
3129.1347660000 -6.8538570000 4.6650610000
3190.3171390000 -7.0577180000 4.5289160000
3252.6958010000 -7.2849610000 4.3964380000
3316.2941890000 -7.5405520000 4.2675360000
3381.1359860000 -7.8312580000 4.1421240000
3447.2456050000 -8.1666170000 4.0201140000
3514.6479490000 -8.5606780000 3.9014250000
3583.3681640000 -9.0364230000 3.7860110000
3653.4318850000 -9.6290650000 3.6737800000
3724.8657230000 -10.4108970000 3.5646360000
3797.6960450000 -11.5503790000 3.4585030000
3871.9506840000 -13.6683130000 3.3553040000
3911.3000490000 -16.6058080000 3.3025570000
3911.4199220000 -16.6228810000 3.3023980000
3911.5500490000 -16.6415480000 3.3022260000
3911.6699220000 -16.6588690000 3.3020670000
3911.8000490000 -16.6778070000 3.3018950000
3911.9199220000 -16.6953490000 3.3017370000
3912.0400390000 -16.7130830000 3.3015780000
3912.1699220000 -16.7324050000 3.3014060000
3912.2900390000 -16.7504080000 3.3012470000
3912.4099120000 -16.7685050000 3.3010880000
3912.5400390000 -16.7882630000 3.3009160000
3912.6599120000 -16.8066410000 3.3007570000
3912.7800290000 -16.8251900000 3.3005980000
3912.9099120000 -16.8454040000 3.3004260000
3913.0300290000 -16.8642460000 3.3002680000
3913.1499020000 -16.8831560000 3.3001090000
3913.2800290000 -16.9038890000 3.2999370000
3913.3999020000 -16.9231410000 3.2997790000
3913.5200200000 -16.9425830000 3.2996200000
3913.6499020000 -16.9637390000 3.2994480000
3913.7700200000 -16.9835030000 3.2992890000
3913.8898930000 -17.0033860000 3.2991310000
3914.0200200000 -17.0251480000 3.2989590000
3914.1398930000 -17.0453660000 3.2988000000
3914.2700200000 -17.0674610000 3.2986290000
3914.3898930000 -17.0880280000 3.2984700000
3914.5100100000 -17.1088070000 3.2983110000
3914.6398930000 -17.1314750000 3.2981400000
3914.7600100000 -17.1526220000 3.2979810000
3914.8798830000 -17.1738660000 3.2978230000
3915.0100100000 -17.1971820000 3.2976510000
3915.1298830000 -17.2188550000 3.2974930000
3915.2500000000 -17.2407630000 3.2973340000
3915.3798830000 -17.2646710000 3.2971620000
3915.5000000000 -17.2869430000 3.2970040000
3915.6201170000 -17.3094620000 3.2968450000
3915.7500000000 -17.3340450000 3.2966740000
3915.8701170000 -17.3569970000 3.2965150000
3916.0000000000 -17.3820100000 3.2963440000
3916.1201170000 -17.4054110000 3.2961850000
3916.2399900000 -17.4289880000 3.2960270000
3916.3701170000 -17.4548340000 3.2958550000
3916.4899900000 -17.4788880000 3.2956970000
3916.6101070000 -17.5031740000 3.2955380000
3916.7399900000 -17.5297600000 3.2953670000
3916.8601070000 -17.5546020000 3.2952080000
3916.9899900000 -17.5817470000 3.2950370000
3917.1101070000 -17.6071190000 3.2948780000
3917.2299800000 -17.6326470000 3.2947210000
3917.3601070000 -17.6607150000 3.2945490000
3917.4799800000 -17.6868570000 3.2943910000
3917.6000980000 -17.7133310000 3.2942320000
3917.7299800000 -17.7422770000 3.2940610000
3917.8500980000 -17.7692970000 3.2939030000
3917.9799800000 -17.7989080000 3.2937320000
3918.1000980000 -17.8266110000 3.2935730000
3918.2199710000 -17.8545680000 3.2934150000
3918.3500980000 -17.8852200000 3.2932440000
3918.4699710000 -17.9138510000 3.2930860000
3918.5900880000 -17.9428710000 3.2929270000
3918.7199710000 -17.9746420000 3.2927560000
3918.8400880000 -18.0043870000 3.2925980000
3918.9699710000 -18.0368980000 3.2924270000
3919.0900880000 -18.0674040000 3.2922690000
3919.2099610000 -18.0982280000 3.2921100000
3919.3400880000 -18.1321260000 3.2919390000
3919.4599610000 -18.1637710000 3.2917810000
3919.5900880000 -18.1985170000 3.2916100000
3919.7099610000 -18.2310240000 3.2914520000
3919.8300780000 -18.2640290000 3.2912940000
3919.9599610000 -18.3002200000 3.2911230000
3920.0800780000 -18.3341640000 3.2909640000
3920.2099610000 -18.3713320000 3.2907940000
3920.3300780000 -18.4062710000 3.2906350000
3920.4499510000 -18.4416370000 3.2904780000
3920.5800780000 -18.4806060000 3.2903060000
3920.6999510000 -18.5169850000 3.2901490000
3920.8300780000 -18.5571650000 3.2899770000
3920.9499510000 -18.5947670000 3.2898190000
3921.0700680000 -18.6330240000 3.2896610000
3921.1999510000 -18.6750680000 3.2894900000
3921.3200680000 -18.7145160000 3.2893330000
3921.4499510000 -18.7579770000 3.2891620000
3921.5700680000 -18.7988570000 3.2890040000
3921.6899410000 -18.8403400000 3.2888460000
3921.8200680000 -18.8861680000 3.2886750000
3921.9399410000 -18.9290640000 3.2885170000
3922.0700680000 -18.9765780000 3.2883460000
3922.1899410000 -19.0211720000 3.2881880000
3922.3100590000 -19.0666710000 3.2880300000
3922.4399410000 -19.1168310000 3.2878590000
3922.5600590000 -19.1640430000 3.2877020000
3922.6899410000 -19.2162320000 3.2875310000
3922.8100590000 -19.2654950000 3.2873730000
3922.9299320000 -19.3156550000 3.2872150000
3923.0600590000 -19.3711720000 3.2870450000
3923.1799320000 -19.4235380000 3.2868870000
3923.3100590000 -19.4816630000 3.2867160000
3923.4299320000 -19.5364420000 3.2865580000
3923.5600590000 -19.5973070000 3.2863870000
3923.6799320000 -19.6546170000 3.2862300000
3923.8000490000 -19.7135200000 3.2860720000
3923.9299320000 -19.7788310000 3.2859020000
3924.0500490000 -19.8407970000 3.2857440000
3924.1799320000 -19.9095970000 3.2855730000
3924.3000490000 -19.9748340000 3.2854160000
3924.4199220000 -20.0418340000 3.2852580000
3924.5500490000 -20.1166730000 3.2850870000
3924.6699220000 -20.1876740000 3.2849300000
3924.8000490000 -20.2671180000 3.2847590000
3924.9199220000 -20.3424800000 3.2846020000
3925.0500490000 -20.4271320000 3.2844310000
3925.1699220000 -20.5077610000 3.2842730000
3925.2900390000 -20.5912700000 3.2841160000
3925.4199220000 -20.6846790000 3.2839460000
3925.5400390000 -20.7744770000 3.2837880000
3925.6699220000 -20.8753870000 3.2836170000
3925.7900390000 -20.9725070000 3.2834600000
3925.9199220000 -21.0819930000 3.2832890000
3926.0400390000 -21.1875210000 3.2831320000
3926.1599120000 -21.2977410000 3.2829740000
3926.2900390000 -21.4232030000 3.2828040000
3926.4099120000 -21.5446830000 3.2826470000
3926.5400390000 -21.6836570000 3.2824760000
3926.6599120000 -21.8186890000 3.2823190000
3926.7900390000 -21.9744170000 3.2821480000
3926.9099120000 -22.1270830000 3.2819910000
3927.0300290000 -22.2901020000 3.2818330000
3927.1599120000 -22.4793420000 3.2816630000
3927.2800290000 -22.6678140000 3.2815060000
3927.4099120000 -22.8896080000 3.2813360000
3927.5300290000 -23.1140160000 3.2811780000
3927.6599120000 -23.3819500000 3.2810080000
3927.7800290000 -23.6578710000 3.2808510000
3927.9099120000 -23.9961240000 3.2806800000
3928.0300290000 -24.3561480000 3.2805230000
3928.1499020000 -24.7764910000 3.2803660000
3928.2800290000 -25.3313100000 3.2801950000
3928.3999020000 -25.9809610000 3.2800390000
3928.5300290000 -26.9578910000 3.2798680000
3928.6499020000 -28.4157660000 3.2797110000
3928.7800290000 -33.4215130000 3.2795410000
3928.8999020000 -29.4815730000 1.1126590000
3929.0300290000 -27.4028610000 1.1118120000
3929.1499020000 -26.3550320000 1.1110300000
3929.2800290000 -25.5652390000 1.1101810000
3929.3999020000 -25.0083690000 1.1093990000
3929.5200200000 -24.5524230000 1.1086150000
3929.6499020000 -24.1387540000 1.1077700000
3929.7700200000 -23.8083460000 1.1069860000
3929.8999020000 -23.4942300000 1.1061400000
3930.0200200000 -23.2351340000 1.1053570000
3930.1499020000 -22.9826450000 1.1045120000
3930.2700200000 -22.7694760000 1.1037290000
3930.3999020000 -22.5577240000 1.1028830000
3930.5200200000 -22.3766630000 1.1021000000
3930.6499020000 -22.1945710000 1.1012540000
3930.7700200000 -22.0375080000 1.1004740000
3930.8898930000 -21.8897170000 1.0996930000
3931.0200200000 -21.7385860000 1.0988460000
3931.1398930000 -21.6069930000 1.0980660000
3931.2700200000 -21.4715650000 1.0972190000
3931.3898930000 -21.3531990000 1.0964410000
3931.5200200000 -21.2305070000 1.0955940000
3931.6398930000 -21.1225610000 1.0948150000
3931.7700200000 -21.0104220000 1.0939680000
3931.8898930000 -20.9113770000 1.0931890000
3932.0200200000 -20.8083040000 1.0923440000
3932.1398930000 -20.7167970000 1.0915650000
3932.2700200000 -20.6211110000 1.0907200000
3932.3898930000 -20.5360810000 1.0899410000
3932.5200200000 -20.4470980000 1.0890970000
3932.6398930000 -20.3676850000 1.0883180000
3932.7600100000 -20.2905620000 1.0875380000
3932.8898930000 -20.2097530000 1.0866950000
3933.0100100000 -20.1372740000 1.0859150000
3933.1398930000 -20.0613290000 1.0850730000
3933.2600100000 -19.9929640000 1.0842930000
3933.3898930000 -19.9210800000 1.0834510000
3933.5100100000 -19.8563900000 1.0826710000
3933.6398930000 -19.7882710000 1.0818290000
3933.7600100000 -19.7270030000 1.0810520000
3933.8898930000 -19.6622700000 1.0802090000
3934.0100100000 -19.6038610000 1.0794310000
3934.1398930000 -19.5421980000 1.0785880000
3934.2600100000 -19.4866030000 1.0778110000
3934.3898930000 -19.4277290000 1.0769690000
3934.5100100000 -19.3744910000 1.0761910000
3934.6398930000 -19.3181670000 1.0753500000
3934.7600100000 -19.2671850000 1.0745720000
3934.8898930000 -19.2133010000 1.0737310000
3935.0100100000 -19.1643920000 1.0729540000
3935.1398930000 -19.1125600000 1.0721130000
3935.2600100000 -19.0655650000 1.0713360000
3935.3898930000 -19.0157220000 1.0704950000
3935.5100100000 -18.9705850000 1.0697190000
3935.6398930000 -18.9225830000 1.0688790000
3935.7600100000 -18.8789980000 1.0681020000
3935.8898930000 -18.8327080000 1.0672620000
3936.0100100000 -18.7906510000 1.0664840000
3936.1398930000 -18.7460370000 1.0656460000
3936.2600100000 -18.7054000000 1.0648700000
3936.3898930000 -18.6621930000 1.0640310000
3936.5100100000 -18.6228890000 1.0632540000
3936.6398930000 -18.5811500000 1.0624160000
3936.7600100000 -18.5430930000 1.0616410000
3936.8898930000 -18.5025840000 1.0608020000
3937.0100100000 -18.4656980000 1.0600260000
3937.1398930000 -18.4264160000 1.0591870000
3937.2600100000 -18.3907030000 1.0584140000
3937.3898930000 -18.3525770000 1.0575740000
3937.5100100000 -18.3178310000 1.0567990000
3937.6398930000 -18.2807960000 1.0559620000
3937.7600100000 -18.2470300000 1.0551860000
3937.8898930000 -18.2110900000 1.0543500000
3938.0100100000 -18.1782490000 1.0535760000
3938.1398930000 -18.1432190000 1.0527370000
3938.2600100000 -18.1112580000 1.0519630000
3938.3898930000 -18.0772130000 1.0511270000
3938.5100100000 -18.0460820000 1.0503530000
3938.6398930000 -18.0128520000 1.0495160000
3938.7600100000 -17.9825120000 1.0487420000
3938.8898930000 -17.9501150000 1.0479050000
3939.0100100000 -17.9205840000 1.0471330000
3939.1398930000 -17.8889810000 1.0462960000
3939.2600100000 -17.8601070000 1.0455230000
3939.3898930000 -17.8292580000 1.0446870000
3939.5100100000 -17.8010670000 1.0439140000
3939.6398930000 -17.7709940000 1.0430790000
3939.7600100000 -17.7434540000 1.0423060000
3939.8898930000 -17.7140140000 1.0414710000
3940.0100100000 -17.6870980000 1.0406980000
3940.1398930000 -17.6583140000 1.0398630000
3940.2600100000 -17.6320440000 1.0390910000
3940.3898930000 -17.6038890000 1.0382570000
3940.5100100000 -17.5781360000 1.0374840000
3940.6398930000 -17.5505850000 1.0366500000
3940.7600100000 -17.5254270000 1.0358790000
3940.8898930000 -17.4984550000 1.0350450000
3941.0200200000 -17.4717240000 1.0342080000
3941.1398930000 -17.4473510000 1.0334390000
3941.2700200000 -17.4211640000 1.0326020000
3941.3898930000 -17.3973290000 1.0318350000
3941.5200200000 -17.3716660000 1.0309990000
3941.6398930000 -17.3482550000 1.0302300000
3941.7700200000 -17.3230930000 1.0293940000
3941.8898930000 -17.3001370000 1.0286250000
3942.0200200000 -17.2755030000 1.0277920000
3942.1398930000 -17.2529830000 1.0270220000
3942.2700200000 -17.2287690000 1.0261880000
3942.3898930000 -17.2066730000 1.0254190000
3942.5200200000 -17.1829510000 1.0245870000
3942.6398930000 -17.1612570000 1.0238180000
3942.7700200000 -17.1379240000 1.0229840000
3942.8999020000 -17.1148530000 1.0221520000
3943.0200200000 -17.0937080000 1.0213820000
3943.1499020000 -17.0710870000 1.0205520000
3943.2700200000 -17.0503140000 1.0197820000
3943.3999020000 -17.0280460000 1.0189500000
3943.5200200000 -17.0076310000 1.0181810000
3943.6499020000 -16.9857440000 1.0173490000
3943.7700200000 -16.9657170000 1.0165820000
3943.8999020000 -16.9442010000 1.0157510000
3944.0200200000 -16.9244690000 1.0149820000
3944.1499020000 -16.9033110000 1.0141520000
3944.2800290000 -16.8822940000 1.0133190000
3944.3999020000 -16.8631290000 1.0125530000
3944.5300290000 -16.8424510000 1.0117220000
3944.6499020000 -16.8235570000 1.0109550000
3944.7800290000 -16.8032110000 1.0101230000
3944.8999020000 -16.7846530000 1.0093580000
3945.0300290000 -16.7646260000 1.0085270000
3945.1499020000 -16.7463210000 1.0077610000
3945.2800290000 -16.7266040000 1.0069290000
3945.3999020000 -16.7085820000 1.0061640000
3945.5300290000 -16.6892030000 1.0053340000
3945.6599120000 -16.6699750000 1.0045050000
3945.7800290000 -16.6523280000 1.0037380000
3945.9099120000 -16.6333900000 1.0029090000
3946.0300290000 -16.6160050000 1.0021420000
3947.6569820000 -16.3921280000 0.9917760000
4024.8435060000 -12.6491680000 0.5242850000
4103.5390630000 -12.1523280000 0.0927950000
4138.4702150000 -12.9968770000 9.9144450000
4138.6098630000 -13.0048150000 9.9137470000
4138.7402340000 -13.0122830000 9.9130960000
4138.8798830000 -13.0203760000 9.9123990000
4139.0200200000 -13.0285790000 9.9116990000
4139.1601560000 -13.0368650000 9.9109990000
4139.2998050000 -13.0452090000 9.9103010000
4139.4301760000 -13.0530600000 9.9096520000
4139.5698240000 -13.0615700000 9.9089550000
4139.7099610000 -13.0701990000 9.9082560000
4139.8500980000 -13.0789180000 9.9075560000
4139.9902340000 -13.0877290000 9.9068570000
4140.1298830000 -13.0966050000 9.9061600000
4140.2597660000 -13.1049300000 9.9055130000
4140.3999020000 -13.1140200000 9.9048150000
4140.5400390000 -13.1232110000 9.9041160000
4140.6801760000 -13.1325020000 9.9034170000
4140.8198240000 -13.1418620000 9.9027200000
4140.9599610000 -13.1513270000 9.9020250000
4141.0898440000 -13.1602400000 9.9013770000
4141.2299800000 -13.1699440000 9.9006790000
4141.3701170000 -13.1797580000 9.8999810000
4141.5097660000 -13.1896150000 9.8992870000
4141.6499020000 -13.1996550000 9.8985890000
4141.7900390000 -13.2098110000 9.8978920000
4141.9199220000 -13.2193480000 9.8972430000
4142.0600590000 -13.2297350000 9.8965460000
4142.2001950000 -13.2402100000 9.8958510000
4142.3398440000 -13.2508100000 9.8951570000
4142.4799800000 -13.2615740000 9.8944600000
4142.6201170000 -13.2724690000 9.8937630000
4142.7500000000 -13.2826670000 9.8931180000
4142.8901370000 -13.2938220000 9.8924220000
4143.0297850000 -13.3050790000 9.8917270000
4143.1699220000 -13.3165140000 9.8910300000
4143.3100590000 -13.3280950000 9.8903340000
4143.4501950000 -13.3398260000 9.8896380000
4143.5800780000 -13.3508130000 9.8889940000
4143.7202150000 -13.3628380000 9.8882980000
4143.8598630000 -13.3749800000 9.8876050000
4144.0000000000 -13.3873240000 9.8869090000
4144.1401370000 -13.3998360000 9.8862130000
4144.2797850000 -13.4124730000 9.8855200000
4144.4199220000 -13.4253250000 9.8848250000
4144.5498050000 -13.4373760000 9.8841810000
4144.6899410000 -13.4505760000 9.8834860000
4144.8300780000 -13.4639620000 9.8827910000
4144.9702150000 -13.4775380000 9.8820950000
4145.1098630000 -13.4912170000 9.8814060000
4145.2500000000 -13.5051890000 9.8807110000
4145.3901370000 -13.5193670000 9.8800160000
4145.5200200000 -13.5327220000 9.8793720000
4145.6601560000 -13.5472620000 9.8786790000
4145.7998050000 -13.5620230000 9.8779880000
4145.9399410000 -13.5770630000 9.8772940000
4146.0800780000 -13.5923380000 9.8765990000
4146.2202150000 -13.6078540000 9.8759060000
4146.3598630000 -13.6235640000 9.8752150000
4146.4902340000 -13.6384290000 9.8745700000
4146.6298830000 -13.6546350000 9.8738780000
4146.7700200000 -13.6711660000 9.8731850000
4146.9101560000 -13.6879760000 9.8724920000
4147.0498050000 -13.7050140000 9.8718010000
4147.1899410000 -13.7224040000 9.8711080000
4147.3300780000 -13.7401010000 9.8704160000
4147.4702150000 -13.7580490000 9.8697250000
4147.6000980000 -13.7750630000 9.8690810000
4147.7402340000 -13.7937090000 9.8683890000
4147.8798830000 -13.8126350000 9.8676990000
4148.0200200000 -13.8319190000 9.8670090000
4148.1601560000 -13.8516370000 9.8663170000
4148.2998050000 -13.8716700000 9.8656270000
4148.4399410000 -13.8921680000 9.8649350000
4148.5800780000 -13.9130790000 9.8642430000
4148.7099610000 -13.9328060000 9.8636030000
4148.8500980000 -13.9545550000 9.8629110000
4148.9902340000 -13.9767640000 9.8622200000
4149.1298830000 -13.9993730000 9.8615300000
4149.2700200000 -14.0225560000 9.8608400000
4149.4101560000 -14.0462590000 9.8601480000
4149.5498050000 -14.0704170000 9.8594600000
4149.6899410000 -14.0952220000 9.8587680000
4149.8300780000 -14.1205270000 9.8580800000
4149.9599610000 -14.1446540000 9.8574390000
4150.1000980000 -14.1712560000 9.8567490000
4150.2402340000 -14.1985290000 9.8560580000
4150.3798830000 -14.2263150000 9.8553720000
4150.5200200000 -14.2550270000 9.8546820000
4150.6601560000 -14.2845140000 9.8539920000
4150.7998050000 -14.3147150000 9.8533040000
4150.9399410000 -14.3458780000 9.8526140000
4151.0800780000 -14.3779480000 9.8519240000
4151.2202150000 -14.4109780000 9.8512340000
4151.3500980000 -14.4424390000 9.8505960000
4151.4902340000 -14.4774770000 9.8499070000
4151.6298830000 -14.5135280000 9.8492200000
4151.7700200000 -14.5509090000 9.8485310000
4151.9101560000 -14.5895810000 9.8478420000
4152.0498050000 -14.6294900000 9.8471560000
4152.1899410000 -14.6708620000 9.8464690000
4152.3300780000 -14.7139550000 9.8457800000
4152.4702150000 -14.7587490000 9.8450920000
4152.6098630000 -14.8052150000 9.8444050000
4152.7402340000 -14.8502800000 9.8437660000
4152.8798830000 -14.9007050000 9.8430810000
4153.0200200000 -14.9536290000 9.8423920000
4153.1601560000 -15.0091030000 9.8417040000
4153.2998050000 -15.0671710000 9.8410190000
4153.4399410000 -15.1285170000 9.8403310000
4153.5800780000 -15.1932820000 9.8396430000
4153.7202150000 -15.2618560000 9.8389560000
4153.8598630000 -15.3344480000 9.8382700000
4154.0000000000 -15.4118310000 9.8375850000
4154.1401370000 -15.4949570000 9.8368990000
4154.2797850000 -15.5840710000 9.8362140000
4154.4101560000 -15.6739540000 9.8355730000
4154.5498050000 -15.7778830000 9.8348910000
4154.6899410000 -15.8925820000 9.8342050000
4154.8300780000 -16.0194870000 9.8335180000
4154.9702150000 -16.1614570000 9.8328310000
4155.1098630000 -16.3219070000 9.8321480000
4155.2500000000 -16.5077530000 9.8314610000
4155.3901370000 -16.7274910000 9.8307750000
4155.5297850000 -16.9950980000 9.8300910000
4155.6699220000 -17.3388060000 9.8294080000
4155.8100590000 -17.8213140000 9.8287220000
4155.9501950000 -18.6300870000 9.8280360000
4156.0898440000 -21.9010050000 9.8273530000
4156.2202150000 -18.9254020000 3.7029590000
4156.3598630000 -17.9737050000 3.7019600000
4156.5000000000 -17.4384460000 3.7009540000
4156.6401370000 -17.0652980000 3.6999480000
4156.7797850000 -16.7792220000 3.6989470000
4156.9199220000 -16.5457480000 3.6979420000
4157.0600590000 -16.3489230000 3.6969370000
4157.2001950000 -16.1787200000 3.6959310000
4157.3398440000 -16.0292190000 3.6949300000
4157.4799800000 -15.8954980000 3.6939290000
4157.6201170000 -15.7741190000 3.6929240000
4157.7597660000 -15.6636580000 3.6919240000
4157.8999020000 -15.5616510000 3.6909200000
4158.0400390000 -15.4671650000 3.6899170000
4158.1801760000 -15.3791490000 3.6889120000
4158.3198240000 -15.2970310000 3.6879130000
4158.4599610000 -15.2195630000 3.6869100000
4158.5898440000 -15.1517950000 3.6859820000
4158.7299800000 -15.0823140000 3.6849780000
4158.8701170000 -15.0163520000 3.6839760000
4159.0097660000 -14.9537680000 3.6829770000
4159.1499020000 -14.8938400000 3.6819740000
4159.2900390000 -14.8367190000 3.6809760000
4159.4301760000 -14.7817900000 3.6799740000
4159.5698240000 -14.7292320000 3.6789750000
4159.7099610000 -14.6785130000 3.6779740000
4159.8500980000 -14.6296610000 3.6769720000
4159.9902340000 -14.5825410000 3.6759710000
4160.1298830000 -14.5371800000 3.6749730000
4160.2700200000 -14.4931620000 3.6739720000
4160.4101560000 -14.4506860000 3.6729750000
4160.5498050000 -14.4095130000 3.6719780000
4160.6899410000 -14.3694270000 3.6709780000
4160.8300780000 -14.3304970000 3.6699770000
4160.9702150000 -14.2926560000 3.6689770000
4161.1098630000 -14.2559650000 3.6679800000
4161.2500000000 -14.2201190000 3.6669810000
4161.3901370000 -14.1851910000 3.6659810000
4161.5297850000 -14.1512490000 3.6649850000
4161.6699220000 -14.1181280000 3.6639890000
4161.8100590000 -14.0856780000 3.6629910000
4161.9501950000 -14.0539760000 3.6619910000
4162.0800780000 -14.0251770000 3.6610640000
4162.2202150000 -13.9949220000 3.6600690000
4162.3598630000 -13.9653130000 3.6590740000
4162.5000000000 -13.9362250000 3.6580760000
4162.6401370000 -13.9077330000 3.6570780000
4162.7797850000 -13.8799060000 3.6560840000
4162.9199220000 -13.8525300000 3.6550870000
4163.0600590000 -13.8256780000 3.6540890000
4163.2001950000 -13.7993310000 3.6530910000
4163.3398440000 -13.7736420000 3.6521020000
4163.4799800000 -13.7482410000 3.6511040000
4163.6201170000 -13.7232890000 3.6501070000
4163.7597660000 -13.6988530000 3.6491150000
4163.8999020000 -13.6747470000 3.6481180000
4164.0400390000 -13.6510450000 3.6471210000
4164.1801760000 -13.6277290000 3.6461260000
4164.3198240000 -13.6048670000 3.6451330000
4164.4599610000 -13.5822870000 3.6441370000
4164.6000980000 -13.5601320000 3.6431460000
4164.7402340000 -13.5382390000 3.6421500000
4164.8798830000 -13.5167470000 3.6411580000
4165.0200200000 -13.4955000000 3.6401630000
4165.1601560000 -13.4745590000 3.6391690000
4165.2998050000 -13.4539860000 3.6381780000
4165.4399410000 -13.4336320000 3.6371830000
4165.5800780000 -13.4135590000 3.6361890000
4165.7202150000 -13.3938250000 3.6351980000
4165.8598630000 -13.3743540000 3.6342080000
4166.0000000000 -13.3550740000 3.6332140000
4166.1401370000 -13.3360430000 3.6322200000
4166.2797850000 -13.3173200000 3.6312300000
4166.4199220000 -13.2987690000 3.6302370000
4166.5600590000 -13.2804480000 3.6292440000
4166.7001950000 -13.2623510000 3.6282510000
4166.8398440000 -13.2445340000 3.6272620000
4166.9799800000 -13.2269270000 3.6262730000
4167.1201170000 -13.2094670000 3.6252800000
4167.2597660000 -13.1922680000 3.6242910000
4167.3999020000 -13.1752080000 3.6233000000
4167.5400390000 -13.1583400000 3.6223080000
4167.6801760000 -13.1416590000 3.6213160000
4167.8198240000 -13.1252170000 3.6203280000
4167.9599610000 -13.1088980000 3.6193370000
4168.1000980000 -13.0928090000 3.6183490000
4168.2402340000 -13.0768350000 3.6173580000
4168.3798830000 -13.0610810000 3.6163710000
4168.5200200000 -13.0454370000 3.6153800000
4168.6601560000 -13.0299520000 3.6143890000
4168.7998050000 -13.0146750000 3.6134030000
4168.9399410000 -12.9994980000 3.6124120000
4169.0800780000 -12.9844710000 3.6114230000
4169.2202150000 -12.9695900000 3.6104340000
4169.3598630000 -12.9549520000 3.6094500000
4169.5000000000 -12.9403530000 3.6084610000
4169.6401370000 -12.9258930000 3.6074710000
4169.7797850000 -12.9116140000 3.6064860000
4169.9199220000 -12.8974190000 3.6054970000
4170.0600590000 -12.8833520000 3.6045080000
4170.2001950000 -12.8694120000 3.6035200000
4170.3398440000 -12.8556440000 3.6025350000
4170.4799800000 -12.8419960000 3.6015500000
4170.6298830000 -12.8274560000 3.6004920000
4170.7700200000 -12.8140070000 3.5995040000
4170.9101560000 -12.8006720000 3.5985160000
4171.0498050000 -12.7875390000 3.5975360000
4171.1899410000 -12.7744270000 3.5965490000
4171.3300780000 -12.7614230000 3.5955620000
4171.4702150000 -12.7485270000 3.5945750000
4171.6098630000 -12.7357780000 3.5935920000
4171.7500000000 -12.7230880000 3.5926050000
4171.8901370000 -12.7105000000 3.5916190000
4172.0297850000 -12.6980520000 3.5906350000
4172.1699220000 -12.6857020000 3.5896530000
4172.3100590000 -12.6734070000 3.5886670000
4172.4501950000 -12.6612040000 3.5876810000
4172.5898440000 -12.6491360000 3.5866990000
4172.7299800000 -12.6371170000 3.5857130000
4172.8701170000 -12.6251890000 3.5847280000
4173.0097660000 -12.6133890000 3.5837470000
4173.1499020000 -12.6016350000 3.5827620000
4173.2900390000 -12.5899660000 3.5817780000
4173.4301760000 -12.5784210000 3.5807960000
4173.5698240000 -12.5669570000 3.5798150000
4173.7099610000 -12.5555370000 3.5788320000
4173.8500980000 -12.5441960000 3.5778470000
4173.9902340000 -12.5329340000 3.5768630000
4174.1401370000 -12.5209920000 3.5758130000
4174.2797850000 -12.5099280000 3.5748330000
4174.4199220000 -12.4988990000 3.5738500000
4174.5600590000 -12.4879470000 3.5728660000
4174.7001950000 -12.4770660000 3.5718830000
4174.8398440000 -12.4662950000 3.5709040000
4174.9799800000 -12.4555580000 3.5699210000
4175.1201170000 -12.4448900000 3.5689390000
4175.2597660000 -12.4343630000 3.5679640000
4175.3999020000 -12.4238320000 3.5669810000
4175.5400390000 -12.4133680000 3.5660000000
4175.6801760000 -12.4029690000 3.5650190000
4175.8198240000 -12.3926720000 3.5640400000
4175.9599610000 -12.3824020000 3.5630590000
4176.1000980000 -12.3721970000 3.5620780000
4176.2402340000 -12.3620540000 3.5610960000
4176.3901370000 -12.3512880000 3.5600490000
4176.5297850000 -12.3413060000 3.5590720000
4176.6699220000 -12.3313480000 3.5580910000
4176.8100590000 -12.3214500000 3.5571110000
4176.9501950000 -12.3116450000 3.5561340000
4177.0898440000 -12.3018950000 3.5551580000
4177.2299800000 -12.2921700000 3.5541770000
4177.3701170000 -12.2825000000 3.5531980000
4183.7739260000 -11.8905960000 3.5086330000
4265.5771480000 -9.5681350000 2.9695640000
4348.9794920000 -8.5834820000 2.4729300000
4434.0131840000 -8.4429290000 2.0153160000
4442.4501950000 -8.5537760000 1.9723800000
4442.6098630000 -8.5565480000 1.9715710000
4442.7700200000 -8.5593610000 1.9707590000
4442.9301760000 -8.5622050000 1.9699490000
4443.0898440000 -8.5650730000 1.9691400000
4443.2500000000 -8.5679830000 1.9683290000
4443.4101560000 -8.5709170000 1.9675220000
4443.5600590000 -8.5737070000 1.9667620000
4443.7202150000 -8.5767150000 1.9659520000
4443.8798830000 -8.5797500000 1.9651440000
4444.0400390000 -8.5828200000 1.9643360000
4444.2001950000 -8.5859360000 1.9635270000
4444.3598630000 -8.5890770000 1.9627200000
4444.5200200000 -8.5922650000 1.9619100000
4444.6801760000 -8.5954910000 1.9611010000
4444.8398440000 -8.5987450000 1.9602940000
4445.0000000000 -8.6020490000 1.9594850000
4445.1601560000 -8.6053910000 1.9586760000
4445.3198240000 -8.6087530000 1.9578720000
4445.4799800000 -8.6121760000 1.9570640000
4445.6401370000 -8.6156400000 1.9562560000
4445.7998050000 -8.6191360000 1.9554500000
4445.9501950000 -8.6224620000 1.9546920000
4446.1098630000 -8.6260400000 1.9538870000
4446.2700200000 -8.6296750000 1.9530780000
4446.4301760000 -8.6333530000 1.9522710000
4446.5898440000 -8.6370670000 1.9514660000
4446.7500000000 -8.6408380000 1.9506590000
4446.9101560000 -8.6446560000 1.9498520000
4447.0698240000 -8.6484990000 1.9490490000
4447.2299800000 -8.6524140000 1.9482420000
4447.3901370000 -8.6563800000 1.9474350000
4447.5498050000 -8.6603840000 1.9466310000
4447.7099610000 -8.6644520000 1.9458260000
4447.8701170000 -8.6685720000 1.9450190000
4448.0297850000 -8.6727340000 1.9442150000
4448.1899410000 -8.6769500000 1.9434120000
4448.3500980000 -8.6812350000 1.9426060000
4448.5097660000 -8.6855640000 1.9418030000
4448.6699220000 -8.6899630000 1.9409970000
4448.8300780000 -8.6944220000 1.9401910000
4448.9902340000 -8.6989410000 1.9393860000
4449.1499020000 -8.7035080000 1.9385830000
4449.3100590000 -8.7081380000 1.9377810000
4449.4702150000 -8.7128450000 1.9369760000
4449.6201170000 -8.7173180000 1.9362220000
4449.7797850000 -8.7221390000 1.9354200000
4449.9399410000 -8.7270280000 1.9346180000
4450.1000980000 -8.7320010000 1.9338140000
4450.2597660000 -8.7370310000 1.9330130000
4450.4199220000 -8.7421470000 1.9322090000
4450.5800780000 -8.7473390000 1.9314050000
4450.7402340000 -8.7526070000 1.9306010000
4450.8999020000 -8.7579360000 1.9298000000
4451.0600590000 -8.7633620000 1.9289970000
4451.2202150000 -8.7688510000 1.9281970000
4451.3798830000 -8.7744250000 1.9273960000
4451.5400390000 -8.7801000000 1.9265930000
4451.7001950000 -8.7858620000 1.9257910000
4451.8598630000 -8.7916970000 1.9249910000
4452.0200200000 -8.7976410000 1.9241880000
4452.1801760000 -8.8036790000 1.9233860000
4452.3398440000 -8.8097760000 1.9225880000
4452.5000000000 -8.8160100000 1.9217860000
4452.6601560000 -8.8223460000 1.9209850000
4452.8198240000 -8.8287660000 1.9201860000
4452.9799800000 -8.8353120000 1.9193840000
4453.1401370000 -8.8419690000 1.9185830000
4453.2998050000 -8.8487190000 1.9177850000
4453.4599610000 -8.8555840000 1.9169860000
4453.6201170000 -8.8625900000 1.9161840000
4453.7797850000 -8.8696980000 1.9153860000
4453.9399410000 -8.8769530000 1.9145860000
4454.1000980000 -8.8843390000 1.9137860000
4454.2597660000 -8.8918370000 1.9129880000
4454.4199220000 -8.8994970000 1.9121880000
4454.5800780000 -8.9072990000 1.9113870000
4454.7402340000 -8.9152250000 1.9105900000
4454.8999020000 -8.9233030000 1.9097930000
4455.0600590000 -8.9315610000 1.9089940000
4455.2202150000 -8.9399820000 1.9081950000
4455.3798830000 -8.9485460000 1.9073970000
4455.5400390000 -8.9573090000 1.9065980000
4455.7001950000 -8.9662520000 1.9058000000
4455.8598630000 -8.9753270000 1.9050050000
4456.0200200000 -8.9846490000 1.9042070000
4456.1801760000 -8.9941710000 1.9034090000
4456.3398440000 -9.0038730000 1.9026130000
4456.5000000000 -9.0138190000 1.9018140000
4456.6601560000 -9.0239890000 1.9010160000
4456.8198240000 -9.0343620000 1.9002210000
4456.9799800000 -9.0449760000 1.8994260000
4457.1401370000 -9.0558760000 1.8986280000
4457.2998050000 -9.0670050000 1.8978330000
4457.4599610000 -9.0784440000 1.8970360000
4457.6201170000 -9.0901700000 1.8962390000
4457.7797850000 -9.1021600000 1.8954440000
4457.9399410000 -9.1145020000 1.8946480000
4458.1000980000 -9.1271740000 1.8938510000
4458.2597660000 -9.1401140000 1.8930590000
4458.4301760000 -9.1543840000 1.8922110000
4458.5898440000 -9.1681300000 1.8914170000
4458.7500000000 -9.1822790000 1.8906230000
4458.9101560000 -9.1968960000 1.8898280000
4459.0698240000 -9.2119160000 1.8890340000
4459.2299800000 -9.2274570000 1.8882390000
4459.3901370000 -9.2435030000 1.8874430000
4459.5498050000 -9.2600330000 1.8866500000
4459.7099610000 -9.2771810000 1.8858550000
4459.8701170000 -9.2949340000 1.8850600000
4460.0297850000 -9.3132230000 1.8842700000
4460.1899410000 -9.3323120000 1.8834750000
4460.3500980000 -9.3521410000 1.8826810000
4460.5097660000 -9.3727050000 1.8818880000
4460.6699220000 -9.3941890000 1.8810950000
4460.8300780000 -9.4166020000 1.8803010000
4460.9902340000 -9.4400220000 1.8795060000
4461.1499020000 -9.4643910000 1.8787170000
4461.3100590000 -9.4900980000 1.8779240000
4461.4702150000 -9.5171180000 1.8771310000
4461.6298830000 -9.5454990000 1.8763390000
4461.7900390000 -9.5755620000 1.8755460000
4461.9599610000 -9.6093660000 1.8747060000
4462.1201170000 -9.6433360000 1.8739130000
4462.2797850000 -9.6794640000 1.8731220000
4462.4399410000 -9.7182760000 1.8723300000
4462.6000980000 -9.7600460000 1.8715370000
4462.7597660000 -9.8051040000 1.8707480000
4462.9199220000 -9.8541570000 1.8699580000
4463.0800780000 -9.9081250000 1.8691650000
4463.2402340000 -9.9678640000 1.8683740000
4463.3999020000 -10.0345070000 1.8675840000
4463.5600590000 -10.1103220000 1.8667930000
4463.7202150000 -10.1978520000 1.8660020000
4463.8798830000 -10.3009610000 1.8652120000
4464.0400390000 -10.4267850000 1.8644240000
4464.2001950000 -10.5885750000 1.8636330000
4464.3598630000 -10.8131330000 1.8628440000
4464.5297850000 -11.2187820000 1.8620040000
4464.6899410000 -12.8543880000 1.8612170000
4464.8500980000 -11.2970240000 3.7091300000
4465.0097660000 -10.8683350000 3.7082950000
4465.1699220000 -10.6213890000 3.7074570000
4465.3300780000 -10.4472480000 3.7066190000
4465.4902340000 -10.3124710000 3.7057820000
4465.6499020000 -10.2027050000 3.7049470000
4465.8100590000 -10.1098260000 3.7041130000
4465.9702150000 -10.0290490000 3.7032760000
4466.1298830000 -9.9579180000 3.7024420000
4466.2900390000 -9.8940030000 3.7016050000
4466.4599610000 -9.8328160000 3.7007190000
4466.6201170000 -9.7801340000 3.6998830000
4466.7797850000 -9.7317060000 3.6990490000
4466.9399410000 -9.6866330000 3.6982130000
4467.1000980000 -9.6445810000 3.6973770000
4467.2597660000 -9.6052730000 3.6965440000
4467.4199220000 -9.5681550000 3.6957080000
4467.5800780000 -9.5331870000 3.6948760000
4467.7402340000 -9.4999370000 3.6940400000
4467.8999020000 -9.4684170000 3.6932080000
4468.0698240000 -9.4364410000 3.6923210000
4468.2299800000 -9.4078080000 3.6914880000
4468.3901370000 -9.3803030000 3.6906540000
4468.5498050000 -9.3539870000 3.6898220000
4468.7099610000 -9.3286120000 3.6889880000
4468.8701170000 -9.3041780000 3.6881530000
4469.0297850000 -9.2806840000 3.6873220000
4469.1899410000 -9.2579270000 3.6864880000
4469.3500980000 -9.2359850000 3.6856570000
4469.5097660000 -9.2147380000 3.6848260000
4469.6801760000 -9.1927520000 3.6839380000
4469.8398440000 -9.1728060000 3.6831070000
4470.0000000000 -9.1534300000 3.6822770000
4470.1601560000 -9.1345350000 3.6814430000
4470.3198240000 -9.1162010000 3.6806140000
4470.4799800000 -9.0982930000 3.6797810000
4470.6401370000 -9.0808370000 3.6789480000
4470.7998050000 -9.0638610000 3.6781180000
4470.9702150000 -9.0462150000 3.6772340000
4471.1298830000 -9.0300530000 3.6764040000
4471.2900390000 -9.0142080000 3.6755720000
4471.4501950000 -8.9987130000 3.6747410000
4471.6098630000 -8.9835940000 3.6739120000
4471.7700200000 -8.9687910000 3.6730820000
4471.9301760000 -8.9542470000 3.6722520000
4472.0898440000 -8.9400340000 3.6714230000
4472.2597660000 -8.9251920000 3.6705400000
4472.4199220000 -8.9115370000 3.6697120000
4472.5800780000 -8.8980960000 3.6688800000
4472.7402340000 -8.8848980000 3.6680510000
4472.8999020000 -8.8719740000 3.6672230000
4473.0600590000 -8.8592370000 3.6663920000
4473.2202150000 -8.8467170000 3.6655630000
4473.3901370000 -8.8336780000 3.6646830000
4473.5498050000 -8.8216160000 3.6638560000
4473.7099610000 -8.8097110000 3.6630260000
4473.8701170000 -8.7979930000 3.6621960000
4474.0297850000 -8.7864890000 3.6613690000
4474.1899410000 -8.7751600000 3.6605430000
4474.3500980000 -8.7639650000 3.6597140000
4474.5200200000 -8.7522480000 3.6588340000
4474.6801760000 -8.7414160000 3.6580070000
4474.8398440000 -8.7307350000 3.6571810000
4475.0000000000 -8.7201690000 3.6563530000
4475.1601560000 -8.7097470000 3.6555240000
4475.3198240000 -8.6994950000 3.6546980000
4475.4799800000 -8.6893460000 3.6538710000
4475.6499020000 -8.6787370000 3.6529940000
4475.8100590000 -8.6688530000 3.6521660000
4475.9702150000 -8.6590930000 3.6513390000
4476.1298830000 -8.6494820000 3.6505140000
4476.2900390000 -8.6399570000 3.6496870000
4476.4501950000 -8.6305740000 3.6488620000
4476.6201170000 -8.6206960000 3.6479840000
4476.7797850000 -8.6115360000 3.6471590000
4476.9399410000 -8.6024530000 3.6463330000
4477.1000980000 -8.5934980000 3.6455090000
4477.2597660000 -8.5846420000 3.6446850000
4477.4199220000 -8.5758560000 3.6438590000
4477.5898440000 -8.5666490000 3.6429830000
4477.7500000000 -8.5580550000 3.6421580000
4477.9101560000 -8.5495490000 3.6413320000
4478.0698240000 -8.5411570000 3.6405090000
4478.2299800000 -8.5328240000 3.6396840000
4478.3901370000 -8.5245740000 3.6388580000
4478.5600590000 -8.5159230000 3.6379840000
4478.7202150000 -8.5078380000 3.6371590000
4478.8798830000 -8.4998560000 3.6363360000
4479.0400390000 -8.4919250000 3.6355120000
4479.2001950000 -8.4840690000 3.6346870000
4479.3701170000 -8.4758240000 3.6338140000
4479.5297850000 -8.4681390000 3.6329930000
4479.6899410000 -8.4605000000 3.6321680000
4479.8500980000 -8.4529290000 3.6313450000
4480.0097660000 -8.4454680000 3.6305260000
4480.1699220000 -8.4380280000 3.6297020000
4480.3398440000 -8.4301930000 3.6288270000
4480.5000000000 -8.4228840000 3.6280040000
4480.6601560000 -8.4156570000 3.6271830000
4480.8198240000 -8.4084900000 3.6263630000
4480.9799800000 -8.4013610000 3.6255400000
4481.1499020000 -8.3938690000 3.6246680000
4481.3100590000 -8.3868580000 3.6238450000
4481.4702150000 -8.3799020000 3.6230230000
4481.6298830000 -8.3730200000 3.6222030000
4481.7900390000 -8.3661720000 3.6213810000
4481.9599610000 -8.3589730000 3.6205100000
4482.1201170000 -8.3522310000 3.6196890000
4482.2797850000 -8.3455600000 3.6188700000
4482.4399410000 -8.3389190000 3.6180480000
4482.6000980000 -8.3323250000 3.6172270000
4482.7700200000 -8.3253930000 3.6163570000
4482.9301760000 -8.3188970000 3.6155360000
4483.0898440000 -8.3124680000 3.6147170000
4483.2500000000 -8.3060640000 3.6138960000
4483.4101560000 -8.2997050000 3.6130750000
4483.5800780000 -8.2930150000 3.6122060000
4483.7402340000 -8.2867450000 3.6113860000
4483.8999020000 -8.2805370000 3.6105680000
4484.0600590000 -8.2743510000 3.6097490000
4484.2299800000 -8.2678420000 3.6088800000
4484.3901370000 -8.2617410000 3.6080600000
4484.5498050000 -8.2556960000 3.6072430000
4484.7099610000 -8.2496910000 3.6064260000
4484.8701170000 -8.2437070000 3.6056070000
4485.0400390000 -8.2373890000 3.6047360000
4485.2001950000 -8.2314820000 3.6039170000
4485.3598630000 -8.2256460000 3.6031040000
4485.5200200000 -8.2198100000 3.6022850000
4485.6899410000 -8.2136500000 3.6014160000
4485.8500980000 -8.2078880000 3.6005970000
4486.0097660000 -8.2021940000 3.5997840000
4486.1699220000 -8.1965010000 3.5989660000
4486.3300780000 -8.1908400000 3.5981470000
4486.5000000000 -8.1848780000 3.5972810000
4486.6601560000 -8.1792860000 3.5964640000
4486.8198240000 -8.1737410000 3.5956490000
4486.9799800000 -8.1682120000 3.5948310000
4487.1499020000 -8.1623870000 3.5939660000
4487.3100590000 -8.1569210000 3.5931480000
4520.7089840000 -7.3697950000 3.4260030000
4609.1005860000 -6.2465850000 3.0124950000
4699.2197270000 -5.4980860000 2.6302980000
4791.1015630000 -4.9151630000 2.2772310000
4884.7792970000 -4.4345310000 1.9513650000
4980.2890630000 -4.0248060000 1.6509750000
5077.6660160000 -3.6668120000 1.3745320000
5176.9472660000 -3.0012380000 1.0738120000
5278.1694340000 -2.6940620000 0.7677290000
5381.3710940000 -2.4183930000 0.4747580000
5486.5903320000 -2.0074260000 0.1695490000
5593.8666990000 -1.7725060000 9.8668160000
5703.2412110000 -1.5607290000 9.5724370000
5814.7534180000 -1.3572280000 9.2860060000
5928.4467770000 -1.1832860000 9.0052090000
6044.3627930000 -1.0260900000 8.7318760000
6162.5449220000 -0.8840530000 8.4658530000
6283.0380860000 -0.7557860000 8.2069720000
6405.8872070000 -0.6400690000 7.9550830000
6531.1386720000 -0.5358240000 7.7100270000
6658.8383790000 -0.4420970000 7.4716570000
6789.0356450000 -0.3580290000 7.2398170000
6921.7783200000 -0.2828530000 7.0143640000
7057.1162110000 -0.2158750000 6.7951500000
7195.1005860000 -0.1564680000 6.5820310000
7335.7827150000 -0.1040630000 6.3748670000
7479.2158200000 -0.0581410000 6.1735190000
7625.4531250000 -0.0182280000 5.9778490000
7774.5498050000 0.0161080000 5.7877240000
7926.5620120000 0.0380610000 5.6033570000
8081.5458980000 0.0623410000 5.4246990000
8239.5605470000 0.0821950000 5.2511990000
8400.6640630000 0.0933900000 5.0829910000
8564.9189450000 0.1051640000 4.9199070000
8732.3837890000 0.1131450000 4.7616030000
8903.1240230000 0.1143520000 4.6079740000
9077.2021480000 0.1166770000 4.4598940000
9254.6845700000 0.1162710000 4.3163000000
9435.6367190000 0.1133260000 4.1770700000
9620.1269530000 0.1081360000 4.0420790000
9808.2246090000 0.1008200000 3.9112070000
10000.0000000000 0.0915370000 3.7843380000
10195.5253900000 0.0804350000 3.6613580000
10394.8730500000 0.0676500000 3.5421560000
10598.1191400000 0.0533090000 3.4266240000
10805.3388700000 0.0375270000 3.3146560000
11016.6103500000 0.0202540000 3.2061520000
11232.0127000000 0.0019030000 3.1010100000
11451.6259800000 -0.0175880000 2.9991350000
11675.5341800000 -0.0381350000 2.9004290000
11903.8203100000 -0.0596620000 2.8048010000
12136.5693400000 -0.0820970000 2.7121620000
12373.8701200000 -0.1053770000 2.6224230000
12615.8105500000 -0.1294430000 2.5355000000
12862.4814500000 -0.1542450000 2.4513100000
13113.9746100000 -0.1797340000 2.3697730000
13370.3857400000 -0.2058690000 2.2908090000
13631.8105500000 -0.2342650000 2.2143830000
13898.3466800000 -0.2616090000 2.1403890000
14170.0937500000 -0.2895050000 2.0687480000
14447.1543000000 -0.3191490000 1.9994180000
14729.6328100000 -0.3481000000 1.9323050000
15017.6337900000 -0.3775560000 1.8673380000
15311.2666000000 -0.4075150000 1.8044520000
15610.6396500000 -0.4379770000 1.7435840000
15915.8671900000 -0.4689510000 1.6846720000
16227.0615200000 -0.5004520000 1.6276580000
16544.3418000000 -0.5324990000 1.5724820000
16867.8242200000 -0.5653180000 1.5190940000
17197.6328100000 -0.6004280000 1.4674920000
17533.8906300000 -0.6342980000 1.4176160000
17876.7207000000 -0.6688720000 1.3693590000
18226.2558600000 -0.7057690000 1.3227290000
18582.6250000000 -0.7419450000 1.2776530000
18945.9628900000 -0.7790580000 1.2340470000
19316.4023400000 -0.8172320000 1.1918670000
19694.0878900000 -0.8588340000 1.1511880000
20079.1562500000 -0.8995120000 1.1118580000
20471.7539100000 -0.9417000000 1.0738210000
20872.0273400000 -0.9856190000 1.0370380000
21280.1289100000 -1.0315340000 1.0014680000
21696.2070300000 -1.0797630000 0.9670730000
22120.4238300000 -1.1306990000 0.9338140000
22552.9335900000 -1.1848220000 0.9016580000
22993.8984400000 -1.2427370000 0.8705670000
23443.4882800000 -1.3052120000 0.8405080000
23901.8671900000 -1.3732370000 0.8114470000
24369.2070300000 -1.4481260000 0.7833540000
24845.6875000000 -1.5316590000 0.7561960000
25331.4824200000 -1.6263290000 0.7299440000
25826.7753900000 -1.7357790000 0.7045680000
26331.7539100000 -1.8656030000 0.6800410000
26846.6054700000 -2.0250380000 0.6563810000
27371.5234400000 -2.2308770000 0.6336350000
27906.7070300000 -2.5186080000 0.6116600000
28248.9003900000 -2.7794050000 0.5982120000
28255.3007800000 -2.7851930000 0.5979650000
28261.8007800000 -2.7911130000 0.5977140000
28268.1992200000 -2.7969840000 0.5974670000
28274.6992200000 -2.8029910000 0.5972160000
28281.0996100000 -2.8089490000 0.5969700000
28287.5996100000 -2.8150460000 0.5967190000
28294.0000000000 -2.8210950000 0.5964730000
28300.5000000000 -2.8272850000 0.5962230000
28306.9003900000 -2.8334250000 0.5959770000
28313.4003900000 -2.8397100000 0.5957270000
28319.9003900000 -2.8460440000 0.5954780000
28326.3007800000 -2.8523300000 0.5952320000
28332.8007800000 -2.8587620000 0.5949830000
28339.3007800000 -2.8652470000 0.5947340000
28345.8007800000 -2.8717840000 0.5944850000
28352.1992200000 -2.8782710000 0.5942410000
28358.6992200000 -2.8849140000 0.5939920000
28365.1992200000 -2.8916110000 0.5937440000
28371.6992200000 -2.8983620000 0.5934960000
28378.1992200000 -2.9051720000 0.5932470000
28384.6992200000 -2.9120390000 0.5930000000
28391.1992200000 -2.9189640000 0.5927520000
28397.6992200000 -2.9259480000 0.5925040000
28404.1992200000 -2.9329920000 0.5922570000
28410.6992200000 -2.9400980000 0.5920090000
28417.1992200000 -2.9472650000 0.5917620000
28423.6992200000 -2.9544940000 0.5915150000
28430.3007800000 -2.9619060000 0.5912650000
28436.8007800000 -2.9692650000 0.5910180000
28443.3007800000 -2.9766940000 0.5907720000
28449.8007800000 -2.9841900000 0.5905250000
28452.3515600000 -2.9871500000 0.5904290000
28456.4003900000 -2.9918710000 0.5902750000
28462.9003900000 -2.9995080000 0.5900290000
28469.4003900000 -3.0072160000 0.5897830000
28476.0000000000 -3.0151160000 0.5895340000
28482.5000000000 -3.0229730000 0.5892880000
28489.0000000000 -3.0309050000 0.5890430000
28495.5996100000 -3.0390360000 0.5887940000
28502.0996100000 -3.0471250000 0.5885490000
28508.6992200000 -3.0554180000 0.5883000000
28515.3007800000 -3.0637990000 0.5880520000
28521.8007800000 -3.0721340000 0.5878070000
28528.4003900000 -3.0806840000 0.5875590000
28534.9003900000 -3.0891920000 0.5873150000
28541.5000000000 -3.0979200000 0.5870670000
28548.0996100000 -3.1067410000 0.5868190000
28554.6992200000 -3.1156570000 0.5865720000
28561.1992200000 -3.1245330000 0.5863280000
28567.8007800000 -3.1336450000 0.5860810000
28574.4003900000 -3.1428550000 0.5858340000
28581.0000000000 -3.1521680000 0.5855870000
28587.5996100000 -3.1615870000 0.5853400000
28594.1992200000 -3.1711150000 0.5850930000
28600.8007800000 -3.1807540000 0.5848470000
28607.4003900000 -3.1905020000 0.5846000000
28614.0000000000 -3.2003660000 0.5843540000
28620.5996100000 -3.2103460000 0.5841080000
28627.1992200000 -3.2204480000 0.5838620000
28633.8007800000 -3.2306750000 0.5836170000
28640.4003900000 -3.2410250000 0.5833710000
28647.0000000000 -3.2515050000 0.5831260000
28653.6992200000 -3.2622800000 0.5828770000
28660.3007800000 -3.2730320000 0.5826320000
28666.9003900000 -3.2839210000 0.5823870000
28673.5000000000 -3.2949520000 0.5821420000
28680.1992200000 -3.3062980000 0.5818940000
28686.8007800000 -3.3176300000 0.5816500000
28693.4003900000 -3.3291170000 0.5814050000
28700.0996100000 -3.3409340000 0.5811580000
28706.6992200000 -3.3527400000 0.5809140000
28713.4003900000 -3.3648970000 0.5806660000
28720.0000000000 -3.3770430000 0.5804230000
28726.6992200000 -3.3895560000 0.5801750000
28733.3007800000 -3.4020670000 0.5799320000
28740.0000000000 -3.4149530000 0.5796850000
28746.6992200000 -3.4280360000 0.5794390000
28753.3007800000 -3.4411330000 0.5791960000
28760.0000000000 -3.4546270000 0.5789490000
28766.6992200000 -3.4683380000 0.5787030000
28773.3007800000 -3.4820690000 0.5784610000
28780.0000000000 -3.4962340000 0.5782150000
28786.6992200000 -3.5106340000 0.5779690000
28793.4003900000 -3.5252830000 0.5777240000
28800.0996100000 -3.5401870000 0.5774780000
28806.8007800000 -3.5553530000 0.5772330000
28813.5000000000 -3.5707870000 0.5769880000
28820.1992200000 -3.5865070000 0.5767430000
28826.9003900000 -3.6025190000 0.5764980000
28833.5996100000 -3.6188280000 0.5762540000
28840.3007800000 -3.6354610000 0.5760090000
28847.0000000000 -3.6524090000 0.5757650000
28853.6992200000 -3.6696950000 0.5755210000
28860.4003900000 -3.6873430000 0.5752770000
28867.0996100000 -3.7053470000 0.5750330000
28873.9003900000 -3.7240110000 0.5747850000
28880.5996100000 -3.7428020000 0.5745420000
28887.3007800000 -3.7620080000 0.5742990000
28894.0000000000 -3.7816390000 0.5740550000
28900.8007800000 -3.8020340000 0.5738090000
28907.5000000000 -3.8225960000 0.5735660000
28914.3007800000 -3.8439780000 0.5733190000
28921.0000000000 -3.8655590000 0.5730770000
28927.8007800000 -3.8880270000 0.5728310000
28934.5000000000 -3.9107300000 0.5725890000
28941.3007800000 -3.9343970000 0.5723430000
28948.0000000000 -3.9583420000 0.5721010000
28954.8007800000 -3.9833380000 0.5718560000
28961.5000000000 -4.0086650000 0.5716140000
28968.3007800000 -4.0351350000 0.5713690000
28975.0996100000 -4.0624200000 0.5711240000
28981.8007800000 -4.0901510000 0.5708830000
28988.5996100000 -4.1192040000 0.5706380000
28995.4003900000 -4.1492340000 0.5703940000
29002.1992200000 -4.1803100000 0.5701500000
29008.6660200000 -4.2108960000 0.5699170000
29009.0000000000 -4.2125130000 0.5699050000
29015.8007800000 -4.2459060000 0.5696610000
29022.5996100000 -4.2805900000 0.5694180000
29029.3007800000 -4.3161280000 0.5691780000
29036.0996100000 -4.3536860000 0.5689340000
29042.9003900000 -4.3928740000 0.5686910000
29049.8007800000 -4.4344620000 0.5684440000
29056.5996100000 -4.4773860000 0.5682010000
29063.4003900000 -4.5224680000 0.5679580000
29070.1992200000 -4.5698890000 0.5677150000
29077.0000000000 -4.6199150000 0.5674730000
29083.8007800000 -4.6728600000 0.5672310000
29090.5996100000 -4.7290270000 0.5669880000
29097.5000000000 -4.7898030000 0.5667430000
29104.3007800000 -4.8539200000 0.5665010000
29111.0996100000 -4.9228030000 0.5662590000
29118.0000000000 -4.9984290000 0.5660140000
29124.8007800000 -5.0795640000 0.5657720000
29131.6992200000 -5.1698080000 0.5655280000
29138.5000000000 -5.2683240000 0.5652870000
29145.4003900000 -5.3802310000 0.5650420000
29152.1992200000 -5.5053930000 0.5648010000
29159.0996100000 -5.6523140000 0.5645570000
29165.9003900000 -5.8238810000 0.5643170000
29172.8007800000 -6.0373020000 0.5640730000
29179.6992200000 -6.3136630000 0.5638290000
29186.5000000000 -6.6990530000 0.5635890000
29193.4003900000 -7.3731500000 0.5633460000
29200.3007800000 -10.7405220000 3.5703470000
29207.0996100000 -7.3356960000 3.5689310000
29214.0000000000 -6.6766490000 3.5674940000
29220.9003900000 -6.2887470000 3.5660600000
29227.8007800000 -6.0124740000 3.5646250000
29234.6992200000 -5.7976820000 3.5631920000
29241.5996100000 -5.6217600000 3.5617600000
29248.5000000000 -5.4727430000 3.5603280000
29255.4003900000 -5.3434740000 3.5588990000
29262.3007800000 -5.2292390000 3.5574690000
29269.1992200000 -5.1269310000 3.5560410000
29276.0996100000 -5.0342260000 3.5546140000
29283.0000000000 -4.9494810000 3.5531880000
29289.9003900000 -4.8714470000 3.5517630000
29296.9003900000 -4.7980870000 3.5503180000
29303.8007800000 -4.7307110000 3.5488940000
29310.6992200000 -4.6676260000 3.5474720000
29317.6992200000 -4.6074540000 3.5460300000
29324.5996100000 -4.5514850000 3.5446100000
29331.5000000000 -4.4984980000 3.5431910000
29338.5000000000 -4.4474560000 3.5417520000
29345.4003900000 -4.3995580000 3.5403340000
29352.4003900000 -4.3531980000 3.5388980000
29359.3007800000 -4.3094950000 3.5374820000
29366.3007800000 -4.2670200000 3.5360470000
29373.1992200000 -4.2268400000 3.5346340000
29380.1992200000 -4.1876410000 3.5332010000
29387.0996100000 -4.1504300000 3.5317900000
29394.0996100000 -4.1140320000 3.5303590000
29401.0996100000 -4.0788960000 3.5289290000
29408.0996100000 -4.0449350000 3.5275000000
29415.0000000000 -4.0125310000 3.5260930000
29422.0000000000 -3.9806840000 3.5246660000
29429.0000000000 -3.9498020000 3.5232400000
29436.0000000000 -3.9198280000 3.5218150000
29443.0000000000 -3.8907100000 3.5203910000
29450.0000000000 -3.8623990000 3.5189680000
29457.0000000000 -3.8348510000 3.5175460000
29464.0000000000 -3.8080250000 3.5161250000
29471.0000000000 -3.7818830000 3.5147050000
29478.0000000000 -3.7563920000 3.5132870000
29485.0000000000 -3.7315180000 3.5118690000
29492.0000000000 -3.7072330000 3.5104520000
29499.0000000000 -3.6835080000 3.5090360000
29506.0000000000 -3.6603180000 3.5076210000
29513.0996100000 -3.6373210000 3.5061870000
29520.0996100000 -3.6151370000 3.5047740000
29527.0996100000 -3.5934200000 3.5033620000
29534.0996100000 -3.5721510000 3.5019510000
29541.1992200000 -3.5510180000 3.5005210000
29548.1992200000 -3.5305960000 3.4991120000
29555.3007800000 -3.5102780000 3.4976830000
29562.3007800000 -3.4906370000 3.4962760000
29569.4003900000 -3.4710910000 3.4948500000
29575.8593800000 -3.4536240000 3.4935540000
29576.4003900000 -3.4521720000 3.4934450000
29583.5000000000 -3.4333310000 3.4920210000
29590.5000000000 -3.4150840000 3.4906180000
29597.5996100000 -3.3968990000 3.4891960000
29604.6992200000 -3.3790220000 3.4877750000
29611.6992200000 -3.3616960000 3.4863740000
29618.8007800000 -3.3444100000 3.4849550000
29625.9003900000 -3.3274110000 3.4835370000
29633.0000000000 -3.3106850000 3.4821200000
29640.0996100000 -3.2942190000 3.4807040000
29647.0996100000 -3.2782390000 3.4793080000
29654.1992200000 -3.2622780000 3.4778940000
29661.3007800000 -3.2465540000 3.4764810000
29668.4003900000 -3.2310670000 3.4750690000
29675.5000000000 -3.2158030000 3.4736570000
29682.5996100000 -3.2007630000 3.4722470000
29689.6992200000 -3.1859360000 3.4708380000
29696.8007800000 -3.1713130000 3.4694300000
29704.0000000000 -3.1566910000 3.4680030000
29711.0996100000 -3.1424730000 3.4665970000
29718.1992200000 -3.1284440000 3.4651920000
29725.3007800000 -3.1145980000 3.4637870000
29732.5000000000 -3.1007430000 3.4623640000
29739.5996100000 -3.0872600000 3.4609620000
29746.6992200000 -3.0739480000 3.4595610000
29753.9003900000 -3.0606130000 3.4581400000
29761.0000000000 -3.0476330000 3.4567410000
29768.0996100000 -3.0348120000 3.4553430000
29775.3007800000 -3.0219640000 3.4539250000
29782.5000000000 -3.0092770000 3.4525100000
29789.5996100000 -2.9969100000 3.4511140000
29796.8007800000 -2.9845180000 3.4497000000
29803.9003900000 -2.9724410000 3.4483070000
29811.0996100000 -2.9603330000 3.4468950000
29818.3007800000 -2.9483630000 3.4454830000
29825.4003900000 -2.9366890000 3.4440930000
29832.5996100000 -2.9249870000 3.4426840000
29839.8007800000 -2.9134110000 3.4412760000
29847.0000000000 -2.9019610000 3.4398690000
29854.1992200000 -2.8906370000 3.4384630000
29861.4003900000 -2.8794280000 3.4370580000
29868.5000000000 -2.8684950000 3.4356730000
29875.6992200000 -2.8575220000 3.4342700000
29882.9003900000 -2.8466610000 3.4328680000
29890.1992200000 -2.8357650000 3.4314480000
29897.4003900000 -2.8251260000 3.4300470000
29904.5996100000 -2.8145930000 3.4286480000
29911.8007800000 -2.8041650000 3.4272500000
29919.0000000000 -2.7938400000 3.4258530000
29926.1992200000 -2.7836170000 3.4244570000
29933.4003900000 -2.7734880000 3.4230610000
29940.6992200000 -2.7633230000 3.4216480000
29947.9003900000 -2.7533860000 3.4202540000
29955.0996100000 -2.7435470000 3.4188630000
29962.4003900000 -2.7336610000 3.4174520000
29969.5996100000 -2.7240040000 3.4160620000
29976.9003900000 -2.7142990000 3.4146530000
29984.0996100000 -2.7048150000 3.4132650000
29991.4003900000 -2.6952870000 3.4118580000
29998.5996100000 -2.6859720000 3.4104720000
30005.9003900000 -2.6766100000 3.4090670000
30013.1992200000 -2.6673360000 3.4076640000
30020.4003900000 -2.6582620000 3.4062810000
30027.6992200000 -2.6491470000 3.4048790000
30035.0000000000 -2.6401050000 3.4034790000
30042.1992200000 -2.6312650000 3.4020980000
30049.5000000000 -2.6223780000 3.4007000000
30056.8007800000 -2.6135630000 3.3993020000
30064.0996100000 -2.6048230000 3.3979050000
30071.4003900000 -2.5961560000 3.3965100000
30078.6992200000 -2.5875590000 3.3951150000
30086.0000000000 -2.5790300000 3.3937210000
30093.3007800000 -2.5705720000 3.3923290000
30100.5996100000 -2.5621820000 3.3909370000
30107.9003900000 -2.5538550000 3.3895470000
30115.1992200000 -2.5455970000 3.3881570000
30122.5000000000 -2.5374020000 3.3867680000
30129.9003900000 -2.5291600000 3.3853620000
30137.1992200000 -2.5210920000 3.3839750000
30144.5000000000 -2.5130840000 3.3825890000
30151.8007800000 -2.5051390000 3.3812050000
30154.1406300000 -2.5026040000 3.3807610000
30159.1992200000 -2.4971460000 3.3798020000
30166.5000000000 -2.4893180000 3.3784190000
30743.7304700000 -2.0049870000 3.2721120000
31344.8476600000 -1.6664780000 3.1674430000
31957.7168000000 -1.4116880000 3.0665940000
32582.5703100000 -1.2092660000 2.9694140000
33219.6406300000 -1.0429730000 2.8757590000
33869.1679700000 -0.9032290000 2.7854890000
34531.3945300000 -0.7838590000 2.6984710000
35206.5703100000 -0.6806320000 2.6145780000
35894.9492200000 -0.5904970000 2.5336870000
36596.7851600000 -0.5111790000 2.4556830000
37312.3437500000 -0.4409240000 2.3804530000
38041.8906300000 -0.3614990000 2.3075240000
38785.7070300000 -0.3044270000 2.2340320000
39544.0625000000 -0.2535110000 2.1626650000
40317.2500000000 -0.2080960000 2.0933690000
41105.5546900000 -0.1674360000 2.0260900000
41909.2695300000 -0.1310830000 1.9607760000
42728.6992200000 -0.0985910000 1.8973780000
43564.1523400000 -0.0695780000 1.8358440000
44415.9414100000 -0.0437080000 1.7761260000
45284.3867200000 -0.0206860000 1.7181770000
46169.8085900000 -0.0002520000 1.6619510000
47072.5429700000 0.0178240000 1.6074010000
47992.9296900000 0.0337480000 1.5544830000
48931.3125000000 0.0477060000 1.5031540000
49888.0429700000 0.0598650000 1.4533720000
50863.4765600000 0.0703730000 1.4050950000
51857.9843800000 0.0793680000 1.3582820000
52871.9375000000 0.0869740000 1.3128950000
53905.7187500000 0.0933040000 1.2688930000
54959.7109400000 0.0984600000 1.2262410000
56034.3085900000 0.1025370000 1.1848990000
57129.9218800000 0.1056220000 1.1448340000
58246.9531300000 0.1077940000 1.1060090000
59385.8281300000 0.1074170000 1.0685470000
60546.9687500000 0.1079640000 1.0322850000
61730.8125000000 0.1078170000 0.9971660000
62937.8046900000 0.1072650000 0.9631530000
64168.3984400000 0.1058940000 0.9302160000
65423.0507800000 0.1039870000 0.8983260000
66702.2343800000 0.1015890000 0.8674510000
68006.4296900000 0.0987410000 0.8375620000
69336.1250000000 0.0954800000 0.8086310000
70691.8203100000 0.0918420000 0.7806290000
72074.0234400000 0.0878570000 0.7535280000
73483.2500000000 0.0835530000 0.7273030000
74920.0312500000 0.0789550000 0.7019270000
76384.9062500000 0.0740820000 0.6773750000
77878.4218800000 0.0689470000 0.6536230000
79401.1406300000 0.0635470000 0.6306470000
80953.6328100000 0.0581210000 0.6085540000
82536.4765600000 0.0526960000 0.5872780000
84150.2734400000 0.0471560000 0.5667110000
85795.6250000000 0.0415150000 0.5468310000
87473.1406300000 0.0357920000 0.5276180000
89183.4609400000 0.0300000000 0.5090480000
90927.2187500000 0.0241530000 0.4911030000
92705.0781300000 0.0182650000 0.4737610000
94517.6953100000 0.0123460000 0.4570040000
96365.7500000000 0.0064090000 0.4408130000
98249.9453100000 0.0004610000 0.4251700000
100170.9766000000 -0.0054860000 0.4100570000
102129.5703000000 -0.0114250000 0.3954570000
104126.4609000000 -0.0173470000 0.3813540000
106162.3906000000 -0.0232460000 0.3677310000
108238.1328000000 -0.0291150000 0.3545730000
110354.4609000000 -0.0349480000 0.3418650000
112512.1641000000 -0.0407390000 0.3295930000
114712.0547000000 -0.0464840000 0.3177410000
116954.9688000000 -0.0521770000 0.3062970000
119241.7266000000 -0.0578150000 0.2952460000
121573.2031000000 -0.0633930000 0.2845770000
123950.2656000000 -0.0689090000 0.2742760000
126373.8047000000 -0.0743610000 0.2643320000
128844.7266000000 -0.0826510000 0.2548910000
131363.9688000000 -0.0879810000 0.2457960000
133932.4531000000 -0.0932260000 0.2370240000
136551.1719000000 -0.0983870000 0.2285630000
139221.0938000000 -0.1034610000 0.2204030000
141943.2188000000 -0.1084470000 0.2125320000
144718.5625000000 -0.1133440000 0.2049400000
147548.1719000000 -0.1181530000 0.1976180000
150433.1094000000 -0.1228720000 0.1905570000
153374.4531000000 -0.1275020000 0.1837460000
156373.2969000000 -0.1320420000 0.1771770000
159430.7969000000 -0.1364920000 0.1708420000
162548.0625000000 -0.1408530000 0.1647320000
165726.2813000000 -0.1451250000 0.1588390000
168966.6406000000 -0.1493080000 0.1531560000
172270.3750000000 -0.1534040000 0.1476750000
175638.6875000000 -0.1574120000 0.1423880000
179072.8594000000 -0.1613330000 0.1372900000
182574.1875000000 -0.1651690000 0.1323740000
186143.9688000000 -0.1689190000 0.1276320000
189783.5469000000 -0.1725860000 0.1230600000
193494.2969000000 -0.1761700000 0.1186500000
197277.5938000000 -0.1796720000 0.1143970000
201134.8594000000 -0.1830930000 0.1102960000
205067.5469000000 -0.1864340000 0.1063410000
209077.1406000000 -0.1896970000 0.1025270000
213165.1250000000 -0.1928820000 0.0988490000
217333.0313000000 -0.1959910000 0.0953020000
221582.4375000000 -0.1990250000 0.0918820000
225914.9219000000 -0.2019860000 0.0885830000
230332.1250000000 -0.2048740000 0.0854030000
234835.7031000000 -0.2076900000 0.0823360000
239427.3281000000 -0.2104370000 0.0793780000
244108.7344000000 -0.2131160000 0.0765260000
248881.6719000000 -0.2157270000 0.0737760000
253747.9219000000 -0.2182710000 0.0711240000
258709.3281000000 -0.2207520000 0.0685670000
263767.7500000000 -0.2231680000 0.0661010000
268925.0625000000 -0.2255230000 0.0637240000
274183.2188000000 -0.2278160000 0.0614310000
279544.1875000000 -0.2300500000 0.0592210000
285010.0000000000 -0.2322260000 0.0570890000
290582.6563000000 -0.2343440000 0.0550340000
296264.2500000000 -0.2364060000 0.0530520000
302056.9688000000 -0.2384140000 0.0511420000
307962.9375000000 -0.2403680000 0.0493000000
313984.3750000000 -0.2422700000 0.0475230000
320123.5625000000 -0.2441210000 0.0458110000
326382.7813000000 -0.2459210000 0.0441590000
332764.3750000000 -0.2476730000 0.0425670000
339270.7500000000 -0.2493770000 0.0410320000
345904.3438000000 -0.2510350000 0.0395520000
352667.6563000000 -0.2526470000 0.0381260000
359563.1875000000 -0.2542150000 0.0367500000
366593.5625000000 -0.2557390000 0.0354240000
373761.3750000000 -0.2572220000 0.0341450000
381069.3438000000 -0.2586630000 0.0329120000
388520.2188000000 -0.2600630000 0.0317240000
396116.7500000000 -0.2614250000 0.0305780000
403861.8125000000 -0.2627480000 0.0294730000
411758.3438000000 -0.2640340000 0.0284080000
419809.2500000000 -0.2652830000 0.0273820000
428017.5625000000 -0.2664970000 0.0263920000
436386.3750000000 -0.2676770000 0.0254380000
444918.8125000000 -0.2688220000 0.0245180000
453618.0938000000 -0.2699350000 0.0236310000
462487.4688000000 -0.2710160000 0.0227760000
471530.2500000000 -0.2720660000 0.0219520000
480749.8438000000 -0.2730850000 0.0211580000
490149.7188000000 -0.2740750000 0.0203920000
499733.3750000000 -0.2750360000 0.0196540000
509504.4063000000 -0.2759700000 0.0189420000
519466.5000000000 -0.2768760000 0.0182560000
529623.3750000000 -0.2777550000 0.0175950000
539978.8125000000 -0.2786090000 0.0169580000
550536.7500000000 -0.2794370000 0.0163430000
561301.1250000000 -0.2802410000 0.0157510000
572276.0000000000 -0.2810210000 0.0151800000
583465.4375000000 -0.2817780000 0.0146300000
594873.6250000000 -0.2825130000 0.0140990000
606504.8750000000 -0.2832250000 0.0135880000
618363.5625000000 -0.2839170000 0.0130950000
630454.1250000000 -0.2845870000 0.0126200000
642781.1250000000 -0.2852380000 0.0121620000
655349.0625000000 -0.2858690000 0.0117210000
668162.8125000000 -0.2864810000 0.0112960000
681227.0625000000 -0.2870740000 0.0108860000
694546.7500000000 -0.2876500000 0.0104910000
