30.0000000000 -48.8378330000 2.0923770000
30.5865750000 -48.9941560000 1.9935720000
31.1846200000 -49.1543460000 1.9001280000
31.7943570000 -49.3186380000 1.8117490000
32.4160160000 -49.4873010000 1.7281520000
33.0498310000 -49.6606410000 1.6490720000
33.6960370000 -49.8390010000 1.5742610000
34.3548770000 -50.0227580000 1.5034850000
35.0266040000 -50.2123490000 1.4365210000
35.7114600000 -50.4082370000 1.3731630000
36.4097100000 -50.6109470000 1.3132140000
37.1216090000 -50.8210490000 1.2564890000
37.8474310000 -51.0391770000 1.2028140000
38.5874440000 -51.2660330000 1.1520230000
39.3419230000 -51.5023840000 1.1039630000
40.1111560000 -51.7490840000 1.0584860000
40.8954320000 -52.0070720000 1.0154540000
41.6950380000 -52.2773900000 0.9747350000
42.5102810000 -52.5611950000 0.9362050000
43.3414650000 -52.8597790000 0.8997480000
44.1888960000 -53.1745760000 0.8652530000
45.0529020000 -53.5072060000 0.8326130000
45.9338000000 -53.9369810000 0.8032890000
46.8319210000 -54.3098070000 0.7781060000
47.7476010000 -54.7064930000 0.7543530000
48.6811870000 -55.1296690000 0.7319490000
49.6330260000 -55.5823400000 0.7108160000
50.6034740000 -56.0679470000 0.6908830000
51.5928990000 -56.5904580000 0.6720790000
52.6016690000 -57.1824190000 0.6546370000
53.6301650000 -57.7928960000 0.6393650000
54.6787680000 -58.4564440000 0.6249890000
55.7478750000 -59.1804770000 0.6114540000
56.8378870000 -59.9738160000 0.5987090000
57.9492070000 -60.8470420000 0.5867060000
59.0822600000 -61.8129580000 0.5753980000
60.2374690000 -62.8872340000 0.5647420000
61.4152600000 -64.0892110000 0.5546970000
62.6160810000 -65.4431080000 0.5452230000
63.8403850000 -66.9796520000 0.5362840000
65.0886230000 -68.7384260000 0.5278440000
66.3612670000 -70.7713090000 0.5198700000
67.6587980000 -73.1477660000 0.5123300000
68.9816970000 -75.9629290000 0.5051950000
70.3304600000 -79.3507610000 0.4984350000
71.7055970000 -83.5065000000 0.4920240000
73.1076200000 -88.7261580000 0.4859370000
74.5370640000 -95.4822160000 0.4801490000
75.9944460000 -104.5802000000 0.4746370000
77.4803310000 -119.6268620000 8.5416870000
78.9952620000 -164.5121770000 4.5119480000
80.5398180000 -38.8897970000 4.2712550000
82.1145710000 -3.4831950000 5.5905910000
83.7201160000 11.8508670000 5.6643750000
85.3570560000 18.1244220000 2.3986210000
87.0260010000 19.7233100000 4.2233890000
88.7275770000 18.8142410000 9.9566120000
90.4624250000 16.5778560000 8.7043380000
92.2311940000 13.6558530000 9.7887650000
94.0345380000 10.4960100000 2.6910510000
95.8731540000 7.2965880000 7.0140230000
97.7477110000 4.1867010000 2.4524350000
99.6589200000 1.2362970000 8.7703910000
101.6075060000 -1.5206920000 5.7848850000
103.5941850000 -4.0720970000 3.3534000000
105.6197130000 -6.4188020000 1.3644050000
107.6848450000 -8.5691110000 9.7303500000
109.7903520000 -10.5353590000 8.3821780000
111.9370270000 -12.3317180000 7.2652420000
114.1256790000 -13.9729240000 6.3360890000
116.3571170000 -15.4734320000 5.5600730000
118.6321950000 -16.8470170000 4.9094360000
120.9517520000 -18.1065160000 4.3618740000
123.3166580000 -19.2637580000 3.8993850000
125.7278060000 -20.3295350000 3.5073970000
128.1860960000 -21.3136670000 3.1740650000
130.6924590000 -22.2250900000 2.8897310000
133.2478330000 -23.0717700000 2.6464930000
135.8531490000 -23.8613910000 2.4378680000
138.5094300000 -24.6004960000 2.2585140000
141.2176360000 -25.2955280000 2.1040180000
143.9787900000 -25.9525450000 1.9707300000
146.7939300000 -26.5775110000 1.8556160000
149.6641240000 -27.1765770000 1.7561530000
152.5904390000 -27.7565290000 1.6702360000
155.5739590000 -28.3255330000 1.5961100000
158.6158140000 -28.8946190000 1.5323100000
161.7171480000 -30.3393990000 2.2865830000
164.8791350000 -29.9272290000 2.2523310000
168.1029360000 -30.1805400000 2.2252600000
171.3897710000 -30.4981400000 2.2046610000
174.7408600000 -30.8394300000 2.4964720000
178.1574860000 -31.0456100000 2.4915190000
181.6409150000 -31.2891960000 2.4916050000
185.1924440000 -31.5436360000 2.4964380000
188.8134160000 -31.8021740000 2.5058060000
192.5051880000 -32.0625650000 2.5195730000
196.2691500000 -32.3242990000 2.5376690000
200.1067050000 -32.5877230000 2.5600960000
204.0192870000 -32.8537480000 2.5869230000
208.0083770000 -33.1237300000 2.6182890000
212.0754700000 -33.3994900000 2.6544090000
216.2220760000 -33.5286370000 2.6932390000
220.4497530000 -33.8211170000 2.7351910000
224.7601010000 -34.1297490000 2.7829000000
229.1547240000 -34.4619100000 2.8369510000
233.6352690000 -34.8480490000 3.3791240000
238.2034300000 -34.9855350000 3.4521410000
242.8609010000 -35.2055820000 3.5339930000
247.6094360000 -35.4106560000 3.6254030000
252.4508210000 -35.6944690000 3.7273290000
257.3868710000 -36.0039100000 3.8425380000
262.4194340000 -36.3395840000 3.9731520000
267.5503850000 -36.7034680000 4.1217130000
272.7816770000 -37.0984800000 4.2912790000
278.1152340000 -37.5283660000 4.4855300000
283.5530700000 -37.9976120000 4.7089040000
289.0972600000 -38.5115700000 4.9667770000
294.7498170000 -39.0764880000 5.2656640000
300.5129390000 -39.6996880000 5.6134990000
306.3887020000 -35.3166280000 6.0021850000
312.3793640000 -35.6048200000 6.1819080000
318.4871830000 -32.1739960000 6.2837410000
324.7143860000 -32.1636280000 6.2988010000
331.0633850000 -32.1549720000 6.3121480000
337.5364990000 -32.1483350000 6.3237660000
344.1361690000 -32.1440430000 6.3336460000
350.8648990000 -32.1424370000 6.3417790000
357.7251890000 -32.1438870000 6.3481580000
364.7196040000 -32.1487880000 6.3527760000
371.8508000000 -32.1575660000 6.3556290000
379.1213990000 -32.1706700000 6.3567160000
386.5341800000 -32.1885870000 6.3560330000
394.0918880000 -32.2118420000 6.3535830000
401.7973630000 -32.2410050000 6.3493670000
409.6535340000 -32.2766990000 6.3433890000
417.6632690000 -32.3195880000 6.3356540000
425.8296200000 -32.3704190000 6.3261690000
434.1556700000 -32.4808850000 6.3163510000
442.6445010000 -32.5500450000 6.3048710000
451.2993160000 -32.6297950000 6.2916580000
460.1233520000 -32.7212520000 6.2767230000
469.1199040000 -32.8256650000 6.2600800000
478.2923890000 -32.9444390000 6.2417420000
487.6441960000 -33.0791740000 6.2217250000
497.1788640000 -33.2316930000 6.2000470000
506.8999330000 -33.4040990000 6.1767250000
516.8110960000 -33.5988120000 6.1517820000
526.9160770000 -33.8186720000 6.1252370000
537.2185670000 -34.0670130000 6.0971130000
547.7225340000 -34.3477860000 6.0674350000
558.4318850000 -34.6657330000 6.0362290000
569.3506470000 -35.0265920000 6.0035200000
580.4828490000 -35.4373860000 5.9693380000
591.8327640000 -35.9068300000 5.9337100000
603.4046020000 -36.4458960000 5.8966670000
615.2026370000 -37.0686070000 5.8582410000
627.2313840000 -37.7932210000 5.8184630000
639.4953610000 -38.6440240000 5.7773670000
651.9990840000 -39.6451800000 5.7347760000
664.7473140000 -40.8605800000 5.6906600000
677.7447510000 -42.3486020000 5.6453180000
690.9963990000 -44.1780130000 5.5985500000
704.5070800000 -46.5733260000 5.5490910000
718.2819820000 -49.7746660000 5.4984460000
732.3261720000 -57.4849210000 6.1319540000
746.6450200000 -53.3627430000 9.0306850000
761.2437740000 -44.2148510000 7.9068980000
776.1279910000 -39.0818520000 6.8225100000
791.3032230000 -35.4431990000 5.7758830000
806.7752080000 -32.6353950000 4.7654420000
822.5496830000 -30.3705640000 3.7896960000
838.6325680000 -28.4955460000 2.8472250000
855.0299680000 -26.9189990000 1.9366650000
871.7479250000 -25.5826910000 1.0567230000
888.7927860000 -24.4483950000 0.2061560000
906.1708980000 -23.4914530000 9.3837970000
923.8888550000 -22.7169210000 8.5885490000
941.9531860000 -22.0827330000 7.8203010000
960.3707280000 -21.6154060000 7.0770530000
979.1483760000 -21.3401700000 6.3578240000
998.2931520000 -25.7353570000 9.7740480000
1017.8123170000 -20.7666110000 8.9929050000
1037.7131350000 -19.5292850000 8.2385370000
1058.0029300000 -19.1706370000 7.5107650000
1078.6895750000 -17.8484690000 8.5343650000
1099.7806400000 -16.5771980000 7.7745510000
1121.2841800000 -15.6950740000 7.0530490000
1143.2080080000 -15.0069660000 6.3674450000
1165.5606690000 -14.4669210000 5.7156940000
1188.3502200000 -14.0894930000 5.0960960000
1211.5854490000 -14.1646830000 4.5072190000
1235.2750240000 -12.9851390000 5.0828550000
1259.4277340000 -12.0339410000 4.5019380000
1284.0527340000 -11.4481810000 3.9352490000
1309.1591800000 -10.9517780000 3.3933850000
1334.7564700000 -10.5147380000 2.8766040000
1360.8542480000 -10.1221960000 2.3853970000
1387.4624020000 -9.4347340000 1.9133800000
1414.5908200000 -9.0670870000 1.4036120000
1442.2495120000 -8.7783290000 0.9076650000
1470.4492190000 -8.4666730000 0.4263400000
1499.2000730000 -8.2152340000 9.9591520000
1528.5131840000 -7.9479210000 9.5056590000
1558.3995360000 -7.6991840000 9.0654240000
1588.8701170000 -7.4222200000 8.6364750000
1619.9365230000 -7.2014620000 8.2128540000
1651.6103520000 -6.9956280000 7.8007790000
1683.9034420000 -6.8035620000 7.4001940000
1716.8280030000 -6.1533590000 6.9681780000
1750.3962400000 -5.9667550000 6.5413000000
1784.6208500000 -5.7938730000 6.1222460000
1819.5146480000 -5.6340500000 5.7109640000
1855.0908200000 -5.4866700000 5.3074020000
1891.3624270000 -5.3511650000 4.9115090000
1928.3432620000 -5.2270050000 4.5232250000
1966.0472410000 -5.1136990000 4.1424890000
2004.4884030000 -5.0107910000 3.7692390000
2043.6811520000 -4.9178540000 3.4034110000
2083.6401370000 -4.8344940000 3.0449340000
2124.3806150000 -4.7603530000 2.6937370000
2165.9174800000 -4.7136780000 2.3514620000
2208.2666020000 -4.6574470000 2.0166960000
2251.4438480000 -4.6092950000 1.6890890000
2295.4653320000 -4.5689450000 1.3685590000
2340.3474120000 -4.5361400000 1.0550150000
2386.1069340000 -4.5106480000 0.7483700000
2432.7612300000 -4.4922590000 0.4485310000
2480.3278810000 -4.4882480000 0.1561740000
2528.8244630000 -4.4837390000 9.8705080000
2578.2692870000 -4.4857810000 9.5914140000
2628.6809080000 -4.4942610000 9.3187930000
2680.0783690000 -4.5090970000 9.0525480000
2732.4804690000 -4.5302450000 8.7925790000
2785.9074710000 -4.5577120000 8.5387860000
2840.3789060000 -4.5915830000 8.2910710000
2895.9152830000 -4.6321050000 8.0493350000
2952.5378420000 -4.7212810000 7.8154310000
3010.2673340000 -4.8096190000 7.5896590000
3069.1254880000 -4.8651730000 7.3730250000
3129.1347660000 -4.9263730000 7.1619890000
3190.3171390000 -4.9934020000 6.9564260000
3252.6958010000 -5.0666010000 6.7562090000
3316.2941890000 -5.1460480000 6.5612200000
3381.1359860000 -5.2321830000 6.3713350000
3447.2456050000 -5.3254410000 6.1864360000
3514.6479490000 -5.4263530000 6.0064060000
3583.3681640000 -5.5355640000 5.8311320000
3653.4318850000 -5.6538620000 5.6605020000
3724.8657230000 -5.7822120000 5.4944070000
3797.6960450000 -5.9217960000 5.3327380000
3871.9506840000 -6.0740790000 5.1753930000
3947.6569820000 -6.2408920000 5.0222660000
4024.8435060000 -6.4318620000 4.8734310000
4103.5390630000 -6.6356640000 4.7288560000
4183.7739260000 -6.8631640000 4.5882310000
4265.5771480000 -7.1195890000 4.4514590000
4348.9794920000 -7.4123080000 4.3184480000
4434.0131840000 -7.7514180000 4.1891020000
4520.7089840000 -8.1526790000 4.0633300000
4609.1005860000 -8.6413610000 3.9410400000
4699.2197270000 -9.2669910000 3.8224060000
4791.1015630000 -10.1131770000 3.7071080000
4884.7792970000 -11.4384350000 3.5950450000
4980.2890630000 -14.7205830000 3.4861330000
4983.4902340000 -14.9711560000 3.4825720000
4983.6899410000 -14.9876770000 3.4823500000
4983.8901370000 -15.0043950000 3.4821280000
4984.0898440000 -15.0211920000 3.4819060000
4984.2998050000 -15.0389610000 3.4816730000
4984.5000000000 -15.0560490000 3.4814500000
4984.7001950000 -15.0732620000 3.4812280000
4984.8999020000 -15.0905620000 3.4810060000
4985.1000980000 -15.1080300000 3.4807830000
4985.2998050000 -15.1255460000 3.4805620000
4985.5000000000 -15.1432790000 3.4803400000
4985.7001950000 -15.1611470000 3.4801170000
4985.8999020000 -15.1791090000 3.4798950000
4986.1000980000 -15.1972510000 3.4796730000
4986.2998050000 -15.2154920000 3.4794510000
4986.5000000000 -15.2338760000 3.4792290000
4986.7001950000 -15.2524500000 3.4790070000
4986.8999020000 -15.2711270000 3.4787860000
4987.1000980000 -15.2899990000 3.4785630000
4987.2998050000 -15.3089780000 3.4783420000
4987.5000000000 -15.3281580000 3.4781190000
4987.7001950000 -15.3474500000 3.4778980000
4987.8999020000 -15.3669020000 3.4776760000
4988.1098630000 -15.3875510000 3.4774430000
4988.3100590000 -15.4073400000 3.4772210000
4988.5097660000 -15.4272970000 3.4770000000
4988.7099610000 -15.4474740000 3.4767780000
4988.9101560000 -15.4678250000 3.4765560000
4989.1098630000 -15.4883050000 3.4763340000
4989.3100590000 -15.5090160000 3.4761120000
4989.5097660000 -15.5298110000 3.4758920000
4989.7099610000 -15.5508930000 3.4756700000
4989.9101560000 -15.5721650000 3.4754480000
4990.1098630000 -15.5935820000 3.4752260000
4990.3100590000 -15.6152480000 3.4750040000
4990.5097660000 -15.6370630000 3.4747830000
4990.7202150000 -15.6602460000 3.4745500000
4990.9199220000 -15.6824860000 3.4743290000
4991.1201170000 -15.7049920000 3.4741070000
4991.3198240000 -15.7276090000 3.4738860000
4991.5200200000 -15.7505550000 3.4736650000
4991.7202150000 -15.7737280000 3.4734430000
4991.9199220000 -15.7970770000 3.4732220000
4992.1201170000 -15.8207170000 3.4730000000
4992.3198240000 -15.8445410000 3.4727790000
4992.5200200000 -15.8686080000 3.4725580000
4992.7299800000 -15.8942100000 3.4723250000
4992.9301760000 -15.9188550000 3.4721040000
4993.1298830000 -15.9436430000 3.4718830000
4993.3300780000 -15.9688160000 3.4716620000
4993.5297850000 -15.9942020000 3.4714410000
4993.7299800000 -16.0199260000 3.4712190000
4993.9301760000 -16.0459370000 3.4709980000
4994.1298830000 -16.0721130000 3.4707770000
4994.3300780000 -16.0987130000 3.4705560000
4994.5400390000 -16.1269700000 3.4703230000
4994.7402340000 -16.1541390000 3.4701030000
4994.9399410000 -16.1816250000 3.4698820000
4995.1401370000 -16.2095030000 3.4696610000
4995.3398440000 -16.2376520000 3.4694400000
4995.5400390000 -16.2662090000 3.4692180000
4995.7402340000 -16.2951180000 3.4689970000
4995.9399410000 -16.3242490000 3.4687770000
4996.1499020000 -16.3553810000 3.4685440000
4996.3500980000 -16.3854200000 3.4683230000
4996.5498050000 -16.4157010000 3.4681030000
4996.7500000000 -16.4465270000 3.4678820000
4996.9501950000 -16.4777660000 3.4676610000
4997.1499020000 -16.5093500000 3.4674400000
4997.3500980000 -16.5414410000 3.4672190000
4997.5600590000 -16.5755390000 3.4669880000
4997.7597660000 -16.6084770000 3.4667670000
4997.9599610000 -16.6419660000 3.4665460000
4998.1601560000 -16.6759400000 3.4663250000
4998.3598630000 -16.7102470000 3.4661050000
4998.5600590000 -16.7452320000 3.4658840000
4998.7597660000 -16.7806630000 3.4656640000
4998.9702150000 -16.8185410000 3.4654320000
4999.1699220000 -16.8551060000 3.4652110000
4999.3701170000 -16.8923400000 3.4649910000
4999.5698240000 -16.9300820000 3.4647700000
4999.7700200000 -16.9685360000 3.4645500000
4999.9702150000 -17.0076310000 3.4643290000
5000.1801760000 -17.0492990000 3.4640970000
5000.3798830000 -17.0896800000 3.4638770000
5000.5800780000 -17.1308670000 3.4636560000
5000.7797850000 -17.1725900000 3.4634370000
5000.9799800000 -17.2152730000 3.4632160000
5001.1801760000 -17.2587470000 3.4629950000
5001.3901370000 -17.3051740000 3.4627640000
5001.5898440000 -17.3502560000 3.4625440000
5001.7900390000 -17.3963340000 3.4623230000
5001.9902340000 -17.4433350000 3.4621030000
5002.1899410000 -17.4911800000 3.4618830000
5002.3901370000 -17.5400240000 3.4616630000
5002.6000980000 -17.5925560000 3.4614310000
5002.7998050000 -17.6435790000 3.4612110000
5003.0000000000 -17.6957400000 3.4609910000
5003.2001950000 -17.7492160000 3.4607710000
5003.3999020000 -17.8038060000 3.4605510000
5003.6098630000 -17.8625350000 3.4603200000
5003.8100590000 -17.9200000000 3.4601000000
5004.0097660000 -17.9787670000 3.4598800000
5004.2099610000 -18.0391900000 3.4596600000
5004.4101560000 -18.1012100000 3.4594390000
5004.6201170000 -18.1679920000 3.4592080000
5004.8198240000 -18.2334020000 3.4589890000
5005.0200200000 -18.3008520000 3.4587680000
5005.2202150000 -18.3703000000 3.4585480000
5005.4199220000 -18.4415190000 3.4583290000
5005.6298830000 -18.5190750000 3.4580980000
5005.8300780000 -18.5954000000 3.4578780000
5006.0297850000 -18.6739100000 3.4576590000
5006.2299800000 -18.7555310000 3.4574380000
5006.4301760000 -18.8400940000 3.4572180000
5006.6401370000 -18.9320770000 3.4569880000
5006.8398440000 -19.0231510000 3.4567680000
5007.0400390000 -19.1181340000 3.4565480000
5007.2402340000 -19.2171170000 3.4563280000
5007.4501950000 -19.3254970000 3.4560980000
5007.6499020000 -19.4335690000 3.4558780000
5007.8500980000 -19.5471310000 3.4556580000
5008.0498050000 -19.6661720000 3.4554390000
5008.2500000000 -19.7918740000 3.4552190000
5008.4599610000 -19.9312000000 3.4549890000
5008.6601560000 -20.0723690000 3.4547690000
5008.8598630000 -20.2218250000 3.4545500000
5009.0600590000 -20.3822210000 3.4543300000
5009.2700200000 -20.5633140000 3.4540990000
5009.4702150000 -20.7493420000 3.4538800000
5009.6699220000 -20.9513590000 3.4536610000
5009.8701170000 -21.1729240000 3.4534410000
5010.0800780000 -21.4298570000 3.4532110000
5010.2797850000 -21.7037240000 3.4529920000
5010.4799800000 -22.0145020000 3.4527720000
5010.6801760000 -22.3726480000 3.4525530000
5010.8901370000 -22.8173750000 3.4523220000
5011.0898440000 -23.3368110000 3.4521030000
5011.2900390000 -24.0060440000 3.4518840000
5011.4902340000 -24.9443380000 3.4516640000
5011.7001950000 -26.6368260000 3.4514340000
5011.8999020000 -15.0527830000 0.8867010000
5012.1000980000 -26.6761470000 0.8857120000
5012.2998050000 -25.0372680000 0.8847260000
5012.5097660000 -24.0382860000 0.8836900000
5012.7099610000 -23.3652570000 0.8827020000
5012.9101560000 -22.8415320000 0.8817140000
5013.1098630000 -22.4145810000 0.8807310000
5013.3198240000 -22.0344180000 0.8796940000
5013.5200200000 -21.7213940000 0.8787070000
5013.7202150000 -21.4454570000 0.8777220000
5013.9301760000 -21.1859470000 0.8766850000
5014.1298830000 -20.9631290000 0.8757010000
5014.3300780000 -20.7594070000 0.8747170000
5014.5297850000 -20.5717600000 0.8737330000
5014.7402340000 -20.3886450000 0.8726940000
5014.9399410000 -20.2275430000 0.8717130000
5015.1401370000 -20.0759540000 0.8707280000
5015.3500980000 -19.9268650000 0.8696950000
5015.5498050000 -19.7930720000 0.8687110000
5015.7500000000 -19.6661030000 0.8677260000
5015.9501950000 -19.5455590000 0.8667410000
5016.1601560000 -19.4254950000 0.8657090000
5016.3598630000 -19.3165250000 0.8647270000
5016.5600590000 -19.2120760000 0.8637430000
5016.7700200000 -19.1073530000 0.8627120000
5016.9702150000 -19.0115090000 0.8617280000
5017.1699220000 -18.9195840000 0.8607460000
5017.3701170000 -18.8308680000 0.8597620000
5017.5800780000 -18.7413370000 0.8587320000
5017.7797850000 -18.6590960000 0.8577510000
5017.9799800000 -18.5794120000 0.8567690000
5018.1899410000 -18.4986950000 0.8557390000
5018.3901370000 -18.4241180000 0.8547560000
5018.5898440000 -18.3519730000 0.8537760000
5018.7998050000 -18.2784900000 0.8527470000
5019.0000000000 -18.2104000000 0.8517650000
5019.2001950000 -18.1442010000 0.8507830000
5019.4101560000 -18.0767670000 0.8497540000
5019.6098630000 -18.0142780000 0.8487750000
5019.8100590000 -17.9532430000 0.8477950000
5020.0200200000 -17.8909360000 0.8467660000
5020.2202150000 -17.8329430000 0.8457850000
5020.4199220000 -17.7764610000 0.8448070000
5020.6298830000 -17.7185550000 0.8437800000
5020.8300780000 -17.6645640000 0.8428000000
5021.0297850000 -17.6118950000 0.8418220000
5021.2402340000 -17.5576900000 0.8407930000
5021.4399410000 -17.5073070000 0.8398160000
5021.6401370000 -17.4578530000 0.8388370000
5021.8500980000 -17.4071220000 0.8378110000
5022.0498050000 -17.3597970000 0.8368340000
5022.2500000000 -17.3132840000 0.8358550000
5022.4599610000 -17.2655120000 0.8348290000
5022.6601560000 -17.2207910000 0.8338510000
5022.8598630000 -17.1769980000 0.8328750000
5023.0698240000 -17.1318610000 0.8318500000
5023.2700200000 -17.0895610000 0.8308730000
5023.4702150000 -17.0480000000 0.8298950000
5023.6801760000 -17.0052260000 0.8288710000
5023.8798830000 -16.9651950000 0.8278960000
5024.0800780000 -16.9257350000 0.8269190000
5024.2900390000 -16.8850880000 0.8258950000
5024.4902340000 -16.8469260000 0.8249190000
5024.6899410000 -16.8094560000 0.8239440000
5024.8999020000 -16.7707330000 0.8229220000
5025.1000980000 -16.7343520000 0.8219450000
5025.3100590000 -16.6968270000 0.8209230000
5025.5097660000 -16.6616340000 0.8199490000
5025.7099610000 -16.6268770000 0.8189740000
5025.9199220000 -16.5910000000 0.8179520000
5026.1201170000 -16.5572530000 0.8169780000
5026.3198240000 -16.5240590000 0.8160050000
5026.5297850000 -16.4896950000 0.8149830000
5026.7299800000 -16.4573500000 0.8140090000
5026.9399410000 -16.4239330000 0.8129880000
5027.1401370000 -16.3924670000 0.8120140000
5027.3398440000 -16.3614880000 0.8110420000
5027.5498050000 -16.3293880000 0.8100220000
5027.7500000000 -16.2991470000 0.8090490000
5027.9599610000 -16.2678760000 0.8080290000
5028.1601560000 -16.2384070000 0.8070550000
5028.3598630000 -16.2093680000 0.8060850000
5028.5698240000 -16.1792550000 0.8050660000
5028.7700200000 -16.1508620000 0.8040930000
5028.9702150000 -16.1228070000 0.8031210000
5029.1801760000 -16.0937690000 0.8021020000
5029.3798830000 -16.0664460000 0.8011330000
5029.5898440000 -16.0380900000 0.8001150000
5029.7900390000 -16.0113350000 0.7991430000
5029.9902340000 -15.9848810000 0.7981720000
5030.2001950000 -15.9574830000 0.7971540000
5030.3999020000 -15.9316840000 0.7961850000
5030.6098630000 -15.9048330000 0.7951660000
5030.8100590000 -15.8796010000 0.7941980000
5031.0200200000 -15.8533330000 0.7931800000
5031.2202150000 -15.8285870000 0.7922090000
5031.4199220000 -15.8042130000 0.7912440000
5031.6298830000 -15.7787690000 0.7902250000
5031.8300780000 -15.7547890000 0.7892550000
5032.0400390000 -15.7299270000 0.7882400000
5032.2402340000 -15.7064390000 0.7872710000
5032.4399410000 -15.6832920000 0.7863060000
5032.6499020000 -15.6591180000 0.7852890000
5032.8500980000 -15.6363230000 0.7843210000
5033.0600590000 -15.6126780000 0.7833060000
5033.2597660000 -15.5903810000 0.7823400000
5033.4702150000 -15.5671400000 0.7813230000
5033.6699220000 -15.5452690000 0.7803580000
5033.8798830000 -15.5225200000 0.7793450000
5034.0800780000 -15.5010100000 0.7783770000
5034.2797850000 -15.4797450000 0.7774110000
5034.4902340000 -15.4575710000 0.7763970000
5034.6899410000 -15.4366960000 0.7754320000
5034.8999020000 -15.4149730000 0.7744190000
5035.1000980000 -15.3944240000 0.7734530000
5035.3100590000 -15.3730410000 0.7724380000
5035.5097660000 -15.3529520000 0.7714770000
5035.7202150000 -15.3318960000 0.7704600000
5035.9199220000 -15.3121100000 0.7694970000
5036.1201170000 -15.2924890000 0.7685340000
5036.3300780000 -15.2720160000 0.7675200000
5036.5297850000 -15.2527280000 0.7665570000
5036.7402340000 -15.2326000000 0.7655440000
5036.9399410000 -15.2136350000 0.7645820000
5037.1499020000 -15.1938850000 0.7635710000
5037.3500980000 -15.1751870000 0.7626070000
5037.5600590000 -15.1557590000 0.7615970000
5037.7597660000 -15.1374070000 0.7606340000
5037.9702150000 -15.1182480000 0.7596230000
5038.1699220000 -15.1001900000 0.7586610000
5038.3798830000 -15.0813760000 0.7576520000
5038.5800780000 -15.0635600000 0.7566890000
5038.7900390000 -15.0449970000 0.7556780000
5038.9902340000 -15.0274980000 0.7547180000
5039.1899410000 -15.0101300000 0.7537570000
5039.3999020000 -14.9919890000 0.7527470000
5039.6000980000 -14.9748840000 0.7517870000
5039.8100590000 -14.9570170000 0.7507770000
5040.0097660000 -14.9401680000 0.7498170000
5077.6660160000 -12.9682930000 0.5723080000
5176.9472660000 -11.1389320000 0.1342950000
5278.1694340000 -10.8791070000 9.7283360000
5326.0200200000 -11.5072700000 9.5493920000
5326.2500000000 -11.5135330000 9.5485520000
5326.4702150000 -11.5195900000 9.5477460000
5326.7001950000 -11.5259670000 9.5469060000
5326.9301760000 -11.5324030000 9.5460650000
5327.1601560000 -11.5389130000 9.5452230000
5327.3901370000 -11.5454690000 9.5443840000
5327.6201170000 -11.5520880000 9.5435440000
5327.8500980000 -11.5587690000 9.5427050000
5328.0800780000 -11.5655280000 9.5418630000
5328.3100590000 -11.5723370000 9.5410240000
5328.5297850000 -11.5789110000 9.5402220000
5328.7597660000 -11.5858490000 9.5393840000
5328.9902340000 -11.5928830000 9.5385420000
5329.2202150000 -11.5999570000 9.5377040000
5329.4501950000 -11.6071000000 9.5368650000
5329.6801760000 -11.6143120000 9.5360270000
5329.9101560000 -11.6216120000 9.5351880000
5330.1401370000 -11.6289690000 9.5343490000
5330.3701170000 -11.6363990000 9.5335120000
5330.6000980000 -11.6439200000 9.5326730000
5330.8300780000 -11.6515020000 9.5318360000
5331.0498050000 -11.6588250000 9.5310350000
5331.2797850000 -11.6665570000 9.5301980000
5331.5097660000 -11.6743710000 9.5293620000
5331.7402340000 -11.6822970000 9.5285220000
5331.9702150000 -11.6902730000 9.5276860000
5332.2001950000 -11.6983330000 9.5268500000
5332.4301760000 -11.7064930000 9.5260120000
5332.6601560000 -11.7147250000 9.5251760000
5332.8901370000 -11.7230430000 9.5243410000
5333.1201170000 -11.7314690000 9.5235030000
5333.3500980000 -11.7399680000 9.5226680000
5333.5800780000 -11.7485600000 9.5218330000
5333.8100590000 -11.7572450000 9.5209980000
5334.0400390000 -11.7660460000 9.5201620000
5334.2700200000 -11.7749240000 9.5193270000
5334.5000000000 -11.7839020000 9.5184930000
5334.7299800000 -11.7930010000 9.5176570000
5334.9501950000 -11.8017820000 9.5168590000
5335.1801760000 -11.8110840000 9.5160240000
5335.4101560000 -11.8204730000 9.5151900000
5335.6401370000 -11.8299710000 9.5143570000
5335.8701170000 -11.8396020000 9.5135220000
5336.1000980000 -11.8493230000 9.5126890000
5336.3300780000 -11.8591610000 9.5118560000
5336.5600590000 -11.8691380000 9.5110220000
5336.7900390000 -11.8792130000 9.5101890000
5337.0200200000 -11.8894110000 9.5093560000
5337.2500000000 -11.8997550000 9.5085220000
5337.4799800000 -11.9102060000 9.5076900000
5337.7099610000 -11.9207860000 9.5068580000
5337.9399410000 -11.9314990000 9.5060260000
5338.1699220000 -11.9423700000 9.5051930000
5338.3999020000 -11.9533590000 9.5043620000
5338.6298830000 -11.9644880000 9.5035310000
5338.8598630000 -11.9757850000 9.5026980000
5339.0898440000 -11.9872070000 9.5018670000
5339.3198240000 -11.9987810000 9.5010370000
5339.5498050000 -12.0105330000 9.5002040000
5339.7797850000 -12.0224210000 9.4993730000
5340.0097660000 -12.0344700000 9.4985440000
5340.2402340000 -12.0467100000 9.4977120000
5340.4702150000 -12.0591200000 9.4968810000
5340.7001950000 -12.0716800000 9.4960510000
5340.9301760000 -12.0844170000 9.4952210000
5341.1601560000 -12.0973650000 9.4943900000
5341.3901370000 -12.1104730000 9.4935610000
5341.6201170000 -12.1237740000 9.4927320000
5341.8500980000 -12.1372990000 9.4919010000
5342.0800780000 -12.1509980000 9.4910730000
5342.3100590000 -12.1649070000 9.4902450000
5342.5400390000 -12.1790560000 9.4894140000
5342.7700200000 -12.1933970000 9.4885860000
5343.0000000000 -12.2079620000 9.4877590000
5343.2299800000 -12.2227590000 9.4869310000
5343.4599610000 -12.2378250000 9.4861020000
5343.6899410000 -12.2531050000 9.4852740000
5343.9199220000 -12.2686380000 9.4844470000
5344.1499020000 -12.2844630000 9.4836190000
5344.3798830000 -12.3005240000 9.4827920000
5344.6098630000 -12.3168590000 9.4819650000
5344.8398440000 -12.3335140000 9.4811360000
5345.0698240000 -12.3504290000 9.4803100000
5345.2998050000 -12.3676460000 9.4794840000
5345.5400390000 -12.3859830000 9.4786210000
5345.7700200000 -12.4038520000 9.4777950000
5346.0000000000 -12.4220920000 9.4769670000
5346.2299800000 -12.4406420000 9.4761420000
5346.4599610000 -12.4595510000 9.4753160000
5346.6899410000 -12.4788700000 9.4744890000
5346.9199220000 -12.4985350000 9.4736640000
5347.1499020000 -12.5186000000 9.4728400000
5347.3798830000 -12.5390770000 9.4720150000
5347.6098630000 -12.5600290000 9.4711890000
5347.8398440000 -12.5813850000 9.4703650000
5348.0698240000 -12.6032060000 9.4695410000
5348.2998050000 -12.6255580000 9.4687150000
5348.5297850000 -12.6483680000 9.4678920000
5348.7597660000 -12.6717030000 9.4670680000
5348.9902340000 -12.6956880000 9.4662410000
5349.2299800000 -12.7211760000 9.4653840000
5349.4599610000 -12.7463140000 9.4645590000
5349.6899410000 -12.7720290000 9.4637360000
5349.9199220000 -12.7984020000 9.4629140000
5350.1499020000 -12.8255230000 9.4620890000
5350.3798830000 -12.8533150000 9.4612670000
5350.6098630000 -12.8818700000 9.4604440000
5350.8398440000 -12.9112290000 9.4596220000
5351.0698240000 -12.9414990000 9.4587990000
5351.2998050000 -12.9726020000 9.4579770000
5351.5297850000 -13.0046510000 9.4571560000
5351.7700200000 -13.0392360000 9.4562970000
5352.0000000000 -13.0734740000 9.4554740000
5352.2299800000 -13.1087760000 9.4546530000
5352.4599610000 -13.1452860000 9.4538330000
5352.6899410000 -13.1830840000 9.4530120000
5352.9199220000 -13.2223450000 9.4521890000
5353.1499020000 -13.2630060000 9.4513690000
5353.3798830000 -13.3052560000 9.4505490000
5353.6098630000 -13.3493120000 9.4497270000
5353.8500980000 -13.3971730000 9.4488720000
5354.0800780000 -13.4451940000 9.4480500000
5354.3100590000 -13.4953140000 9.4472310000
5354.5400390000 -13.5478320000 9.4464120000
5354.7700200000 -13.6030960000 9.4455910000
5355.0000000000 -13.6611480000 9.4447730000
5355.2299800000 -13.7224100000 9.4439540000
5355.4599610000 -13.7873840000 9.4431330000
5355.7001950000 -13.8593310000 9.4422790000
5355.9301760000 -13.9330650000 9.4414600000
5356.1601560000 -14.0118180000 9.4406410000
5356.3901370000 -14.0964980000 9.4398230000
5356.6201170000 -14.1882480000 9.4390040000
5356.8500980000 -14.2878740000 9.4381870000
5357.0800780000 -14.3970870000 9.4373690000
5357.3198240000 -14.5234530000 9.4365170000
5357.5498050000 -14.6592480000 9.4356990000
5357.7797850000 -14.8136580000 9.4348800000
5358.0097660000 -14.9916650000 9.4340640000
5358.2402340000 -15.2027230000 9.4332460000
5358.4702150000 -15.4610650000 9.4324270000
5358.7001950000 -15.7930850000 9.4316120000
5358.9399410000 -16.2845880000 9.4307600000
5359.1699220000 -17.0972900000 9.4299440000
5359.3999020000 -11.4878210000 3.1342550000
5359.6298830000 -17.1132930000 3.1330350000
5359.8598630000 -16.2948070000 3.1318170000
5360.0898440000 -15.8148630000 3.1305990000
5360.3300780000 -15.4602000000 3.1293260000
5360.5600590000 -15.1977400000 3.1281090000
5360.7900390000 -14.9821170000 3.1268890000
5361.0200200000 -14.7996780000 3.1256730000
5361.2500000000 -14.6412310000 3.1244560000
5361.4902340000 -14.4951200000 3.1231850000
5361.7202150000 -14.3701280000 3.1219690000
5361.9501950000 -14.2565550000 3.1207510000
5362.1801760000 -14.1528560000 3.1195350000
5362.4101560000 -14.0572560000 3.1183200000
5362.6401370000 -13.9685620000 3.1171060000
5362.8798830000 -13.8823470000 3.1158390000
5363.1098630000 -13.8048650000 3.1146220000
5363.3398440000 -13.7320930000 3.1134080000
5363.5698240000 -13.6633490000 3.1121950000
5363.7998050000 -13.5982020000 3.1109810000
5364.0400390000 -13.5335320000 3.1097130000
5364.2700200000 -13.4745420000 3.1084980000
5364.5000000000 -13.4183130000 3.1072850000
5364.7299800000 -13.3644890000 3.1060720000
5364.9702150000 -13.3105610000 3.1048050000
5365.2001950000 -13.2610510000 3.1035940000
5365.4301760000 -13.2133050000 3.1023800000
5365.6601560000 -13.1673800000 3.1011690000
5365.8901370000 -13.1230520000 3.0999570000
5366.1298830000 -13.0783760000 3.0986940000
5366.3598630000 -13.0369780000 3.0974840000
5366.5898440000 -12.9967910000 3.0962720000
5366.8198240000 -12.9579000000 3.0950610000
5367.0600590000 -12.9184490000 3.0937970000
5367.2900390000 -12.8818140000 3.0925870000
5367.5200200000 -12.8461850000 3.0913780000
5367.7500000000 -12.8114350000 3.0901670000
5367.9799800000 -12.7776570000 3.0889590000
5368.2202150000 -12.7432470000 3.0876950000
5368.4501950000 -12.7111640000 3.0864880000
5368.6801760000 -12.6798470000 3.0852790000
5368.9101560000 -12.6491960000 3.0840700000
5369.1499020000 -12.6180750000 3.0828120000
5369.3798830000 -12.5888100000 3.0816030000
5369.6098630000 -12.5602360000 3.0803970000
5369.8398440000 -12.5322640000 3.0791900000
5370.0800780000 -12.5036310000 3.0779290000
5370.3100590000 -12.4768110000 3.0767230000
5370.5400390000 -12.4504650000 3.0755160000
5370.7797850000 -12.4235680000 3.0742580000
5371.0097660000 -12.3982910000 3.0730530000
5371.2402340000 -12.3734270000 3.0718460000
5371.4702150000 -12.3490150000 3.0706390000
5371.7099610000 -12.3241020000 3.0693850000
5371.9399410000 -12.3005570000 3.0681780000
5372.1699220000 -12.2774610000 3.0669750000
5372.3999020000 -12.2547500000 3.0657710000
5372.6401370000 -12.2314020000 3.0645130000
5372.8701170000 -12.2094400000 3.0633110000
5373.1000980000 -12.1877810000 3.0621050000
5373.3398440000 -12.1656270000 3.0608540000
5373.5698240000 -12.1446430000 3.0596490000
5373.7998050000 -12.1240170000 3.0584470000
5374.0297850000 -12.1036950000 3.0572460000
5374.2700200000 -12.0827610000 3.0559900000
5374.5000000000 -12.0630310000 3.0547890000
5374.7299800000 -12.0435390000 3.0535860000
5374.9702150000 -12.0234870000 3.0523310000
5375.2001950000 -12.0045760000 3.0511300000
5375.4301760000 -11.9859180000 3.0499310000
5375.6699220000 -11.9667090000 3.0486790000
5375.8999020000 -11.9485460000 3.0474800000
5376.1298830000 -11.9305790000 3.0462780000
5376.3598630000 -11.9128740000 3.0450790000
5376.6000980000 -11.8945970000 3.0438260000
5376.8300780000 -11.8773360000 3.0426280000
5377.0600590000 -11.8602830000 3.0414300000
5377.2998050000 -11.8427040000 3.0401800000
5377.5297850000 -11.8260600000 3.0389820000
5377.7597660000 -11.8095750000 3.0377840000
5378.0000000000 -11.7926080000 3.0365340000
5378.2299800000 -11.7765040000 3.0353360000
5378.4599610000 -11.7606120000 3.0341390000
5378.7001950000 -11.7441810000 3.0328880000
5378.9301760000 -11.7286410000 3.0316930000
5379.1601560000 -11.7132670000 3.0304970000
5379.3999020000 -11.6973970000 3.0292490000
5379.6298830000 -11.6823210000 3.0280520000
5379.8598630000 -11.6674310000 3.0268570000
5380.1000980000 -11.6520240000 3.0256080000
5380.3300780000 -11.6374410000 3.0244140000
5380.5600590000 -11.6230030000 3.0232200000
5380.7998050000 -11.6080880000 3.0219750000
5381.0297850000 -11.5939370000 3.0207820000
5381.2597660000 -11.5798930000 3.0195860000
5381.3710940000 -11.5731660000 3.0190090000
5381.5000000000 -11.5654100000 3.0183410000
5381.7299800000 -11.5516360000 3.0171460000
5381.9702150000 -11.5373990000 3.0158990000
5382.2001950000 -11.5239120000 3.0147070000
5382.4301760000 -11.5105490000 3.0135150000
5382.6699220000 -11.4967310000 3.0122720000
5382.8999020000 -11.4836090000 3.0110810000
5383.1298830000 -11.4705770000 3.0098870000
5383.3701170000 -11.4571260000 3.0086450000
5383.6000980000 -11.4443240000 3.0074520000
5383.8398440000 -11.4311340000 3.0062120000
5384.0698240000 -11.4185520000 3.0050200000
5384.2998050000 -11.4061020000 3.0038300000
5384.5400390000 -11.3931940000 3.0025860000
5384.7700200000 -11.3809530000 3.0013970000
5385.0000000000 -11.3687860000 3.0002060000
5385.2402340000 -11.3562190000 2.9989660000
5385.4702150000 -11.3442510000 2.9977750000
5385.7099610000 -11.3319120000 2.9965380000
5385.9399410000 -11.3201340000 2.9953470000
5386.1699220000 -11.3084730000 2.9941600000
5386.4101560000 -11.2963740000 2.9929190000
5386.6401370000 -11.2848930000 2.9917320000
5386.8798830000 -11.2730050000 2.9904930000
5387.1098630000 -11.2617000000 2.9893060000
5387.3398440000 -11.2504550000 2.9881180000
5387.5800780000 -11.2388320000 2.9868800000
5387.8100590000 -11.2277540000 2.9856930000
5388.0498050000 -11.2163260000 2.9844580000
5388.2797850000 -11.2054090000 2.9832710000
5388.5200200000 -11.1941010000 2.9820320000
5388.7500000000 -11.1833650000 2.9808470000
5388.9799800000 -11.1727030000 2.9796630000
5389.2202150000 -11.1616330000 2.9784250000
5389.4501950000 -11.1511190000 2.9772410000
5389.6899410000 -11.1402250000 2.9760060000
5389.9199220000 -11.1298570000 2.9748230000
5390.1499020000 -11.1195370000 2.9736380000
5390.3901370000 -11.1088620000 2.9724030000
5390.6201170000 -11.0986810000 2.9712180000
5486.5903320000 -8.9981550000 2.4994360000
5593.8666990000 -8.1147790000 2.0200340000
5685.0097660000 -8.1898730000 1.6483190000
5685.2700200000 -8.1931480000 1.6473030000
5685.5297850000 -8.1964690000 1.6462860000
5685.7900390000 -8.1998460000 1.6452680000
5686.0498050000 -8.2032650000 1.6442530000
5686.3100590000 -8.2067400000 1.6432350000
5686.5698240000 -8.2102540000 1.6422210000
5686.8300780000 -8.2138320000 1.6412050000
5687.0898440000 -8.2174560000 1.6401900000
5687.3598630000 -8.2212760000 1.6391360000
5687.6201170000 -8.2250180000 1.6381210000
5687.8798830000 -8.2288070000 1.6371060000
5688.1401370000 -8.2326550000 1.6360920000
5688.3999020000 -8.2365590000 1.6350780000
5688.6601560000 -8.2405300000 1.6340640000
5688.9199220000 -8.2445540000 1.6330510000
5689.1801760000 -8.2486470000 1.6320360000
5689.4399410000 -8.2527880000 1.6310250000
5689.7001950000 -8.2570070000 1.6300110000
5689.9702150000 -8.2614510000 1.6289600000
5690.2299800000 -8.2657970000 1.6279480000
5690.4902340000 -8.2702200000 1.6269340000
5690.7500000000 -8.2747040000 1.6259230000
5691.0097660000 -8.2792600000 1.6249110000
5691.2700200000 -8.2838880000 1.6239000000
5691.5297850000 -8.2885900000 1.6228900000
5691.7900390000 -8.2933780000 1.6218780000
5692.0600590000 -8.2984230000 1.6208290000
5692.3198240000 -8.3033620000 1.6198190000
5692.5800780000 -8.3083920000 1.6188070000
5692.8398440000 -8.3134860000 1.6177990000
5693.1000980000 -8.3186850000 1.6167880000
5693.3598630000 -8.3239610000 1.6157790000
5693.6201170000 -8.3293380000 1.6147680000
5693.8798830000 -8.3347960000 1.6137600000
5694.1499020000 -8.3405650000 1.6127130000
5694.4101560000 -8.3462290000 1.6117030000
5694.6699220000 -8.3519700000 1.6106970000
5694.9301760000 -8.3578350000 1.6096870000
5695.1899410000 -8.3637930000 1.6086800000
5695.4501950000 -8.3698710000 1.6076710000
5695.7202150000 -8.3762870000 1.6066250000
5695.9799800000 -8.3825820000 1.6056180000
5696.2402340000 -8.3890060000 1.6046100000
5696.5000000000 -8.3955250000 1.6036050000
5696.7597660000 -8.4021800000 1.6026000000
5697.0200200000 -8.4089750000 1.6015920000
5697.2900390000 -8.4161570000 1.6005480000
5697.5498050000 -8.4232100000 1.5995430000
5697.8100590000 -8.4304170000 1.5985360000
5698.0698240000 -8.4377550000 1.5975310000
5698.3300780000 -8.4452400000 1.5965260000
5698.6000980000 -8.4531910000 1.5954820000
5698.8598630000 -8.4609800000 1.5944800000
5699.1201170000 -8.4689630000 1.5934730000
5699.3798830000 -8.4770990000 1.5924700000
5699.6401370000 -8.4854280000 1.5914650000
5699.9101560000 -8.4942540000 1.5904240000
5700.1699220000 -8.5029440000 1.5894200000
5700.4301760000 -8.5118470000 1.5884160000
5700.6899410000 -8.5209190000 1.5874160000
5700.9501950000 -8.5302350000 1.5864110000
5701.2202150000 -8.5401260000 1.5853710000
5701.4799800000 -8.5498810000 1.5843690000
5701.7402340000 -8.5598920000 1.5833650000
5702.0000000000 -8.5701320000 1.5823650000
5702.2597660000 -8.5806110000 1.5813660000
5702.5297850000 -8.5918180000 1.5803240000
5702.7900390000 -8.6028970000 1.5793220000
5703.0498050000 -8.6142290000 1.5783230000
5703.2412110000 -8.6228000000 1.5775860000
5703.3100590000 -8.6259120000 1.5773220000
5703.5800780000 -8.6383640000 1.5762830000
5703.8398440000 -8.6507000000 1.5752840000
5704.1000980000 -8.6634150000 1.5742830000
5704.3598630000 -8.6764810000 1.5732830000
5704.6298830000 -8.6904690000 1.5722470000
5704.8901370000 -8.7043870000 1.5712460000
5705.1499020000 -8.7187200000 1.5702480000
5705.4101560000 -8.7335190000 1.5692490000
5705.6801760000 -8.7494370000 1.5682110000
5705.9399410000 -8.7652430000 1.5672150000
5706.2001950000 -8.7816640000 1.5662160000
5706.4599610000 -8.7986490000 1.5652190000
5706.7299800000 -8.8169590000 1.5641830000
5706.9902340000 -8.8353160000 1.5631850000
5707.2500000000 -8.8543680000 1.5621880000
5707.5097660000 -8.8742040000 1.5611920000
5707.7797850000 -8.8956970000 1.5601580000
5708.0400390000 -8.9173650000 1.5591600000
5708.2998050000 -8.9399460000 1.5581670000
5708.5698240000 -8.9646280000 1.5571310000
5708.8300780000 -8.9895610000 1.5561360000
5709.0898440000 -9.0157940000 1.5551400000
5709.3500980000 -9.0435130000 1.5541450000
5709.6201170000 -9.0739330000 1.5531120000
5709.8798830000 -9.1050320000 1.5521170000
5710.1401370000 -9.1381870000 1.5511220000
5710.4101560000 -9.1749460000 1.5500900000
5710.6699220000 -9.2129590000 1.5490960000
5710.9301760000 -9.2540070000 1.5481010000
5711.2001950000 -9.3002040000 1.5470710000
5711.4599610000 -9.3488150000 1.5460780000
5711.7202150000 -9.4022650000 1.5450850000
5711.9799800000 -9.4615820000 1.5440930000
5712.2500000000 -9.5310310000 1.5430600000
5712.5097660000 -9.6071170000 1.5420700000
5712.7700200000 -9.6957620000 1.5410780000
5713.0400390000 -9.8055870000 1.5400480000
5713.2998050000 -9.9367080000 1.5390570000
5713.5600590000 -10.1084080000 1.5380640000
5713.8300780000 -10.3676420000 1.5370350000
5714.0898440000 -10.8289540000 1.5360450000
5714.3500980000 -11.6597010000 3.3462990000
5714.6201170000 -10.5884570000 3.3452190000
5714.8798830000 -10.2438890000 3.3441790000
5715.1401370000 -10.0282800000 3.3431370000
5715.4101560000 -9.8658410000 3.3420580000
5715.6699220000 -9.7428020000 3.3410190000
5715.9301760000 -9.6408970000 3.3399800000
5716.2001950000 -9.5505800000 3.3388990000
5716.4599610000 -9.4750530000 3.3378630000
5716.7299800000 -9.4052260000 3.3367820000
5716.9902340000 -9.3447930000 3.3357430000
5717.2500000000 -9.2899800000 3.3347060000
5717.5200200000 -9.2376060000 3.3336280000
5717.7797850000 -9.1912000000 3.3325920000
5718.0400390000 -9.1478570000 3.3315530000
5718.3100590000 -9.1058810000 3.3304760000
5718.5698240000 -9.0679420000 3.3294400000
5718.8398440000 -9.0308050000 3.3283630000
5719.1000980000 -8.9969200000 3.3273260000
5719.3598630000 -8.9647920000 3.3262890000
5719.6298830000 -8.9330400000 3.3252140000
5719.8901370000 -8.9038150000 3.3241770000
5720.1499020000 -8.8758950000 3.3231410000
5720.4199220000 -8.8481040000 3.3220660000
5720.6801760000 -8.8223620000 3.3210310000
5720.9501950000 -8.7966930000 3.3199560000
5721.2099610000 -8.7728770000 3.3189220000
5721.4702150000 -8.7498370000 3.3178850000
5721.7402340000 -8.7267570000 3.3168130000
5722.0000000000 -8.7052530000 3.3157790000
5722.2700200000 -8.6836180000 3.3147060000
5722.5297850000 -8.6634110000 3.3136720000
5722.7900390000 -8.6437470000 3.3126370000
5723.0600590000 -8.6239360000 3.3115650000
5723.3198240000 -8.6053800000 3.3105330000
5723.5898440000 -8.5866170000 3.3094610000
5723.8500980000 -8.5689790000 3.3084270000
5724.1201170000 -8.5511490000 3.3073560000
5724.3798830000 -8.5343950000 3.3063250000
5724.6401370000 -8.5179960000 3.3052910000
5724.9101560000 -8.5013830000 3.3042210000
5725.1699220000 -8.4857410000 3.3031900000
5725.4399410000 -8.4698470000 3.3021200000
5725.7001950000 -8.4548360000 3.3010870000
5725.9702150000 -8.4395940000 3.3000180000
5726.2299800000 -8.4252120000 3.2989880000
5726.5000000000 -8.4105650000 3.2979190000
5726.7597660000 -8.3967310000 3.2968890000
5727.0200200000 -8.3831490000 3.2958600000
5727.2900390000 -8.3692760000 3.2947900000
5727.5498050000 -8.3561770000 3.2937610000
5727.8198240000 -8.3428110000 3.2926930000
5728.0800780000 -8.3301350000 3.2916630000
5728.3500980000 -8.3172150000 3.2905960000
5728.6098630000 -8.3049760000 3.2895680000
5728.8798830000 -8.2924680000 3.2885010000
5729.1401370000 -8.2805910000 3.2874720000
5729.4101560000 -8.2684670000 3.2864060000
5729.6699220000 -8.2569680000 3.2853780000
5729.9399410000 -8.2452030000 3.2843120000
5730.2001950000 -8.2340160000 3.2832840000
5730.4702150000 -8.2225860000 3.2822190000
5730.7299800000 -8.2117320000 3.2811930000
5730.9902340000 -8.2010040000 3.2801660000
5731.2597660000 -8.1900520000 3.2791020000
5731.5200200000 -8.1796070000 3.2780750000
5731.7900390000 -8.1689210000 3.2770110000
5732.0498050000 -8.1587630000 3.2759870000
5732.3198240000 -8.1483450000 3.2749220000
5732.5800780000 -8.1384190000 3.2738960000
5732.8500980000 -8.1282540000 3.2728330000
5733.1098630000 -8.1185830000 3.2718100000
5733.3798830000 -8.1086570000 3.2707460000
5733.6499020000 -8.0988480000 3.2696840000
5733.9101560000 -8.0894930000 3.2686590000
5734.1801760000 -8.0799040000 3.2675960000
5734.4399410000 -8.0707720000 3.2665740000
5734.7099610000 -8.0613920000 3.2655120000
5734.9702150000 -8.0524400000 3.2644880000
5735.2402340000 -8.0432420000 3.2634250000
5735.5000000000 -8.0345080000 3.2624050000
5735.7700200000 -8.0254970000 3.2613430000
5736.0297850000 -8.0169410000 3.2603240000
5736.2998050000 -8.0081100000 3.2592610000
5736.5600590000 -7.9997060000 3.2582410000
5736.8300780000 -7.9910470000 3.2571790000
5737.0898440000 -7.9828190000 3.2561610000
5737.3598630000 -7.9743230000 3.2550990000
5737.6298830000 -7.9659230000 3.2540410000
5737.8901370000 -7.9578940000 3.2530180000
5738.1601560000 -7.9496460000 3.2519600000
5738.4199220000 -7.9417760000 3.2509410000
5738.6899410000 -7.9336740000 3.2498830000
5738.9501950000 -7.9259260000 3.2488620000
5739.2202150000 -7.9179640000 3.2478050000
5739.4799800000 -7.9103620000 3.2467870000
5739.7500000000 -7.9025340000 3.2457290000
5740.0200200000 -7.8947720000 3.2446730000
5740.2797850000 -7.8873590000 3.2436550000
5740.5498050000 -7.8797090000 3.2425970000
5740.8100590000 -7.8724140000 3.2415800000
5741.0800780000 -7.8648860000 3.2405220000
5741.3398440000 -7.8577190000 3.2395080000
5741.6098630000 -7.8503070000 3.2384500000
5741.8798830000 -7.8429650000 3.2373940000
5742.1401370000 -7.8359370000 3.2363770000
5742.4101560000 -7.8287050000 3.2353220000
5742.6699220000 -7.8217930000 3.2343060000
5742.9399410000 -7.8146670000 3.2332530000
5743.2099610000 -7.8075940000 3.2321990000
5743.4702150000 -7.8008190000 3.2311820000
5743.7402340000 -7.7938460000 3.2301280000
5744.0000000000 -7.7871780000 3.2291140000
5744.2700200000 -7.7803020000 3.2280610000
5744.5400390000 -7.7734610000 3.2270060000
5744.7998050000 -7.7669430000 3.2259940000
5745.0698240000 -7.7601940000 3.2249400000
5745.3398440000 -7.7535020000 3.2238880000
5745.6000980000 -7.7470900000 3.2228740000
5745.8701170000 -7.7404860000 3.2218220000
5746.1298830000 -7.7341690000 3.2208090000
5746.3999020000 -7.7276490000 3.2197580000
5746.6699220000 -7.7211710000 3.2187070000
5746.9301760000 -7.7149620000 3.2176930000
5747.2001950000 -7.7085650000 3.2166430000
5747.4702150000 -7.7021960000 3.2155910000
5747.7299800000 -7.6961230000 3.2145810000
5748.0000000000 -7.6898320000 3.2135310000
5748.2700200000 -7.6835890000 3.2124810000
5748.5297850000 -7.6776140000 3.2114710000
5748.7998050000 -7.6714450000 3.2104220000
5749.0698240000 -7.6653120000 3.2093730000
5749.3300780000 -7.6594310000 3.2083610000
5749.6000980000 -7.6533680000 3.2073130000
5749.8701170000 -7.6473290000 3.2062630000
5750.1298830000 -7.6415690000 3.2052560000
5750.3999020000 -7.6355970000 3.2042060000
5750.6699220000 -7.6296700000 3.2031590000
5750.9301760000 -7.6239830000 3.2021480000
5751.2001950000 -7.6181200000 3.2011020000
5751.4702150000 -7.6122890000 3.2000550000
5751.7299800000 -7.6067040000 3.1990480000
5752.0000000000 -7.6009340000 3.1980020000
5752.2700200000 -7.5951850000 3.1969540000
5752.5297850000 -7.5896980000 3.1959490000
5752.7998050000 -7.5840080000 3.1949010000
5753.0698240000 -7.5783570000 3.1938560000
5753.3300780000 -7.5729340000 3.1928480000
5753.6000980000 -7.5673400000 3.1918030000
5753.8701170000 -7.5617750000 3.1907590000
5754.1298830000 -7.5564430000 3.1897540000
5754.3999020000 -7.5509310000 3.1887090000
5754.6699220000 -7.5454380000 3.1876630000
5754.9399410000 -7.5399820000 3.1866200000
5755.2001950000 -7.5347430000 3.1856140000
5755.4702150000 -7.5293380000 3.1845700000
5755.7402340000 -7.5239590000 3.1835280000
5756.0000000000 -7.5188040000 3.1825240000
5756.2700200000 -7.5134750000 3.1814810000
5756.5400390000 -7.5081710000 3.1804390000
5756.8100590000 -7.5028820000 3.1793960000
5757.0698240000 -7.4978310000 3.1783940000
5757.3398440000 -7.4925900000 3.1773510000
5757.6098630000 -7.4873820000 3.1763100000
5757.8798830000 -7.4821970000 3.1752690000
5758.1401370000 -7.4772180000 3.1742650000
5758.4101560000 -7.4720780000 3.1732240000
5758.6801760000 -7.4669530000 3.1721820000
5814.7534180000 -6.6852820000 2.9611420000
5928.4467770000 -5.7244200000 2.5625560000
6044.3627930000 -5.0454330000 2.1929460000
6162.5449220000 -4.5085410000 1.8502810000
6283.0380860000 -4.0628500000 1.5327410000
6405.8872070000 -3.6814580000 1.2387120000
6531.1386720000 -3.0563060000 0.9596980000
6658.8383790000 -2.7388590000 0.6479590000
6789.0356450000 -2.4567720000 0.3494820000
6921.7783200000 -2.2039140000 0.0637230000
7057.1162110000 -1.8113090000 9.7691030000
7195.1005860000 -1.5949890000 9.4724160000
7335.7827150000 -1.4006070000 9.1835780000
7479.2158200000 -1.2296200000 8.9026780000
7625.4531250000 -1.0726010000 8.6298420000
7774.5498050000 -0.9312930000 8.3644500000
7926.5620120000 -0.8042060000 8.1063310000
8081.5458980000 -0.6900470000 7.8553200000
8239.5605470000 -0.5876850000 7.6112520000
8400.6640630000 -0.4961300000 7.3739650000
8564.9189450000 -0.4145140000 7.1433010000
8732.3837890000 -0.3420800000 6.9191060000
8903.1240230000 -0.2781660000 6.7012520000
9077.2021480000 -0.2210750000 6.4911970000
9254.6845700000 -0.1708550000 6.2872220000
9435.6367190000 -0.1269670000 6.0891710000
9620.1269530000 -0.0889210000 5.8968890000
9808.2246090000 -0.0562690000 5.7102260000
10000.0000000000 -0.0286010000 5.5290330000
10195.5253900000 -0.0064760000 5.3532550000
10394.8730500000 0.0122390000 5.1826930000
10598.1191400000 0.0270140000 5.0171960000
10805.3388700000 0.0369240000 4.8566810000
11016.6103500000 0.0446180000 4.7010470000
11232.0127000000 0.0492120000 4.5500910000
11451.6259800000 0.0498150000 4.4036940000
11675.5341800000 0.0488160000 4.2618320000
11903.8203100000 0.0453720000 4.1242790000
12136.5693400000 0.0396650000 3.9909160000
12373.8701200000 0.0318650000 3.8616210000
12615.8105500000 0.0221310000 3.7362800000
12862.4814500000 0.0106060000 3.6147830000
13113.9746100000 -0.0025740000 3.4970180000
13370.3857400000 -0.0172860000 3.3828780000
13631.8105500000 -0.0336750000 3.2722610000
13898.3466800000 -0.0514830000 3.1650720000
14170.0937500000 -0.0701290000 3.0612150000
14447.1543000000 -0.0898970000 2.9605830000
14729.6328100000 -0.1107050000 2.8630830000
15017.6337900000 -0.1324780000 2.7686240000
15311.2666000000 -0.1551490000 2.6771150000
15610.6396500000 -0.1786550000 2.5884730000
15915.8671900000 -0.2029400000 2.5026110000
16227.0615200000 -0.2279550000 2.4194490000
16544.3418000000 -0.2536560000 2.3389070000
16867.8242200000 -0.2800030000 2.2609060000
17197.6328100000 -0.3069630000 2.1853730000
17533.8906300000 -0.3345090000 2.1122340000
17876.7207000000 -0.3626190000 2.0414170000
18226.2558600000 -0.3912740000 1.9728520000
18582.6250000000 -0.4204650000 1.9064740000
18945.9628900000 -0.4521910000 1.8422490000
19316.4023400000 -0.4824150000 1.7801040000
19694.0878900000 -0.5131710000 1.7199510000
20079.1562500000 -0.5444690000 1.6617310000
20471.7539100000 -0.5763310000 1.6053840000
20872.0273400000 -0.6087810000 1.5508540000
21280.1289100000 -0.6418550000 1.4980850000
21696.2070300000 -0.6755870000 1.4470230000
22120.4238300000 -0.7121570000 1.3977320000
22552.9335900000 -0.7473700000 1.3500470000
22993.8984400000 -0.7850770000 1.3039390000
23443.4882800000 -0.8238550000 1.2593950000
23901.8671900000 -0.8618840000 1.2163570000
24369.2070300000 -0.9010970000 1.1747240000
24845.6875000000 -0.9441740000 1.1344790000
25331.4824200000 -0.9862580000 1.0956740000
25826.7753900000 -1.0300810000 1.0581460000
26331.7539100000 -1.0762300000 1.0218600000
26846.6054700000 -1.1244300000 0.9868000000
27371.5234400000 -1.1754600000 0.9529760000
27906.7070300000 -1.2296900000 0.9202850000
28452.3515600000 -1.2877360000 0.8886900000
29008.6660200000 -1.3503870000 0.8581550000
29575.8593800000 -1.4186660000 0.8286440000
30154.1406300000 -1.4939320000 0.8001240000
30743.7304700000 -1.5780440000 0.7725620000
31344.8476600000 -1.6736240000 0.7459270000
31957.7168000000 -1.7845360000 0.7201870000
32582.5703100000 -1.9167960000 0.6953130000
33219.6406300000 -2.0804920000 0.6712780000
33869.1679700000 -2.2944660000 0.6480510000
34531.3945300000 -2.6003770000 0.6256080000
34545.6992200000 -2.6085330000 0.6251360000
34555.3007800000 -2.6140560000 0.6248200000
34564.8984400000 -2.6196160000 0.6245040000
34574.6015600000 -2.6252760000 0.6241850000
34584.1992200000 -2.6309180000 0.6238700000
34593.8007800000 -2.6366020000 0.6235540000
34603.5000000000 -2.6423880000 0.6232360000
34613.1992200000 -2.6482150000 0.6229180000
34622.8007800000 -2.6540280000 0.6226030000
34632.5000000000 -2.6599450000 0.6222860000
34642.1992200000 -2.6659080000 0.6219680000
34651.8984400000 -2.6719140000 0.6216510000
34661.5000000000 -2.6779070000 0.6213380000
34671.1992200000 -2.6840080000 0.6210210000
34680.8984400000 -2.6901560000 0.6207050000
34690.6015600000 -2.6963570000 0.6203890000
34700.3007800000 -2.7026040000 0.6200730000
34710.1015600000 -2.7089670000 0.6197540000
34719.8007800000 -2.7153140000 0.6194390000
34729.5000000000 -2.7217160000 0.6191240000
34739.1992200000 -2.7281700000 0.6188090000
34749.0000000000 -2.7347450000 0.6184910000
34758.6992200000 -2.7413050000 0.6181770000
34768.5000000000 -2.7479830000 0.6178590000
34778.1992200000 -2.7546550000 0.6175450000
34788.0000000000 -2.7614560000 0.6172280000
34797.6992200000 -2.7682460000 0.6169150000
34807.5000000000 -2.7751660000 0.6165990000
34817.3007800000 -2.7821470000 0.6162830000
34827.1015600000 -2.7891940000 0.6159660000
34836.8007800000 -2.7962260000 0.6156540000
34846.6015600000 -2.8033990000 0.6153390000
34856.3984400000 -2.8106330000 0.6150240000
34866.1992200000 -2.8179360000 0.6147090000
34876.0000000000 -2.8253080000 0.6143940000
34885.8984400000 -2.8328240000 0.6140760000
34895.6992200000 -2.8403360000 0.6137620000
34905.5000000000 -2.8479200000 0.6134480000
34915.3007800000 -2.8555800000 0.6131350000
34925.1992200000 -2.8633870000 0.6128180000
34935.0000000000 -2.8711980000 0.6125050000
34944.8984400000 -2.8791610000 0.6121890000
34954.6992200000 -2.8871300000 0.6118760000
34964.6015600000 -2.8952610000 0.6115600000
34974.3984400000 -2.9033870000 0.6112480000
34984.3007800000 -2.9116870000 0.6109330000
34994.1992200000 -2.9200680000 0.6106180000
35004.0000000000 -2.9284580000 0.6103060000
35013.8984400000 -2.9370170000 0.6099920000
35023.8007800000 -2.9456760000 0.6096780000
35033.6992200000 -2.9544260000 0.6093640000
35043.6015600000 -2.9632760000 0.6090500000
35053.5000000000 -2.9722210000 0.6087370000
35063.3984400000 -2.9812680000 0.6084240000
35073.3984400000 -2.9905100000 0.6081080000
35083.3007800000 -2.9997690000 0.6077950000
35093.1992200000 -3.0091330000 0.6074820000
35103.1992200000 -3.0187030000 0.6071670000
35113.1015600000 -3.0282950000 0.6068550000
35123.0000000000 -3.0379980000 0.6065430000
35133.0000000000 -3.0479190000 0.6062290000
35143.0000000000 -3.0579670000 0.6059140000
35152.8984400000 -3.0680330000 0.6056030000
35162.8984400000 -3.0783360000 0.6052900000
35172.8984400000 -3.0887670000 0.6049760000
35182.8007800000 -3.0992340000 0.6046660000
35192.8007800000 -3.1099440000 0.6043520000
35202.8007800000 -3.1207940000 0.6040400000
35206.5703100000 -3.1249210000 0.6039220000
35212.8007800000 -3.1317900000 0.6037270000
35222.8007800000 -3.1429410000 0.6034140000
35232.8007800000 -3.1542430000 0.6031020000
35242.8007800000 -3.1657090000 0.6027900000
35252.8984400000 -3.1774490000 0.6024760000
35262.8984400000 -3.1892430000 0.6021640000
35272.8984400000 -3.2012150000 0.6018530000
35283.0000000000 -3.2134860000 0.6015390000
35293.0000000000 -3.2258150000 0.6012280000
35303.1015600000 -3.2384630000 0.6009150000
35313.1015600000 -3.2511820000 0.6006050000
35323.1992200000 -3.2642250000 0.6002920000
35333.1992200000 -3.2773480000 0.5999820000
35343.3007800000 -3.2908220000 0.5996690000
35353.3984400000 -3.3045140000 0.5993570000
35363.5000000000 -3.3184430000 0.5990450000
35373.6015600000 -3.3326120000 0.5987330000
35383.6992200000 -3.3470210000 0.5984220000
35393.8007800000 -3.3616980000 0.5981100000
35403.8984400000 -3.3766280000 0.5977990000
35414.0000000000 -3.3918370000 0.5974880000
35424.1015600000 -3.4073310000 0.5971780000
35434.1992200000 -3.4231130000 0.5968680000
35444.3984400000 -3.4393590000 0.5965540000
35454.5000000000 -3.4557720000 0.5962450000
35464.6015600000 -3.4725210000 0.5959350000
35474.8007800000 -3.4897690000 0.5956220000
35484.8984400000 -3.5072080000 0.5953130000
35495.1015600000 -3.5252080000 0.5950010000
35505.3007800000 -3.5435950000 0.5946900000
35515.3984400000 -3.5622030000 0.5943810000
35525.6015600000 -3.5814280000 0.5940700000
35535.8007800000 -3.6011030000 0.5937590000
35546.0000000000 -3.6212480000 0.5934490000
35556.1992200000 -3.6418780000 0.5931380000
35566.3984400000 -3.6630320000 0.5928280000
35576.6015600000 -3.6847370000 0.5925180000
35586.8007800000 -3.7069950000 0.5922080000
35597.0000000000 -3.7298610000 0.5918990000
35607.1992200000 -3.7533600000 0.5915900000
35617.5000000000 -3.7777640000 0.5912780000
35627.6992200000 -3.8026410000 0.5909690000
35637.8984400000 -3.8282550000 0.5906610000
35648.1992200000 -3.8549410000 0.5903490000
35658.3984400000 -3.8821950000 0.5900410000
35668.6992200000 -3.9106320000 0.5897310000
35678.8984400000 -3.9397550000 0.5894230000
35689.1992200000 -3.9701950000 0.5891130000
35699.5000000000 -4.0017610000 0.5888030000
35709.8007800000 -4.0345120000 0.5884930000
35720.1015600000 -4.0685510000 0.5881840000
35730.3984400000 -4.1039820000 0.5878740000
35740.6992200000 -4.1409190000 0.5875650000
35751.0000000000 -4.1794940000 0.5872570000
35761.3007800000 -4.2198550000 0.5869480000
35771.6015600000 -4.2621880000 0.5866400000
35781.8984400000 -4.3066390000 0.5863320000
35792.1992200000 -4.3534820000 0.5860240000
35802.6015600000 -4.4034720000 0.5857140000
35812.8984400000 -4.4558990000 0.5854060000
35823.3007800000 -4.5122490000 0.5850960000
35833.6015600000 -4.5718410000 0.5847890000
35844.0000000000 -4.6363430000 0.5844800000
35854.3984400000 -4.7058700000 0.5841710000
35864.6992200000 -4.7805950000 0.5838650000
35875.1015600000 -4.8629740000 0.5835560000
35885.5000000000 -4.9536780000 0.5832470000
35894.9492200000 -5.0448900000 0.5829670000
35895.8984400000 -5.0545540000 0.5829390000
35906.3007800000 -5.1682770000 0.5826310000
35916.6992200000 -5.2983850000 0.5823230000
35927.1015600000 -5.4504640000 0.5820160000
35937.5000000000 -5.6332040000 0.5817080000
35947.8984400000 -5.8621110000 0.5814010000
35958.3007800000 -6.1684890000 0.5810940000
35968.8007800000 -6.6377130000 0.5807850000
35979.1992200000 -7.6283900000 0.5804790000
35989.6015600000 -7.7067450000 3.4931550000
36000.1015600000 -6.6547610000 3.4915460000
36010.6015600000 -6.1727800000 3.4899400000
36021.0000000000 -5.8585550000 3.4883500000
36031.5000000000 -5.6213530000 3.4867450000
36042.0000000000 -5.4320110000 3.4851420000
36052.3984400000 -5.2756730000 3.4835540000
36062.8984400000 -5.1402850000 3.4819530000
36073.3984400000 -5.0217380000 3.4803530000
36083.8984400000 -4.9163410000 3.4787540000
36094.3984400000 -4.8213810000 3.4771550000
36104.8984400000 -4.7350140000 3.4755580000
36115.5000000000 -4.6550020000 3.4739460000
36126.0000000000 -4.5818470000 3.4723520000
36136.5000000000 -4.5138270000 3.4707570000
36147.0000000000 -4.4503020000 3.4691650000
36157.6015600000 -4.3901210000 3.4675570000
36168.1015600000 -4.3339720000 3.4659660000
36178.6992200000 -4.2804200000 3.4643620000
36189.1992200000 -4.2301240000 3.4627740000
36199.8007800000 -4.1818190000 3.4611700000
36210.3984400000 -4.1358230000 3.4595690000
36221.0000000000 -4.0918780000 3.4579690000
36231.5000000000 -4.0502190000 3.4563850000
36242.1015600000 -4.0098720000 3.4547860000
36252.6992200000 -3.9711170000 3.4531890000
36263.3007800000 -3.9338300000 3.4515920000
36273.8984400000 -3.8979150000 3.4499980000
36284.6015600000 -3.8629180000 3.4483880000
36295.1992200000 -3.8294500000 3.4467950000
36305.8007800000 -3.7970660000 3.4452040000
36316.3984400000 -3.7657180000 3.4436130000
36327.1015600000 -3.7350300000 3.4420080000
36337.6992200000 -3.7055540000 3.4404200000
36348.3984400000 -3.6766530000 3.4388170000
36359.0000000000 -3.6488240000 3.4372300000
36369.6992200000 -3.6215110000 3.4356310000
36380.3984400000 -3.5949180000 3.4340310000
36391.1015600000 -3.5690050000 3.4324320000
36401.6992200000 -3.5439960000 3.4308510000
36412.3984400000 -3.5193630000 3.4292550000
36423.1015600000 -3.4953140000 3.4276590000
36433.8007800000 -3.4718440000 3.4260660000
36444.5000000000 -3.4489030000 3.4244730000
36455.3007800000 -3.4262700000 3.4228660000
36466.0000000000 -3.4043360000 3.4212760000
36476.6992200000 -3.3828700000 3.4196860000
36487.3984400000 -3.3618530000 3.4180970000
36498.1992200000 -3.3410760000 3.4164950000
36508.8984400000 -3.3209040000 3.4149090000
36519.6992200000 -3.3009470000 3.4133090000
36530.3984400000 -3.2815540000 3.4117250000
36541.1992200000 -3.2623520000 3.4101270000
36552.0000000000 -3.2435080000 3.4085300000
36562.8007800000 -3.2250030000 3.4069340000
36573.6015600000 -3.2068360000 3.4053390000
36584.3007800000 -3.1891510000 3.4037610000
36595.1015600000 -3.1716100000 3.4021680000
36596.7851600000 -3.1688990000 3.4019200000
36605.8984400000 -3.1543680000 3.4005770000
36616.8007800000 -3.1372540000 3.3989720000
36627.6015600000 -3.1205810000 3.3973820000
36638.3984400000 -3.1041830000 3.3957950000
36649.1992200000 -3.0880340000 3.3942080000
36660.1015600000 -3.0719930000 3.3926070000
36670.8984400000 -3.0563550000 3.3910220000
36681.8007800000 -3.0408020000 3.3894240000
36692.6015600000 -3.0256260000 3.3878410000
36703.5000000000 -3.0105380000 3.3862450000
36714.3007800000 -2.9957990000 3.3846640000
36725.1992200000 -2.9811420000 3.3830700000
36736.1015600000 -2.9666880000 3.3814770000
36747.0000000000 -2.9524410000 3.3798850000
36757.8984400000 -2.9383900000 3.3782940000
36768.8007800000 -2.9245250000 3.3767040000
36779.6992200000 -2.9108560000 3.3751170000
36790.6015600000 -2.8973570000 3.3735290000
36801.5000000000 -2.8840390000 3.3719430000
36812.5000000000 -2.8707690000 3.3703420000
36823.3984400000 -2.8577910000 3.3687580000
36834.3007800000 -2.8449710000 3.3671750000
36845.3007800000 -2.8321950000 3.3655780000
36856.1992200000 -2.8196990000 3.3639980000
36867.1992200000 -2.8072330000 3.3624030000
36878.1992200000 -2.7949170000 3.3608100000
36889.1015600000 -2.7828560000 3.3592310000
36900.1015600000 -2.7708320000 3.3576410000
36911.1015600000 -2.7589440000 3.3560500000
36922.1015600000 -2.7471950000 3.3544620000
36933.1015600000 -2.7355760000 3.3528740000
36944.1015600000 -2.7240880000 3.3512870000
36955.1015600000 -2.7127300000 3.3497020000
36966.1015600000 -2.7014940000 3.3481170000
36977.1015600000 -2.6903820000 3.3465340000
36988.1992200000 -2.6792910000 3.3449370000
36999.1992200000 -2.6684130000 3.3433560000
37010.3007800000 -2.6575520000 3.3417610000
37021.3007800000 -2.6469010000 3.3401820000
37032.3984400000 -2.6362680000 3.3385900000
37043.3984400000 -2.6258340000 3.3370130000
37054.5000000000 -2.6154130000 3.3354230000
37065.6015600000 -2.6050970000 3.3338340000
37076.6992200000 -2.5948860000 3.3322460000
37087.6992200000 -2.5848630000 3.3306730000
37098.8007800000 -2.5748470000 3.3290870000
37110.0000000000 -2.5648410000 3.3274890000
37121.1015600000 -2.5550180000 3.3259050000
37132.1992200000 -2.5452920000 3.3243230000
37143.3007800000 -2.5356530000 3.3227420000
37154.3984400000 -2.5261050000 3.3211610000
37165.6015600000 -2.5165600000 3.3195680000
37176.6992200000 -2.5071870000 3.3179900000
37187.8984400000 -2.4978190000 3.3163990000
37199.0000000000 -2.4886110000 3.3148230000
37210.1992200000 -2.4794110000 3.3132340000
37221.3984400000 -2.4702890000 3.3116460000
37232.5000000000 -2.4613270000 3.3100740000
37243.6992200000 -2.4523640000 3.3084880000
37254.8984400000 -2.4434780000 3.3069040000
37266.1015600000 -2.4346660000 3.3053200000
37277.3007800000 -2.4259320000 3.3037370000
37288.5000000000 -2.4172720000 3.3021560000
37299.6992200000 -2.4086870000 3.3005770000
37311.0000000000 -2.4000930000 3.2989830000
37312.3437500000 -2.3990760000 3.2987940000
37322.1992200000 -2.3916470000 3.2974050000
37333.3984400000 -2.3832740000 3.2958290000
37344.6992200000 -2.3748890000 3.2942390000
37355.8984400000 -2.3666480000 3.2926640000
37367.1992200000 -2.3584010000 3.2910770000
37378.5000000000 -2.3502170000 3.2894900000
37389.6992200000 -2.3421740000 3.2879190000
37401.0000000000 -2.3341180000 3.2863350000
37412.3007800000 -2.3261280000 3.2847520000
37423.6015600000 -2.3181970000 3.2831690000
37434.8984400000 -2.3103320000 3.2815890000
37446.1992200000 -2.3025250000 3.2800090000
37457.5000000000 -2.2947740000 3.2784300000
38041.8906300000 -1.9580370000 3.1982710000
38785.7070300000 -1.6477980000 3.1003020000
39544.0625000000 -1.4096650000 3.0048410000
40317.2500000000 -1.2178620000 2.9118380000
41105.5546900000 -1.0586450000 2.8212470000
41909.2695300000 -0.9237650000 2.7330230000
42728.6992200000 -0.8078460000 2.6471180000
43564.1523400000 -0.7071740000 2.5634860000
44415.9414100000 -0.6190660000 2.4820820000
45284.3867200000 -0.5415100000 2.4028620000
46169.8085900000 -0.4729560000 2.3257810000
47072.5429700000 -0.4172550000 2.2511130000
47992.9296900000 -0.3635470000 2.1792360000
48931.3125000000 -0.3156660000 2.1094620000
49888.0429700000 -0.2729320000 2.0417370000
50863.4765600000 -0.2347710000 1.9760060000
51857.9843800000 -0.2006940000 1.9122170000
52871.9375000000 -0.1702810000 1.8503180000
53905.7187500000 -0.1431670000 1.7902580000
54959.7109400000 -0.1190360000 1.7319890000
56034.3085900000 -0.0976070000 1.6754630000
57129.9218800000 -0.0786320000 1.6206320000
58246.9531300000 -0.0618930000 1.5674510000
59385.8281300000 -0.0471930000 1.5158740000
60546.9687500000 -0.0343560000 1.4658590000
61730.8125000000 -0.0232220000 1.4173630000
62937.8046900000 -0.0136500000 1.3703440000
64168.3984400000 -0.0055090000 1.3247620000
65423.0507800000 0.0013190000 1.2805760000
66702.2343800000 0.0069420000 1.2377480000
68006.4296900000 0.0114570000 1.1962410000
69336.1250000000 0.0149550000 1.1560170000
70691.8203100000 0.0175180000 1.1170410000
72074.0234400000 0.0187280000 1.0792820000
73483.2500000000 0.0194350000 1.0427510000
74920.0312500000 0.0196260000 1.0073680000
76384.9062500000 0.0191530000 0.9730980000
77878.4218800000 0.0180730000 0.9399090000
79401.1406300000 0.0162780000 0.9077710000
80953.6328100000 0.0141250000 0.8767470000
82536.4765600000 0.0115200000 0.8467850000
84150.2734400000 0.0085130000 0.8178000000
85795.6250000000 0.0051430000 0.7897610000
87473.1406300000 0.0014460000 0.7626400000
89183.4609400000 -0.0025480000 0.7364060000
90927.2187500000 -0.0068060000 0.7110340000
92705.0781300000 -0.0113010000 0.6864950000
94517.6953100000 -0.0160070000 0.6627650000
96365.7500000000 -0.0209010000 0.6398170000
98249.9453100000 -0.0259590000 0.6176280000
100170.9766000000 -0.0311610000 0.5961730000
102129.5703000000 -0.0364880000 0.5754300000
104126.4609000000 -0.0419220000 0.5553750000
106162.3906000000 -0.0474470000 0.5359870000
108238.1328000000 -0.0530480000 0.5172460000
110354.4609000000 -0.0587110000 0.4991310000
112512.1641000000 -0.0644220000 0.4816210000
114712.0547000000 -0.0701700000 0.4646980000
116954.9688000000 -0.0759430000 0.4483420000
119241.7266000000 -0.0817310000 0.4325370000
121573.2031000000 -0.0875260000 0.4172640000
123950.2656000000 -0.0933160000 0.4025060000
126373.8047000000 -0.0990960000 0.3882460000
128844.7266000000 -0.1048580000 0.3744690000
131363.9688000000 -0.1105940000 0.3611600000
133932.4531000000 -0.1162990000 0.3483020000
136551.1719000000 -0.1219670000 0.3358820000
139221.0938000000 -0.1275930000 0.3238860000
141943.2188000000 -0.1331720000 0.3122980000
144718.5625000000 -0.1386990000 0.3011080000
147548.1719000000 -0.1441720000 0.2903000000
150433.1094000000 -0.1495850000 0.2798640000
153374.4531000000 -0.1549380000 0.2697860000
156373.2969000000 -0.1646420000 0.2600930000
159430.7969000000 -0.1698540000 0.2509550000
162548.0625000000 -0.1749790000 0.2421370000
165726.2813000000 -0.1800200000 0.2336290000
168966.6406000000 -0.1849750000 0.2254190000
172270.3750000000 -0.1898440000 0.2174970000
175638.6875000000 -0.1946250000 0.2098530000
179072.8594000000 -0.1993200000 0.2024770000
182574.1875000000 -0.2039260000 0.1953590000
186143.9688000000 -0.2084450000 0.1884920000
189783.5469000000 -0.2128760000 0.1818650000
193494.2969000000 -0.2172190000 0.1754710000
197277.5938000000 -0.2214740000 0.1693010000
201134.8594000000 -0.2256430000 0.1633480000
205067.5469000000 -0.2297250000 0.1576030000
209077.1406000000 -0.2337210000 0.1520610000
213165.1250000000 -0.2376310000 0.1467120000
217333.0313000000 -0.2414570000 0.1415520000
221582.4375000000 -0.2452000000 0.1365730000
225914.9219000000 -0.2488590000 0.1317680000
230332.1250000000 -0.2524360000 0.1271330000
234835.7031000000 -0.2559330000 0.1226600000
239427.3281000000 -0.2593490000 0.1183440000
244108.7344000000 -0.2626870000 0.1141800000
248881.6719000000 -0.2659470000 0.1101620000
253747.9219000000 -0.2691300000 0.1062850000
258709.3281000000 -0.2722380000 0.1025450000
263767.7500000000 -0.2752710000 0.0989360000
268925.0625000000 -0.2782320000 0.0954530000
274183.2188000000 -0.2811200000 0.0920930000
279544.1875000000 -0.2839380000 0.0888520000
285010.0000000000 -0.2866870000 0.0857240000
290582.6563000000 -0.2893670000 0.0827060000
296264.2500000000 -0.2919810000 0.0797940000
302056.9688000000 -0.2945290000 0.0769850000
307962.9375000000 -0.2970120000 0.0742750000
313984.3750000000 -0.2994330000 0.0716590000
320123.5625000000 -0.3017920000 0.0691360000
326382.7813000000 -0.3040900000 0.0667020000
332764.3750000000 -0.3063290000 0.0643530000
339270.7500000000 -0.3085090000 0.0620870000
345904.3438000000 -0.3106330000 0.0599000000
352667.6563000000 -0.3127010000 0.0577910000
359563.1875000000 -0.3147150000 0.0557560000
366593.5625000000 -0.3166750000 0.0537920000
373761.3750000000 -0.3185830000 0.0518980000
381069.3438000000 -0.3204400000 0.0500700000
388520.2188000000 -0.3222480000 0.0483070000
396116.7500000000 -0.3240060000 0.0466050000
403861.8125000000 -0.3257170000 0.0449640000
411758.3438000000 -0.3273820000 0.0433800000
419809.2500000000 -0.3290020000 0.0418520000
428017.5625000000 -0.3305770000 0.0403780000
436386.3750000000 -0.3321080000 0.0389560000
444918.8125000000 -0.3335980000 0.0375840000
453618.0938000000 -0.3350470000 0.0362610000
462487.4688000000 -0.3364550000 0.0349840000
471530.2500000000 -0.3378240000 0.0337520000
480749.8438000000 -0.3391550000 0.0325630000
490149.7188000000 -0.3404480000 0.0314160000
499733.3750000000 -0.3417060000 0.0303100000
509504.4063000000 -0.3429270000 0.0292430000
519466.5000000000 -0.3441150000 0.0282130000
529623.3750000000 -0.3452680000 0.0272200000
539978.8125000000 -0.3463890000 0.0262610000
550536.7500000000 -0.3474780000 0.0253370000
561301.1250000000 -0.3485350000 0.0244450000
572276.0000000000 -0.3495630000 0.0235840000
583465.4375000000 -0.3505600000 0.0227540000
594873.6250000000 -0.3515290000 0.0219530000
606504.8750000000 -0.3524700000 0.0211800000
618363.5625000000 -0.3533840000 0.0204350000
630454.1250000000 -0.3542710000 0.0197160000
642781.1250000000 -0.3551320000 0.0190220000
655349.0625000000 -0.3559680000 0.0183530000
668162.8125000000 -0.3567800000 0.0177070000
681227.0625000000 -0.3575680000 0.0170840000
694546.7500000000 -0.3583320000 0.0164830000
