30.0000000000 -35.8026660000 2.2311680000
30.5865750000 -35.8437390000 2.1288920000
31.1846200000 -35.8865660000 2.0321070000
31.7943570000 -35.9309880000 1.9404910000
32.4160160000 -35.9768790000 1.8537400000
33.0498310000 -36.0241390000 1.7715690000
33.6960370000 -36.0727040000 1.6937130000
34.3548770000 -36.1225240000 1.6199210000
35.0266040000 -36.1735950000 1.5499600000
35.7114600000 -36.2259290000 1.4836110000
36.4097100000 -36.2795870000 1.4206670000
37.1216090000 -36.3346820000 1.3609360000
37.8474310000 -36.3914030000 1.3042370000
38.5874440000 -36.4500730000 1.2503990000
39.3419230000 -36.5176390000 1.2189260000
40.1111560000 -36.5678100000 1.1720990000
40.8954320000 -36.6240010000 1.1278040000
41.6950380000 -36.6825290000 1.0859110000
42.5102810000 -36.7428740000 1.0463010000
43.3414650000 -36.8049280000 1.0088610000
44.1888960000 -36.8687100000 0.9734830000
45.0529020000 -36.9342990000 0.9400670000
45.9338000000 -37.0018200000 0.9085190000
46.8319210000 -37.0714190000 0.8787480000
47.7476010000 -37.1432720000 0.8506710000
48.6811870000 -37.2175830000 0.8242060000
49.6330260000 -37.2945820000 0.7992770000
50.6034740000 -37.3745270000 0.7758120000
51.5928990000 -37.4577140000 0.7537420000
52.6016690000 -37.5444760000 0.7330000000
53.6301650000 -37.6351780000 0.7135240000
54.6787680000 -37.7302470000 0.6952530000
55.7478750000 -37.8301580000 0.6781290000
56.8378870000 -37.9354590000 0.6620950000
57.9492070000 -38.0467680000 0.6470970000
59.0822600000 -38.1828580000 0.6336610000
60.2374690000 -38.3083530000 0.6215320000
61.4152600000 -38.4423070000 0.6102740000
62.6160810000 -38.5858150000 0.5998390000
63.8403850000 -38.7401770000 0.5901800000
65.0886230000 -38.9069180000 0.5812510000
66.3612670000 -39.0878410000 0.5730070000
67.6587980000 -39.3027990000 0.5663180000
68.9816970000 -39.5188940000 0.5602370000
70.3304600000 -39.7571110000 0.5546940000
71.7055970000 -40.0213700000 0.5496470000
73.1076200000 -40.3165700000 0.5450570000
74.5370640000 -40.6488880000 0.5408850000
75.9944460000 -41.0262450000 0.5370930000
77.4803310000 -41.4589840000 0.5336410000
78.9952620000 -41.9608570000 0.5304960000
80.5398180000 -42.5505680000 0.5276190000
82.1145710000 -43.2542720000 0.5249780000
83.7201160000 -44.1097030000 0.5225380000
85.3570560000 -45.1734200000 0.5202670000
87.0260010000 -46.5343970000 0.5181330000
88.7275770000 -48.3414080000 0.5161070000
90.4624250000 -60.0788230000 9.3675350000
92.2311940000 -45.4167590000 3.9749390000
94.0345380000 -39.5828440000 6.1318630000
95.8731540000 -31.7316190000 9.7228240000
97.7477110000 -28.0245880000 4.5834520000
99.6589200000 -26.1584210000 0.4445800000
101.6075060000 -25.2853600000 7.0972500000
103.5941850000 -24.9873770000 4.3786830000
105.6197130000 -25.0311050000 2.1614890000
107.6848450000 -25.2778380000 0.3456890000
109.7903520000 -25.6419810000 8.8524650000
111.9370270000 -26.0696870000 7.6194850000
114.1256790000 -26.5268360000 6.5972470000
116.3571170000 -26.9918670000 5.7463220000
118.6321950000 -27.4513720000 5.0351730000
120.9517520000 -27.8972890000 4.4385010000
123.3166580000 -28.3250750000 3.9359240000
125.7278060000 -28.7325130000 3.5109780000
128.1860960000 -29.1189100000 3.1503130000
130.6924590000 -29.4845600000 2.8430700000
133.2478330000 -29.8303930000 2.5803840000
135.8531490000 -30.1577220000 2.3550080000
138.5094300000 -30.4681170000 2.1609800000
141.2176360000 -30.7632680000 1.9933920000
143.9787900000 -31.0449540000 1.8481940000
146.7939300000 -31.3150010000 1.7220300000
149.6641240000 -31.5752790000 1.6121130000
152.5904390000 -31.8277230000 1.5161240000
155.5739590000 -32.0743680000 1.4321300000
158.6158140000 -32.4109800000 1.3621390000
161.7171480000 -32.6540950000 1.3026240000
164.8791350000 -32.8988150000 1.2510850000
168.1029360000 -33.1489140000 1.2065570000
171.3897710000 -33.4095380000 1.1682280000
174.7408600000 -33.6882740000 1.1354160000
178.1574860000 -33.9974170000 1.1075530000
181.6409150000 -34.4412800000 1.9492160000
185.1924440000 -34.3565480000 1.9446460000
188.8134160000 -34.4219700000 1.9437630000
192.5051880000 -34.7016600000 2.2500630000
196.2691500000 -34.6176910000 2.2616830000
200.1067050000 -34.6632000000 2.2763470000
204.0192870000 -34.7400210000 2.2939360000
208.0083770000 -34.8343010000 2.3143700000
212.0754700000 -34.9412770000 2.3376140000
216.2220760000 -35.0590400000 2.3636740000
220.4497530000 -35.1869960000 2.3925990000
224.7601010000 -35.3253290000 2.4244820000
229.1547240000 -35.4748230000 2.4594630000
233.6352690000 -35.6368520000 2.4977300000
238.2034300000 -35.8135190000 2.5395290000
242.8609010000 -36.0079730000 2.5851660000
247.6094360000 -36.2251320000 2.6350200000
252.4508210000 -36.4732510000 2.6895480000
257.3868710000 -36.6986620000 3.2516750000
262.4194340000 -36.7754630000 3.3211170000
267.5503850000 -36.9187550000 3.3971130000
272.7816770000 -37.0985300000 3.4806020000
278.1152340000 -37.1105730000 3.5684490000
283.5530700000 -37.3427160000 3.6645520000
289.0972600000 -37.6027110000 3.7719810000
294.7498170000 -37.8922350000 3.8926340000
300.5129390000 -38.2138440000 4.0287900000
306.3887020000 -38.5708200000 4.1831860000
312.3793640000 -38.8939860000 4.3588860000
318.4871830000 -39.3330150000 4.5581530000
324.7143860000 -39.8218500000 4.7876790000
331.0633850000 -40.3670920000 5.0533180000
337.5364990000 -40.9764670000 5.3621910000
344.1361690000 -41.6590160000 5.7230020000
350.8648990000 -42.4253120000 6.1464200000
357.7251890000 -43.2877730000 6.6455660000
364.7196040000 -37.4488220000 6.9715190000
371.8508000000 -33.5812000000 7.1847790000
379.1213990000 -33.5084190000 7.2430070000
386.5341800000 -33.4376220000 7.2972470000
394.0918880000 -33.3692630000 7.3473710000
401.7973630000 -33.3038220000 7.3932620000
409.6535340000 -33.2418290000 7.4348110000
417.6632690000 -33.1838530000 7.4719160000
425.8296200000 -33.1305120000 7.5044860000
434.1556700000 -33.0824740000 7.5324410000
442.6445010000 -33.0404620000 7.5557070000
451.2993160000 -33.0052640000 7.5742260000
460.1233520000 -32.9777300000 7.5879450000
469.1199040000 -32.9587940000 7.5968250000
478.2923890000 -32.9494820000 7.6008380000
487.6441960000 -32.9509160000 7.5999660000
497.1788640000 -32.9643330000 7.5942030000
506.8999330000 -32.9911190000 7.5835530000
516.8110960000 -33.0328060000 7.5680330000
526.9160770000 -33.0911290000 7.5476690000
537.2185670000 -33.1680410000 7.5225010000
547.7225340000 -33.2657700000 7.4925780000
558.4318850000 -33.3868710000 7.4579570000
569.3506470000 -33.5343090000 7.4187120000
580.4828490000 -33.7115330000 7.3749210000
591.8327640000 -33.9226300000 7.3266750000
603.4046020000 -34.1724620000 7.2740740000
615.2026370000 -34.4668960000 7.2172270000
627.2313840000 -34.8130950000 7.1562520000
639.4953610000 -35.2199400000 7.0912740000
651.9990840000 -35.6985890000 7.0224280000
664.7473140000 -36.2633210000 6.9498530000
677.7447510000 -36.9327550000 6.8736990000
690.9963990000 -37.7317090000 6.7941180000
704.5070800000 -38.6940990000 6.7112710000
718.2819820000 -39.8677100000 6.6253200000
732.3261720000 -41.3552670000 6.5381340000
746.6450200000 -43.2202070000 6.4488830000
761.2437740000 -45.6190720000 6.3571800000
776.1279910000 -48.8663710000 6.2630740000
791.3032230000 -53.2915340000 5.6681560000
806.7752080000 -49.1466640000 7.8584670000
822.5496830000 -41.6963540000 6.7880520000
838.6325680000 -37.1870690000 5.7498020000
855.0299680000 -33.9173810000 4.7426070000
871.7479250000 -31.3678400000 3.7654080000
888.7927860000 -29.3019220000 2.8171920000
906.1708980000 -27.5913730000 1.8970090000
923.8888550000 -26.1594470000 1.0039270000
941.9531860000 -24.9585780000 0.1370790000
960.3707280000 -23.9605540000 9.2956220000
979.1483760000 -23.1537910000 8.4787520000
998.2931520000 -22.5510180000 7.6857030000
1017.8123170000 -22.1558300000 6.9439510000
1037.7131350000 -22.1434730000 6.2270030000
1058.0029300000 -23.7299960000 5.5313590000
1078.6895750000 -21.2711560000 8.8588750000
1099.7806400000 -19.7787490000 8.0470660000
1121.2841800000 -19.1021000000 7.2793370000
1143.2080080000 -18.6458930000 8.3071690000
1165.5606690000 -17.0606270000 7.5429800000
1188.3502200000 -16.1368410000 6.8285200000
1211.5854490000 -15.4455400000 6.1609060000
1235.2750240000 -14.9137760000 5.5378420000
1259.4277340000 -14.5418710000 4.9575460000
1284.0527340000 -14.5242330000 4.4187090000
1309.1591800000 -13.8304400000 5.0652450000
1334.7564700000 -12.7864480000 4.5773720000
1360.8542480000 -12.0014310000 4.1056770000
1387.4624020000 -10.9505170000 3.6373310000
1414.5908200000 -10.4539260000 3.1135120000
1442.2495120000 -10.0038550000 2.6088700000
1470.4492190000 -9.5908810000 2.1239320000
1499.2000730000 -8.9020400000 1.6151430000
1528.5131840000 -8.5162890000 1.1019820000
1558.3995360000 -8.1580750000 0.5980630000
1588.8701170000 -7.8249050000 0.1033690000
1619.9365230000 -7.5146930000 9.6178820000
1651.6103520000 -7.2256430000 9.1415750000
1683.9034420000 -6.9244450000 8.6738050000
1716.8280030000 -6.7209730000 8.2103020000
1750.3962400000 -6.5217780000 7.7554870000
1784.6208500000 -6.3026410000 7.3093590000
1819.5146480000 -6.0992370000 6.8712290000
1855.0908200000 -5.9107480000 6.4410480000
1891.3624270000 -5.7364290000 6.0187740000
1928.3432620000 -5.5755940000 5.6043510000
1966.0472410000 -5.4276110000 5.1977260000
2004.4884030000 -5.2919000000 4.7988440000
2043.6811520000 -5.1679190000 4.4076460000
2083.6401370000 -5.0551720000 4.0240690000
2124.3806150000 -4.9531950000 3.6480460000
2165.9174800000 -4.8907010000 3.2826150000
2208.2666020000 -4.8097090000 2.9247630000
2251.4438480000 -4.7380270000 2.5744060000
2295.4653320000 -4.6926440000 2.2323830000
2340.3474120000 -4.6391020000 1.8986860000
2386.1069340000 -4.5937570000 1.5723260000
2432.7612300000 -4.5563400000 1.2532000000
2480.3278810000 -4.5266130000 0.9412070000
2528.8244630000 -4.5043750000 0.6362480000
2578.2692870000 -4.4894600000 0.3382230000
2628.6809080000 -4.4883480000 0.0476260000
2680.0783690000 -4.4879820000 9.7638970000
2732.4804690000 -4.4947350000 9.4868310000
2785.9074710000 -4.5087660000 9.2163200000
2840.3789060000 -4.5304710000 8.9522580000
2895.9152830000 -4.5607310000 8.6945400000
2952.5378420000 -4.6016170000 8.4430550000
3010.2673340000 -4.6536070000 8.1988000000
3069.1254880000 -4.6932590000 7.9657450000
3129.1347660000 -4.7394810000 7.7386100000
3190.3171390000 -4.7921250000 7.5173460000
3252.6958010000 -4.8494540000 7.3018770000
3316.2941890000 -4.9125950000 7.0920220000
3381.1359860000 -4.9818360000 6.8876540000
3447.2456050000 -5.0572530000 6.6886470000
3514.6479490000 -5.1392280000 6.4948740000
3583.3681640000 -5.2281580000 6.3062140000
3653.4318850000 -5.3248480000 6.1225520000
3724.8657230000 -5.4292550000 5.9437690000
3797.6960450000 -5.5423950000 5.7697460000
3871.9506840000 -5.6651440000 5.6003690000
3947.6569820000 -5.7985760000 5.4355290000
4024.8435060000 -5.9440210000 5.2751150000
4103.5390630000 -6.1031310000 5.1190240000
4183.7739260000 -6.2779960000 4.9671470000
4265.5771480000 -6.4712790000 4.8193860000
4348.9794920000 -6.6864460000 4.6756400000
4434.0131840000 -6.9281110000 4.5358090000
4520.7089840000 -7.2025590000 4.3998000000
4609.1005860000 -7.5251100000 4.2675420000
4699.2197270000 -7.8961720000 4.1392760000
4791.1015630000 -8.3430280000 4.0145690000
4884.7792970000 -8.9003410000 3.8933350000
4980.2890630000 -9.6420950000 3.7756560000
5077.6660160000 -10.7232290000 3.6614080000
5176.9472660000 -12.7901540000 3.5503770000
5216.2202150000 -14.6979800000 3.5078980000
5216.4399410000 -14.7145520000 3.5076630000
5216.6601560000 -14.7313160000 3.5074270000
5216.8798830000 -14.7481650000 3.5071910000
5217.1000980000 -14.7651760000 3.5069550000
5217.3198240000 -14.7822740000 3.5067200000
5217.5400390000 -14.7995370000 3.5064840000
5217.7597660000 -14.8168540000 3.5062490000
5217.9799800000 -14.8343770000 3.5060130000
5218.2001950000 -14.8520350000 3.5057770000
5218.4199220000 -14.8697880000 3.5055420000
5218.6401370000 -14.8877180000 3.5053060000
5218.8598630000 -14.9057100000 3.5050710000
5219.0698240000 -14.9230900000 3.5048460000
5219.2900390000 -14.9414400000 3.5046110000
5219.5097660000 -14.9598540000 3.5043760000
5219.7299800000 -14.9784980000 3.5041400000
5219.9501950000 -14.9972930000 3.5039050000
5220.1699220000 -15.0162010000 3.5036690000
5220.3901370000 -15.0353050000 3.5034340000
5220.6098630000 -15.0544850000 3.5031990000
5220.8300780000 -15.0739100000 3.5029640000
5221.0498050000 -15.0934560000 3.5027290000
5221.2700200000 -15.1132120000 3.5024930000
5221.4902340000 -15.1331370000 3.5022580000
5221.7099610000 -15.1531480000 3.5020230000
5221.9301760000 -15.1734210000 3.5017880000
5222.1499020000 -15.1938300000 3.5015530000
5222.3701170000 -15.2144640000 3.5013180000
5222.5898440000 -15.2352390000 3.5010830000
5222.8100590000 -15.2562480000 3.5008470000
5223.0297850000 -15.2773560000 3.5006130000
5223.2500000000 -15.2987520000 3.5003780000
5223.4702150000 -15.3203480000 3.5001420000
5223.6899410000 -15.3420990000 3.4999080000
5223.9101560000 -15.3641040000 3.4996720000
5224.1298830000 -15.3862250000 3.4994380000
5224.3500980000 -15.4086560000 3.4992030000
5224.5698240000 -15.4312570000 3.4989690000
5224.7900390000 -15.4541310000 3.4987340000
5225.0097660000 -15.4771830000 3.4984990000
5225.2299800000 -15.5005180000 3.4982640000
5225.4501950000 -15.5240380000 3.4980290000
5225.6699220000 -15.5478010000 3.4977950000
5225.8901370000 -15.5718620000 3.4975600000
5226.1098630000 -15.5961240000 3.4973250000
5226.3300780000 -15.6206950000 3.4970900000
5226.5600590000 -15.6466110000 3.4968450000
5226.7797850000 -15.6716740000 3.4966110000
5227.0000000000 -15.6970640000 3.4963760000
5227.2202150000 -15.7226820000 3.4961420000
5227.4399410000 -15.7485860000 3.4959070000
5227.6601560000 -15.7748400000 3.4956720000
5227.8798830000 -15.8013380000 3.4954380000
5228.1000980000 -15.8282010000 3.4952030000
5228.3198240000 -15.8552610000 3.4949700000
5228.5400390000 -15.8827610000 3.4947350000
5228.7597660000 -15.9105310000 3.4945010000
5228.9799800000 -15.9387000000 3.4942660000
5229.2001950000 -15.9672160000 3.4940320000
5229.4199220000 -15.9959620000 3.4937980000
5229.6401370000 -16.0251960000 3.4935640000
5229.8598630000 -16.0547410000 3.4933300000
5230.0800780000 -16.0847320000 3.4930950000
5230.2998050000 -16.1150510000 3.4928610000
5230.5200200000 -16.1458420000 3.4926260000
5230.7402340000 -16.1769770000 3.4923930000
5230.9702150000 -16.2100540000 3.4921470000
5231.1899410000 -16.2420020000 3.4919140000
5231.4101560000 -16.2745400000 3.4916800000
5231.6298830000 -16.3074680000 3.4914460000
5231.8500980000 -16.3409460000 3.4912120000
5232.0698240000 -16.3748420000 3.4909780000
5232.2900390000 -16.4093150000 3.4907430000
5232.5097660000 -16.4441590000 3.4905100000
5232.7299800000 -16.4796870000 3.4902760000
5232.9501950000 -16.5157720000 3.4900420000
5233.1699220000 -16.5523470000 3.4898080000
5233.3901370000 -16.5895900000 3.4895740000
5233.6201170000 -16.6290970000 3.4893300000
5233.8398440000 -16.6675220000 3.4890960000
5234.0600590000 -16.7066820000 3.4888620000
5234.2797850000 -16.7463420000 3.4886290000
5234.5000000000 -16.7868710000 3.4883950000
5234.7202150000 -16.8281210000 3.4881610000
5234.9399410000 -16.8700280000 3.4879270000
5235.1601560000 -16.9128020000 3.4876940000
5235.3798830000 -16.9561880000 3.4874610000
5235.6000980000 -17.0005990000 3.4872270000
5235.8300780000 -17.0479580000 3.4869820000
5236.0498050000 -17.0939790000 3.4867490000
5236.2700200000 -17.1411400000 3.4865160000
5236.4902340000 -17.1892830000 3.4862820000
5236.7099610000 -17.2383380000 3.4860480000
5236.9301760000 -17.2885670000 3.4858150000
5237.1499020000 -17.3396840000 3.4855820000
5237.3701170000 -17.3921850000 3.4853480000
5237.5898440000 -17.4457860000 3.4851150000
5237.8198240000 -17.5031850000 3.4848710000
5238.0400390000 -17.5595720000 3.4846370000
5238.2597660000 -17.6172390000 3.4844040000
5238.4799800000 -17.6765100000 3.4841710000
5238.7001950000 -17.7373350000 3.4839370000
5238.9199220000 -17.7995260000 3.4837050000
5239.1401370000 -17.8637140000 3.4834710000
5239.3701170000 -17.9327750000 3.4832270000
5239.5898440000 -18.0005210000 3.4829950000
5239.8100590000 -18.0706120000 3.4827610000
5240.0297850000 -18.1427330000 3.4825280000
5240.2500000000 -18.2173310000 3.4822950000
5240.4702150000 -18.2944110000 3.4820610000
5240.6899410000 -18.3737910000 3.4818290000
5240.9199220000 -18.4601710000 3.4815850000
5241.1401370000 -18.5459190000 3.4813520000
5241.3598630000 -18.6345690000 3.4811200000
5241.5800780000 -18.7271500000 3.4808860000
5241.7998050000 -18.8233660000 3.4806540000
5242.0200200000 -18.9239690000 3.4804210000
5242.2500000000 -19.0337960000 3.4801770000
5242.4702150000 -19.1441800000 3.4799440000
5242.6899410000 -19.2598210000 3.4797120000
5242.9101560000 -19.3817980000 3.4794780000
5243.1298830000 -19.5099700000 3.4792460000
5243.3500980000 -19.6462380000 3.4790130000
5243.5800780000 -19.7974830000 3.4787700000
5243.7998050000 -19.9519790000 3.4785380000
5244.0200200000 -20.1178610000 3.4783050000
5244.2402340000 -20.2965070000 3.4780720000
5244.4599610000 -20.4896030000 3.4778390000
5244.6801760000 -20.7006910000 3.4776060000
5244.9101560000 -20.9434760000 3.4773630000
5245.1298830000 -21.2021140000 3.4771310000
5245.3500980000 -21.4931640000 3.4768990000
5245.5698240000 -21.8259220000 3.4766660000
5245.7900390000 -22.2152790000 3.4764340000
5246.0200200000 -22.7056960000 3.4761910000
5246.2402340000 -23.2984290000 3.4759580000
5246.4599610000 -24.0935820000 3.4757260000
5246.6801760000 -25.3139840000 3.4754930000
5246.8999020000 -28.0208230000 3.4752610000
5247.1298830000 -27.4668220000 0.8226730000
5247.3500980000 -25.1436060000 0.8216490000
5247.5698240000 -24.0024850000 0.8206250000
5247.7900390000 -23.2383520000 0.8196030000
5248.0097660000 -22.6629640000 0.8185820000
5248.2402340000 -22.1804410000 0.8175090000
5248.4599610000 -21.7987080000 0.8164890000
5248.6801760000 -21.4691090000 0.8154660000
5248.8999020000 -21.1807040000 0.8144450000
5249.1298830000 -20.9128040000 0.8133760000
5249.3500980000 -20.6818390000 0.8123540000
5249.5698240000 -20.4719830000 0.8113340000
5249.7900390000 -20.2789290000 0.8103100000
5250.0097660000 -20.1012670000 0.8092930000
5250.2402340000 -19.9277740000 0.8082220000
5250.4599610000 -19.7736320000 0.8072020000
5250.6801760000 -19.6289670000 0.8061830000
5250.8999020000 -19.4926800000 0.8051630000
5251.1298830000 -19.3578760000 0.8040950000
5251.3500980000 -19.2360320000 0.8030770000
5251.5698240000 -19.1201860000 0.8020580000
5251.7900390000 -19.0095350000 0.8010380000
5252.0200200000 -18.8993820000 0.7999730000
5252.2402340000 -18.7984220000 0.7989530000
5252.4599610000 -18.7018180000 0.7979350000
5252.6801760000 -18.6088220000 0.7969150000
5252.9101560000 -18.5155600000 0.7958520000
5253.1298830000 -18.4296880000 0.7948340000
5253.3500980000 -18.3466590000 0.7938150000
5253.5698240000 -18.2667960000 0.7928010000
5253.7998050000 -18.1857570000 0.7917360000
5254.0200200000 -18.1107640000 0.7907170000
5254.2402340000 -18.0382390000 0.7897010000
5254.4599610000 -17.9678780000 0.7886850000
5254.6899410000 -17.8963490000 0.7876210000
5254.9101560000 -17.8300440000 0.7866060000
5255.1298830000 -17.7655540000 0.7855900000
5255.3598630000 -17.6999630000 0.7845290000
5255.5800780000 -17.6387620000 0.7835120000
5255.7998050000 -17.5792370000 0.7824970000
5256.0200200000 -17.5210550000 0.7814810000
5256.2500000000 -17.4618490000 0.7804200000
5256.4702150000 -17.4064640000 0.7794040000
5256.6899410000 -17.3524670000 0.7783900000
5256.9199220000 -17.2973020000 0.7773300000
5257.1401370000 -17.2456130000 0.7763150000
5257.3598630000 -17.1951430000 0.7753020000
5257.5800780000 -17.1456260000 0.7742860000
5257.8100590000 -17.0950530000 0.7732280000
5258.0297850000 -17.0476780000 0.7722150000
5258.2500000000 -17.0011410000 0.7712010000
5258.4799800000 -16.9535480000 0.7701430000
5258.7001950000 -16.9088170000 0.7691290000
5258.9199220000 -16.8651080000 0.7681190000
5259.1499020000 -16.8200720000 0.7670590000
5259.3701170000 -16.7777880000 0.7660460000
5259.5898440000 -16.7364270000 0.7650380000
5259.8100590000 -16.6956080000 0.7640240000
5260.0400390000 -16.6537630000 0.7629670000
5260.2597660000 -16.6144260000 0.7619570000
5260.4799800000 -16.5756550000 0.7609440000
5260.7099610000 -16.5358750000 0.7598890000
5260.9301760000 -16.4983690000 0.7588770000
5261.1499020000 -16.4615310000 0.7578670000
5261.3798830000 -16.4236240000 0.7568120000
5261.6000980000 -16.3878560000 0.7558000000
5261.8198240000 -16.3526990000 0.7547920000
5262.0498050000 -16.3164960000 0.7537370000
5262.2700200000 -16.2823120000 0.7527270000
5262.4902340000 -16.2486190000 0.7517160000
5262.7202150000 -16.2139780000 0.7506620000
5262.9399410000 -16.1813160000 0.7496540000
5263.1601560000 -16.1490350000 0.7486440000
5263.3901370000 -16.1158240000 0.7475910000
5263.6098630000 -16.0844940000 0.7465840000
5263.8300780000 -16.0535110000 0.7455750000
5264.0600590000 -16.0216180000 0.7445220000
5264.2797850000 -15.9915170000 0.7435150000
5264.5000000000 -15.9617340000 0.7425070000
5264.7299800000 -15.9310600000 0.7414550000
5264.9501950000 -15.9020320000 0.7404460000
5265.1801760000 -15.8721270000 0.7393950000
5265.3999020000 -15.8438780000 0.7383890000
5265.6201170000 -15.8159070000 0.7373820000
5265.8500980000 -15.7870770000 0.7363310000
5266.0698240000 -15.7598320000 0.7353260000
5266.2900390000 -15.7328440000 0.7343190000
5266.5200200000 -15.7050170000 0.7332690000
5266.7402340000 -15.6786530000 0.7322630000
5266.9599610000 -15.6526380000 0.7312580000
5267.1899410000 -15.6257470000 0.7302080000
5267.4101560000 -15.6002580000 0.7292030000
5267.6401370000 -15.5739600000 0.7281540000
5267.8598630000 -15.5490840000 0.7271510000
5268.0800780000 -15.5244170000 0.7261460000
5268.3100590000 -15.4989580000 0.7250970000
5268.5297850000 -15.4748650000 0.7240940000
5268.7597660000 -15.4499400000 0.7230460000
5268.9799800000 -15.4262970000 0.7220420000
5269.2001950000 -15.4028920000 0.7210380000
5269.4301760000 -15.3787230000 0.7199900000
5269.6499020000 -15.3558400000 0.7189880000
5269.8701170000 -15.3331320000 0.7179850000
5270.1000980000 -15.3096740000 0.7169380000
5270.3198240000 -15.2874580000 0.7159380000
5270.5498050000 -15.2644570000 0.7148910000
5270.7700200000 -15.2426210000 0.7138880000
5270.9902340000 -15.2209900000 0.7128860000
5271.2202150000 -15.1986350000 0.7118410000
5271.4399410000 -15.1774550000 0.7108400000
5271.6699220000 -15.1555150000 0.7097950000
5271.8901370000 -15.1346790000 0.7087940000
5272.1201170000 -15.1131390000 0.7077480000
5272.3398440000 -15.0927240000 0.7067500000
5272.5600590000 -15.0724440000 0.7057490000
5272.7900390000 -15.0514750000 0.7047040000
5273.0097660000 -15.0315950000 0.7037060000
5273.2402340000 -15.0109490000 0.7026610000
5273.4599610000 -14.9914140000 0.7016620000
5273.6899410000 -14.9711660000 0.7006190000
5273.9101560000 -14.9519220000 0.6996190000
5274.1298830000 -14.9328790000 0.6986220000
5274.3598630000 -14.9131360000 0.6975790000
5274.5800780000 -14.8943700000 0.6965800000
5274.8100590000 -14.8749530000 0.6955380000
5275.0297850000 -14.8565350000 0.6945420000
5275.2597660000 -14.8373950000 0.6934980000
5275.4799800000 -14.8192740000 0.6925010000
5275.7099610000 -14.8004400000 0.6914580000
5275.9301760000 -14.7825690000 0.6904600000
5276.1499020000 -14.7649120000 0.6894660000
5276.3798830000 -14.7465180000 0.6884240000
5276.6000980000 -14.7290980000 0.6874280000
5276.8300780000 -14.7109880000 0.6863860000
5277.0498050000 -14.6938350000 0.6853910000
5277.2797850000 -14.6760380000 0.6843520000
5277.5000000000 -14.6591080000 0.6833550000
5277.7299800000 -14.6415790000 0.6823170000
5277.9501950000 -14.6249010000 0.6813200000
5278.1694340000 -14.6084160000 0.6803290000
5278.1801760000 -14.6076310000 0.6802820000
5381.3710940000 -11.3907540000 0.2353960000
5486.5903320000 -10.6011510000 9.8225930000
5587.6499020000 -11.2843360000 9.4605620000
5587.8999020000 -11.2906210000 9.4597050000
5588.1499020000 -11.2969760000 9.4588480000
5588.3999020000 -11.3033780000 9.4579920000
5588.6601560000 -11.3101120000 9.4571000000
5588.9101560000 -11.3166360000 9.4562440000
5589.1601560000 -11.3232220000 9.4553890000
5589.4101560000 -11.3298830000 9.4545320000
5589.6601560000 -11.3365950000 9.4536770000
5589.9199220000 -11.3436430000 9.4527870000
5590.1699220000 -11.3504860000 9.4519330000
5590.4199220000 -11.3573950000 9.4510780000
5590.6699220000 -11.3643850000 9.4502220000
5590.9199220000 -11.3714290000 9.4493680000
5591.1801760000 -11.3788420000 9.4484790000
5591.4301760000 -11.3860290000 9.4476240000
5591.6801760000 -11.3932870000 9.4467710000
5591.9301760000 -11.4006300000 9.4459160000
5592.1899410000 -11.4083180000 9.4450300000
5592.4399410000 -11.4158120000 9.4441750000
5592.6899410000 -11.4233690000 9.4433220000
5592.9399410000 -11.4310030000 9.4424700000
5593.1899410000 -11.4387150000 9.4416170000
5593.4501950000 -11.4468350000 9.4407290000
5593.7001950000 -11.4547250000 9.4398760000
5593.8666990000 -11.4600160000 9.4393080000
5593.9501950000 -11.4626830000 9.4390230000
5594.2001950000 -11.4707240000 9.4381710000
5594.4599610000 -11.4791770000 9.4372850000
5594.7099610000 -11.4873940000 9.4364350000
5594.9599610000 -11.4956980000 9.4355830000
5595.2099610000 -11.5041070000 9.4347310000
5595.4702150000 -11.5129500000 9.4338440000
5595.7202150000 -11.5215310000 9.4329930000
5595.9702150000 -11.5302070000 9.4321420000
5596.2202150000 -11.5389780000 9.4312930000
5596.4799800000 -11.5482040000 9.4304080000
5596.7299800000 -11.5571770000 9.4295580000
5596.9799800000 -11.5662680000 9.4287070000
5597.2299800000 -11.5754450000 9.4278570000
5597.4902340000 -11.5851200000 9.4269720000
5597.7402340000 -11.5945150000 9.4261230000
5597.9902340000 -11.6040180000 9.4252740000
5598.2500000000 -11.6140210000 9.4243910000
5598.5000000000 -11.6237550000 9.4235420000
5598.7500000000 -11.6336220000 9.4226920000
5599.0000000000 -11.6435900000 9.4218440000
5599.2597660000 -11.6540850000 9.4209620000
5599.5097660000 -11.6643010000 9.4201140000
5599.7597660000 -11.6746430000 9.4192670000
5600.0200200000 -11.6855540000 9.4183830000
5600.2700200000 -11.6961590000 9.4175360000
5600.5200200000 -11.7069190000 9.4166870000
5600.7700200000 -11.7177930000 9.4158400000
5601.0297850000 -11.7292470000 9.4149590000
5601.2797850000 -11.7404020000 9.4141120000
5601.5297850000 -11.7516920000 9.4132660000
5601.7900390000 -11.7635840000 9.4123840000
5602.0400390000 -11.7750010000 9.4115380000
5602.2900390000 -11.7906120000 9.4106900000
5602.5498050000 -11.8021590000 9.4098110000
5602.7998050000 -11.8141810000 9.4089660000
5603.0498050000 -11.8264280000 9.4081210000
5603.3100590000 -11.8393910000 9.4072410000
5603.5600590000 -11.8520180000 9.4063960000
5603.8100590000 -11.8648320000 9.4055520000
5604.0698240000 -11.8783590000 9.4046740000
5604.3198240000 -11.8915850000 9.4038280000
5604.5698240000 -11.9049840000 9.4029840000
5604.8300780000 -11.9191600000 9.4021040000
5605.0800780000 -11.9329770000 9.4012610000
5605.3300780000 -11.9470050000 9.4004170000
5605.5898440000 -11.9618280000 9.3995410000
5605.8398440000 -11.9763090000 9.3986980000
5606.0898440000 -11.9910480000 9.3978530000
5606.3500980000 -12.0066010000 9.3969760000
5606.6000980000 -12.0218340000 9.3961320000
5606.8500980000 -12.0372910000 9.3952900000
5607.1098630000 -12.0536410000 9.3944150000
5607.3598630000 -12.0696340000 9.3935730000
5607.6098630000 -12.0859030000 9.3927310000
5607.8701170000 -12.1031580000 9.3918540000
5608.1201170000 -12.1200170000 9.3910130000
5608.3701170000 -12.1372140000 9.3901700000
5608.6298830000 -12.1553630000 9.3892970000
5608.8798830000 -12.1732110000 9.3884540000
5609.1401370000 -12.1920950000 9.3875800000
5609.3901370000 -12.2106410000 9.3867380000
5609.6401370000 -12.2295120000 9.3858980000
5609.8999020000 -12.2495360000 9.3850240000
5610.1499020000 -12.2691820000 9.3841840000
5610.4101560000 -12.2900800000 9.3833090000
5610.6601560000 -12.3105630000 9.3824690000
5610.9101560000 -12.3314790000 9.3816300000
5611.1699220000 -12.3537120000 9.3807570000
5611.4199220000 -12.3756100000 9.3799160000
5611.6699220000 -12.3979570000 9.3790780000
5611.9301760000 -12.4217840000 9.3782040000
5612.1801760000 -12.4451950000 9.3773650000
5612.4399410000 -12.4701360000 9.3764930000
5612.6899410000 -12.4947100000 9.3756550000
5612.9501950000 -12.5209650000 9.3747830000
5613.2001950000 -12.5468150000 9.3739440000
5613.4501950000 -12.5733370000 9.3731070000
5613.7099610000 -12.6016690000 9.3722360000
5613.9599610000 -12.6296660000 9.3713990000
5614.2202150000 -12.6596700000 9.3705270000
5614.4702150000 -12.6893060000 9.3696900000
5614.7202150000 -12.7198730000 9.3688520000
5614.9799800000 -12.7525220000 9.3679830000
5615.2299800000 -12.7850270000 9.3671460000
5615.4902340000 -12.8199370000 9.3662740000
5615.7402340000 -12.8545660000 9.3654380000
5616.0000000000 -12.8918300000 9.3645690000
5616.2500000000 -12.9289400000 9.3637330000
5616.5000000000 -12.9673920000 9.3628980000
5616.7597660000 -13.0089150000 9.3620290000
5617.0097660000 -13.0504190000 9.3611950000
5617.2700200000 -13.0954460000 9.3603250000
5617.5200200000 -13.1405050000 9.3594900000
5617.7797850000 -13.1894560000 9.3586220000
5618.0297850000 -13.2387050000 9.3577880000
5618.2900390000 -13.2925140000 9.3569180000
5618.5400390000 -13.3467810000 9.3560850000
5618.7998050000 -13.4062360000 9.3552180000
5619.0498050000 -13.4667290000 9.3543830000
5619.2998050000 -13.5306190000 9.3535490000
5619.5600590000 -13.6013780000 9.3526810000
5619.8100590000 -13.6738260000 9.3518480000
5620.0698240000 -13.7545570000 9.3509820000
5620.3198240000 -13.8381190000 9.3501490000
5620.5800780000 -13.9323980000 9.3492810000
5620.8300780000 -14.0310100000 9.3484490000
5621.0898440000 -14.1436720000 9.3475840000
5621.3398440000 -14.2637660000 9.3467520000
5621.6000980000 -14.4041550000 9.3458850000
5621.8500980000 -14.5574930000 9.3450540000
5622.1098630000 -14.7424780000 9.3441890000
5622.3598630000 -14.9540070000 9.3433580000
5622.6201170000 -15.2259870000 9.3424920000
5622.8701170000 -15.5663000000 9.3416600000
5623.1298830000 -16.0758360000 9.3407960000
5623.3798830000 -16.9551240000 9.3399670000
5623.6401370000 -18.9638520000 3.0033010000
5623.8901370000 -16.6528820000 3.0020690000
5624.1499020000 -15.9042090000 3.0007890000
5624.3999020000 -15.4644360000 2.9995560000
5624.6601560000 -15.1342430000 2.9982760000
5624.9101560000 -14.8849200000 2.9970440000
5625.1699220000 -14.6721690000 2.9957670000
5625.4199220000 -14.4975970000 2.9945340000
5625.6801760000 -14.3398870000 2.9932560000
5625.9301760000 -14.2053830000 2.9920240000
5626.1899410000 -14.0802770000 2.9907480000
5626.4501950000 -13.9665510000 2.9894690000
5626.7001950000 -13.8664490000 2.9882370000
5626.9599610000 -13.7707710000 2.9869620000
5627.2099610000 -13.6850690000 2.9857320000
5627.4702150000 -13.6020510000 2.9844560000
5627.7202150000 -13.5270820000 2.9832270000
5627.9799800000 -13.4539550000 2.9819530000
5628.2299800000 -13.3872810000 2.9807230000
5628.4902340000 -13.3215680000 2.9794450000
5628.7402340000 -13.2616270000 2.9782200000
5629.0000000000 -13.2022160000 2.9769450000
5629.2597660000 -13.1456200000 2.9756730000
5629.5097660000 -13.0933360000 2.9744450000
5629.7700200000 -13.0412810000 2.9731710000
5630.0200200000 -12.9931040000 2.9719440000
5630.2797850000 -12.9449740000 2.9706710000
5630.5297850000 -12.9003720000 2.9694460000
5630.7900390000 -12.8555170000 2.9681710000
5631.0400390000 -12.8139160000 2.9669480000
5631.2998050000 -12.7720490000 2.9656750000
5631.5600590000 -12.7315180000 2.9644030000
5631.8100590000 -12.6936570000 2.9631790000
5632.0698240000 -12.6555750000 2.9619090000
5632.3198240000 -12.6198670000 2.9606850000
5632.5800780000 -12.5837550000 2.9594120000
5632.8398440000 -12.5487590000 2.9581430000
5633.0898440000 -12.5158610000 2.9569200000
5633.3500980000 -12.4825740000 2.9556500000
5633.6000980000 -12.4512970000 2.9544270000
5633.8598630000 -12.4196640000 2.9531600000
5634.1201170000 -12.3886700000 2.9518880000
5634.3701170000 -12.3595480000 2.9506660000
5634.6298830000 -12.3300400000 2.9494000000
5634.8798830000 -12.3021790000 2.9481780000
5635.1401370000 -12.2738700000 2.9469110000
5635.3999020000 -12.2461580000 2.9456430000
5635.6499020000 -12.2200510000 2.9444250000
5635.9101560000 -12.1933850000 2.9431550000
5636.1601560000 -12.1682420000 2.9419350000
5636.4199220000 -12.1426820000 2.9406710000
5636.6801760000 -12.1175130000 2.9394030000
5636.9301760000 -12.0937970000 2.9381850000
5637.1899410000 -12.0695690000 2.9369190000
5637.4501950000 -12.0457290000 2.9356520000
5637.7001950000 -12.0232400000 2.9344360000
5637.9599610000 -12.0002430000 2.9331710000
5638.2099610000 -11.9784970000 2.9319550000
5638.4702150000 -11.9562040000 2.9306890000
5638.7299800000 -11.9343130000 2.9294250000
5638.9799800000 -11.9135930000 2.9282100000
5639.2402340000 -11.8923350000 2.9269450000
5639.5000000000 -11.8714420000 2.9256820000
5639.7500000000 -11.8516510000 2.9244680000
5640.0097660000 -11.8313670000 2.9232050000
5640.2700200000 -11.8113440000 2.9219410000
5640.5200200000 -11.7923970000 2.9207280000
5640.7797850000 -11.7729660000 2.9194660000
5641.0400390000 -11.7538050000 2.9182050000
5641.2900390000 -11.7355950000 2.9169900000
5641.5498050000 -11.7169760000 2.9157320000
5641.8100590000 -11.6985380000 2.9144700000
5642.0600590000 -11.6810360000 2.9132560000
5642.3198240000 -11.6631310000 2.9119980000
5642.5800780000 -11.6453890000 2.9107360000
5642.8300780000 -11.6285710000 2.9095260000
5643.0898440000 -11.6112920000 2.9082670000
5643.3500980000 -11.5941920000 2.9070060000
5643.6000980000 -11.5779740000 2.9057960000
5643.8598630000 -11.5613040000 2.9045380000
5644.1201170000 -11.5447990000 2.9032780000
5644.3798830000 -11.5285140000 2.9020200000
5644.6298830000 -11.5130330000 2.9008120000
5644.8901370000 -11.4970790000 2.8995520000
5645.1499020000 -11.4813600000 2.8982980000
5645.3999020000 -11.4663540000 2.8970880000
5645.6601560000 -11.4509420000 2.8958320000
5645.9199220000 -11.4356950000 2.8945760000
5646.1699220000 -11.4211600000 2.8933670000
5646.4301760000 -11.4062260000 2.8921120000
5646.6899410000 -11.3914470000 2.8908570000
5646.9501950000 -11.3767910000 2.8896000000
5647.2001950000 -11.3628650000 2.8883940000
5647.4599610000 -11.3485230000 2.8871400000
5647.7202150000 -11.3342970000 2.8858840000
5647.9702150000 -11.3207740000 2.8846790000
5648.2299800000 -11.3068430000 2.8834260000
5648.4902340000 -11.2930180000 2.8821710000
5648.7500000000 -11.2793750000 2.8809200000
5649.0000000000 -11.2663290000 2.8797140000
5649.2597660000 -11.2529330000 2.8784650000
5649.5200200000 -11.2396100000 2.8772110000
5649.7797850000 -11.2264320000 2.8759590000
5650.0297850000 -11.2138720000 2.8747570000
5650.2900390000 -11.2009000000 2.8735040000
5650.5498050000 -11.1880650000 2.8722520000
5650.8100590000 -11.1753170000 2.8710000000
5651.0600590000 -11.1631860000 2.8697990000
5651.3198240000 -11.1506750000 2.8685490000
5651.5800780000 -11.1382680000 2.8673000000
5651.8398440000 -11.1259650000 2.8660510000
5652.0898440000 -11.1142100000 2.8648470000
5652.3500980000 -11.1021050000 2.8635990000
5652.6098630000 -11.0900980000 2.8623500000
5652.8701170000 -11.0781660000 2.8611000000
5653.1298830000 -11.0663500000 2.8598530000
5653.3798830000 -11.0550770000 2.8586540000
5653.6401370000 -11.0434210000 2.8574050000
5653.8999020000 -11.0318980000 2.8561600000
5654.1601560000 -11.0204200000 2.8549110000
5654.4101560000 -11.0094660000 2.8537100000
5654.6699220000 -10.9982000000 2.8524670000
5654.9301760000 -10.9869780000 2.8512190000
5655.1899410000 -10.9758580000 2.8499740000
5655.4501950000 -10.9648000000 2.8487260000
5655.7001950000 -10.9542630000 2.8475290000
5655.9599610000 -10.9433810000 2.8462850000
5656.2202150000 -10.9325580000 2.8450380000
5656.4799800000 -10.9218510000 2.8437970000
5656.7402340000 -10.9111800000 2.8425510000
5656.9902340000 -10.9010090000 2.8413550000
5657.2500000000 -10.8905020000 2.8401130000
5657.5097660000 -10.8800680000 2.8388700000
5657.7700200000 -10.8696850000 2.8376250000
5658.0297850000 -10.8594100000 2.8363850000
5658.2900390000 -10.8491670000 2.8351410000
5658.5400390000 -10.8393820000 2.8339440000
5658.7998050000 -10.8293090000 2.8327050000
5703.2412110000 -9.6616010000 2.6245880000
5814.7534180000 -8.3357590000 2.1368470000
5928.4467770000 -7.9471530000 1.6856660000
5955.3500980000 -8.0943560000 1.5851350000
5955.6298830000 -8.0972450000 1.5841020000
5955.9199220000 -8.1002820000 1.5830310000
5956.2001950000 -8.1032630000 1.5819960000
5956.4902340000 -8.1063910000 1.5809260000
5956.7797850000 -8.1095660000 1.5798560000
5957.0600590000 -8.1126780000 1.5788230000
5957.3500980000 -8.1159530000 1.5777520000
5957.6401370000 -8.1192740000 1.5766820000
5957.9199220000 -8.1225280000 1.5756500000
5958.2099610000 -8.1259500000 1.5745820000
5958.4902340000 -8.1293090000 1.5735480000
5958.7797850000 -8.1328290000 1.5724820000
5959.0698240000 -8.1364090000 1.5714140000
5959.3500980000 -8.1399240000 1.5703820000
5959.6401370000 -8.1436150000 1.5693140000
5959.9301760000 -8.1473640000 1.5682470000
5960.2099610000 -8.1510380000 1.5672170000
5960.5000000000 -8.1549040000 1.5661510000
5960.7900390000 -8.1588370000 1.5650830000
5961.0698240000 -8.1626870000 1.5640540000
5961.3598630000 -8.1667390000 1.5629870000
5961.6499020000 -8.1708550000 1.5619220000
5961.9301760000 -8.1748980000 1.5608910000
5962.2202150000 -8.1791460000 1.5598270000
5962.5097660000 -8.1834560000 1.5587640000
5962.7900390000 -8.1876980000 1.5577340000
5963.0800780000 -8.1921560000 1.5566690000
5963.3701170000 -8.1966950000 1.5556040000
5963.6499020000 -8.2011340000 1.5545790000
5963.9399410000 -8.2058230000 1.5535140000
5964.2299800000 -8.2105840000 1.5524500000
5964.5097660000 -8.2152570000 1.5514240000
5964.7998050000 -8.2201780000 1.5503610000
5965.0898440000 -8.2251830000 1.5492980000
5965.3701170000 -8.2301070000 1.5482710000
5965.6601560000 -8.2352860000 1.5472090000
5965.9501950000 -8.2405550000 1.5461470000
5966.2402340000 -8.2459260000 1.5450840000
5966.5200200000 -8.2511840000 1.5440620000
5966.8100590000 -8.2567460000 1.5429980000
5967.1000980000 -8.2624000000 1.5419380000
5967.3798830000 -8.2679560000 1.5409150000
5967.6699220000 -8.2738140000 1.5398540000
5967.9599610000 -8.2797810000 1.5387940000
5968.2500000000 -8.2858610000 1.5377340000
5968.5297850000 -8.2918390000 1.5367120000
5968.8198240000 -8.2981470000 1.5356520000
5969.1098630000 -8.3045870000 1.5345920000
5969.3999020000 -8.3111420000 1.5335330000
5969.6801760000 -8.3176040000 1.5325100000
5969.9702150000 -8.3244150000 1.5314510000
5970.2597660000 -8.3313520000 1.5303960000
5970.5498050000 -8.3384420000 1.5293380000
5970.8300780000 -8.3454360000 1.5283150000
5971.1201170000 -8.3528150000 1.5272580000
5971.4101560000 -8.3603620000 1.5261990000
5971.7001950000 -8.3680560000 1.5251430000
5971.9799800000 -8.3756420000 1.5241220000
5972.2700200000 -8.3836670000 1.5230670000
5972.5600590000 -8.3918690000 1.5220110000
5972.8500980000 -8.4002680000 1.5209530000
5973.1298830000 -8.4085290000 1.5199370000
5973.4199220000 -8.4173090000 1.5188790000
5973.7099610000 -8.4262780000 1.5178240000
5974.0000000000 -8.4354590000 1.5167700000
5974.2900390000 -8.4448610000 1.5157160000
5974.5698240000 -8.4541560000 1.5146980000
5974.8598630000 -8.4640170000 1.5136440000
5975.1499020000 -8.4741430000 1.5125890000
5975.4399410000 -8.4845120000 1.5115360000
5975.7299800000 -8.4951510000 1.5104830000
5976.0097660000 -8.5056910000 1.5094660000
5976.2998050000 -8.5168960000 1.5084130000
5976.5898440000 -8.5284110000 1.5073610000
5976.8798830000 -8.5402680000 1.5063080000
5977.1699220000 -8.5524450000 1.5052560000
5977.4501950000 -8.5645610000 1.5042390000
5977.7402340000 -8.5774560000 1.5031870000
5978.0297850000 -8.5907230000 1.5021380000
5978.3198240000 -8.6044270000 1.5010870000
5978.6098630000 -8.6185930000 1.5000350000
5978.8901370000 -8.6326880000 1.4990220000
5979.1801760000 -8.6477930000 1.4979700000
5979.4702150000 -8.6633950000 1.4969200000
5979.7597660000 -8.6795230000 1.4958720000
5980.0498050000 -8.6962650000 1.4948230000
5980.3398440000 -8.7136650000 1.4937720000
5980.6298830000 -8.7317090000 1.4927230000
5980.9101560000 -8.7498460000 1.4917090000
5981.2001950000 -8.7693610000 1.4906610000
5981.4902340000 -8.7897070000 1.4896130000
5981.7797850000 -8.8109200000 1.4885670000
5982.0698240000 -8.8331790000 1.4875170000
5982.3598630000 -8.8564660000 1.4864700000
5982.6499020000 -8.8809140000 1.4854240000
5982.9301760000 -8.9057660000 1.4844110000
5983.2202150000 -8.9328370000 1.4833650000
5983.5097660000 -8.9614080000 1.4823210000
5983.7998050000 -8.9917950000 1.4812730000
5984.0898440000 -9.0240580000 1.4802270000
5984.3798830000 -9.0584920000 1.4791810000
5984.6699220000 -9.0953910000 1.4781360000
5984.9599610000 -9.1351820000 1.4770900000
5985.2402340000 -9.1767070000 1.4760790000
5985.5297850000 -9.2233130000 1.4750370000
5985.8198240000 -9.2745040000 1.4739920000
5986.1098630000 -9.3311320000 1.4729490000
5986.3999020000 -9.3945470000 1.4719030000
5986.6899410000 -9.4662710000 1.4708600000
5986.9799800000 -9.5488910000 1.4698160000
5987.2700200000 -9.6462060000 1.4687740000
5987.5600590000 -9.7646410000 1.4677300000
5987.8500980000 -9.9150550000 1.4666870000
5988.1401370000 -10.1213860000 1.4656450000
5988.4199220000 -10.4351240000 1.4646390000
5988.7099610000 -11.2561620000 1.4635970000
5989.0000000000 -10.8040400000 3.2619350000
5989.2900390000 -10.2880790000 3.2608430000
5989.5800780000 -10.0200630000 3.2597540000
5989.8701170000 -9.8371870000 3.2586650000
5990.1601560000 -9.6979880000 3.2575760000
5990.4501950000 -9.5852640000 3.2564860000
5990.7402340000 -9.4907040000 3.2553980000
5991.0297850000 -9.4092050000 3.2543120000
5991.3198240000 -9.3373340000 3.2532230000
5991.6098630000 -9.2729980000 3.2521340000
5991.8999020000 -9.2149070000 3.2510460000
5992.1899410000 -9.1618500000 3.2499590000
5992.4799800000 -9.1130010000 3.2488730000
5992.7700200000 -9.0676480000 3.2477850000
5993.0600590000 -9.0254380000 3.2466970000
5993.3500980000 -8.9858890000 3.2456120000
5993.6401370000 -8.9486730000 3.2445260000
5993.9301760000 -8.9134620000 3.2434390000
5994.2202150000 -8.8801430000 3.2423530000
5994.5000000000 -8.8495370000 3.2413050000
5994.7900390000 -8.8192940000 3.2402210000
5995.0800780000 -8.7903970000 3.2391360000
5995.3701170000 -8.7627220000 3.2380510000
5995.6601560000 -8.7361240000 3.2369660000
5995.9501950000 -8.7105960000 3.2358820000
5996.2402340000 -8.6860120000 3.2347980000
5996.5297850000 -8.6623390000 3.2337170000
5996.8198240000 -8.6393980000 3.2326320000
5997.1098630000 -8.6172450000 3.2315490000
5997.3999020000 -8.5957920000 3.2304660000
5997.6899410000 -8.5749910000 3.2293830000
5997.9799800000 -8.5547700000 3.2283000000
5998.2700200000 -8.5351550000 3.2272180000
5998.5698240000 -8.5154290000 3.2260990000
5998.8598630000 -8.4968780000 3.2250180000
5999.1499020000 -8.4788040000 3.2239370000
5999.4399410000 -8.4611810000 3.2228560000
5999.7299800000 -8.4439570000 3.2217730000
6000.0200200000 -8.4271670000 3.2206930000
6000.3100590000 -8.4107610000 3.2196130000
6000.6000980000 -8.3947200000 3.2185330000
6000.8901370000 -8.3790010000 3.2174510000
6001.1801760000 -8.3636390000 3.2163720000
6001.4702150000 -8.3485920000 3.2152930000
6001.7597660000 -8.3338720000 3.2142160000
6002.0498050000 -8.3193910000 3.2131360000
6002.3398440000 -8.3052100000 3.2120570000
6002.6298830000 -8.2912940000 3.2109790000
6002.9199220000 -8.2776090000 3.2098990000
6003.2099610000 -8.2641890000 3.2088210000
6003.5000000000 -8.2510020000 3.2077450000
6003.7900390000 -8.2380400000 3.2066670000
6004.0800780000 -8.2252730000 3.2055880000
6004.3798830000 -8.2123260000 3.2044760000
6004.6699220000 -8.1999740000 3.2033990000
6004.9599610000 -8.1878360000 3.2023220000
6005.2500000000 -8.1758830000 3.2012460000
6005.5400390000 -8.1641090000 3.2001710000
6005.8300780000 -8.1524910000 3.1990940000
6006.1201170000 -8.1410580000 3.1980180000
6006.4101560000 -8.1297870000 3.1969430000
6006.7001950000 -8.1186740000 3.1958680000
6006.9902340000 -8.1076940000 3.1947930000
6007.2797850000 -8.0968960000 3.1937200000
6007.5800780000 -8.0858400000 3.1926070000
6007.8701170000 -8.0753110000 3.1915340000
6008.1601560000 -8.0649150000 3.1904600000
6008.4501950000 -8.0546480000 3.1893870000
6008.7402340000 -8.0444920000 3.1883130000
6009.0297850000 -8.0344920000 3.1872420000
6009.3198240000 -8.0245920000 3.1861690000
6009.6098630000 -8.0148100000 3.1850970000
6009.9101560000 -8.0047920000 3.1839860000
6010.2001950000 -7.9952350000 3.1829150000
6010.4902340000 -7.9857690000 3.1818410000
6010.7797850000 -7.9764390000 3.1807720000
6011.0698240000 -7.9671930000 3.1797010000
6011.3598630000 -7.9580460000 3.1786300000
6011.6499020000 -7.9489800000 3.1775580000
6011.9501950000 -7.9397150000 3.1764510000
6012.2402340000 -7.9308370000 3.1753790000
6012.5297850000 -7.9220780000 3.1743110000
6012.8198240000 -7.9133910000 3.1732420000
6013.1098630000 -7.9047880000 3.1721730000
6013.3999020000 -7.8962550000 3.1711020000
6013.6899410000 -7.8878160000 3.1700330000
6013.9902340000 -7.8791550000 3.1689260000
6014.2797850000 -7.8708890000 3.1678590000
6014.5698240000 -7.8626850000 3.1667910000
6014.8598630000 -7.8545550000 3.1657240000
6015.1499020000 -7.8464830000 3.1646550000
6015.4501950000 -7.8382210000 3.1635500000
6015.7402340000 -7.8302920000 3.1624810000
6016.0297850000 -7.8224570000 3.1614170000
6016.3198240000 -7.8146750000 3.1603500000
6016.6098630000 -7.8069570000 3.1592840000
6016.8999020000 -7.7992910000 3.1582160000
6017.2001950000 -7.7914390000 3.1571130000
6017.4902340000 -7.7838980000 3.1560460000
6017.7797850000 -7.7764420000 3.1549830000
6018.0698240000 -7.7690320000 3.1539170000
6018.3701170000 -7.7614150000 3.1528140000
6018.6601560000 -7.7541210000 3.1517500000
6018.9501950000 -7.7468820000 3.1506850000
6019.2402340000 -7.7396860000 3.1496200000
6019.5297850000 -7.7325670000 3.1485580000
6019.8300780000 -7.7252330000 3.1474550000
6020.1201170000 -7.7182070000 3.1463920000
6020.4101560000 -7.7112310000 3.1453290000
6020.7001950000 -7.7043050000 3.1442660000
6021.0000000000 -7.6971910000 3.1431670000
6021.2900390000 -7.6903620000 3.1421050000
6021.5800780000 -7.6835700000 3.1410410000
6021.8701170000 -7.6768350000 3.1399790000
6022.1699220000 -7.6699150000 3.1388810000
6022.4599610000 -7.6632710000 3.1378190000
6022.7500000000 -7.6566710000 3.1367590000
6023.0400390000 -7.6501140000 3.1356970000
6023.3398440000 -7.6433740000 3.1346010000
6023.6298830000 -7.6369020000 3.1335400000
6023.9199220000 -7.6304610000 3.1324790000
6024.2099610000 -7.6240700000 3.1314180000
6024.5097660000 -7.6175000000 3.1303220000
6024.7998050000 -7.6111900000 3.1292630000
6025.0898440000 -7.6049180000 3.1282030000
6025.3798830000 -7.5986830000 3.1271450000
6025.6801760000 -7.5922620000 3.1260480000
6025.9702150000 -7.5861020000 3.1249900000
6026.2597660000 -7.5799790000 3.1239310000
6026.5600590000 -7.5736820000 3.1228370000
6026.8500980000 -7.5676200000 3.1217780000
6027.1401370000 -7.5616030000 3.1207200000
6027.4399410000 -7.5554140000 3.1196260000
6027.7299800000 -7.5494650000 3.1185690000
6028.0200200000 -7.5435490000 3.1175130000
6028.3100590000 -7.5376660000 3.1164560000
6028.6098630000 -7.5316130000 3.1153640000
6028.8999020000 -7.5257950000 3.1143070000
6029.1899410000 -7.5199980000 3.1132500000
6029.4902340000 -7.5140340000 3.1121570000
6029.7797850000 -7.5083180000 3.1111030000
6030.0698240000 -7.5026230000 3.1100480000
6030.3701170000 -7.4967520000 3.1089550000
6030.6601560000 -7.4911160000 3.1079010000
6030.9501950000 -7.4855090000 3.1068470000
6031.2500000000 -7.4797380000 3.1057560000
6031.5400390000 -7.4741870000 3.1047020000
6031.8300780000 -7.4686560000 3.1036470000
6032.1298830000 -7.4629800000 3.1025590000
6032.4199220000 -7.4575030000 3.1015040000
6032.7099610000 -7.4520620000 3.1004510000
6033.0097660000 -7.4464690000 3.0993640000
6033.2998050000 -7.4410720000 3.0983100000
6033.6000980000 -7.4355160000 3.0972200000
6033.8901370000 -7.4301790000 3.0961690000
6034.1801760000 -7.4248670000 3.0951170000
6034.4799800000 -7.4193970000 3.0940290000
6034.7700200000 -7.4141350000 3.0929780000
6035.0600590000 -7.4088960000 3.0919280000
6035.3598630000 -7.4035020000 3.0908400000
6035.6499020000 -7.3983110000 3.0897900000
6035.9399410000 -7.3931350000 3.0887380000
6036.2402340000 -7.3878130000 3.0876520000
6044.3627930000 -7.2519900000 3.0583340000
6162.5449220000 -6.0234550000 2.6521890000
6283.0380860000 -5.2558550000 2.2744570000
6405.8872070000 -4.6681070000 1.9231340000
6531.1386720000 -4.1880000000 1.5964200000
6658.8383790000 -3.7813220000 1.2927120000
6789.0356450000 -3.4284540000 1.0105680000
6921.7783200000 -2.8240470000 0.7059170000
7057.1162110000 -2.5287990000 0.4011930000
7195.1005860000 -2.2652490000 0.1087900000
7335.7827150000 -1.8847930000 9.8232630000
7479.2158200000 -1.6606370000 9.5241250000
7625.4531250000 -1.4595220000 9.2327290000
7774.5498050000 -1.2788140000 8.9489100000
7926.5620120000 -1.1268240000 8.6743710000
8081.5458980000 -0.9815260000 8.4074860000
8239.5605470000 -0.8509140000 8.1479470000
8400.6640630000 -0.7336270000 7.8955820000
8564.9189450000 -0.6284830000 7.6502250000
8732.3837890000 -0.5344470000 7.4117110000
8903.1240230000 -0.4506090000 7.1799020000
9077.2021480000 -0.3756890000 6.9560460000
9254.6845700000 -0.3090940000 6.7386310000
9435.6367190000 -0.2501450000 6.5274960000
9620.1269530000 -0.1982260000 6.3224750000
9808.2246090000 -0.1527820000 6.1234100000
10000.0000000000 -0.1133070000 5.9301470000
10195.5253900000 -0.0793420000 5.7425320000
10394.8730500000 -0.0504640000 5.5604180000
10598.1191400000 -0.0273540000 5.3837160000
10805.3388700000 -0.0076050000 5.2122940000
11016.6103500000 0.0081360000 5.0459600000
11232.0127000000 0.0201690000 4.8845760000
11451.6259800000 0.0272650000 4.7281570000
11675.5341800000 0.0326320000 4.5764430000
11903.8203100000 0.0350750000 4.4292950000
12136.5693400000 0.0334400000 4.2866850000
12373.8701200000 0.0306130000 4.1484470000
12615.8105500000 0.0254820000 4.0144130000
12862.4814500000 0.0182180000 3.8844670000
13113.9746100000 0.0089830000 3.7584910000
13370.3857400000 -0.0020760000 3.6363730000
13631.8105500000 -0.0148230000 3.5180030000
13898.3466800000 -0.0291290000 3.4032740000
14170.0937500000 -0.0448800000 3.2920820000
14447.1543000000 -0.0619660000 3.1843250000
14729.6328100000 -0.0805610000 3.0799060000
15017.6337900000 -0.1004180000 2.9787350000
15311.2666000000 -0.1209370000 2.8807180000
15610.6396500000 -0.1424390000 2.7857550000
15915.8671900000 -0.1648560000 2.6937560000
16227.0615200000 -0.1881230000 2.6046350000
16544.3418000000 -0.2121850000 2.5183070000
16867.8242200000 -0.2369900000 2.4346910000
17197.6328100000 -0.2624920000 2.3537050000
17533.8906300000 -0.2886520000 2.2752740000
17876.7207000000 -0.3154850000 2.1993220000
18226.2558600000 -0.3428630000 2.1257730000
18582.6250000000 -0.3708130000 2.0545580000
18945.9628900000 -0.3993170000 1.9856060000
19316.4023400000 -0.4283600000 1.9188500000
19694.0878900000 -0.4579380000 1.8542240000
20079.1562500000 -0.4880480000 1.7916630000
20471.7539100000 -0.5186950000 1.7311070000
20872.0273400000 -0.5498900000 1.6724940000
21280.1289100000 -0.5816530000 1.6157640000
21696.2070300000 -0.6140060000 1.5608630000
22120.4238300000 -0.6469850000 1.5077330000
22552.9335900000 -0.6806310000 1.4563210000
22993.8984400000 -0.7192780000 1.4066870000
23443.4882800000 -0.7543610000 1.3587250000
23901.8671900000 -0.7902950000 1.3123210000
24369.2070300000 -0.8303620000 1.2674390000
24845.6875000000 -0.8685300000 1.2241510000
25331.4824200000 -0.9075920000 1.1822770000
25826.7753900000 -0.9479920000 1.1417710000
26331.7539100000 -0.9924430000 1.1027000000
26846.6054700000 -1.0361950000 1.0649720000
27371.5234400000 -1.0819530000 1.0285530000
27906.7070300000 -1.1299730000 0.9933520000
28452.3515600000 -1.1806740000 0.9593270000
29008.6660200000 -1.2345300000 0.9264410000
29575.8593800000 -1.2921490000 0.8946560000
30154.1406300000 -1.3543030000 0.8639350000
30743.7304700000 -1.4219960000 0.8342440000
31344.8476600000 -1.4965620000 0.8055490000
31957.7168000000 -1.5798160000 0.7778160000
32582.5703100000 -1.6743220000 0.7510150000
33219.6406300000 -1.7838450000 0.7251130000
33869.1679700000 -1.9142310000 0.7000830000
34531.3945300000 -2.0752400000 0.6758940000
35206.5703100000 -2.2849840000 0.6525190000
35894.9492200000 -2.5831050000 0.6299310000
35947.8984400000 -2.6116670000 0.6282430000
35958.3007800000 -2.6174040000 0.6279130000
35968.8007800000 -2.6232390000 0.6275790000
35979.1992200000 -2.6290610000 0.6272490000
35989.6015600000 -2.6349300000 0.6269190000
36000.1015600000 -2.6409000000 0.6265860000
36010.6015600000 -2.6469140000 0.6262530000
36021.0000000000 -2.6529180000 0.6259240000
36031.5000000000 -2.6590290000 0.6255920000
36042.0000000000 -2.6651870000 0.6252610000
36052.3984400000 -2.6713340000 0.6249320000
36062.8984400000 -2.6775900000 0.6246010000
36073.3984400000 -2.6838990000 0.6242700000
36083.8984400000 -2.6902570000 0.6239390000
36094.3984400000 -2.6966700000 0.6236090000
36104.8984400000 -2.7031340000 0.6232790000
36115.5000000000 -2.7097190000 0.6229460000
36126.0000000000 -2.7162920000 0.6226160000
36136.5000000000 -2.7229240000 0.6222870000
36147.0000000000 -2.7296100000 0.6219580000
36157.6015600000 -2.7364210000 0.6216260000
36168.1015600000 -2.7432270000 0.6212970000
36178.6992200000 -2.7501540000 0.6209660000
36189.1992200000 -2.7570790000 0.6206380000
36199.8007800000 -2.7641370000 0.6203070000
36210.3984400000 -2.7712530000 0.6199760000
36221.0000000000 -2.7784370000 0.6196460000
36231.5000000000 -2.7856180000 0.6193190000
36242.1015600000 -2.7929350000 0.6189890000
36252.6992200000 -2.8003220000 0.6186590000
36263.3007800000 -2.8077790000 0.6183300000
36273.8984400000 -2.8153040000 0.6180010000
36284.6015600000 -2.8229790000 0.6176690000
36295.1992200000 -2.8306520000 0.6173410000
36305.8007800000 -2.8384030000 0.6170120000
36316.3984400000 -2.8462290000 0.6166840000
36327.1015600000 -2.8542130000 0.6163540000
36337.6992200000 -2.8621970000 0.6160260000
36348.3984400000 -2.8703420000 0.6156960000
36359.0000000000 -2.8784950000 0.6153690000
36369.6992200000 -2.8868080000 0.6150390000
36380.3984400000 -2.8952110000 0.6147100000
36391.1015600000 -2.9037080000 0.6143810000
36401.6992200000 -2.9122110000 0.6140550000
36412.3984400000 -2.9208890000 0.6137260000
36423.1015600000 -2.9296670000 0.6133980000
36433.8007800000 -2.9385370000 0.6130700000
36444.5000000000 -2.9475100000 0.6127420000
36455.3007800000 -2.9566690000 0.6124110000
36466.0000000000 -2.9658500000 0.6120840000
36476.6992200000 -2.9751370000 0.6117570000
36487.3984400000 -2.9845340000 0.6114300000
36498.1992200000 -2.9941320000 0.6111010000
36508.8984400000 -3.0037570000 0.6107740000
36519.6992200000 -3.0135890000 0.6104450000
36530.3984400000 -3.0234520000 0.6101200000
36541.1992200000 -3.0335310000 0.6097910000
36552.0000000000 -3.0437380000 0.6094630000
36562.8007800000 -3.0540810000 0.6091350000
36573.6015600000 -3.0645540000 0.6088070000
36584.3007800000 -3.0750680000 0.6084830000
36595.1015600000 -3.0858200000 0.6081560000
36596.7851600000 -3.0875120000 0.6081050000
36605.8984400000 -3.0967190000 0.6078290000
36616.8007800000 -3.1078720000 0.6074990000
36627.6015600000 -3.1190740000 0.6071730000
36638.3984400000 -3.1304300000 0.6068470000
36649.1992200000 -3.1419550000 0.6065210000
36660.1015600000 -3.1537550000 0.6061920000
36670.8984400000 -3.1656120000 0.6058670000
36681.8007800000 -3.1777640000 0.6055390000
36692.6015600000 -3.1899840000 0.6052140000
36703.5000000000 -3.2025050000 0.6048870000
36714.3007800000 -3.2151090000 0.6045630000
36725.1992200000 -3.2280260000 0.6042360000
36736.1015600000 -3.2411560000 0.6039090000
36747.0000000000 -3.2544950000 0.6035830000
36757.8984400000 -3.2680560000 0.6032570000
36768.8007800000 -3.2818510000 0.6029310000
36779.6992200000 -3.2958720000 0.6026050000
36790.6015600000 -3.3101470000 0.6022800000
36801.5000000000 -3.3246700000 0.6019550000
36812.5000000000 -3.3395950000 0.6016270000
36823.3984400000 -3.3546530000 0.6013030000
36834.3007800000 -3.3699970000 0.6009780000
36845.3007800000 -3.3857750000 0.6006510000
36856.1992200000 -3.4017030000 0.6003280000
36867.1992200000 -3.4181050000 0.6000010000
36878.1992200000 -3.4348390000 0.5996750000
36889.1015600000 -3.4517620000 0.5993520000
36900.1015600000 -3.4691910000 0.5990260000
36911.1015600000 -3.4869990000 0.5987010000
36922.1015600000 -3.5051910000 0.5983760000
36933.1015600000 -3.5237960000 0.5980510000
36944.1015600000 -3.5428250000 0.5977260000
36955.1015600000 -3.5622920000 0.5974020000
36966.1015600000 -3.5822290000 0.5970780000
36977.1015600000 -3.6026460000 0.5967540000
36988.1992200000 -3.6237640000 0.5964280000
36999.1992200000 -3.6452370000 0.5961050000
37010.3007800000 -3.6674750000 0.5957790000
37021.3007800000 -3.6901100000 0.5954560000
37032.3984400000 -3.7135730000 0.5951310000
37043.3984400000 -3.7374960000 0.5948090000
37054.5000000000 -3.7623410000 0.5944840000
37065.6015600000 -3.7879360000 0.5941590000
37076.6992200000 -3.8143190000 0.5938350000
37087.6992200000 -3.8413080000 0.5935140000
37098.8007800000 -3.8694370000 0.5931900000
37110.0000000000 -3.8987900000 0.5928640000
37121.1015600000 -3.9289130000 0.5925410000
37132.1992200000 -3.9601240000 0.5922180000
37143.3007800000 -3.9925270000 0.5918950000
37154.3984400000 -4.0261990000 0.5915730000
37165.6015600000 -4.0615630000 0.5912480000
37176.6992200000 -4.0981060000 0.5909260000
37187.8984400000 -4.1366000000 0.5906020000
37199.0000000000 -4.1765480000 0.5902800000
37210.1992200000 -4.2187810000 0.5899560000
37221.3984400000 -4.2631870000 0.5896330000
37232.5000000000 -4.3095550000 0.5893120000
37243.6992200000 -4.3589770000 0.5889890000
37254.8984400000 -4.4113610000 0.5886660000
37266.1015600000 -4.4670960000 0.5883430000
37277.3007800000 -4.5265890000 0.5880210000
37288.5000000000 -4.5903970000 0.5876990000
37299.6992200000 -4.6591570000 0.5873770000
37311.0000000000 -4.7344610000 0.5870530000
37312.3437500000 -4.7438480000 0.5870140000
37322.1992200000 -4.8159750000 0.5867310000
37333.3984400000 -4.9056940000 0.5864110000
37344.6992200000 -5.0064750000 0.5860870000
37355.8984400000 -5.1189830000 0.5857660000
37367.1992200000 -5.2489010000 0.5854430000
37378.5000000000 -5.4008860000 0.5851210000
37389.6992200000 -5.5818910000 0.5848010000
37401.0000000000 -5.8109000000 0.5844790000
37412.3007800000 -6.1178700000 0.5841570000
37423.6015600000 -6.5846630000 0.5838350000
37434.8984400000 -7.5871340000 0.5835140000
37446.1992200000 -7.6100290000 3.4790780000
37457.5000000000 -6.5887080000 3.4774190000
37468.8007800000 -6.1142770000 3.4757630000
37480.1992200000 -5.7990160000 3.4740930000
37491.5000000000 -5.5653610000 3.4724390000
37502.8007800000 -5.3784790000 3.4707860000
37514.1992200000 -5.2213520000 3.4691190000
37525.5000000000 -5.0877260000 3.4674680000
37536.8984400000 -4.9697160000 3.4658040000
37548.3007800000 -4.8647330000 3.4641410000
37559.6015600000 -4.7710010000 3.4624940000
37571.0000000000 -4.6849450000 3.4608330000
37582.3984400000 -4.6059980000 3.4591740000
37593.8007800000 -4.5330410000 3.4575150000
37605.1992200000 -4.4652590000 3.4558580000
37616.6015600000 -4.4019190000 3.4542020000
37628.0000000000 -4.3425060000 3.4525470000
37639.3984400000 -4.2865370000 3.4508940000
37650.8984400000 -4.2331640000 3.4492260000
37662.3007800000 -4.1830030000 3.4475750000
37673.8007800000 -4.1349020000 3.4459100000
37685.1992200000 -4.0894690000 3.4442610000
37696.6992200000 -4.0456790000 3.4425990000
37708.1015600000 -4.0041240000 3.4409510000
37719.6015600000 -3.9639380000 3.4392920000
37731.1015600000 -3.9253250000 3.4376330000
37742.6015600000 -3.8881760000 3.4359750000
37754.1015600000 -3.8523950000 3.4343190000
37765.6015600000 -3.8178590000 3.4326630000
37777.1015600000 -3.7844960000 3.4310090000
37788.6015600000 -3.7522360000 3.4293560000
37800.1015600000 -3.7209880000 3.4277040000
37811.6015600000 -3.6907090000 3.4260540000
37823.1992200000 -3.6610700000 3.4243900000
37834.6992200000 -3.6325460000 3.4227420000
37846.3007800000 -3.6045660000 3.4210800000
37857.8007800000 -3.5776000000 3.4194340000
37869.3984400000 -3.5511160000 3.4177750000
37880.8984400000 -3.5255460000 3.4161310000
37892.5000000000 -3.5003880000 3.4144740000
37904.1015600000 -3.4758570000 3.4128180000
37915.6992200000 -3.4519240000 3.4111650000
37927.3007800000 -3.4285450000 3.4095110000
37938.8984400000 -3.4057000000 3.4078590000
37950.5000000000 -3.3833660000 3.4062080000
37962.1015600000 -3.3615200000 3.4045580000
37973.8007800000 -3.3399590000 3.4028950000
37985.3984400000 -3.3190370000 3.4012480000
37997.0000000000 -3.2985290000 3.3996020000
38008.6992200000 -3.2782760000 3.3979430000
38020.3007800000 -3.2585760000 3.3962980000
38032.0000000000 -3.2390990000 3.3946420000
38041.8906300000 -3.2229270000 3.3932420000
38043.6992200000 -3.2199980000 3.3929870000
38055.3984400000 -3.2012470000 3.3913320000
38067.0000000000 -3.1829870000 3.3896920000
38078.6992200000 -3.1649060000 3.3880400000
38090.3984400000 -3.1471500000 3.3863890000
38102.1015600000 -3.1296900000 3.3847390000
38113.8007800000 -3.1125320000 3.3830910000
38125.6015600000 -3.0955140000 3.3814290000
38137.3007800000 -3.0789230000 3.3797820000
38149.0000000000 -3.0626050000 3.3781380000
38160.8007800000 -3.0464010000 3.3764800000
38172.5000000000 -3.0305900000 3.3748370000
38184.3007800000 -3.0148920000 3.3731810000
38196.0000000000 -2.9995630000 3.3715410000
38207.8007800000 -2.9843290000 3.3698870000
38219.6015600000 -2.9693270000 3.3682360000
38231.3984400000 -2.9545430000 3.3665850000
38243.1992200000 -2.9399710000 3.3649350000
38255.0000000000 -2.9256020000 3.3632860000
38266.8007800000 -2.9114380000 3.3616390000
38278.6015600000 -2.8974630000 3.3599930000
38290.3984400000 -2.8836880000 3.3583480000
38302.1992200000 -2.8700880000 3.3567040000
38314.1015600000 -2.8565560000 3.3550470000
38325.8984400000 -2.8433200000 3.3534070000
38337.8007800000 -2.8301370000 3.3517520000
38349.6015600000 -2.8172310000 3.3501130000
38361.5000000000 -2.8043840000 3.3484610000
38373.3984400000 -2.7916970000 3.3468110000
38385.1992200000 -2.7792660000 3.3451750000
38397.1015600000 -2.7668830000 3.3435270000
38409.0000000000 -2.7546520000 3.3418800000
38420.8984400000 -2.7425670000 3.3402340000
38432.8007800000 -2.7306190000 3.3385890000
38444.8007800000 -2.7187120000 3.3369320000
38456.6992200000 -2.7070440000 3.3352900000
38468.6015600000 -2.6955030000 3.3336480000
38480.6015600000 -2.6839970000 3.3319950000
38492.5000000000 -2.6727170000 3.3303560000
38504.5000000000 -2.6614640000 3.3287050000
38516.3984400000 -2.6504290000 3.3270690000
38528.3984400000 -2.6394220000 3.3254200000
38540.3984400000 -2.6285290000 3.3237720000
38552.3007800000 -2.6178400000 3.3221390000
38564.3007800000 -2.6071740000 3.3204940000
38576.3007800000 -2.5966180000 3.3188490000
38588.3007800000 -2.5861710000 3.3172060000
38600.3984400000 -2.5757470000 3.3155510000
38612.3984400000 -2.5655110000 3.3139110000
38624.3984400000 -2.5553790000 3.3122720000
38636.3984400000 -2.5453430000 3.3106330000
38648.5000000000 -2.5353240000 3.3089830000
38660.5000000000 -2.5254830000 3.3073470000
38672.6015600000 -2.5156560000 3.3056980000
38684.6992200000 -2.5059230000 3.3040510000
38696.6992200000 -2.4963610000 3.3024190000
38708.8007800000 -2.4868090000 3.3007740000
38720.8984400000 -2.4773490000 3.2991310000
38733.0000000000 -2.4679710000 3.2974880000
38745.1015600000 -2.4586800000 3.2958470000
38757.1992200000 -2.4494770000 3.2942080000
38769.3007800000 -2.4403500000 3.2925680000
38781.5000000000 -2.4312340000 3.2909170000
38785.7070300000 -2.4281110000 3.2903490000
38793.6015600000 -2.4222710000 3.2892810000
38805.6992200000 -2.4133890000 3.2876470000
38817.8984400000 -2.4045100000 3.2859990000
38830.0000000000 -2.3957760000 3.2843660000
38842.1992200000 -2.3870500000 3.2827220000
38854.3984400000 -2.3783970000 3.2810780000
38866.6015600000 -2.3698130000 3.2794350000
38878.8007800000 -2.3613050000 3.2777930000
38890.8984400000 -2.3529350000 3.2761660000
38903.1992200000 -2.3444970000 3.2745140000
38915.3984400000 -2.3361970000 3.2728770000
38927.6015600000 -2.3279610000 3.2712400000
38939.8007800000 -2.3197940000 3.2696040000
38952.0000000000 -2.3116920000 3.2679700000
38964.3007800000 -2.3035870000 3.2663230000
38976.5000000000 -2.2956120000 3.2646910000
38988.8007800000 -2.2876360000 3.2630480000
39001.1015600000 -2.2797200000 3.2614050000
39013.3007800000 -2.2719300000 3.2597760000
39025.6015600000 -2.2641380000 3.2581360000
39037.8984400000 -2.2564040000 3.2564970000
39050.1992200000 -2.2487290000 3.2548590000
39062.5000000000 -2.2411100000 3.2532220000
39074.8007800000 -2.2335470000 3.2515860000
39087.1015600000 -2.2260430000 3.2499520000
39099.3984400000 -2.2185930000 3.2483190000
39111.8007800000 -2.2111370000 3.2466740000
39544.0625000000 -1.9807020000 3.1900730000
40317.2500000000 -1.6679250000 3.0923650000
41105.5546900000 -1.4286190000 2.9971740000
41909.2695300000 -1.2362490000 2.9044520000
42728.6992200000 -1.0767760000 2.8141520000
43564.1523400000 -0.9418040000 2.7262230000
44415.9414100000 -0.8258860000 2.6406190000
45284.3867200000 -0.7252680000 2.5572930000
46169.8085900000 -0.6372400000 2.4761980000
47072.5429700000 -0.5597740000 2.3972900000
47992.9296900000 -0.4913100000 2.3205210000
48931.3125000000 -0.4352400000 2.2460930000
49888.0429700000 -0.3815810000 2.1744300000
50863.4765600000 -0.3337550000 2.1048610000
51857.9843800000 -0.2910740000 2.0373320000
52871.9375000000 -0.2529640000 1.9717880000
53905.7187500000 -0.2189350000 1.9081780000
54959.7109400000 -0.1885660000 1.8464510000
56034.3085900000 -0.1614930000 1.7865550000
57129.9218800000 -0.1373990000 1.7284440000
58246.9531300000 -0.1160030000 1.6720670000
59385.8281300000 -0.0970590000 1.6173800000
60546.9687500000 -0.0803470000 1.5643360000
61730.8125000000 -0.0656720000 1.5128910000
62937.8046900000 -0.0528570000 1.4630020000
64168.3984400000 -0.0417440000 1.4146260000
65423.0507800000 -0.0321900000 1.3677210000
66702.2343800000 -0.0240670000 1.3222480000
68006.4296900000 -0.0172550000 1.2781670000
69336.1250000000 -0.0116490000 1.2354400000
70691.8203100000 -0.0071500000 1.1940280000
72074.0234400000 -0.0036710000 1.1538960000
73483.2500000000 -0.0011280000 1.1150080000
74920.0312500000 -0.0000310000 1.0773300000
76384.9062500000 0.0008400000 1.0408880000
77878.4218800000 0.0009750000 1.0055880000
79401.1406300000 0.0004060000 0.9713990000
80953.6328100000 -0.0007580000 0.9383710000
82536.4765600000 -0.0023980000 0.9064590000
84150.2734400000 -0.0045240000 0.8755820000
85795.6250000000 -0.0070920000 0.8457080000
87473.1406300000 -0.0100590000 0.8168060000
89183.4609400000 -0.0133880000 0.7888460000
90927.2187500000 -0.0170450000 0.7618000000
92705.0781300000 -0.0209960000 0.7356380000
94517.6953100000 -0.0252110000 0.7103330000
96365.7500000000 -0.0296620000 0.6858590000
98249.9453100000 -0.0343240000 0.6621900000
100170.9766000000 -0.0391730000 0.6393000000
102129.5703000000 -0.0441870000 0.6171650000
104126.4609000000 -0.0493440000 0.5957620000
106162.3906000000 -0.0546260000 0.5750670000
108238.1328000000 -0.0600160000 0.5550590000
110354.4609000000 -0.0654970000 0.5357150000
112512.1641000000 -0.0710530000 0.5170150000
114712.0547000000 -0.0766720000 0.4989390000
116954.9688000000 -0.0823400000 0.4814650000
119241.7266000000 -0.0880440000 0.4645770000
121573.2031000000 -0.0937740000 0.4482540000
123950.2656000000 -0.0995210000 0.4324790000
126373.8047000000 -0.1052730000 0.4172340000
128844.7266000000 -0.1110230000 0.4025030000
131363.9688000000 -0.1167630000 0.3882690000
133932.4531000000 -0.1224840000 0.3745160000
136551.1719000000 -0.1281820000 0.3612280000
139221.0938000000 -0.1338480000 0.3483910000
141943.2188000000 -0.1394780000 0.3359900000
144718.5625000000 -0.1450670000 0.3240110000
147548.1719000000 -0.1506090000 0.3124400000
150433.1094000000 -0.1561010000 0.3012650000
153374.4531000000 -0.1615380000 0.2904710000
156373.2969000000 -0.1669180000 0.2800480000
159430.7969000000 -0.1722350000 0.2699820000
162548.0625000000 -0.1822560000 0.2602890000
165726.2813000000 -0.1874190000 0.2511800000
168966.6406000000 -0.1925050000 0.2423900000
172270.3750000000 -0.1975070000 0.2339070000
175638.6875000000 -0.2024230000 0.2257210000
179072.8594000000 -0.2072540000 0.2178210000
182574.1875000000 -0.2119980000 0.2101970000
186143.9688000000 -0.2166550000 0.2028400000
189783.5469000000 -0.2212250000 0.1957400000
193494.2969000000 -0.2257080000 0.1888890000
197277.5938000000 -0.2301030000 0.1822770000
201134.8594000000 -0.2344110000 0.1758960000
205067.5469000000 -0.2386330000 0.1697390000
209077.1406000000 -0.2427670000 0.1637960000
213165.1250000000 -0.2468160000 0.1580620000
217333.0313000000 -0.2507800000 0.1525280000
221582.4375000000 -0.2546590000 0.1471880000
225914.9219000000 -0.2584530000 0.1420350000
230332.1250000000 -0.2621650000 0.1370620000
234835.7031000000 -0.2657940000 0.1322630000
239427.3281000000 -0.2693430000 0.1276320000
244108.7344000000 -0.2728100000 0.1231630000
248881.6719000000 -0.2761990000 0.1188510000
253747.9219000000 -0.2795090000 0.1146890000
258709.3281000000 -0.2827430000 0.1106730000
263767.7500000000 -0.2859000000 0.1067970000
268925.0625000000 -0.2889820000 0.1030580000
274183.2188000000 -0.2919910000 0.0994490000
279544.1875000000 -0.2949280000 0.0959660000
285010.0000000000 -0.2977930000 0.0926060000
290582.6563000000 -0.3005880000 0.0893630000
296264.2500000000 -0.3033140000 0.0862330000
302056.9688000000 -0.3059730000 0.0832140000
307962.9375000000 -0.3085660000 0.0803000000
313984.3750000000 -0.3110930000 0.0774880000
320123.5625000000 -0.3135570000 0.0747740000
326382.7813000000 -0.3159590000 0.0721560000
332764.3750000000 -0.3182990000 0.0696290000
339270.7500000000 -0.3205780000 0.0671910000
345904.3438000000 -0.3228000000 0.0648380000
352667.6563000000 -0.3249630000 0.0625670000
359563.1875000000 -0.3270700000 0.0603760000
366593.5625000000 -0.3291220000 0.0582620000
373761.3750000000 -0.3311200000 0.0562220000
381069.3438000000 -0.3330650000 0.0542540000
388520.2188000000 -0.3349590000 0.0523540000
396116.7500000000 -0.3368020000 0.0505210000
403861.8125000000 -0.3385950000 0.0487520000
411758.3438000000 -0.3403410000 0.0470450000
419809.2500000000 -0.3420390000 0.0453980000
428017.5625000000 -0.3436910000 0.0438090000
436386.3750000000 -0.3452990000 0.0422760000
444918.8125000000 -0.3468620000 0.0407960000
453618.0938000000 -0.3483830000 0.0393680000
462487.4688000000 -0.3498610000 0.0379900000
471530.2500000000 -0.3512990000 0.0366610000
480749.8438000000 -0.3526970000 0.0353780000
490149.7188000000 -0.3540570000 0.0341400000
499733.3750000000 -0.3553780000 0.0329450000
509504.4063000000 -0.3566620000 0.0317920000
519466.5000000000 -0.3579110000 0.0306800000
529623.3750000000 -0.3591240000 0.0296070000
539978.8125000000 -0.3603030000 0.0285710000
550536.7500000000 -0.3614480000 0.0275720000
561301.1250000000 -0.3625610000 0.0266070000
572276.0000000000 -0.3636430000 0.0256770000
583465.4375000000 -0.3646930000 0.0247790000
594873.6250000000 -0.3657140000 0.0239130000
606504.8750000000 -0.3667050000 0.0230770000
618363.5625000000 -0.3676670000 0.0222700000
630454.1250000000 -0.3686020000 0.0214920000
642781.1250000000 -0.3695100000 0.0207400000
655349.0625000000 -0.3703910000 0.0200160000
668162.8125000000 -0.3712470000 0.0193160000
681227.0625000000 -0.3720780000 0.0186410000
694546.7500000000 -0.3728850000 0.0179900000
