30.0000000000 -55.8584140000 0.0000000000
30.5865750000 -56.4507790000 0.0000000000
31.1846200000 -57.1534080000 0.0000000000
31.7943570000 -58.0510750000 0.9970330000
32.4160160000 -58.4770160000 1.2347570000
33.0498310000 -59.0398250000 1.5195700000
33.6960370000 -59.6661070000 1.8583410000
34.3548770000 -60.3373450000 2.2583790000
35.0266040000 -61.0440290000 2.7273150000
35.7114600000 -61.7787090000 3.2729550000
36.4097100000 -62.5338060000 3.9031150000
37.1216090000 -63.3008880000 4.6253950000
37.8474310000 -64.0703130000 5.4469460000
38.5874440000 -64.8310170000 6.3741750000
39.3419230000 -65.5704350000 7.4124370000
40.1111560000 -66.2745510000 8.5657400000
40.8954320000 -66.9279860000 9.8363750000
41.6950380000 -67.5141530000 1.2246160000
42.5102810000 -68.0155560000 2.7284340000
43.3414650000 -68.4140550000 4.3431560000
44.1888960000 -68.6913220000 6.0612980000
45.0529020000 -68.8292470000 7.8724270000
45.9338000000 -68.8104630000 9.7629970000
46.8319210000 -68.6188810000 1.7164400000
47.7476010000 -68.2402500000 3.7132400000
48.6811870000 -67.6626970000 5.7311840000
49.6330260000 -66.8772580000 7.7456590000
50.6034740000 -65.8783650000 9.7301330000
51.5928990000 -64.6642150000 1.6566660000
52.6016690000 -63.2371440000 3.4965520000
53.6301650000 -61.6036030000 5.2209890000
54.6787680000 -59.7748180000 6.8018340000
55.7478750000 -57.7659150000 8.2123680000
56.8378870000 -55.5962910000 9.4280240000
57.9492070000 -53.2890850000 0.4270940000
59.0822600000 -50.8706890000 1.1914060000
60.2374690000 -48.3701820000 1.7068370000
61.4152600000 -45.8186380000 1.9637640000
62.6160810000 -43.2483330000 1.9573590000
63.8403850000 -40.6919670000 1.6877440000
65.0886230000 -38.1818160000 1.1599850000
66.3612670000 -35.7489470000 0.3839300000
67.6587980000 -33.4224050000 9.3739010000
68.9816970000 -31.2286050000 8.1482730000
70.3304600000 -29.1907100000 6.7289050000
71.7055970000 -27.3281000000 5.1404690000
73.1076200000 -25.6561580000 3.4097790000
74.5370640000 -24.1859990000 1.5650330000
75.9944460000 -22.9244380000 9.6350380000
77.4803310000 -21.8740790000 7.6484790000
78.9952620000 -21.0335410000 5.6332470000
80.5398180000 -20.3977830000 3.6158010000
82.1145710000 -19.9585460000 1.6206230000
83.7201160000 -19.7048610000 9.6698110000
85.3570560000 -19.6236400000 7.7827470000
87.0260010000 -19.7003040000 5.9758530000
88.7275770000 -19.9194700000 4.2625050000
90.4624250000 -20.2657050000 2.6530200000
92.2311940000 -20.7244110000 1.1547320000
94.0345380000 -21.2829550000 9.7721650000
95.8731540000 -21.9324210000 8.5072410000
97.7477110000 -22.6707730000 7.3595880000
99.6589200000 -23.5306760000 7.5282640000
101.6075060000 -23.8005890000 6.5899640000
103.5941850000 -24.2599810000 5.7578990000
105.6197130000 -24.7812350000 5.0255770000
107.6848450000 -25.3262060000 4.3857990000
109.7903520000 -25.8757860000 3.8309160000
111.9370270000 -26.4182850000 3.3530840000
114.1256790000 -26.9459720000 2.9444680000
116.3571170000 -27.4536630000 2.5974330000
118.6321950000 -27.9380020000 2.3046680000
120.9517520000 -28.3970240000 2.0593040000
123.3166580000 -28.8298510000 1.8549740000
125.7278060000 -31.3545630000 1.6918210000
128.1860960000 -31.5072100000 1.6526840000
130.6924590000 -31.6573520000 1.6166320000
133.2478330000 -31.8054520000 1.5834330000
135.8531490000 -31.9521120000 1.5528810000
138.5094300000 -32.0981250000 1.5247880000
141.2176360000 -32.2445530000 1.4989850000
143.9787900000 -32.3928910000 1.4753210000
146.7939300000 -32.5453720000 1.4536580000
149.6641240000 -32.7056160000 1.4338720000
152.5904390000 -33.0444260000 1.7474270000
155.5739590000 -32.9722520000 1.7373490000
158.6158140000 -33.0208170000 1.7288100000
161.7171480000 -33.0911140000 1.7217230000
164.8791350000 -33.1701550000 1.7160080000
168.1029360000 -33.2536470000 1.7115930000
171.3897710000 -33.3397450000 1.7084130000
174.7408600000 -33.4275400000 1.7064110000
178.1574860000 -33.5165820000 1.7055320000
181.6409150000 -33.6066630000 1.7057310000
185.1924440000 -33.6977040000 1.7069640000
188.8134160000 -33.7897260000 1.7091960000
192.5051880000 -33.8828050000 1.7123930000
196.2691500000 -33.9770580000 1.7165270000
200.1067050000 -34.0726390000 1.7215750000
204.0192870000 -34.1697160000 1.7275150000
208.0083770000 -34.2684860000 1.7343330000
212.0754700000 -34.3691640000 1.7420140000
216.2220760000 -34.4719770000 1.7505510000
220.4497530000 -34.5771750000 1.7599380000
224.7601010000 -34.6850200000 1.7701720000
229.1547240000 -34.7957950000 1.7812580000
233.6352690000 -34.9097940000 1.7931980000
238.2034300000 -35.0273280000 1.8060040000
242.8609010000 -35.1487430000 1.8196870000
247.6094360000 -35.2743950000 1.8342640000
252.4508210000 -35.4046630000 1.8497570000
257.3868710000 -35.5399590000 1.8661900000
262.4194340000 -35.6807210000 1.8835920000
267.5503850000 -35.8274190000 1.9019970000
272.7816770000 -35.9805680000 1.9214450000
278.1152340000 -36.1407090000 1.9419780000
283.5530700000 -36.3084410000 1.9636450000
289.0972600000 -36.4844130000 1.9865030000
294.7498170000 -36.6693270000 2.0106120000
300.5129390000 -36.8639560000 2.0360400000
306.3887020000 -37.0691450000 2.0628630000
312.3793640000 -37.2858310000 2.0911650000
318.4871830000 -37.5150410000 2.1210360000
324.7143860000 -37.7579190000 2.1525780000
331.0633850000 -38.0157430000 2.1859020000
337.5364990000 -38.2899440000 2.2211320000
344.1361690000 -38.5821230000 2.2584010000
350.8648990000 -38.8941000000 2.2978570000
357.7251890000 -39.2279430000 2.3396650000
364.7196040000 -39.5860060000 2.3840010000
371.8508000000 -39.9710080000 2.4310650000
379.1213990000 -40.3860890000 2.4810730000
386.5341800000 -40.8349300000 2.5342630000
394.0918880000 -40.8436970000 2.5892510000
401.7973630000 -41.3557320000 2.6231450000
409.6535340000 -41.9175760000 2.6593240000
417.6632690000 -42.5367160000 2.6980800000
425.8296200000 -43.2223550000 2.7397400000
434.1556700000 -43.9858970000 2.7846700000
442.6445010000 -44.8417090000 2.8332780000
451.2993160000 -45.8082200000 2.8860240000
460.1233520000 -46.9095340000 2.9434200000
469.1199040000 -48.1778680000 3.0060420000
478.2923890000 -49.6574820000 3.0745340000
487.6441960000 -51.4110530000 3.1496230000
497.1788640000 -53.5307080000 3.2321220000
506.8999330000 -56.1581920000 3.3229510000
516.8110960000 -59.5242610000 3.4231430000
526.9160770000 -64.0335310000 3.5338640000
537.2185670000 -83.9121170000 1.7443200000
547.7225340000 -60.4842340000 0.7393530000
558.4318850000 -53.6304210000 9.7873380000
569.3506470000 -49.2567370000 8.8888210000
580.4828490000 -46.0987130000 8.0446780000
591.8327640000 -34.8824580000 7.2066150000
603.4046020000 -32.5162430000 6.2006190000
615.2026370000 -30.5583420000 5.2255520000
627.2313840000 -28.8453080000 4.2799420000
639.4953610000 -27.3630920000 3.3619120000
651.9990840000 -26.0739940000 2.4705240000
664.7473140000 -24.9513910000 1.6048390000
677.7447510000 -23.9767320000 0.7639830000
690.9963990000 -23.1378560000 9.9471040000
704.5070800000 -22.4284380000 9.1534040000
718.2819820000 -21.8483510000 8.3820970000
732.3261720000 -21.4054300000 7.6324540000
746.6450200000 -21.1195620000 6.9037510000
761.2437740000 -21.0320090000 6.1953240000
776.1279910000 -21.1670460000 8.9885440000
791.3032230000 -19.7579230000 8.3200320000
806.7752080000 -18.9122520000 7.6684040000
822.5496830000 -18.3672470000 8.5220220000
838.6325680000 -17.2056540000 7.9094310000
855.0299680000 -16.3404100000 7.3113230000
871.7479250000 -15.6178100000 6.7271880000
888.7927860000 -14.9947870000 6.1565400000
906.1708980000 -14.4543720000 5.5989210000
923.8888550000 -13.9924770000 5.0538830000
941.9531860000 -13.6155280000 4.5210090000
960.3707280000 -13.1865010000 5.0915780000
979.1483760000 -12.4512680000 4.5823970000
998.2931520000 -11.8558600000 4.0836620000
1017.8123170000 -11.3075010000 3.5860860000
1037.7131350000 -10.8058660000 3.0926510000
1058.0029300000 -10.3426510000 2.6041150000
1078.6895750000 -9.9117690000 2.1205830000
1099.7806400000 -9.5091980000 1.6421700000
1121.2841800000 -9.1320530000 1.1689800000
1143.2080080000 -8.7781320000 0.7011070000
1165.5606690000 -8.4456780000 0.2386420000
1188.3502200000 -8.1332470000 9.7816770000
1211.5854490000 -7.8396070000 9.3302840000
1235.2750240000 -7.5637000000 8.8845370000
1259.4277340000 -7.3045970000 8.4445110000
1284.0527340000 -7.0614750000 8.0102690000
1309.1591800000 -6.8567180000 7.5832350000
1334.7564700000 -6.6448610000 7.1631980000
1360.8542480000 -6.4467500000 6.7493690000
1387.4624020000 -6.2806100000 6.3428250000
1414.5908200000 -6.1092740000 5.9434640000
1442.2495120000 -5.9498960000 5.5505660000
1470.4492190000 -5.8019880000 5.1641320000
1499.2000730000 -5.6650960000 4.7841710000
1528.5131840000 -5.5387950000 4.4106800000
1558.3995360000 -5.4226850000 4.0436520000
1588.8701170000 -5.3163940000 3.6830790000
1619.9365230000 -5.2550600000 3.3317270000
1651.6103520000 -5.1685610000 2.9876590000
1683.9034420000 -5.0906100000 2.6501970000
1716.8280030000 -5.0208980000 2.3193000000
1750.3962400000 -4.9591380000 1.9949250000
1784.6208500000 -4.9050570000 1.6770270000
1819.5146480000 -4.8584040000 1.3655540000
1855.0908200000 -4.8365490000 1.0605580000
1891.3624270000 -4.8043230000 0.7623000000
1928.3432620000 -4.7788370000 0.4703100000
1966.0472410000 -4.7599090000 0.1845270000
2004.4884030000 -4.7473720000 9.9048860000
2043.6811520000 -4.7410770000 9.6313190000
2083.6401370000 -4.7408930000 9.3637550000
2124.3806150000 -4.8161120000 9.1034220000
2165.9174800000 -4.8781100000 8.8524740000
2208.2666020000 -4.8939870000 8.6086590000
2251.4438480000 -4.9153520000 8.3703330000
2295.4653320000 -4.9422020000 8.1374110000
2340.3474120000 -4.9745600000 7.9098040000
2386.1069340000 -5.0124760000 7.6874280000
2432.7612300000 -5.0560350000 7.4701940000
2480.3278810000 -5.1053590000 7.2580150000
2528.8244630000 -5.1606130000 7.0508070000
2578.2692870000 -5.2220140000 6.8484860000
2628.6809080000 -5.2898470000 6.6509670000
2680.0783690000 -5.3644800000 6.4581660000
2732.4804690000 -5.4463970000 6.2700000000
2785.9074710000 -5.5362650000 6.0863870000
2840.3789060000 -5.6350590000 5.9072460000
2895.9152830000 -5.7487720000 5.7325920000
2952.5378420000 -5.8724260000 5.5622790000
3010.2673340000 -6.0166560000 5.3971690000
3069.1254880000 -6.1493760000 5.2407760000
3129.1347660000 -6.2936900000 5.0885230000
3190.3171390000 -6.4511420000 4.9403090000
3252.6958010000 -6.6252980000 4.7960440000
3316.2941890000 -6.8157680000 4.6557250000
3381.1359860000 -7.0269240000 4.5191970000
3447.2456050000 -7.2628760000 4.3863670000
3514.6479490000 -7.5291290000 4.2571430000
3583.3681640000 -7.8332760000 4.1314380000
3653.4318850000 -8.1861940000 4.0091630000
3724.8657230000 -8.6042450000 3.8902340000
3797.6960450000 -9.1151330000 3.7745910000
3871.9506840000 -9.7627100000 3.6621860000
3947.6569820000 -10.6438910000 3.5528910000
4024.8435060000 -12.0158000000 3.4466280000
4103.5390630000 -15.2954660000 3.3433200000
4113.7500000000 -16.3803290000 3.3302710000
4113.8901370000 -16.3991050000 3.3300920000
4114.0200200000 -16.4166010000 3.3299270000
4114.1601560000 -16.4356560000 3.3297480000
4114.2998050000 -16.4547920000 3.3295700000
4114.4301760000 -16.4727570000 3.3294040000
4114.5698240000 -16.4921840000 3.3292260000
4114.7099610000 -16.5118330000 3.3290480000
4114.8398440000 -16.5302200000 3.3288820000
4114.9799800000 -16.5501080000 3.3287040000
4115.1201170000 -16.5702270000 3.3285260000
4115.2500000000 -16.5890560000 3.3283600000
4115.3901370000 -16.6094970000 3.3281820000
4115.5297850000 -16.6300370000 3.3280040000
4115.6601560000 -16.6493300000 3.3278380000
4115.7998050000 -16.6702080000 3.3276610000
4115.9399410000 -16.6913360000 3.3274820000
4116.0698240000 -16.7110440000 3.3273170000
4116.2099610000 -16.7325270000 3.3271390000
4116.3500980000 -16.7541980000 3.3269600000
4116.4799800000 -16.7744180000 3.3267950000
4116.6201170000 -16.7964630000 3.3266170000
4116.7597660000 -16.8186300000 3.3264390000
4116.8901370000 -16.8394660000 3.3262740000
4117.0297850000 -16.8620240000 3.3260960000
4117.1699220000 -16.8848710000 3.3259180000
4117.2998050000 -16.9062770000 3.3257520000
4117.4399410000 -16.9294610000 3.3255750000
4117.5800780000 -16.9529440000 3.3253970000
4117.7099610000 -16.9749530000 3.3252310000
4117.8500980000 -16.9988750000 3.3250530000
4117.9902340000 -17.0229510000 3.3248750000
4118.1201170000 -17.0455970000 3.3247100000
4118.2597660000 -17.0701370000 3.3245330000
4118.3999020000 -17.0950070000 3.3243540000
4118.5297850000 -17.1182440000 3.3241890000
4118.6699220000 -17.1436080000 3.3240120000
4118.8100590000 -17.1692370000 3.3238330000
4118.9399410000 -17.1931880000 3.3236690000
4119.0800780000 -17.2193410000 3.3234910000
4119.2202150000 -17.2457750000 3.3233130000
4119.3500980000 -17.2704850000 3.3231480000
4119.4902340000 -17.2974780000 3.3229700000
4119.6298830000 -17.3246750000 3.3227930000
4119.7700200000 -17.3522720000 3.3226140000
4119.8999020000 -17.3780800000 3.3224500000
4120.0400390000 -17.4062860000 3.3222720000
4120.1801760000 -17.4348180000 3.3220940000
4120.3100590000 -17.4615140000 3.3219290000
4120.4501950000 -17.4906960000 3.3217510000
4120.5898440000 -17.5201300000 3.3215740000
4120.7202150000 -17.5479760000 3.3214090000
4120.8598630000 -17.5781060000 3.3212310000
4121.0000000000 -17.6086100000 3.3210540000
4121.1298830000 -17.6373770000 3.3208890000
4121.2700200000 -17.6687360000 3.3207110000
4121.4101560000 -17.7005000000 3.3205330000
4121.5498050000 -17.7324600000 3.3203570000
4121.6801760000 -17.7628330000 3.3201910000
4121.8198240000 -17.7957310000 3.3200140000
4121.9599610000 -17.8291890000 3.3198360000
4122.0898440000 -17.8605560000 3.3196720000
4122.2299800000 -17.8949150000 3.3194940000
4122.3701170000 -17.9297600000 3.3193160000
4122.5097660000 -17.9649850000 3.3191390000
4122.6401370000 -17.9982660000 3.3189740000
4122.7797850000 -18.0344940000 3.3187970000
4122.9199220000 -18.0713900000 3.3186190000
4123.0498050000 -18.1060240000 3.3184550000
4123.1899410000 -18.1440160000 3.3182780000
4123.3300780000 -18.1826060000 3.3181000000
4123.4599610000 -18.2188550000 3.3179360000
4123.6000980000 -18.2586460000 3.3177580000
4123.7402340000 -18.2990910000 3.3175800000
4123.8798830000 -18.3400710000 3.3174040000
4124.0097660000 -18.3787350000 3.3172390000
4124.1499020000 -18.4212230000 3.3170620000
4124.2900390000 -18.4644570000 3.3168840000
4124.4301760000 -18.5084630000 3.3167070000
4124.5600590000 -18.5498910000 3.3165430000
4124.7001950000 -18.5954690000 3.3163650000
4124.8398440000 -18.6417480000 3.3161880000
4124.9702150000 -18.6858290000 3.3160230000
4125.1098630000 -18.7336900000 3.3158470000
4125.2500000000 -18.7828410000 3.3156690000
4125.3901370000 -18.8329940000 3.3154920000
4125.5200200000 -18.8804990000 3.3153270000
4125.6601560000 -18.9325260000 3.3151500000
4125.7998050000 -18.9856760000 3.3149740000
4125.9301760000 -19.0364420000 3.3148090000
4126.0698240000 -19.0919130000 3.3146320000
4126.2099610000 -19.1486640000 3.3144550000
4126.3500980000 -19.2069570000 3.3142780000
4126.4799800000 -19.2623520000 3.3141130000
4126.6201170000 -19.3234370000 3.3139360000
4126.7597660000 -19.3856470000 3.3137600000
4126.8999020000 -19.4499150000 3.3135830000
4127.0297850000 -19.5111330000 3.3134180000
4127.1699220000 -19.5788100000 3.3132410000
4127.3100590000 -19.6484030000 3.3130640000
4127.4501950000 -19.7197760000 3.3128870000
4127.5800780000 -19.7881930000 3.3127230000
4127.7202150000 -19.8640650000 3.3125460000
4127.8598630000 -19.9420810000 3.3123690000
4128.0000000000 -20.0226550000 3.3121930000
4128.1298830000 -20.1001800000 3.3120280000
4128.2700200000 -20.1864950000 3.3118510000
4128.4101560000 -20.2759480000 3.3116740000
4128.5498050000 -20.3681320000 3.3114980000
4128.6801760000 -20.4578930000 3.3113330000
4128.8198240000 -20.5576460000 3.3111570000
4128.9599610000 -20.6619760000 3.3109800000
4129.1000980000 -20.7709270000 3.3108030000
4129.2299800000 -20.8762090000 3.3106390000
4129.3701170000 -20.9953140000 3.3104620000
4129.5097660000 -21.1200390000 3.3102860000
4129.6499020000 -21.2518840000 3.3101090000
4129.7797850000 -21.3804930000 3.3099450000
4129.9199220000 -21.5275020000 3.3097680000
4130.0600590000 -21.6838490000 3.3095920000
4130.2001950000 -21.8508050000 3.3094150000
4130.3300780000 -22.0160470000 3.3092510000
4130.4702150000 -22.2080780000 3.3090740000
4130.6098630000 -22.4156250000 3.3088980000
4130.7500000000 -22.6430910000 3.3087210000
4130.8798830000 -22.8740600000 3.3085580000
4131.0200200000 -23.1507630000 3.3083810000
4131.1601560000 -23.4625210000 3.3082040000
4131.2998050000 -23.8182140000 3.3080280000
4131.4301760000 -24.2033210000 3.3078640000
4131.5698240000 -24.6969810000 3.3076880000
4131.7099610000 -25.3173080000 3.3075110000
4131.8500980000 -26.1481690000 3.3073340000
4131.9902340000 -27.4105010000 3.3071580000
4132.1201170000 -29.7858620000 3.3069940000
4132.2597660000 -30.5745350000 1.0872560000
4132.3999020000 -27.5776630000 1.0863660000
4132.5400390000 -26.2600310000 1.0854760000
4132.6699220000 -25.4588240000 1.0846530000
4132.8100590000 -24.8110940000 1.0837640000
4132.9501950000 -24.2978650000 1.0828740000
4133.0898440000 -23.8740750000 1.0819880000
4133.2202150000 -23.5352480000 1.0811620000
4133.3598630000 -23.2166270000 1.0802760000
4133.5000000000 -22.9333340000 1.0793890000
4133.6401370000 -22.6790450000 1.0785000000
4133.7797850000 -22.4491100000 1.0776140000
4133.9101560000 -22.2524590000 1.0767900000
4134.0498050000 -22.0573790000 1.0759050000
4134.1899410000 -21.8758930000 1.0750170000
4134.3300780000 -21.7067470000 1.0741290000
4134.4702150000 -21.5488910000 1.0732440000
4134.6000980000 -21.4103070000 1.0724200000
4134.7402340000 -21.2692150000 1.0715330000
4134.8798830000 -21.1361350000 1.0706490000
4135.0200200000 -21.0093860000 1.0697620000
4135.1499020000 -20.8976040000 1.0689410000
4135.2900390000 -20.7821710000 1.0680550000
4135.4301760000 -20.6718500000 1.0671680000
4135.5698240000 -20.5665630000 1.0662850000
4135.7099610000 -20.4655460000 1.0654020000
4135.8398440000 -20.3749750000 1.0645790000
4135.9799800000 -20.2809850000 1.0636930000
4136.1201170000 -20.1904130000 1.0628080000
4136.2597660000 -20.1036010000 1.0619280000
4136.3999020000 -20.0191520000 1.0610430000
4136.5297850000 -19.9432160000 1.0602210000
4136.6699220000 -19.8639490000 1.0593360000
4136.8100590000 -19.7873860000 1.0584540000
4136.9501950000 -19.7128540000 1.0575700000
4137.0898440000 -19.6407320000 1.0566870000
4137.2202150000 -19.5751270000 1.0558630000
4137.3598630000 -19.5068320000 1.0549820000
4137.5000000000 -19.4403610000 1.0541010000
4137.6401370000 -19.3754010000 1.0532170000
4137.7797850000 -19.3123040000 1.0523360000
4137.9101560000 -19.2547110000 1.0515130000
4138.0498050000 -19.1947690000 1.0506350000
4138.1899410000 -19.1358390000 1.0497520000
4138.3300780000 -19.0782720000 1.0488690000
4138.4702150000 -19.0220070000 1.0479860000
4138.6098630000 -18.9671710000 1.0471060000
4138.7402340000 -18.9171430000 1.0462870000
4138.8798830000 -18.8645480000 1.0454060000
4139.0200200000 -18.8128660000 1.0445240000
4139.1601560000 -18.7622380000 1.0436420000
4139.2998050000 -18.7127860000 1.0427630000
4139.4301760000 -18.6675780000 1.0419450000
4139.5698240000 -18.6199550000 1.0410650000
4139.7099610000 -18.5730710000 1.0401840000
4139.8500980000 -18.5270540000 1.0393030000
4139.9902340000 -18.4818740000 1.0384220000
4140.1298830000 -18.4376510000 1.0375430000
4140.2597660000 -18.3972890000 1.0367280000
4140.3999020000 -18.3543870000 1.0358480000
4140.5400390000 -18.3122160000 1.0349660000
4140.6801760000 -18.2707480000 1.0340860000
4140.8198240000 -18.2301010000 1.0332090000
4140.9599610000 -18.1901050000 1.0323310000
4141.0898440000 -18.1534140000 1.0315140000
4141.2299800000 -18.1144960000 1.0306350000
4141.3701170000 -18.0761800000 1.0297550000
4141.5097660000 -18.0387000000 1.0288810000
4141.6499020000 -18.0015300000 1.0280020000
4141.7900390000 -17.9649070000 1.0271220000
4141.9199220000 -17.9313770000 1.0263060000
4142.0600590000 -17.8957710000 1.0254280000
4142.2001950000 -17.8607860000 1.0245520000
4142.3398440000 -17.8262880000 1.0236760000
4142.4799800000 -17.7921500000 1.0227980000
4142.6201170000 -17.7584760000 1.0219190000
4142.7500000000 -17.7277240000 1.0211070000
4142.8901370000 -17.6949100000 1.0202290000
4143.0297850000 -17.6626340000 1.0193550000
4143.1699220000 -17.6306650000 1.0184760000
4143.3100590000 -17.5991060000 1.0175990000
4143.4501950000 -17.5679440000 1.0167220000
4143.5800780000 -17.5394590000 1.0159100000
4143.7202150000 -17.5090350000 1.0150340000
4143.8598630000 -17.4790840000 1.0141590000
4144.0000000000 -17.4493900000 1.0132830000
4144.1401370000 -17.4200500000 1.0124060000
4144.2797850000 -17.3911510000 1.0115330000
4144.4199220000 -17.3624920000 1.0106560000
4144.5498050000 -17.3362690000 1.0098460000
4144.6899410000 -17.3082370000 1.0089700000
4144.8300780000 -17.2805190000 1.0080950000
4144.9702150000 -17.2531090000 1.0072180000
4145.1098630000 -17.2261850000 1.0063500000
4145.2500000000 -17.1993710000 1.0054740000
4145.3901370000 -17.1728440000 1.0045990000
4145.5200200000 -17.1484660000 1.0037860000
4145.6601560000 -17.1225680000 1.0029140000
4145.7998050000 -17.0969410000 1.0020430000
4145.9399410000 -17.0714910000 1.0011680000
4146.0800780000 -17.0463010000 1.0002940000
4146.2202150000 -17.0213680000 0.9994200000
4146.3598630000 -16.9967690000 0.9985490000
4146.4902340000 -16.9740680000 0.9977370000
4146.6298830000 -16.9499360000 0.9968660000
4146.7700200000 -16.9259570000 0.9959930000
4146.9101560000 -16.9022100000 0.9951190000
4147.0498050000 -16.8787710000 0.9942490000
4147.1899410000 -16.8554740000 0.9933760000
4147.3300780000 -16.8323970000 0.9925030000
4147.4702150000 -16.8096120000 0.9916330000
4147.6000980000 -16.7885720000 0.9908230000
4147.7402340000 -16.7661150000 0.9899500000
4147.8798830000 -16.7439370000 0.9890810000
4148.0200200000 -16.7219560000 0.9882120000
4148.1601560000 -16.7001000000 0.9873400000
4148.2998050000 -16.6785090000 0.9864710000
4148.4399410000 -16.6570340000 0.9856000000
4148.5800780000 -16.6357480000 0.9847280000
4148.7099610000 -16.6162170000 0.9839220000
4148.8500980000 -16.5952820000 0.9830500000
4148.9902340000 -16.5745240000 0.9821800000
4149.1298830000 -16.5540120000 0.9813120000
4149.2700200000 -16.5336000000 0.9804410000
4149.4101560000 -16.5133590000 0.9795700000
4149.5498050000 -16.4933530000 0.9787030000
4149.6899410000 -16.4734420000 0.9778320000
4149.8300780000 -16.4537600000 0.9769650000
4149.9599610000 -16.4355620000 0.9761570000
4150.1000980000 -16.4161170000 0.9752870000
4150.2402340000 -16.3968260000 0.9744180000
4150.3798830000 -16.3778170000 0.9735550000
4150.5200200000 -16.3588260000 0.9726850000
4150.6601560000 -16.3399830000 0.9718160000
4150.7998050000 -16.3213480000 0.9709490000
4150.9399410000 -16.3027920000 0.9700800000
4151.0800780000 -16.2843780000 0.9692120000
4151.2202150000 -16.2661020000 0.9683440000
4151.3500980000 -16.2493150000 0.9675400000
4151.4902340000 -16.2313000000 0.9666720000
4151.6298830000 -16.2134800000 0.9658060000
4151.7700200000 -16.1957300000 0.9649380000
4151.9101560000 -16.1781080000 0.9640700000
4152.0498050000 -16.1606730000 0.9632060000
4152.1899410000 -16.1433640000 0.9623410000
4183.7739260000 -13.8535570000 0.7708240000
4265.5771480000 -11.9735760000 0.3089970000
4348.9794920000 -12.2521510000 9.8839660000
4361.1899410000 -12.7045360000 9.8252800000
4361.3500980000 -12.7128600000 9.8245160000
4361.5000000000 -12.7207190000 9.8238020000
4361.6499020000 -12.7286810000 9.8230860000
4361.8100590000 -12.7372600000 9.8223220000
4361.9599610000 -12.7453600000 9.8216080000
4362.1098630000 -12.7535430000 9.8208940000
4362.2700200000 -12.7623900000 9.8201300000
4362.4199220000 -12.7707720000 9.8194150000
4362.5698240000 -12.7792120000 9.8187020000
4362.7299800000 -12.7883410000 9.8179390000
4362.8798830000 -12.7969640000 9.8172260000
4363.0297850000 -12.8057040000 9.8165110000
4363.1899410000 -12.8151290000 9.8157480000
4363.3398440000 -12.8240340000 9.8150360000
4363.4902340000 -12.8330620000 9.8143210000
4363.6499020000 -12.8427700000 9.8135610000
4363.7998050000 -12.8519720000 9.8128490000
4363.9599610000 -12.8619280000 9.8120870000
4364.1098630000 -12.8713690000 9.8113730000
4364.2597660000 -12.8808840000 9.8106610000
4364.4199220000 -12.8911840000 9.8098990000
4364.5698240000 -12.9009200000 9.8091880000
4364.7202150000 -12.9108300000 9.8084720000
4364.8798830000 -12.9214600000 9.8077140000
4365.0297850000 -12.9315410000 9.8070020000
4365.1801760000 -12.9417730000 9.8062890000
4365.3398440000 -12.9527850000 9.8055310000
4365.4902340000 -12.9633000000 9.8048150000
4365.6499020000 -12.9745500000 9.8040590000
4365.7998050000 -12.9852910000 9.8033470000
4365.9501950000 -12.9961620000 9.8026340000
4366.1098630000 -13.0078700000 9.8018760000
4366.2597660000 -13.0189830000 9.8011670000
4366.4101560000 -13.0303060000 9.8004520000
4366.5698240000 -13.0424650000 9.7996950000
4366.7202150000 -13.0540480000 9.7989830000
4366.8798830000 -13.0665280000 9.7982250000
4367.0297850000 -13.0783820000 9.7975160000
4367.1801760000 -13.0904660000 9.7968030000
4367.3398440000 -13.1034140000 9.7960480000
4367.4902340000 -13.1158290000 9.7953350000
4367.6499020000 -13.1291760000 9.7945790000
4367.7998050000 -13.1418600000 9.7938700000
4367.9501950000 -13.1547580000 9.7931590000
4368.1098630000 -13.1686730000 9.7924030000
4368.2597660000 -13.1819440000 9.7916920000
4368.4101560000 -13.1954040000 9.7909810000
4368.5698240000 -13.2099290000 9.7902260000
4368.7202150000 -13.2237910000 9.7895160000
4368.8798830000 -13.2387560000 9.7887610000
4369.0297850000 -13.2530420000 9.7880510000
4369.1801760000 -13.2675420000 9.7873410000
4369.3398440000 -13.2832040000 9.7865870000
4369.4902340000 -13.2981640000 9.7858760000
4369.6499020000 -13.3143290000 9.7851220000
4369.7998050000 -13.3297250000 9.7844150000
4369.9501950000 -13.3454680000 9.7837040000
4370.1098630000 -13.3624330000 9.7829490000
4370.2597660000 -13.3786050000 9.7822430000
4370.4199220000 -13.3962040000 9.7814870000
4370.5698240000 -13.4129360000 9.7807810000
4370.7202150000 -13.4300620000 9.7800700000
4370.8798830000 -13.4484860000 9.7793190000
4371.0297850000 -13.4661760000 9.7786100000
4371.1899410000 -13.4853920000 9.7778550000
4371.3398440000 -13.5036840000 9.7771490000
4371.5000000000 -13.5236280000 9.7763940000
4371.6499020000 -13.5426240000 9.7756890000
4371.7998050000 -13.5620420000 9.7749810000
4371.9599610000 -13.5831650000 9.7742260000
4372.1098630000 -13.6033040000 9.7735210000
4372.2700200000 -13.6252970000 9.7727670000
4372.4199220000 -13.6462770000 9.7720620000
4372.5698240000 -13.6677580000 9.7713560000
4372.7299800000 -13.6910970000 9.7706040000
4372.8798830000 -13.7135270000 9.7698970000
4373.0400390000 -13.7379890000 9.7691430000
4373.1899410000 -13.7613740000 9.7684390000
4373.3500980000 -13.7869820000 9.7676860000
4373.5000000000 -13.8114820000 9.7669820000
4373.6499020000 -13.8366400000 9.7662750000
4373.8100590000 -13.8641440000 9.7655230000
4373.9599610000 -13.8904990000 9.7648190000
4374.1201170000 -13.9194340000 9.7640670000
4374.2700200000 -13.9471930000 9.7633630000
4374.4301760000 -13.9777050000 9.7626110000
4374.5800780000 -14.0070150000 9.7619080000
4374.7299800000 -14.0372310000 9.7612030000
4374.8901370000 -14.0704090000 9.7604500000
4375.0400390000 -14.1023470000 9.7597480000
4375.2001950000 -14.1375820000 9.7589960000
4375.3500980000 -14.1715570000 9.7582940000
4375.5097660000 -14.2089920000 9.7575450000
4375.6601560000 -14.2453790000 9.7568410000
4375.8198240000 -14.2854260000 9.7560920000
4375.9702150000 -14.3245630000 9.7553850000
4376.1201170000 -14.3648540000 9.7546830000
4376.2797850000 -14.4094920000 9.7539350000
4376.4301760000 -14.4531370000 9.7532310000
4376.5898440000 -14.5014790000 9.7524830000
4376.7402340000 -14.5490470000 9.7517780000
4376.8999020000 -14.6015800000 9.7510320000
4377.0498050000 -14.6534400000 9.7503290000
4377.2099610000 -14.7114750000 9.7495780000
4377.3598630000 -14.7684930000 9.7488780000
4377.5097660000 -14.8284780000 9.7481780000
4377.6699220000 -14.8963110000 9.7474280000
4377.8198240000 -14.9637220000 9.7467250000
4377.9799800000 -15.0399770000 9.7459780000
4378.1298830000 -15.1165320000 9.7452760000
4378.2900390000 -15.2041190000 9.7445280000
4378.4399410000 -15.2923350000 9.7438280000
4378.6000980000 -15.3946800000 9.7430790000
4378.7500000000 -15.4990740000 9.7423790000
4378.9101560000 -15.6220210000 9.7416320000
4379.0600590000 -15.7501260000 9.7409300000
4379.2202150000 -15.9034100000 9.7401840000
4379.3701170000 -16.0680350000 9.7394830000
4379.5200200000 -16.2582740000 9.7387840000
4379.6801760000 -16.5019530000 9.7380360000
4379.8300780000 -16.7851280000 9.7373370000
4379.9902340000 -17.1863440000 9.7365890000
4380.1401370000 -17.7421040000 9.7358890000
4380.2998050000 -18.9000910000 9.7351470000
4380.4501950000 -19.7808230000 3.5882620000
4380.6098630000 -18.0207860000 3.5871560000
4380.7597660000 -17.3579410000 3.5861200000
4380.9199220000 -16.9036390000 3.5850110000
4381.0698240000 -16.5910740000 3.5839760000
4381.2299800000 -16.3257330000 3.5828690000
4381.3798830000 -16.1196380000 3.5818300000
4381.5400390000 -15.9322970000 3.5807260000
4381.6899410000 -15.7784740000 3.5796880000
4381.8500980000 -15.6327860000 3.5785810000
4382.0000000000 -15.5103310000 3.5775470000
4382.1601560000 -15.3912140000 3.5764400000
4382.3100590000 -15.2891700000 3.5754060000
4382.4702150000 -15.1883350000 3.5743000000
4382.6201170000 -15.1005280000 3.5732630000
4382.7797850000 -15.0135640000 3.5721650000
4382.9301760000 -14.9363780000 3.5711240000
4383.0898440000 -14.8593090000 3.5700230000
4383.2402340000 -14.7908120000 3.5689870000
4383.3999020000 -14.7217340000 3.5678850000
4383.5498050000 -14.6601640000 3.5668530000
4383.7099610000 -14.5973550000 3.5657480000
4383.8598630000 -14.5412700000 3.5647160000
4384.0200200000 -14.4838070000 3.5636120000
4384.1699220000 -14.4321280000 3.5625770000
4384.3300780000 -14.3791560000 3.5614740000
4384.4799800000 -14.3315050000 3.5604430000
4384.6401370000 -14.2823500000 3.5593400000
4384.7900390000 -14.2380040000 3.5583100000
4384.9501950000 -14.1921370000 3.5572060000
4385.1000980000 -14.1506560000 3.5561760000
4385.2597660000 -14.1077770000 3.5550780000
4385.4101560000 -14.0685520000 3.5540410000
4385.5698240000 -14.0281840000 3.5529420000
4385.7202150000 -13.9913010000 3.5519090000
4385.8798830000 -13.9531530000 3.5508110000
4386.0297850000 -13.9183480000 3.5497820000
4386.1899410000 -13.8820710000 3.5486810000
4386.3398440000 -13.8490220000 3.5476520000
4386.5000000000 -13.8145260000 3.5465520000
4386.6499020000 -13.7829590000 3.5455200000
4386.8100590000 -13.7501690000 3.5444230000
4386.9599610000 -13.7200370000 3.5433920000
4387.1201170000 -13.6886080000 3.5422930000
4387.2700200000 -13.6598720000 3.5412650000
4387.4301760000 -13.6297710000 3.5401660000
4387.5800780000 -13.6022210000 3.5391390000
4387.7402340000 -13.5733370000 3.5380390000
4387.8901370000 -13.5467910000 3.5370090000
4388.0498050000 -13.5191880000 3.5359170000
4388.2099610000 -13.4919590000 3.5348200000
4388.3598630000 -13.4669050000 3.5337900000
4388.5200200000 -13.4406640000 3.5326920000
4388.6699220000 -13.4165780000 3.5316670000
4388.8300780000 -13.3912530000 3.5305690000
4388.9799800000 -13.3679900000 3.5295440000
4389.1401370000 -13.3435140000 3.5284470000
4389.2900390000 -13.3210170000 3.5274220000
4389.4501950000 -13.2973330000 3.5263250000
4389.6000980000 -13.2754800000 3.5252970000
4389.7597660000 -13.2526700000 3.5242080000
4389.9101560000 -13.2314210000 3.5231770000
4390.0698240000 -13.2092310000 3.5220850000
4390.2202150000 -13.1886770000 3.5210580000
4390.3798830000 -13.1671340000 3.5199660000
4390.5400390000 -13.1458460000 3.5188700000
4390.6899410000 -13.1262320000 3.5178480000
4390.8500980000 -13.1055340000 3.5167530000
4391.0000000000 -13.0864550000 3.5157300000
4391.1601560000 -13.0663130000 3.5146360000
4391.3100590000 -13.0476800000 3.5136110000
4391.4702150000 -13.0280650000 3.5125170000
4391.6201170000 -13.0099680000 3.5114950000
4391.7797850000 -12.9909050000 3.5104050000
4391.9399410000 -12.9720310000 3.5093120000
4392.0898440000 -12.9546090000 3.5082900000
4392.2500000000 -12.9361920000 3.5071970000
4392.3999020000 -12.9191860000 3.5061760000
4392.5600590000 -12.9012030000 3.5050840000
4392.7099610000 -12.8845930000 3.5040640000
4392.8701170000 -12.8670230000 3.5029720000
4393.0200200000 -12.8507370000 3.5019480000
4393.1801760000 -12.8335600000 3.5008560000
4393.3398440000 -12.8166790000 3.4997720000
4393.4902340000 -12.8008810000 3.4987460000
4393.6499020000 -12.7843140000 3.4976580000
4393.7998050000 -12.7689500000 3.4966390000
4393.9599610000 -12.7526810000 3.4955480000
4394.1098630000 -12.7376350000 3.4945300000
4394.2700200000 -12.7216990000 3.4934400000
4394.4301760000 -12.7059290000 3.4923500000
4394.5800780000 -12.6913390000 3.4913320000
4394.7402340000 -12.6758810000 3.4902430000
4394.8901370000 -12.6615300000 3.4892220000
4395.0498050000 -12.6464610000 3.4881390000
4395.2099610000 -12.6314500000 3.4870500000
4395.3598630000 -12.6175100000 3.4860300000
4395.5200200000 -12.6027790000 3.4849410000
4395.6699220000 -12.5891400000 3.4839250000
4395.8300780000 -12.5746770000 3.4828370000
4395.9799800000 -12.5612840000 3.4818200000
4396.1401370000 -12.5470810000 3.4807330000
4396.2998050000 -12.5330490000 3.4796490000
4396.4501950000 -12.5199690000 3.4786300000
4396.6098630000 -12.5061790000 3.4775470000
4396.7597660000 -12.4933230000 3.4765270000
4396.9199220000 -12.4797680000 3.4754450000
4397.0800780000 -12.4662890000 3.4743590000
4397.2299800000 -12.4537570000 3.4733400000
4397.3901370000 -12.4405010000 3.4722550000
4397.5400390000 -12.4282130000 3.4712400000
4397.7001950000 -12.4151700000 3.4701550000
4397.8598630000 -12.4022730000 3.4690720000
4398.0097660000 -12.3902800000 3.4680590000
4398.1699220000 -12.3775460000 3.4669740000
4398.3198240000 -12.3657400000 3.4659610000
4398.4799800000 -12.3532020000 3.4648760000
4398.6401370000 -12.3407640000 3.4637920000
4398.7900390000 -12.3292270000 3.4627790000
4398.9501950000 -12.3169750000 3.4616960000
4399.1000980000 -12.3055730000 3.4606800000
4399.2597660000 -12.2935720000 3.4596030000
4399.4199220000 -12.2815900000 3.4585200000
4399.5698240000 -12.2704380000 3.4575050000
4399.7299800000 -12.2586280000 3.4564230000
4399.8798830000 -12.2476690000 3.4554110000
4400.0400390000 -12.2360250000 3.4543290000
4400.2001950000 -12.2244640000 3.4532470000
4400.3500980000 -12.2137360000 3.4522360000
4400.5097660000 -12.2023670000 3.4511580000
4400.6699220000 -12.1910450000 3.4500760000
4400.8198240000 -12.1805350000 3.4490660000
4400.9799800000 -12.1693650000 3.4479850000
4401.1298830000 -12.1589950000 3.4469750000
4401.2900390000 -12.1479710000 3.4458940000
4401.4501950000 -12.1370210000 3.4448140000
4401.6000980000 -12.1268550000 3.4438050000
4401.7597660000 -12.1160780000 3.4427280000
4401.9199220000 -12.1053400000 3.4416480000
4402.0698240000 -12.0953370000 3.4406370000
4402.2299800000 -12.0847650000 3.4395600000
4402.3798830000 -12.0748870000 3.4385490000
4402.5400390000 -12.0644150000 3.4374690000
4402.7001950000 -12.0540090000 3.4363910000
4402.8500980000 -12.0443440000 3.4353840000
4403.0097660000 -12.0340950000 3.4343080000
4403.1699220000 -12.0238780000 3.4332300000
4403.3198240000 -12.0143870000 3.4322230000
4403.4799800000 -12.0042920000 3.4311460000
4403.6401370000 -11.9942570000 3.4300680000
4403.7900390000 -11.9849340000 3.4290620000
4403.9501950000 -11.9750160000 3.4279840000
4404.1000980000 -11.9657990000 3.4269780000
4404.2597660000 -11.9560230000 3.4259050000
4404.4199220000 -11.9462750000 3.4248290000
4434.0131840000 -10.7070350000 3.2296360000
4520.7089840000 -9.0402910000 2.6968910000
4609.1005860000 -8.3095440000 2.2080800000
4673.5400390000 -8.4450990000 1.8826130000
4673.7202150000 -8.4478210000 1.8817370000
4673.8901370000 -8.4504130000 1.8809120000
4674.0698240000 -8.4531890000 1.8800380000
4674.2402340000 -8.4558490000 1.8792100000
4674.4199220000 -8.4586900000 1.8783380000
4674.6000980000 -8.4615730000 1.8774620000
4674.7700200000 -8.4643190000 1.8766370000
4674.9501950000 -8.4672690000 1.8757630000
4675.1298830000 -8.4702470000 1.8748900000
4675.2998050000 -8.4730920000 1.8740660000
4675.4799800000 -8.4761490000 1.8731920000
4675.6601560000 -8.4792420000 1.8723170000
4675.8300780000 -8.4821910000 1.8714940000
4676.0097660000 -8.4853510000 1.8706230000
4676.1801760000 -8.4883860000 1.8697950000
4676.3598630000 -8.4916130000 1.8689260000
4676.5400390000 -8.4948970000 1.8680520000
4676.7099610000 -8.4980360000 1.8672280000
4676.8901370000 -8.5014010000 1.8663540000
4677.0698240000 -8.5047880000 1.8654860000
4677.2402340000 -8.5080550000 1.8646590000
4677.4199220000 -8.5115360000 1.8637900000
4677.6000980000 -8.5150600000 1.8629190000
4677.7700200000 -8.5184400000 1.8620960000
4677.9501950000 -8.5220620000 1.8612230000
4678.1201170000 -8.5255170000 1.8604020000
4678.2998050000 -8.5292220000 1.8595330000
4678.4799800000 -8.5329840000 1.8586620000
4678.6499020000 -8.5365720000 1.8578410000
4678.8300780000 -8.5404300000 1.8569700000
4679.0097660000 -8.5443290000 1.8561010000
4679.1801760000 -8.5480680000 1.8552790000
4679.3598630000 -8.5520680000 1.8544100000
4679.5400390000 -8.5561320000 1.8535390000
4679.7099610000 -8.5600090000 1.8527200000
4679.8901370000 -8.5641800000 1.8518510000
4680.0698240000 -8.5683980000 1.8509830000
4680.2402340000 -8.5724440000 1.8501620000
4680.4199220000 -8.5767740000 1.8492940000
4680.6000980000 -8.5811750000 1.8484250000
4680.7700200000 -8.5853770000 1.8476060000
4680.9501950000 -8.5898980000 1.8467370000
4681.1298830000 -8.5944710000 1.8458710000
4681.2998050000 -8.5988490000 1.8450530000
4681.4799800000 -8.6035620000 1.8441840000
4681.6601560000 -8.6083440000 1.8433160000
4681.8300780000 -8.6129090000 1.8424980000
4682.0097660000 -8.6178140000 1.8416330000
4682.1899410000 -8.6228030000 1.8407650000
4682.3701170000 -8.6278660000 1.8398970000
4682.5400390000 -8.6327030000 1.8390810000
4682.7202150000 -8.6379150000 1.8382130000
4682.8999020000 -8.6431900000 1.8373490000
4683.0698240000 -8.6482470000 1.8365320000
4683.2500000000 -8.6536950000 1.8356660000
4683.4301760000 -8.6592280000 1.8347990000
4683.6000980000 -8.6645180000 1.8339830000
4683.7797850000 -8.6702070000 1.8331190000
4683.9599610000 -8.6760010000 1.8322530000
4684.1298830000 -8.6815420000 1.8314380000
4684.3100590000 -8.6875190000 1.8305720000
4684.4902340000 -8.6935940000 1.8297070000
4684.6699220000 -8.6997530000 1.8288440000
4684.8398440000 -8.7056620000 1.8280300000
4685.0200200000 -8.7120390000 1.8271650000
4685.2001950000 -8.7185240000 1.8263000000
4685.3701170000 -8.7247340000 1.8254850000
4685.5498050000 -8.7314210000 1.8246230000
4685.7299800000 -8.7382420000 1.8237590000
4685.8999020000 -8.7447780000 1.8229460000
4686.0800780000 -8.7518380000 1.8220820000
4686.2597660000 -8.7590060000 1.8212200000
4686.4399410000 -8.7663250000 1.8203570000
4686.6098630000 -8.7733420000 1.8195440000
4686.7900390000 -8.7809290000 1.8186810000
4686.9702150000 -8.7886590000 1.8178180000
4687.1401370000 -8.7960760000 1.8170050000
4687.3198240000 -8.8040780000 1.8161450000
4687.5000000000 -8.8122600000 1.8152830000
4687.6801760000 -8.8206050000 1.8144210000
4687.8500980000 -8.8286190000 1.8136080000
4688.0297850000 -8.8372750000 1.8127490000
4688.2099610000 -8.8461340000 1.8118880000
4688.3901370000 -8.8551810000 1.8110260000
4688.5600590000 -8.8638780000 1.8102150000
4688.7402340000 -8.8733080000 1.8093540000
4688.9199220000 -8.8829210000 1.8084950000
4689.0898440000 -8.8921970000 1.8076840000
4689.2700200000 -8.9022630000 1.8068240000
4689.4501950000 -8.9125630000 1.8059640000
4689.6298830000 -8.9230790000 1.8051050000
4689.7998050000 -8.9332400000 1.8042960000
4689.9799800000 -8.9442840000 1.8034350000
4690.1601560000 -8.9556060000 1.8025750000
4690.3398440000 -8.9671820000 1.8017190000
4690.5097660000 -8.9783880000 1.8009090000
4690.6899410000 -8.9905910000 1.8000500000
4690.8701170000 -9.0031240000 1.7991910000
4691.0498050000 -9.0159320000 1.7983360000
4691.2202150000 -9.0284610000 1.7975230000
4691.3999020000 -9.0420220000 1.7966670000
4691.5800780000 -9.0560190000 1.7958090000
4691.7597660000 -9.0703590000 1.7949550000
4691.9301760000 -9.0844230000 1.7941430000
4692.1098630000 -9.0996890000 1.7932870000
4692.2900390000 -9.1154470000 1.7924320000
4692.4702150000 -9.1317750000 1.7915740000
4692.6401370000 -9.1477090000 1.7907650000
4692.8198240000 -9.1650650000 1.7899120000
4693.0000000000 -9.1831450000 1.7890550000
4693.1801760000 -9.2019020000 1.7881980000
4693.3500980000 -9.2202840000 1.7873900000
4693.5297850000 -9.2403950000 1.7865380000
4693.7099610000 -9.2614460000 1.7856820000
4693.8901370000 -9.2834010000 1.7848250000
4694.0698240000 -9.3062730000 1.7839720000
4694.2402340000 -9.3289040000 1.7831640000
4694.4199220000 -9.3539250000 1.7823100000
4694.6000980000 -9.3802750000 1.7814550000
4694.7797850000 -9.4079400000 1.7806020000
4694.9501950000 -9.4355440000 1.7797950000
4695.1298830000 -9.4663410000 1.7789430000
4695.3100590000 -9.4991130000 1.7780880000
4695.4902340000 -9.5340170000 1.7772340000
4695.6699220000 -9.5712320000 1.7763810000
4695.8398440000 -9.6088840000 1.7755780000
4696.0200200000 -9.6519300000 1.7747230000
4696.2001950000 -9.6986470000 1.7738700000
4696.3798830000 -9.7494110000 1.7730210000
4696.5498050000 -9.8023370000 1.7722150000
4696.7299800000 -9.8644670000 1.7713610000
4696.9101560000 -9.9343660000 1.7705090000
4697.0898440000 -10.0137450000 1.7696600000
4697.2700200000 -10.1066480000 1.7688070000
4697.4399410000 -10.2109850000 1.7680030000
4697.6201170000 -10.3468070000 1.7671530000
4697.7998050000 -10.5250480000 1.7663030000
4697.9799800000 -10.7851190000 1.7654500000
4698.1601560000 -11.2687000000 1.7645990000
4698.3300780000 -12.1745640000 3.6062970000
4698.5097660000 -11.0331120000 3.6053970000
4698.6899410000 -10.6679210000 3.6044950000
4698.8701170000 -10.4436210000 3.6035930000
4699.0498050000 -10.2814250000 3.6026940000
4699.2197270000 -10.1603600000 3.6018450000
4699.2202150000 -10.1600520000 3.6018420000
4699.3999020000 -10.0539170000 3.6009440000
4699.5800780000 -9.9634380000 3.6000420000
4699.7597660000 -9.8848980000 3.5991440000
4699.9399410000 -9.8153190000 3.5982460000
4700.1201170000 -9.7526760000 3.5973440000
4700.2900390000 -9.6988410000 3.5964950000
4700.4702150000 -9.6465210000 3.5955940000
4700.6499020000 -9.5985050000 3.5946990000
4700.8300780000 -9.5536880000 3.5937990000
4701.0097660000 -9.5119640000 3.5929010000
4701.1801760000 -9.4748440000 3.5920520000
4701.3598630000 -9.4378710000 3.5911550000
4701.5400390000 -9.4028360000 3.5902560000
4701.7202150000 -9.3696210000 3.5893560000
4701.8999020000 -9.3381200000 3.5884600000
4702.0800780000 -9.3080070000 3.5875620000
4702.2500000000 -9.2808710000 3.5867160000
4702.4301760000 -9.2532440000 3.5858170000
4702.6098630000 -9.2268060000 3.5849220000
4702.7900390000 -9.2013230000 3.5840230000
4702.9702150000 -9.1768510000 3.5831280000
4703.1499020000 -9.1532510000 3.5822330000
4703.3198240000 -9.1316470000 3.5813860000
4703.5000000000 -9.1095670000 3.5804900000
4703.6801760000 -9.0881330000 3.5795940000
4703.8598630000 -9.0674130000 3.5786990000
4704.0400390000 -9.0472560000 3.5778030000
4704.2202150000 -9.0276780000 3.5769060000
4704.3999020000 -9.0086960000 3.5760120000
4704.5698240000 -8.9912390000 3.5751680000
4704.7500000000 -8.9731750000 3.5742720000
4704.9301760000 -8.9555710000 3.5733770000
4705.1098630000 -8.9384470000 3.5724830000
4705.2900390000 -8.9217320000 3.5715900000
4705.4702150000 -8.9053640000 3.5706950000
4705.6499020000 -8.8894090000 3.5698020000
4705.8198240000 -8.8746670000 3.5689590000
4706.0000000000 -8.8593420000 3.5680650000
4706.1801760000 -8.8443390000 3.5671700000
4706.3598630000 -8.8296830000 3.5662780000
4706.5400390000 -8.8152820000 3.5653840000
4706.7202150000 -8.8011630000 3.5644900000
4706.8999020000 -8.7873500000 3.5635990000
4707.0698240000 -8.7745420000 3.5627570000
4707.2500000000 -8.7611850000 3.5618630000
4707.4301760000 -8.7480670000 3.5609700000
4707.6098630000 -8.7352460000 3.5600810000
4707.7900390000 -8.7225770000 3.5591890000
4707.9702150000 -8.7101200000 3.5582960000
4708.1499020000 -8.6979010000 3.5574050000
4708.3300780000 -8.6858460000 3.5565140000
4708.5000000000 -8.6746670000 3.5556740000
4708.6801760000 -8.6629770000 3.5547810000
4708.8598630000 -8.6514940000 3.5538910000
4709.0400390000 -8.6401530000 3.5530000000
4709.2202150000 -8.6289770000 3.5521090000
4709.3999020000 -8.6180200000 3.5512220000
4709.5800780000 -8.6071610000 3.5503310000
4709.7597660000 -8.5964790000 3.5494420000
4709.9399410000 -8.5859170000 3.5485520000
4710.1098630000 -8.5760970000 3.5477120000
4710.2900390000 -8.5658050000 3.5468230000
4710.4702150000 -8.5556460000 3.5459320000
4710.6499020000 -8.5456440000 3.5450440000
4710.8300780000 -8.5357400000 3.5441540000
4711.0097660000 -8.5259850000 3.5432670000
4711.1899410000 -8.5163470000 3.5423790000
4711.3701170000 -8.5068000000 3.5414910000
4711.5498050000 -8.4973900000 3.5406040000
4711.7299800000 -8.4880640000 3.5397150000
4711.8999020000 -8.4793790000 3.5388770000
4712.0800780000 -8.4702570000 3.5379890000
4712.2597660000 -8.4612610000 3.5371030000
4712.4399410000 -8.4523390000 3.5362150000
4712.6201170000 -8.4435140000 3.5353260000
4712.7998050000 -8.4348050000 3.5344410000
4712.9799800000 -8.4261880000 3.5335550000
4713.1601560000 -8.4176370000 3.5326680000
4713.3398440000 -8.4091950000 3.5317830000
4713.5200200000 -8.4008160000 3.5308950000
4713.7001950000 -8.3925200000 3.5300080000
4713.8798830000 -8.3843270000 3.5291240000
4714.0498050000 -8.3766620000 3.5282890000
4714.2299800000 -8.3686000000 3.5274020000
4714.4101560000 -8.3606140000 3.5265160000
4714.5898440000 -8.3527230000 3.5256320000
4714.7700200000 -8.3449040000 3.5247490000
4714.9501950000 -8.3371350000 3.5238630000
4715.1298830000 -8.3294560000 3.5229800000
4715.3100590000 -8.3218250000 3.5220940000
4715.4902340000 -8.3142600000 3.5212090000
4715.6699220000 -8.3067820000 3.5203260000
4715.8500980000 -8.2993660000 3.5194440000
4716.0297850000 -8.2920130000 3.5185600000
4716.2099610000 -8.2847010000 3.5176760000
4716.3901370000 -8.2774510000 3.5167920000
4716.5698240000 -8.2702780000 3.5159100000
4716.7402340000 -8.2635380000 3.5150750000
4716.9199220000 -8.2564760000 3.5141940000
4717.1000980000 -8.2494520000 3.5133090000
4717.2797850000 -8.2425000000 3.5124280000
4717.4599610000 -8.2355830000 3.5115450000
4717.6401370000 -8.2287380000 3.5106650000
4717.8198240000 -8.2219440000 3.5097840000
4718.0000000000 -8.2151820000 3.5089010000
4718.1801760000 -8.2084710000 3.5080180000
4718.3598630000 -8.2018260000 3.5071380000
4718.5400390000 -8.1952120000 3.5062560000
4718.7202150000 -8.1886450000 3.5053740000
4718.8999020000 -8.1821580000 3.5044970000
4719.0800780000 -8.1756840000 3.5036150000
4719.2597660000 -8.1692710000 3.5027360000
4719.4399410000 -8.1628850000 3.5018540000
4719.6201170000 -8.1565430000 3.5009730000
4719.7998050000 -8.1502590000 3.5000940000
4719.9799800000 -8.1440180000 3.4992160000
4720.1601560000 -8.1378020000 3.4983350000
4720.3398440000 -8.1316420000 3.4974580000
4720.5200200000 -8.1255060000 3.4965760000
4720.7001950000 -8.1194100000 3.4956970000
4720.8798830000 -8.1133680000 3.4948190000
4721.0498050000 -8.1076970000 3.4939900000
4721.2299800000 -8.1017130000 3.4931110000
4721.4101560000 -8.0957660000 3.4922310000
4721.5898440000 -8.0898710000 3.4913540000
4721.7700200000 -8.0840120000 3.4904780000
4721.9501950000 -8.0781720000 3.4895980000
4722.1298830000 -8.0723830000 3.4887220000
4722.3100590000 -8.0666120000 3.4878440000
4722.4902340000 -8.0608760000 3.4869650000
4722.6699220000 -8.0551870000 3.4860900000
4722.8500980000 -8.0495170000 3.4852110000
4723.0297850000 -8.0439090000 3.4843380000
4723.2099610000 -8.0383020000 3.4834600000
4791.1015630000 -6.8075580000 3.1650400000
4884.7792970000 -5.8847330000 2.7629330000
4980.2890630000 -5.2198250000 2.3929840000
5077.6660160000 -4.6904130000 2.0529460000
5176.9472660000 -4.2490290000 1.7408260000
5278.1694340000 -3.8697870000 1.4548660000
5381.3710940000 -3.1836200000 1.1872250000
5486.5903320000 -2.8596750000 0.8757600000
5593.8666990000 -2.5707250000 0.5783000000
5703.2412110000 -2.1396940000 0.2916370000
5814.7534180000 -1.8916930000 9.9849250000
5928.4467770000 -1.6685730000 9.6866800000
6044.3627930000 -1.4674120000 9.3967140000
6162.5449220000 -1.2735690000 9.1137540000
6283.0380860000 -1.1085070000 8.8371810000
6405.8872070000 -0.9594460000 8.5680120000
6531.1386720000 -0.8248770000 8.3060860000
6658.8383790000 -0.7034890000 8.0512440000
6789.0356450000 -0.5941220000 7.8033240000
6921.7783200000 -0.4957550000 7.5621750000
7057.1162110000 -0.4074760000 7.3276430000
7195.1005860000 -0.3284710000 7.0995750000
7335.7827150000 -0.2580090000 6.8778250000
7479.2158200000 -0.1954270000 6.6622450000
7625.4531250000 -0.1401310000 6.4526930000
7774.5498050000 -0.0915780000 6.2490250000
7926.5620120000 -0.0492790000 6.0511040000
8081.5458980000 -0.0127910000 5.8587930000
8239.5605470000 0.0182870000 5.6719570000
8400.6640630000 0.0381700000 5.4910140000
8564.9189450000 0.0594010000 5.3153910000
8732.3837890000 0.0761370000 5.1448560000
8903.1240230000 0.0839920000 4.9796920000
9077.2021480000 0.0939310000 4.8204070000
9254.6845700000 0.1006190000 4.6658950000
9435.6367190000 0.1039690000 4.5160320000
9620.1269530000 0.1047560000 4.3707230000
9808.2246090000 0.1029690000 4.2298210000
10000.0000000000 0.0986780000 4.0932050000
10195.5253900000 0.0921320000 3.9607580000
10394.8730500000 0.0836960000 3.8323600000
10598.1191400000 0.0733790000 3.7078940000
10805.3388700000 0.0613200000 3.5872480000
11016.6103500000 0.0476500000 3.4703130000
11232.0127000000 0.0324910000 3.3569830000
11451.6259800000 0.0159540000 3.2471550000
11675.5341800000 -0.0018590000 3.1407260000
11903.8203100000 -0.0208510000 3.0376000000
12136.5693400000 -0.0409370000 2.9376800000
12373.8701200000 -0.0620370000 2.8408730000
12615.8105500000 -0.0840760000 2.7470880000
12862.4814500000 -0.1069890000 2.6562370000
13113.9746100000 -0.1307140000 2.5682350000
13370.3857400000 -0.1551990000 2.4829970000
13631.8105500000 -0.1803930000 2.4004430000
13898.3466800000 -0.2062530000 2.3204920000
14170.0937500000 -0.2327430000 2.2430680000
14447.1543000000 -0.2618530000 2.1681110000
14729.6328100000 -0.2895120000 2.0955730000
15017.6337900000 -0.3177120000 2.0253430000
15311.2666000000 -0.3477470000 1.9573590000
15610.6396500000 -0.3769910000 1.8915770000
15915.8671900000 -0.4067420000 1.8278990000
16227.0615200000 -0.4370000000 1.7662640000
16544.3418000000 -0.4677710000 1.7066080000
16867.8242200000 -0.4990670000 1.6488710000
17197.6328100000 -0.5309070000 1.5929950000
17533.8906300000 -0.5633170000 1.5389230000
17876.7207000000 -0.5965430000 1.4866030000
18226.2558600000 -0.6321830000 1.4360870000
18582.6250000000 -0.6665110000 1.3872210000
18945.9628900000 -0.7015900000 1.3399430000
19316.4023400000 -0.7390580000 1.2942870000
19694.0878900000 -0.7758590000 1.2501280000
20079.1562500000 -0.8136770000 1.2074100000
20471.7539100000 -0.8550020000 1.1661290000
20872.0273400000 -0.8952600000 1.1262990000
21280.1289100000 -0.9369770000 1.0877790000
21696.2070300000 -0.9803610000 1.0505270000
22120.4238300000 -1.0256640000 1.0145030000
22552.9335900000 -1.0731910000 0.9796680000
22993.8984400000 -1.1233110000 0.9459850000
23443.4882800000 -1.1764810000 0.9134160000
23901.8671900000 -1.2332700000 0.8819260000
24369.2070300000 -1.2943970000 0.8514800000
24845.6875000000 -1.3607920000 0.8220460000
25331.4824200000 -1.4336720000 0.7935900000
25826.7753900000 -1.5146830000 0.7660820000
26331.7539100000 -1.6061100000 0.7394900000
26846.6054700000 -1.7112800000 0.7138300000
27371.5234400000 -1.8352230000 0.6891440000
27906.7070300000 -1.9859690000 0.6652910000
28452.3515600000 -2.1778540000 0.6422450000
29008.6660200000 -2.4399900000 0.6199790000
29457.0000000000 -2.7427720000 0.6028800000
29464.0000000000 -2.7485490000 0.6026180000
29471.0000000000 -2.7543670000 0.6023570000
29478.0000000000 -2.7602280000 0.6020960000
29485.0000000000 -2.7661330000 0.6018360000
29492.0000000000 -2.7720810000 0.6015750000
29499.0000000000 -2.7780730000 0.6013150000
29506.0000000000 -2.7841110000 0.6010540000
29513.0996100000 -2.7902810000 0.6007910000
29520.0996100000 -2.7964110000 0.6005310000
29527.0996100000 -2.8025880000 0.6002710000
29534.0996100000 -2.8088130000 0.6000110000
29541.1992200000 -2.8151760000 0.5997480000
29548.1992200000 -2.8215000000 0.5994890000
29555.3007800000 -2.8279670000 0.5992260000
29562.3007800000 -2.8343920000 0.5989680000
29569.4003900000 -2.8409610000 0.5987050000
29575.8593800000 -2.8469830000 0.5984670000
29576.4003900000 -2.8474910000 0.5984470000
29583.5000000000 -2.8541670000 0.5981850000
29590.5000000000 -2.8608050000 0.5979260000
29597.5996100000 -2.8675930000 0.5976650000
29604.6992200000 -2.8744390000 0.5974030000
29611.6992200000 -2.8812460000 0.5971460000
29618.8007800000 -2.8882100000 0.5968840000
29625.9003900000 -2.8952320000 0.5966230000
29633.0000000000 -2.9023160000 0.5963630000
29640.0996100000 -2.9094630000 0.5961020000
29647.0996100000 -2.9165720000 0.5958450000
29654.1992200000 -2.9238440000 0.5955850000
29661.3007800000 -2.9311850000 0.5953250000
29668.4003900000 -2.9385900000 0.5950650000
29675.5000000000 -2.9460650000 0.5948050000
29682.5996100000 -2.9536070000 0.5945450000
29689.6992200000 -2.9612200000 0.5942860000
29696.8007800000 -2.9689060000 0.5940270000
29704.0000000000 -2.9767740000 0.5937640000
29711.0996100000 -2.9846070000 0.5935050000
29718.1992200000 -2.9925150000 0.5932460000
29725.3007800000 -3.0005030000 0.5929880000
29732.5000000000 -3.0086820000 0.5927260000
29739.5996100000 -3.0168280000 0.5924680000
29746.6992200000 -3.0250550000 0.5922100000
29753.9003900000 -3.0334860000 0.5919480000
29761.0000000000 -3.0418830000 0.5916900000
29768.0996100000 -3.0503660000 0.5914330000
29775.3007800000 -3.0590620000 0.5911720000
29782.5000000000 -3.0678470000 0.5909110000
29789.5996100000 -3.0766060000 0.5906540000
29796.8007800000 -3.0855820000 0.5903930000
29803.9003900000 -3.0945300000 0.5901370000
29811.0996100000 -3.1037050000 0.5898770000
29818.3007800000 -3.1129830000 0.5896170000
29825.4003900000 -3.1222360000 0.5893600000
29832.5996100000 -3.1317230000 0.5891010000
29839.8007800000 -3.1413230000 0.5888410000
29847.0000000000 -3.1510340000 0.5885820000
29854.1992200000 -3.1608580000 0.5883230000
29861.4003900000 -3.1708050000 0.5880640000
29868.5000000000 -3.1807280000 0.5878090000
29875.6992200000 -3.1909140000 0.5875510000
29882.9003900000 -3.2012260000 0.5872920000
29890.1992200000 -3.2118130000 0.5870300000
29897.4003900000 -3.2223890000 0.5867720000
29904.5996100000 -3.2331000000 0.5865140000
29911.8007800000 -3.2439500000 0.5862570000
29919.0000000000 -3.2549440000 0.5859990000
29926.1992200000 -3.2660800000 0.5857420000
29933.4003900000 -3.2773720000 0.5854850000
29940.6992200000 -3.2889720000 0.5852240000
29947.9003900000 -3.3005790000 0.5849670000
29955.0996100000 -3.3123420000 0.5847110000
29962.4003900000 -3.3244440000 0.5844510000
29969.5996100000 -3.3365480000 0.5841940000
29976.9003900000 -3.3490050000 0.5839350000
29984.0996100000 -3.3614730000 0.5836790000
29991.4003900000 -3.3743030000 0.5834190000
29998.5996100000 -3.3871530000 0.5831640000
30005.9003900000 -3.4003850000 0.5829050000
30013.1992200000 -3.4138210000 0.5826460000
30020.4003900000 -3.4272930000 0.5823910000
30027.6992200000 -3.4411650000 0.5821320000
30035.0000000000 -3.4552740000 0.5818740000
30042.1992200000 -3.4694220000 0.5816190000
30049.5000000000 -3.4840080000 0.5813610000
30056.8007800000 -3.4988520000 0.5811040000
30064.0996100000 -3.5139550000 0.5808460000
30071.4003900000 -3.5293300000 0.5805890000
30078.6992200000 -3.5449870000 0.5803310000
30086.0000000000 -3.5609390000 0.5800740000
30093.3007800000 -3.5771890000 0.5798170000
30100.5996100000 -3.5937530000 0.5795610000
30107.9003900000 -3.6106470000 0.5793040000
30115.1992200000 -3.6278750000 0.5790480000
30122.5000000000 -3.6454550000 0.5787910000
30129.9003900000 -3.6636510000 0.5785320000
30137.1992200000 -3.6819830000 0.5782760000
30144.5000000000 -3.7007170000 0.5780200000
30151.8007800000 -3.7198610000 0.5777650000
30154.1406300000 -3.7260890000 0.5776830000
30159.1992200000 -3.7397050000 0.5775060000
30166.5000000000 -3.7597440000 0.5772510000
30173.8007800000 -3.7802570000 0.5769950000
30181.1992200000 -3.8015470000 0.5767370000
30188.5000000000 -3.8230750000 0.5764830000
30195.9003900000 -3.8454570000 0.5762250000
30203.3007800000 -3.8684270000 0.5759670000
30210.5996100000 -3.8916900000 0.5757130000
30218.0000000000 -3.9159240000 0.5754550000
30225.3007800000 -3.9405000000 0.5752010000
30232.6992200000 -3.9661320000 0.5749440000
30240.0996100000 -3.9925400000 0.5746870000
30247.5000000000 -4.0197630000 0.5744310000
30254.8007800000 -4.0474710000 0.5741770000
30262.1992200000 -4.0764630000 0.5739210000
30269.5996100000 -4.1064430000 0.5736650000
30277.0000000000 -4.1374730000 0.5734090000
30284.4003900000 -4.1696260000 0.5731530000
30291.8007800000 -4.2029840000 0.5728970000
30299.1992200000 -4.2376300000 0.5726410000
30306.5996100000 -4.2736750000 0.5723860000
30314.0000000000 -4.3112440000 0.5721310000
30321.4003900000 -4.3504560000 0.5718760000
30328.9003900000 -4.3920340000 0.5716180000
30336.3007800000 -4.4350150000 0.5713630000
30343.6992200000 -4.4801490000 0.5711080000
30351.0996100000 -4.5276720000 0.5708540000
30358.5996100000 -4.5785230000 0.5705970000
30366.0000000000 -4.6316640000 0.5703430000
30373.4003900000 -4.6881090000 0.5700890000
30380.9003900000 -4.7491400000 0.5698320000
30388.3007800000 -4.8136210000 0.5695780000
30395.8007800000 -4.8840030000 0.5693210000
30403.1992200000 -4.9591580000 0.5690680000
30410.6992200000 -5.0421920000 0.5688120000
30418.0996100000 -5.1322050000 0.5685590000
30425.5996100000 -5.2333770000 0.5683030000
30433.0996100000 -5.3470030000 0.5680470000
30440.5000000000 -5.4747000000 0.5677950000
30448.0000000000 -5.6249480000 0.5675400000
30455.5000000000 -5.8041850000 0.5672840000
30463.0000000000 -6.0261920000 0.5670290000
30470.5000000000 -6.3178110000 0.5667740000
30478.0000000000 -6.7427970000 0.5665190000
30485.5000000000 -7.5375270000 0.5662650000
30493.0000000000 -8.6410650000 3.5541300000
30500.5000000000 -7.0764930000 3.5526630000
30508.0000000000 -6.5116750000 3.5511960000
30515.5000000000 -6.1584500000 3.5497300000
30523.0000000000 -5.9005100000 3.5482650000
30530.5000000000 -5.6971720000 3.5468020000
30538.0000000000 -5.5291950000 3.5453390000
30545.5000000000 -5.3860270000 3.5438780000
30553.0996100000 -5.2596880000 3.5423980000
30560.5996100000 -5.1491960000 3.5409380000
30568.0996100000 -5.0499510000 3.5394790000
30575.6992200000 -4.9586970000 3.5380020000
30583.1992200000 -4.8762490000 3.5365460000
30590.8007800000 -4.7991700000 3.5350700000
30598.3007800000 -4.7286170000 3.5336160000
30605.9003900000 -4.6619240000 3.5321430000
30613.4003900000 -4.6002340000 3.5306910000
30621.0000000000 -4.5413970000 3.5292200000
30628.5000000000 -4.4865700000 3.5277700000
30636.0996100000 -4.4339390000 3.5263010000
30643.6992200000 -4.3839360000 3.5248330000
30651.3007800000 -4.3363200000 3.5233660000
30658.8007800000 -4.2914610000 3.5219200000
30666.4003900000 -4.2479600000 3.5204550000
30674.0000000000 -4.2062790000 3.5189910000
30681.5996100000 -4.1662610000 3.5175290000
30689.1992200000 -4.1277660000 3.5160670000
30696.8007800000 -4.0906890000 3.5146060000
30704.4003900000 -4.0549280000 3.5131470000
30712.0000000000 -4.0204010000 3.5116880000
30719.5996100000 -3.9870150000 3.5102310000
30727.1992200000 -3.9546880000 3.5087750000
30734.8007800000 -3.9233620000 3.5073190000
30742.5000000000 -3.8925850000 3.5058450000
30743.7304700000 -3.8877530000 3.5056100000
30750.0996100000 -3.8631010000 3.5043920000
30757.6992200000 -3.8344410000 3.5029390000
30765.3007800000 -3.8065680000 3.5014880000
30773.0000000000 -3.7790890000 3.5000180000
30780.5996100000 -3.7526780000 3.4985690000
30788.3007800000 -3.7265900000 3.4971010000
30795.9003900000 -3.7014880000 3.4956540000
30803.5996100000 -3.6766660000 3.4941890000
30811.1992200000 -3.6527480000 3.4927440000
30818.9003900000 -3.6290630000 3.4912800000
30826.5000000000 -3.6062190000 3.4898370000
30834.1992200000 -3.5835800000 3.4883760000
30841.9003900000 -3.5614300000 3.4869150000
30849.5996100000 -3.5397470000 3.4854560000
30857.1992200000 -3.5187900000 3.4840170000
30864.9003900000 -3.4979750000 3.4825590000
30872.5996100000 -3.4775780000 3.4811030000
30880.3007800000 -3.4575770000 3.4796480000
30888.0000000000 -3.4379580000 3.4781940000
30895.6992200000 -3.4187100000 3.4767410000
30903.4003900000 -3.3998050000 3.4752890000
30911.0996100000 -3.3812450000 3.4738380000
30918.8007800000 -3.3630130000 3.4723880000
30926.5000000000 -3.3450970000 3.4709390000
30934.1992200000 -3.3274900000 3.4694910000
30941.9003900000 -3.3101700000 3.4680440000
30949.6992200000 -3.2929220000 3.4665790000
30957.4003900000 -3.2761650000 3.4651340000
30965.0996100000 -3.2596850000 3.4636910000
30972.9003900000 -3.2432460000 3.4622290000
30980.5996100000 -3.2272720000 3.4607870000
30988.3007800000 -3.2115410000 3.4593460000
30996.0996100000 -3.1958460000 3.4578880000
31003.8007800000 -3.1805770000 3.4564490000
31011.5996100000 -3.1653400000 3.4549920000
31019.4003900000 -3.1503230000 3.4535370000
31027.0996100000 -3.1357070000 3.4521010000
31034.9003900000 -3.1211060000 3.4506470000
31042.6992200000 -3.1067100000 3.4491950000
31050.4003900000 -3.0926900000 3.4477620000
31058.1992200000 -3.0786800000 3.4463120000
31066.0000000000 -3.0648520000 3.4448630000
31073.8007800000 -3.0512050000 3.4434140000
31081.5996100000 -3.0377380000 3.4419670000
31089.4003900000 -3.0244390000 3.4405210000
31097.1992200000 -3.0113150000 3.4390760000
31105.0000000000 -2.9983470000 3.4376320000
31112.8007800000 -2.9855380000 3.4361880000
31120.5996100000 -2.9728880000 3.4347460000
31128.4003900000 -2.9603860000 3.4333050000
31136.1992200000 -2.9480350000 3.4318650000
31144.0000000000 -2.9358290000 3.4304260000
31151.8007800000 -2.9237610000 3.4289880000
31159.6992200000 -2.9116830000 3.4275330000
31167.5000000000 -2.8998890000 3.4260960000
31175.3007800000 -2.8882260000 3.4246610000
31183.1992200000 -2.8765490000 3.4232090000
31191.0000000000 -2.8651430000 3.4217760000
31198.9003900000 -2.8537170000 3.4203260000
31206.6992200000 -2.8425590000 3.4188950000
31214.5996100000 -2.8313760000 3.4174470000
31222.4003900000 -2.8204490000 3.4160180000
31230.3007800000 -2.8094990000 3.4145710000
31238.1992200000 -2.7986650000 3.4131260000
31246.0996100000 -2.7879390000 3.4116820000
31253.9003900000 -2.7774550000 3.4102570000
31261.8007800000 -2.7669430000 3.4088150000
31269.6992200000 -2.7565390000 3.4073740000
31277.5996100000 -2.7462340000 3.4059340000
31285.5000000000 -2.7360300000 3.4044950000
31293.4003900000 -2.7259240000 3.4030570000
31301.3007800000 -2.7159150000 3.4016200000
31309.1992200000 -2.7060040000 3.4001840000
31317.0996100000 -2.6961800000 3.3987490000
31325.0000000000 -2.6864510000 3.3973150000
31332.9003900000 -2.6768110000 3.3958820000
31340.8007800000 -2.6672590000 3.3944500000
31344.8476600000 -2.6624010000 3.3937170000
31348.8007800000 -2.6576750000 3.3930010000
31356.6992200000 -2.6482970000 3.3915720000
31364.5996100000 -2.6390000000 3.3901430000
31372.5996100000 -2.6296680000 3.3886970000
31380.5000000000 -2.6205350000 3.3872700000
31388.4003900000 -2.6114810000 3.3858440000
31396.4003900000 -2.6023930000 3.3844010000
31404.3007800000 -2.5934930000 3.3829770000
31412.3007800000 -2.5845590000 3.3815370000
31420.3007800000 -2.5756980000 3.3800970000
31428.1992200000 -2.5670250000 3.3786770000
31436.1992200000 -2.5583130000 3.3772390000
31444.1992200000 -2.5496730000 3.3758030000
31452.0996100000 -2.5412090000 3.3743850000
31460.0996100000 -2.5327070000 3.3729500000
31468.0996100000 -2.5242750000 3.3715170000
31476.0996100000 -2.5159110000 3.3700840000
31484.0996100000 -2.5076110000 3.3686530000
31492.0996100000 -2.4993780000 3.3672220000
31500.0996100000 -2.4912100000 3.3657930000
31508.0996100000 -2.4831040000 3.3643640000
31516.0996100000 -2.4750610000 3.3629370000
31524.0996100000 -2.4670800000 3.3615110000
31532.0996100000 -2.4591600000 3.3600850000
31540.1992200000 -2.4512000000 3.3586430000
31548.1992200000 -2.4433990000 3.3572200000
31957.7168000000 -2.1065470000 3.2856970000
32582.5703100000 -1.7421650000 3.1814080000
33219.6406300000 -1.4724330000 3.0807130000
33869.1679700000 -1.2601000000 2.9834800000
34531.3945300000 -1.0866470000 2.8895820000
35206.5703100000 -0.9414300000 2.7988990000
35894.9492200000 -0.8177180000 2.7113130000
36596.7851600000 -0.7109590000 2.6267120000
37312.3437500000 -0.6179130000 2.5449870000
38041.8906300000 -0.5361760000 2.4660360000
38785.7070300000 -0.4639140000 2.3897560000
39544.0625000000 -0.3996850000 2.3160540000
40317.2500000000 -0.3291650000 2.2425960000
41105.5546900000 -0.2772620000 2.1709760000
41909.2695300000 -0.2309190000 2.1014380000
42728.6992200000 -0.1895060000 2.0339260000
43564.1523400000 -0.1524870000 1.9683890000
44415.9414100000 -0.1194060000 1.9047740000
45284.3867200000 -0.0898460000 1.8430330000
46169.8085900000 -0.0635050000 1.7831160000
47072.5429700000 -0.0400590000 1.7249750000
47992.9296900000 -0.0192440000 1.6685630000
48931.3125000000 -0.0008220000 1.6138360000
49888.0429700000 0.0154160000 1.5607470000
50863.4765600000 0.0296610000 1.5092530000
51857.9843800000 0.0420810000 1.4593110000
52871.9375000000 0.0528290000 1.4108810000
53905.7187500000 0.0620440000 1.3639200000
54959.7109400000 0.0698530000 1.3183890000
56034.3085900000 0.0763700000 1.2742490000
57129.9218800000 0.0816990000 1.2314630000
58246.9531300000 0.0859370000 1.1899920000
59385.8281300000 0.0891720000 1.1498020000
60546.9687500000 0.0914830000 1.1108550000
61730.8125000000 0.0914730000 1.0732180000
62937.8046900000 0.0921410000 1.0368170000
64168.3984400000 0.0921050000 1.0015610000
65423.0507800000 0.0914230000 0.9674180000
66702.2343800000 0.0901490000 0.9343550000
68006.4296900000 0.0883310000 0.9023410000
69336.1250000000 0.0855970000 0.8713470000
70691.8203100000 0.0828290000 0.8413460000
72074.0234400000 0.0796440000 0.8123050000
73483.2500000000 0.0760760000 0.7841960000
74920.0312500000 0.0721570000 0.7569920000
76384.9062500000 0.0679160000 0.7306660000
77878.4218800000 0.0633760000 0.7051910000
79401.1406300000 0.0585570000 0.6805440000
80953.6328100000 0.0535900000 0.6568180000
82536.4765600000 0.0485040000 0.6339500000
84150.2734400000 0.0432580000 0.6118420000
85795.6250000000 0.0378740000 0.5904690000
87473.1406300000 0.0323690000 0.5698090000
89183.4609400000 0.0267630000 0.5498370000
90927.2187500000 0.0210700000 0.5305340000
92705.0781300000 0.0153060000 0.5118770000
94517.6953100000 0.0094850000 0.4938470000
96365.7500000000 0.0036190000 0.4764220000
98249.9453100000 -0.0022790000 0.4595840000
100170.9766000000 -0.0081910000 0.4433150000
102129.5703000000 -0.0141290000 0.4275950000
104126.4609000000 -0.0200610000 0.4124070000
106162.3906000000 -0.0259870000 0.3977340000
108238.1328000000 -0.0318980000 0.3835600000
110354.4609000000 -0.0377870000 0.3698680000
112512.1641000000 -0.0436480000 0.3566430000
114712.0547000000 -0.0494730000 0.3438700000
116954.9688000000 -0.0552590000 0.3315330000
119241.7266000000 -0.0609990000 0.3196190000
121573.2031000000 -0.0666880000 0.3081150000
123950.2656000000 -0.0723240000 0.2970060000
126373.8047000000 -0.0779010000 0.2862800000
128844.7266000000 -0.0834170000 0.2759240000
131363.9688000000 -0.0888680000 0.2659260000
133932.4531000000 -0.0974550000 0.2564060000
136551.1719000000 -0.1027820000 0.2472760000
139221.0938000000 -0.1080240000 0.2384700000
141943.2188000000 -0.1131810000 0.2299760000
144718.5625000000 -0.1182520000 0.2217830000
147548.1719000000 -0.1232360000 0.2138810000
150433.1094000000 -0.1281310000 0.2062580000
153374.4531000000 -0.1329380000 0.1989060000
156373.2969000000 -0.1376550000 0.1918140000
159430.7969000000 -0.1422830000 0.1849740000
162548.0625000000 -0.1468210000 0.1783770000
165726.2813000000 -0.1512700000 0.1720130000
168966.6406000000 -0.1556300000 0.1658760000
172270.3750000000 -0.1599010000 0.1599560000
175638.6875000000 -0.1640840000 0.1542460000
179072.8594000000 -0.1681790000 0.1487390000
182574.1875000000 -0.1721870000 0.1434280000
186143.9688000000 -0.1761080000 0.1383050000
189783.5469000000 -0.1799440000 0.1333640000
193494.2969000000 -0.1836950000 0.1285990000
197277.5938000000 -0.1873620000 0.1240030000
201134.8594000000 -0.1909460000 0.1195710000
205067.5469000000 -0.1944490000 0.1152960000
209077.1406000000 -0.1978700000 0.1111730000
213165.1250000000 -0.2012120000 0.1071970000
217333.0313000000 -0.2044760000 0.1033620000
221582.4375000000 -0.2076630000 0.0996640000
225914.9219000000 -0.2107730000 0.0960970000
230332.1250000000 -0.2138090000 0.0926580000
234835.7031000000 -0.2167700000 0.0893410000
239427.3281000000 -0.2196600000 0.0861420000
244108.7344000000 -0.2224780000 0.0830570000
248881.6719000000 -0.2252270000 0.0800820000
253747.9219000000 -0.2279070000 0.0772130000
258709.3281000000 -0.2305200000 0.0744460000
263767.7500000000 -0.2330670000 0.0717780000
268925.0625000000 -0.2355490000 0.0692050000
274183.2188000000 -0.2379670000 0.0667230000
279544.1875000000 -0.2403240000 0.0643310000
285010.0000000000 -0.2426200000 0.0620230000
290582.6563000000 -0.2448560000 0.0597990000
296264.2500000000 -0.2470330000 0.0576530000
302056.9688000000 -0.2491540000 0.0555840000
307962.9375000000 -0.2512180000 0.0535890000
313984.3750000000 -0.2532280000 0.0516650000
320123.5625000000 -0.2551850000 0.0498110000
326382.7813000000 -0.2570890000 0.0480220000
332764.3750000000 -0.2589420000 0.0462970000
339270.7500000000 -0.2607450000 0.0446340000
345904.3438000000 -0.2625000000 0.0430300000
352667.6563000000 -0.2642060000 0.0414840000
359563.1875000000 -0.2658660000 0.0399930000
366593.5625000000 -0.2674810000 0.0385560000
373761.3750000000 -0.2690510000 0.0371700000
381069.3438000000 -0.2705780000 0.0358330000
388520.2188000000 -0.2720620000 0.0345450000
396116.7500000000 -0.2735060000 0.0333020000
403861.8125000000 -0.2749090000 0.0321040000
411758.3438000000 -0.2762730000 0.0309490000
419809.2500000000 -0.2775980000 0.0298360000
428017.5625000000 -0.2788870000 0.0287620000
436386.3750000000 -0.2801380000 0.0277270000
444918.8125000000 -0.2813550000 0.0267290000
453618.0938000000 -0.2825360000 0.0257670000
462487.4688000000 -0.2836850000 0.0248390000
471530.2500000000 -0.2848000000 0.0239440000
480749.8438000000 -0.2858830000 0.0230820000
490149.7188000000 -0.2869350000 0.0222510000
499733.3750000000 -0.2879570000 0.0214490000
509504.4063000000 -0.2889490000 0.0206760000
519466.5000000000 -0.2899130000 0.0199310000
529623.3750000000 -0.2908480000 0.0192130000
539978.8125000000 -0.2917560000 0.0185210000
550536.7500000000 -0.2926380000 0.0178530000
561301.1250000000 -0.2934930000 0.0172090000
572276.0000000000 -0.2943240000 0.0165890000
583465.4375000000 -0.2951300000 0.0159910000
594873.6250000000 -0.2959120000 0.0154140000
606504.8750000000 -0.2966710000 0.0148580000
618363.5625000000 -0.2974080000 0.0143220000
630454.1250000000 -0.2981230000 0.0138060000
642781.1250000000 -0.2988160000 0.0133080000
655349.0625000000 -0.2994890000 0.0128280000
668162.8125000000 -0.3001410000 0.0123650000
681227.0625000000 -0.3007740000 0.0119190000
694546.7500000000 -0.3013880000 0.0114890000
