30.0000000000 -44.4717560000 0.0000000000
30.5865750000 -44.5464100000 0.0000000000
31.1846200000 -44.6252290000 0.0000000000
31.7943570000 -44.7085110000 0.0000000000
32.4160160000 -44.7965930000 0.0000000000
33.0498310000 -44.8898510000 0.0000000000
33.6960370000 -44.9887010000 0.0000000000
34.3548770000 -45.0936010000 0.0000000000
35.0266040000 -45.2050820000 0.0000000000
35.7114600000 -45.3237230000 0.0000000000
36.4097100000 -45.4501950000 0.0000000000
37.1216090000 -45.5852660000 0.0000000000
37.8474310000 -45.7298090000 0.0000000000
38.5874440000 -45.8848570000 0.0000000000
39.3419230000 -46.0516090000 0.0000000000
40.1111560000 -46.2314950000 0.0000000000
40.8954320000 -46.4262350000 0.0000000000
41.6950380000 -46.6379280000 0.0000000000
42.5102810000 -46.8691900000 0.0000000000
43.3414650000 -47.1233480000 0.0000000000
44.1888960000 -47.4047160000 0.0000000000
45.0529020000 -47.7190970000 0.0000000000
45.9338000000 -48.0745240000 0.0000000000
46.8319210000 -48.4826350000 0.0000000000
47.7476010000 -48.9611630000 0.0000000000
48.6811870000 -49.5389750000 0.0000000000
49.6330260000 -51.9689030000 1.5627470000
50.6034740000 -50.8331910000 1.8236380000
51.5928990000 -50.9779430000 2.1189090000
52.6016690000 -51.2400860000 2.4513790000
53.6301650000 -51.5480120000 2.8237920000
54.6787680000 -51.8779720000 3.2387570000
55.7478750000 -52.2174640000 3.6986910000
56.8378870000 -52.5579870000 4.2057300000
57.9492070000 -52.8923680000 4.7616580000
59.0822600000 -53.2139740000 5.3678270000
60.2374690000 -53.5163000000 6.0250740000
61.4152600000 -53.7928050000 6.7336340000
62.6160810000 -54.0368390000 7.4930700000
63.8403850000 -54.2416690000 8.3022030000
65.0886230000 -54.4005050000 9.1590420000
66.3612670000 -54.5066110000 0.0607340000
67.6587980000 -54.5533600000 1.0035410000
68.9816970000 -54.5343890000 1.9827960000
70.3304600000 -54.4436990000 2.9929090000
71.7055970000 -54.2757910000 4.0274170000
73.1076200000 -54.0258030000 5.0789750000
74.5370640000 -53.6896440000 6.1394440000
75.9944460000 -53.2641260000 7.1999800000
77.4803310000 -52.7470660000 8.2511410000
78.9952620000 -52.1374090000 9.2829990000
80.5398180000 -51.4353070000 0.2853110000
82.1145710000 -50.6421660000 1.2476710000
83.7201160000 -49.7605780000 2.1596810000
85.3570560000 -48.7950820000 3.0111410000
87.0260010000 -47.7505490000 3.7922340000
88.7275770000 -46.6338080000 4.4937210000
90.4624250000 -45.4527170000 5.1071070000
92.2311940000 -44.2162360000 5.6248320000
94.0345380000 -42.9343260000 6.0404050000
95.8731540000 -41.6177670000 6.3485600000
97.7477110000 -40.2780490000 6.5453450000
99.6589200000 -38.9271510000 6.6282310000
101.6075060000 -37.5773850000 6.5961400000
103.5941850000 -36.2412300000 6.4494930000
105.6197130000 -34.9311370000 6.1901820000
107.6848450000 -33.6594280000 5.8215390000
109.7903520000 -32.4381750000 5.3482610000
111.9370270000 -31.2792150000 4.7763160000
114.1256790000 -30.1942290000 4.1128060000
116.3571170000 -29.1951500000 3.3658370000
118.6321950000 -28.2949450000 2.5443360000
120.9517520000 -27.5094780000 1.6578960000
123.3166580000 -27.2656100000 1.7210330000
125.7278060000 -26.0317900000 0.7428610000
128.1860960000 -25.2080500000 9.7306020000
130.6924590000 -24.5475750000 8.6945970000
133.2478330000 -24.0120540000 7.6449180000
135.8531490000 -23.5864680000 6.5912570000
138.5094300000 -23.2617820000 5.5427220000
141.2176360000 -23.0308590000 4.5077680000
143.9787900000 -22.8871140000 3.4940990000
146.7939300000 -22.8240280000 2.5085770000
149.6641240000 -22.8349990000 1.5571800000
152.5904390000 -22.9133240000 0.6449720000
155.5739590000 -23.0522560000 9.7761070000
158.6158140000 -23.2450940000 8.9538240000
161.7171480000 -23.4852870000 8.1804820000
164.8791350000 -23.7665580000 7.4576100000
168.1029360000 -24.0830230000 6.7859670000
171.3897710000 -24.4293590000 6.1656040000
174.7408600000 -24.8009970000 5.5959390000
178.1574860000 -25.1944310000 5.0758370000
181.6409150000 -25.6077480000 4.6036910000
185.1924440000 -26.0417160000 4.1775100000
188.8134160000 -26.5068760000 4.1886270000
192.5051880000 -26.7718350000 3.8532130000
196.2691500000 -27.0869500000 3.5561550000
200.1067050000 -31.2259250000 3.3846500000
204.0192870000 -31.2971080000 3.3387780000
208.0083770000 -31.3720460000 3.2964250000
212.0754700000 -31.4490950000 3.2573600000
216.2220760000 -31.5274050000 3.2213670000
220.4497530000 -31.6065160000 3.1882480000
224.7601010000 -31.6861970000 3.1578170000
229.1547240000 -31.7663500000 3.1299030000
233.6352690000 -31.8469680000 3.1043460000
238.2034300000 -31.9281040000 3.0809980000
242.8609010000 -32.0098570000 3.0597230000
247.6094360000 -32.0923580000 3.0403920000
252.4508210000 -32.1757620000 3.0228870000
257.3868710000 -32.2602580000 3.0070980000
262.4194340000 -32.3460460000 2.9929240000
267.5503850000 -32.4333460000 2.9802680000
272.7816770000 -32.5223960000 2.9690440000
278.1152340000 -32.6134610000 2.9591700000
283.5530700000 -32.7068100000 2.9505710000
289.0972600000 -32.8027460000 2.9431780000
294.7498170000 -32.9015850000 2.9369250000
300.5129390000 -33.0036620000 2.9317550000
306.3887020000 -33.1093480000 2.9276120000
312.3793640000 -33.2190360000 2.9244470000
318.4871830000 -33.3331450000 2.9222140000
324.7143860000 -33.4521330000 2.9208710000
331.0633850000 -33.5764960000 2.9203820000
337.5364990000 -33.7067720000 2.9207120000
344.1361690000 -33.8435480000 2.9218310000
350.8648990000 -33.9874610000 2.9237120000
357.7251890000 -34.1392250000 2.9263330000
364.7196040000 -34.2996100000 2.9296720000
371.8508000000 -34.4694820000 2.9337120000
379.1213990000 -34.6497960000 2.9384410000
386.5341800000 -34.8416210000 2.9438460000
394.0918880000 -35.0461540000 2.9499190000
401.7973630000 -35.2647480000 2.9566560000
409.6535340000 -35.4989400000 2.9640550000
417.6632690000 -35.7504690000 2.9721150000
425.8296200000 -36.0213470000 2.9808410000
434.1556700000 -36.3138850000 2.9902390000
442.6445010000 -36.6307680000 3.0003180000
451.2993160000 -36.9751470000 3.0110910000
460.1233520000 -37.3507310000 3.0225720000
469.1199040000 -37.7619440000 3.0347800000
478.2923890000 -38.2141000000 3.0477360000
487.6441960000 -38.7136500000 3.0614650000
497.1788640000 -39.0711290000 3.0689760000
506.8999330000 -39.6855740000 3.0733590000
516.8110960000 -40.3780100000 3.0780660000
526.9160770000 -41.1644670000 3.0831310000
537.2185670000 -42.0658450000 3.0885980000
547.7225340000 -43.1100770000 3.0945100000
558.4318850000 -44.3353500000 3.1009190000
569.3506470000 -45.7954640000 3.1078780000
580.4828490000 -47.5687940000 3.1154470000
591.8327640000 -49.7745630000 3.1236900000
603.4046020000 -52.6037370000 3.1326760000
615.2026370000 -56.3836170000 3.1424810000
627.2313840000 -62.2472270000 5.9097540000
639.4953610000 -57.3089450000 0.0632440000
651.9990840000 -48.5357130000 8.8363840000
664.7473140000 -43.3123930000 7.6613810000
677.7447510000 -39.5669900000 6.5360570000
690.9963990000 -36.6727680000 5.4583210000
704.5070800000 -34.3447950000 4.4262390000
718.2819820000 -32.4266470000 3.4379460000
732.3261720000 -30.8231930000 2.4917220000
746.6450200000 -29.5095370000 1.5860560000
761.2437740000 -28.3696060000 0.7211530000
776.1279910000 -27.4111120000 9.8937320000
791.3032230000 -26.6148550000 9.1024380000
806.7752080000 -25.9696960000 8.3460030000
822.5496830000 -25.4724460000 7.6232470000
838.6325680000 -25.1294210000 6.9330750000
855.0299680000 -24.9608590000 6.2744660000
871.7479250000 -25.0113960000 5.6464840000
888.7927860000 -25.0098290000 8.6471600000
906.1708980000 -23.7884900000 8.0796600000
923.8888550000 -23.0749800000 7.5385000000
941.9531860000 -18.1129190000 8.4691730000
960.3707280000 -16.9365350000 7.8494720000
979.1483760000 -16.0781270000 7.2471410000
998.2931520000 -15.3731530000 6.6613860000
1017.8123170000 -14.7927040000 6.0950470000
1037.7131350000 -14.3308930000 5.5447410000
1058.0029300000 -13.9920560000 5.0049320000
1078.6895750000 -13.6222730000 5.6039890000
1099.7806400000 -12.5593360000 5.0567530000
1121.2841800000 -11.8481350000 4.5165200000
1143.2080080000 -11.2456680000 3.9833350000
1165.5606690000 -10.7081850000 3.4572490000
1188.3502200000 -10.2184510000 2.9383140000
1211.5854490000 -9.7673320000 2.4265710000
1235.2750240000 -9.3491330000 1.9220680000
1259.4277340000 -8.9599040000 1.4248520000
1284.0527340000 -8.5966910000 0.9349710000
1309.1591800000 -8.2571660000 0.4524630000
1334.7564700000 -7.9394210000 9.9773730000
1360.8542480000 -7.6418430000 9.5097450000
1387.4624020000 -7.3630260000 9.0496140000
1414.5908200000 -7.0638480000 8.5913910000
1442.2495120000 -6.8162950000 8.1379870000
1470.4492190000 -6.5852190000 7.6910100000
1499.2000730000 -6.4385700000 7.2554000000
1528.5131840000 -6.2407910000 6.8284680000
1558.3995360000 -6.0568610000 6.4085030000
1588.8701170000 -5.9422310000 5.9984140000
1619.9365230000 -5.7862520000 5.5981010000
1651.6103520000 -5.6419770000 5.2050690000
1683.9034420000 -5.5088930000 4.8192860000
1716.8280030000 -5.3865160000 4.4407110000
1750.3962400000 -5.2744000000 4.0692990000
1784.6208500000 -5.1721230000 3.7050030000
1819.5146480000 -5.0792930000 3.3477720000
1855.0908200000 -4.9955430000 2.9975480000
1891.3624270000 -4.9205280000 2.6542800000
1928.3432620000 -4.8539280000 2.3179040000
1966.0472410000 -4.7954430000 1.9883580000
2004.4884030000 -4.7447930000 1.6655760000
2043.6811520000 -4.7017230000 1.3494920000
2083.6401370000 -4.6659910000 1.0400360000
2124.3806150000 -4.6373810000 0.7371330000
2165.9174800000 -4.6241340000 0.4411820000
2208.2666020000 -4.6094670000 0.1521090000
2251.4438480000 -4.6013080000 9.8694160000
2295.4653320000 -4.5995060000 9.5930260000
2340.3474120000 -4.6218790000 9.3232740000
2386.1069340000 -4.6325560000 9.0597610000
2432.7612300000 -4.6492810000 8.8022980000
2480.3278810000 -4.7233580000 8.5509500000
2528.8244630000 -4.7899530000 8.3081630000
2578.2692870000 -4.8231240000 8.0729270000
2628.6809080000 -4.8621300000 7.8431930000
2680.0783690000 -4.9070750000 7.6188710000
2732.4804690000 -4.9581130000 7.3998670000
2785.9074710000 -5.0154550000 7.1860880000
2840.3789060000 -5.0793880000 6.9774440000
2895.9152830000 -5.1502910000 6.7738440000
2952.5378420000 -5.2286790000 6.5751950000
3010.2673340000 -5.3140750000 6.3823200000
3069.1254880000 -5.4015340000 6.1985440000
3129.1347660000 -5.4960990000 6.0195390000
3190.3171390000 -5.5983190000 5.8451980000
3252.6958010000 -5.7088560000 5.6754140000
3316.2941890000 -5.8285210000 5.5100810000
3381.1359860000 -5.9582940000 5.3490960000
3447.2456050000 -6.0993830000 5.1923590000
3514.6479490000 -6.2576390000 5.0398250000
3583.3681640000 -6.4266220000 4.8915480000
3653.4318850000 -6.6125770000 4.7472680000
3724.8657230000 -6.8224450000 4.6068970000
3797.6960450000 -7.0525420000 4.4705490000
3871.9506840000 -7.3117640000 4.3379390000
3947.6569820000 -7.6073360000 4.2089760000
4024.8435060000 -7.9495880000 4.0835660000
4103.5390630000 -8.3540040000 3.9616220000
4183.7739260000 -8.8454020000 3.8430540000
4265.5771480000 -9.4674160000 3.7277780000
4348.9794920000 -10.3088500000 3.6157130000
4434.0131840000 -11.6040430000 3.5067730000
4520.7089840000 -14.5534440000 3.4008810000
4533.4101560000 -15.5843470000 3.3857860000
4533.5800780000 -15.6016560000 3.3855840000
4533.7500000000 -15.6190410000 3.3853830000
4533.9101560000 -15.6355670000 3.3851940000
4534.0800780000 -15.6532000000 3.3849930000
4534.2402340000 -15.6699620000 3.3848030000
4534.4101560000 -15.6878510000 3.3846020000
4534.5698240000 -15.7048060000 3.3844130000
4534.7402340000 -15.7230600000 3.3842110000
4534.9101560000 -15.7413490000 3.3840100000
4535.0698240000 -15.7586880000 3.3838210000
4535.2402340000 -15.7773050000 3.3836200000
4535.3999020000 -15.7949060000 3.3834310000
4535.5698240000 -15.8137530000 3.3832300000
4535.7402340000 -15.8328560000 3.3830280000
4535.8999020000 -15.8508700000 3.3828390000
4536.0698240000 -15.8701640000 3.3826380000
4536.2299800000 -15.8885160000 3.3824490000
4536.3999020000 -15.9081150000 3.3822480000
4536.5698240000 -15.9278760000 3.3820470000
4536.7299800000 -15.9466760000 3.3818580000
4536.8999020000 -15.9668140000 3.3816570000
4537.0600590000 -15.9859230000 3.3814670000
4537.2299800000 -16.0063360000 3.3812670000
4537.3999020000 -16.0269260000 3.3810660000
4537.5600590000 -16.0465200000 3.3808770000
4537.7299800000 -16.0675180000 3.3806760000
4537.8901370000 -16.0873890000 3.3804870000
4538.0600590000 -16.1087470000 3.3802860000
4538.2299800000 -16.1302380000 3.3800850000
4538.3901370000 -16.1507000000 3.3798960000
4538.5600590000 -16.1725690000 3.3796950000
4538.7202150000 -16.1933960000 3.3795060000
4538.8901370000 -16.2157230000 3.3793050000
4539.0600590000 -16.2381970000 3.3791050000
4539.2202150000 -16.2596040000 3.3789160000
4539.3901370000 -16.2824940000 3.3787150000
4539.5600590000 -16.3056050000 3.3785150000
4539.7202150000 -16.3276230000 3.3783260000
4539.8901370000 -16.3512420000 3.3781250000
4540.0498050000 -16.3736190000 3.3779360000
4540.2202150000 -16.3976970000 3.3777350000
4540.3901370000 -16.4219490000 3.3775350000
4540.5498050000 -16.4450000000 3.3773470000
4540.7202150000 -16.4698090000 3.3771460000
4540.8901370000 -16.4948750000 3.3769450000
4541.0498050000 -16.5186390000 3.3767570000
4541.2202150000 -16.5442260000 3.3765560000
4541.3798830000 -16.5684850000 3.3763670000
4541.5498050000 -16.5945380000 3.3761670000
4541.7202150000 -16.6210250000 3.3759660000
4541.8798830000 -16.6460040000 3.3757780000
4542.0498050000 -16.6729930000 3.3755770000
4542.2202150000 -16.7002890000 3.3753770000
4542.3798830000 -16.7261890000 3.3751890000
4542.5498050000 -16.7540230000 3.3749890000
4542.7202150000 -16.7823410000 3.3747870000
4542.8798830000 -16.8091470000 3.3745990000
4543.0498050000 -16.8379670000 3.3743990000
4543.2202150000 -16.8672180000 3.3741990000
4543.3798830000 -16.8949950000 3.3740110000
4543.5498050000 -16.9249550000 3.3738100000
4543.7099610000 -16.9534130000 3.3736220000
4543.8798830000 -16.9841180000 3.3734210000
4544.0498050000 -17.0151310000 3.3732210000
4544.2099610000 -17.0447750000 3.3730330000
4544.3798830000 -17.0765900000 3.3728330000
4544.5498050000 -17.1089210000 3.3726330000
4544.7099610000 -17.1397570000 3.3724440000
4544.8798830000 -17.1728650000 3.3722440000
4545.0498050000 -17.2064360000 3.3720440000
4545.2099610000 -17.2385600000 3.3718560000
4545.3798830000 -17.2731690000 3.3716550000
4545.5498050000 -17.3081840000 3.3714560000
4545.7099610000 -17.3417090000 3.3712670000
4545.8798830000 -17.3777480000 3.3710680000
4546.0498050000 -17.4143390000 3.3708680000
4546.2099610000 -17.4493920000 3.3706790000
4546.3798830000 -17.4872070000 3.3704790000
4546.5498050000 -17.5255180000 3.3702800000
4546.7099610000 -17.5622500000 3.3700910000
4546.8798830000 -17.6017890000 3.3698920000
4547.0498050000 -17.6421070000 3.3696920000
4547.2099610000 -17.6805670000 3.3695040000
4547.3798830000 -17.7222420000 3.3693040000
4547.5498050000 -17.7645360000 3.3691040000
4547.7099610000 -17.8051490000 3.3689160000
4547.8798830000 -17.8489440000 3.3687160000
4548.0498050000 -17.8936810000 3.3685160000
4548.2202150000 -17.9392660000 3.3683160000
4548.3798830000 -17.9828470000 3.3681290000
4548.5498050000 -18.0300450000 3.3679290000
4548.7202150000 -18.0784630000 3.3677290000
4548.8798830000 -18.1246720000 3.3675410000
4549.0498050000 -18.1747760000 3.3673420000
4549.2202150000 -18.2260930000 3.3671420000
4549.3798830000 -18.2752690000 3.3669540000
4549.5498050000 -18.3286550000 3.3667550000
4549.7202150000 -18.3835680000 3.3665550000
4549.8798830000 -18.4361170000 3.3663670000
4550.0498050000 -18.4932520000 3.3661680000
4550.2202150000 -18.5519490000 3.3659680000
4550.3901370000 -18.6121180000 3.3657680000
4550.5498050000 -18.6699850000 3.3655810000
4550.7202150000 -18.7332290000 3.3653810000
4550.8901370000 -18.7980000000 3.3651820000
4551.0498050000 -18.8605920000 3.3649950000
4551.2202150000 -18.9293380000 3.3647940000
4551.3901370000 -18.9997100000 3.3645950000
4551.5498050000 -19.0678710000 3.3644080000
4551.7202150000 -19.1427060000 3.3642080000
4551.8901370000 -19.2199500000 3.3640090000
4552.0600590000 -19.2995360000 3.3638100000
4552.2202150000 -19.3771530000 3.3636220000
4552.3901370000 -19.4622250000 3.3634230000
4552.5600590000 -19.5504250000 3.3632240000
4552.7202150000 -19.6367510000 3.3630360000
4552.8901370000 -19.7320080000 3.3628370000
4553.0600590000 -19.8309190000 3.3626380000
4553.2299800000 -19.9340840000 3.3624390000
4553.3901370000 -20.0356940000 3.3622510000
4553.5600590000 -20.1485860000 3.3620520000
4553.7299800000 -20.2667100000 3.3618530000
4553.8901370000 -20.3837950000 3.3616650000
4554.0600590000 -20.5144120000 3.3614660000
4554.2299800000 -20.6529450000 3.3612670000
4554.3999020000 -20.7995360000 3.3610680000
4554.5600590000 -20.9466110000 3.3608810000
4554.7299800000 -21.1129420000 3.3606820000
4554.8999020000 -21.2916490000 3.3604830000
4555.0698240000 -21.4852890000 3.3602840000
4555.2299800000 -21.6829970000 3.3600960000
4555.3999020000 -21.9118960000 3.3598980000
4555.5698240000 -22.1649110000 3.3596990000
4555.7402340000 -22.4494090000 3.3594990000
4555.8999020000 -22.7500630000 3.3593130000
4556.0698240000 -23.1170250000 3.3591140000
4556.2402340000 -23.5515750000 3.3589150000
4556.4101560000 -24.0823270000 3.3587160000
4556.5698240000 -24.7162130000 3.3585290000
4556.7402340000 -25.6483840000 3.3583300000
4556.9101560000 -27.1840000000 3.3581310000
4557.0800780000 -32.6058240000 3.3579320000
4557.2402340000 -27.9767880000 0.9513300000
4557.4101560000 -26.0495320000 0.9503860000
4557.5800780000 -24.9927310000 0.9494450000
4557.7500000000 -24.2576580000 0.9485010000
4557.9101560000 -23.7256160000 0.9476150000
4558.0800780000 -23.2635250000 0.9466710000
4558.2500000000 -22.8765540000 0.9457300000
4558.4199220000 -22.5429080000 0.9447900000
4558.5800780000 -22.2652110000 0.9439020000
4558.7500000000 -22.0012930000 0.9429590000
4558.9199220000 -21.7639080000 0.9420190000
4559.0898440000 -21.5476780000 0.9410790000
4559.2500000000 -21.3598670000 0.9401920000
4559.4199220000 -21.1750490000 0.9392500000
4559.5898440000 -21.0037650000 0.9383110000
4559.7597660000 -20.8437630000 0.9373710000
4559.9199220000 -20.7018390000 0.9364850000
4560.0898440000 -20.5596080000 0.9355440000
4560.2597660000 -20.4256060000 0.9346060000
4560.4301760000 -20.2982560000 0.9336640000
4560.6000980000 -20.1772480000 0.9327230000
4560.7597660000 -20.0692390000 0.9318430000
4560.9301760000 -19.9585610000 0.9309000000
4561.1000980000 -19.8532790000 0.9299620000
4561.2700200000 -19.7520890000 0.9290220000
4561.4301760000 -19.6608160000 0.9281400000
4561.6000980000 -19.5671770000 0.9272000000
4561.7700200000 -19.4772590000 0.9262630000
4561.9399410000 -19.3905450000 0.9253260000
4562.1098630000 -19.3065870000 0.9243870000
4562.2700200000 -19.2301290000 0.9235030000
4562.4399410000 -19.1516590000 0.9225660000
4562.6098630000 -19.0756420000 0.9216310000
4562.7797850000 -19.0017260000 0.9206910000
4562.9501950000 -18.9299890000 0.9197530000
4563.1098630000 -18.8645440000 0.9188730000
4563.2797850000 -18.7968750000 0.9179370000
4563.4501950000 -18.7306730000 0.9169970000
4563.6201170000 -18.6665800000 0.9160620000
4563.7797850000 -18.6077750000 0.9151820000
4563.9501950000 -18.5466330000 0.9142450000
4564.1201170000 -18.4869900000 0.9133070000
4564.2900390000 -18.4289380000 0.9123740000
4564.4599610000 -18.3722400000 0.9114390000
4564.6201170000 -18.3199140000 0.9105580000
4564.7900390000 -18.2655260000 0.9096210000
4564.9599610000 -18.2124750000 0.9086880000
4565.1298830000 -18.1605570000 0.9077540000
4565.2998050000 -18.1095850000 0.9068170000
4565.4702150000 -18.0596600000 0.9058820000
4565.6298830000 -18.0137270000 0.9050050000
4565.7998050000 -17.9658490000 0.9040710000
4565.9702150000 -17.9186340000 0.9031330000
4566.1401370000 -17.8725780000 0.9022010000
4566.3100590000 -17.8273790000 0.9012690000
4566.4702150000 -17.7854770000 0.9003890000
4566.6401370000 -17.7418580000 0.8994570000
4566.8100590000 -17.6988890000 0.8985220000
4566.9799800000 -17.6567840000 0.8975920000
4567.1499020000 -17.6152840000 0.8966570000
4567.3198240000 -17.5745940000 0.8957260000
4567.4799800000 -17.5368080000 0.8948470000
4567.6499020000 -17.4974040000 0.8939160000
4567.8198240000 -17.4586320000 0.8929850000
4567.9902340000 -17.4202560000 0.8920500000
4568.1601560000 -17.3826890000 0.8911200000
4568.3300780000 -17.3455920000 0.8901870000
4568.4902340000 -17.3112910000 0.8893120000
4568.6601560000 -17.2752650000 0.8883790000
4568.8300780000 -17.2398640000 0.8874500000
4569.0000000000 -17.2049750000 0.8865200000
4569.1699220000 -17.1704860000 0.8855890000
4569.3398440000 -17.1365780000 0.8846600000
4569.5000000000 -17.1050030000 0.8837820000
4569.6699220000 -17.0719930000 0.8828540000
4569.8398440000 -17.0393370000 0.8819230000
4570.0097660000 -17.0072060000 0.8809950000
4570.1801760000 -16.9754090000 0.8800640000
4570.3500980000 -16.9440230000 0.8791330000
4570.5097660000 -16.9149400000 0.8782600000
4570.6801760000 -16.8843270000 0.8773300000
4570.8500980000 -16.8541810000 0.8764020000
4571.0200200000 -16.8243240000 0.8754720000
4571.1899410000 -16.7949140000 0.8745450000
4571.3598630000 -16.7658600000 0.8736180000
4571.5297850000 -16.7370700000 0.8726880000
4571.6899410000 -16.7102850000 0.8718140000
4571.8598630000 -16.6822280000 0.8708880000
4572.0297850000 -16.6544930000 0.8699610000
4572.2001950000 -16.6269210000 0.8690300000
4572.3701170000 -16.5998120000 0.8681040000
4572.5400390000 -16.5730040000 0.8671780000
4572.7099610000 -16.5464190000 0.8662500000
4572.8701170000 -16.5216640000 0.8653760000
4573.0400390000 -16.4957080000 0.8644510000
4573.2099610000 -16.4700320000 0.8635260000
4573.3798830000 -16.4445550000 0.8625990000
4573.5498050000 -16.4194160000 0.8616740000
4573.7202150000 -16.3944700000 0.8607470000
4573.8901370000 -16.3697780000 0.8598200000
4574.0600590000 -16.3454070000 0.8588960000
4574.2202150000 -16.3226300000 0.8580240000
4574.3901370000 -16.2987310000 0.8571000000
4574.5600590000 -16.2750020000 0.8561740000
4574.7299800000 -16.2515700000 0.8552500000
4574.8999020000 -16.2283650000 0.8543270000
4575.0698240000 -16.2053180000 0.8534010000
4575.2402340000 -16.1824930000 0.8524760000
4575.4101560000 -16.1598830000 0.8515500000
4575.5698240000 -16.1389220000 0.8506850000
4575.7402340000 -16.1166550000 0.8497570000
4575.9101560000 -16.0947170000 0.8488350000
4576.0800780000 -16.0729790000 0.8479130000
4576.2500000000 -16.0513780000 0.8469890000
4576.4199220000 -16.0300290000 0.8460660000
4576.5898440000 -16.0088100000 0.8451420000
4576.7597660000 -15.9878380000 0.8442210000
4576.9301760000 -15.9669900000 0.8432970000
4577.0898440000 -15.9475910000 0.8424310000
4577.2597660000 -15.9271480000 0.8415100000
4577.4301760000 -15.9067650000 0.8405840000
4577.6000980000 -15.8866680000 0.8396640000
4577.7700200000 -15.8666840000 0.8387400000
4577.9399410000 -15.8469210000 0.8378200000
4578.1098630000 -15.8273210000 0.8369010000
4578.2797850000 -15.8078280000 0.8359790000
4578.4501950000 -15.7884920000 0.8350560000
4578.6201170000 -15.7693670000 0.8341370000
4578.7900390000 -15.7503410000 0.8332150000
4578.9501950000 -15.7325740000 0.8323470000
4579.1201170000 -15.7138920000 0.8314290000
4579.2900390000 -15.6953560000 0.8305090000
4579.4599610000 -15.6769130000 0.8295880000
4579.6298830000 -15.6586640000 0.8286700000
4579.7998050000 -15.6405530000 0.8277520000
4579.9702150000 -15.6224800000 0.8268290000
4580.1401370000 -15.6046450000 0.8259110000
4609.1005860000 -13.6716160000 0.6718400000
4699.2197270000 -11.6169940000 0.2228060000
4791.1015630000 -11.4185330000 9.8079230000
4828.2402340000 -12.1578260000 9.6513460000
4828.4301760000 -12.1655440000 9.6505620000
4828.6098630000 -12.1729250000 9.6498180000
4828.7998050000 -12.1807950000 9.6490350000
4828.9902340000 -12.1887860000 9.6482470000
4829.1801760000 -12.1968170000 9.6474630000
4829.3701170000 -12.2049330000 9.6466790000
4829.5600590000 -12.2131530000 9.6458930000
4829.7402340000 -12.2210000000 9.6451510000
4829.9301760000 -12.2293890000 9.6443650000
4830.1201170000 -12.2378460000 9.6435820000
4830.3100590000 -12.2463930000 9.6427990000
4830.5000000000 -12.2550540000 9.6420150000
4830.6801760000 -12.2633460000 9.6412710000
4830.8701170000 -12.2721690000 9.6404890000
4831.0600590000 -12.2810880000 9.6397060000
4831.2500000000 -12.2901290000 9.6389220000
4831.4399410000 -12.2992470000 9.6381400000
4831.6298830000 -12.3084660000 9.6373580000
4831.8100590000 -12.3173190000 9.6366150000
4832.0000000000 -12.3267430000 9.6358330000
4832.1899410000 -12.3362990000 9.6350500000
4832.3798830000 -12.3459410000 9.6342680000
4832.5698240000 -12.3556930000 9.6334870000
4832.7597660000 -12.3655850000 9.6327040000
4832.9399410000 -12.3750640000 9.6319620000
4833.1298830000 -12.3851600000 9.6311820000
4833.3198240000 -12.3953760000 9.6304010000
4833.5097660000 -12.4057430000 9.6296190000
4833.7001950000 -12.4162340000 9.6288370000
4833.8901370000 -12.4268280000 9.6280570000
4834.0698240000 -12.4369840000 9.6273170000
4834.2597660000 -12.4478630000 9.6265350000
4834.4501950000 -12.4588780000 9.6257530000
4834.6401370000 -12.4700050000 9.6249740000
4834.8300780000 -12.4813030000 9.6241930000
4835.0200200000 -12.4927190000 9.6234140000
4835.2099610000 -12.5042820000 9.6226350000
4835.3901370000 -12.5154060000 9.6218950000
4835.5800780000 -12.5272680000 9.6211160000
4835.7700200000 -12.5393210000 9.6203360000
4835.9599610000 -12.5515050000 9.6195570000
4836.1499020000 -12.5638560000 9.6187780000
4836.3398440000 -12.5764090000 9.6179980000
4836.5297850000 -12.5891050000 9.6172210000
4836.7099610000 -12.6013280000 9.6164820000
4836.8999020000 -12.6143760000 9.6157040000
4837.0898440000 -12.6276450000 9.6149240000
4837.2797850000 -12.6410720000 9.6141470000
4837.4702150000 -12.6547320000 9.6133680000
4837.6601560000 -12.6685930000 9.6125890000
4837.8500980000 -12.6826290000 9.6118120000
4838.0400390000 -12.6968770000 9.6110350000
4838.2202150000 -12.7106110000 9.6102970000
4838.4101560000 -12.7253290000 9.6095190000
4838.6000980000 -12.7402400000 9.6087430000
4838.7900390000 -12.7553890000 9.6079660000
4838.9799800000 -12.7708210000 9.6071880000
4839.1699220000 -12.7864650000 9.6064130000
4839.3598630000 -12.8023670000 9.6056370000
4839.5498050000 -12.8185770000 9.6048590000
4839.7402340000 -12.8350620000 9.6040820000
4839.9199220000 -12.8509000000 9.6033480000
4840.1098630000 -12.8679030000 9.6025720000
4840.2998050000 -12.8852070000 9.6017970000
4840.4902340000 -12.9029100000 9.6010190000
4840.6801760000 -12.9208460000 9.6002450000
4840.8701170000 -12.9391130000 9.5994690000
4841.0600590000 -12.9577680000 9.5986930000
4841.2500000000 -12.9767330000 9.5979190000
4841.4399410000 -12.9960630000 9.5971450000
4841.6298830000 -13.0158240000 9.5963690000
4841.8100590000 -13.0349090000 9.5956340000
4842.0000000000 -13.0554030000 9.5948610000
4842.1899410000 -13.0763180000 9.5940880000
4842.3798830000 -13.0977280000 9.5933120000
4842.5698240000 -13.1195400000 9.5925390000
4842.7597660000 -13.1418290000 9.5917660000
4842.9501950000 -13.1647270000 9.5909890000
4843.1401370000 -13.1880270000 9.5902170000
4843.3300780000 -13.2118640000 9.5894440000
4843.5200200000 -13.2363250000 9.5886700000
4843.7099610000 -13.2613120000 9.5878970000
4843.8999020000 -13.2869100000 9.5871260000
4844.0800780000 -13.3118160000 9.5863920000
4844.2700200000 -13.3387610000 9.5856180000
4844.4599610000 -13.3663440000 9.5848460000
4844.6499020000 -13.3946670000 9.5840750000
4844.8398440000 -13.4238400000 9.5833020000
4845.0297850000 -13.4537580000 9.5825310000
4845.2202150000 -13.4846180000 9.5817580000
4845.4101560000 -13.5163940000 9.5809850000
4845.6000980000 -13.5490540000 9.5802150000
4845.7900390000 -13.5827360000 9.5794440000
4845.9799800000 -13.6175890000 9.5786710000
4846.1699220000 -13.6535070000 9.5779010000
4846.3598630000 -13.6906530000 9.5771310000
4846.5498050000 -13.7292040000 9.5763590000
4846.7402340000 -13.7691630000 9.5755870000
4846.9301760000 -13.8105250000 9.5748180000
4847.1098630000 -13.8511910000 9.5740890000
4847.2998050000 -13.8958100000 9.5733190000
4847.4902340000 -13.9425390000 9.5725470000
4847.6801760000 -13.9910700000 9.5717770000
4847.8701170000 -14.0419380000 9.5710070000
4848.0600590000 -14.0950940000 9.5702380000
4848.2500000000 -14.1508920000 9.5694690000
4848.4399410000 -14.2097540000 9.5686990000
4848.6298830000 -14.2716930000 9.5679300000
4848.8198240000 -14.3372160000 9.5671630000
4849.0097660000 -14.4069320000 9.5663930000
4849.2001950000 -14.4811930000 9.5656220000
4849.3901370000 -14.5604100000 9.5648550000
4849.5800780000 -14.6457310000 9.5640860000
4849.7700200000 -14.7376550000 9.5633180000
4849.9599610000 -14.8375430000 9.5625510000
4850.1499020000 -14.9471670000 9.5617820000
4850.3398440000 -15.0679210000 9.5610150000
4850.5297850000 -15.2026670000 9.5602480000
4850.7202150000 -15.3558420000 9.5594780000
4850.9101560000 -15.5311640000 9.5587110000
4851.1000980000 -15.7373310000 9.5579450000
4851.2900390000 -15.9881030000 9.5571770000
4851.4799800000 -16.3059330000 9.5564110000
4851.6699220000 -16.7415520000 9.5556450000
4851.8598630000 -17.4387000000 9.5548770000
4852.0498050000 -19.3119280000 9.5541110000
4852.2402340000 -18.1019630000 3.3265650000
4852.4301760000 -17.0698150000 3.3254270000
4852.6201170000 -16.5225620000 3.3242910000
4852.8100590000 -16.1468890000 3.3231560000
4853.0000000000 -15.8596460000 3.3220190000
4853.1899410000 -15.6278390000 3.3208840000
4853.3798830000 -15.4330270000 3.3197500000
4853.5698240000 -15.2645460000 3.3186120000
4853.7597660000 -15.1167200000 3.3174780000
4853.9501950000 -14.9844010000 3.3163420000
4854.1401370000 -14.8648640000 3.3152060000
4854.3300780000 -14.7560910000 3.3140730000
4854.5200200000 -14.6560590000 3.3129400000
4854.7099610000 -14.5632250000 3.3118040000
4854.8999020000 -14.4770080000 3.3106710000
4855.0898440000 -14.3963310000 3.3095390000
4855.2797850000 -14.3203280000 3.3084040000
4855.4702150000 -14.2486400000 3.3072690000
4855.6601560000 -14.1809610000 3.3061380000
4855.8500980000 -14.1165490000 3.3050030000
4856.0400390000 -14.0553900000 3.3038720000
4856.2299800000 -13.9970290000 3.3027420000
4856.4199220000 -13.9410760000 3.3016080000
4856.6098630000 -13.8875940000 3.3004780000
4856.7998050000 -13.8362460000 3.2993470000
4856.9902340000 -13.7866230000 3.2982120000
4857.1801760000 -13.7390670000 3.2970820000
4857.3701170000 -13.6931950000 3.2959530000
4857.5600590000 -13.6487790000 3.2948210000
4857.7500000000 -13.6059320000 3.2936920000
4857.9399410000 -13.5644470000 3.2925620000
4858.1298830000 -13.5241370000 3.2914310000
4858.3198240000 -13.4851260000 3.2903030000
4858.5097660000 -13.4472370000 3.2891750000
4858.7001950000 -13.4102250000 3.2880410000
4858.8901370000 -13.3743980000 3.2869140000
4859.0800780000 -13.3394290000 3.2857840000
4859.2700200000 -13.3054410000 3.2846570000
4859.4599610000 -13.2723000000 3.2835290000
4859.6499020000 -13.2398810000 3.2823990000
4859.8398440000 -13.2083080000 3.2812730000
4860.0297850000 -13.1774620000 3.2801470000
4860.2299800000 -13.1456600000 3.2789580000
4860.4199220000 -13.1162030000 3.2778330000
4860.6098630000 -13.0873030000 3.2767050000
4860.7998050000 -13.0590770000 3.2755790000
4860.9902340000 -13.0313590000 3.2744510000
4861.1801760000 -13.0041940000 3.2733240000
4861.3701170000 -12.9776280000 3.2721990000
4861.5600590000 -12.9515690000 3.2710740000
4861.7500000000 -12.9259320000 3.2699480000
4861.9399410000 -12.9008290000 3.2688240000
4862.1298830000 -12.8761770000 3.2677000000
4862.3198240000 -12.8518980000 3.2665740000
4862.5097660000 -12.8280990000 3.2654500000
4862.7001950000 -12.8046440000 3.2643250000
4862.8901370000 -12.7815790000 3.2631990000
4863.0800780000 -12.7589480000 3.2620760000
4863.2797850000 -12.7355140000 3.2608950000
4863.4702150000 -12.7135580000 3.2597700000
4863.6601560000 -12.6919430000 3.2586450000
4863.8500980000 -12.6707100000 3.2575240000
4864.0400390000 -12.6497920000 3.2564030000
4864.2299800000 -12.6291300000 3.2552790000
4864.4199220000 -12.6088180000 3.2541580000
4864.6098630000 -12.5887940000 3.2530370000
4864.7998050000 -12.5689990000 3.2519140000
4864.9902340000 -12.5494790000 3.2507910000
4865.1801760000 -12.5302700000 3.2496710000
4865.3701170000 -12.5112710000 3.2485490000
4865.5698240000 -12.4916330000 3.2473730000
4865.7597660000 -12.4731380000 3.2462500000
4865.9501950000 -12.4548790000 3.2451290000
4866.1401370000 -12.4368500000 3.2440070000
4866.3300780000 -12.4190870000 3.2428880000
4866.5200200000 -12.4015430000 3.2417700000
4866.7099610000 -12.3841650000 3.2406490000
4866.8999020000 -12.3670370000 3.2395310000
4867.0898440000 -12.3501090000 3.2384130000
4867.2797850000 -12.3333350000 3.2372930000
4867.4799800000 -12.3159260000 3.2361160000
4867.6699220000 -12.2995390000 3.2349970000
4867.8598630000 -12.2833750000 3.2338800000
4868.0498050000 -12.2673880000 3.2327640000
4868.2402340000 -12.2514940000 3.2316420000
4868.4301760000 -12.2358500000 3.2305260000
4868.6201170000 -12.2203700000 3.2294100000
4868.8100590000 -12.2050130000 3.2282920000
4869.0097660000 -12.1890570000 3.2271180000
4869.2001950000 -12.1740220000 3.2260000000
4869.3901370000 -12.1591740000 3.2248850000
4869.5800780000 -12.1444380000 3.2237670000
4869.7700200000 -12.1298820000 3.2226520000
4869.9599610000 -12.1154680000 3.2215390000
4870.1499020000 -12.1011560000 3.2204220000
4870.3398440000 -12.0870150000 3.2193080000
4870.5400390000 -12.0722370000 3.2181330000
4870.7299800000 -12.0583660000 3.2170190000
4870.9199220000 -12.0446220000 3.2159060000
4871.1098630000 -12.0309700000 3.2147900000
4871.2998050000 -12.0174730000 3.2136780000
4871.4902340000 -12.0040630000 3.2125640000
4871.6801760000 -11.9907710000 3.2114480000
4871.8701170000 -11.9776280000 3.2103360000
4872.0698240000 -11.9639130000 3.2091660000
4872.2597660000 -11.9510000000 3.2080550000
4872.4501950000 -11.9381310000 3.2069380000
4872.6401370000 -11.9254340000 3.2058270000
4872.8300780000 -11.9128430000 3.2047160000
4873.0200200000 -11.9003220000 3.2036030000
4873.2202150000 -11.8872530000 3.2024310000
4873.4101560000 -11.8749700000 3.2013210000
4873.6000980000 -11.8627850000 3.2002110000
4873.7900390000 -11.8506660000 3.1990990000
4873.9799800000 -11.8386720000 3.1979890000
4874.1699220000 -11.8267700000 3.1968800000
4874.3598630000 -11.8149290000 3.1957680000
4874.5600590000 -11.8025920000 3.1946010000
4874.7500000000 -11.7909350000 3.1934900000
4874.9399410000 -11.7793930000 3.1923820000
4875.1298830000 -11.7679380000 3.1912740000
4875.3198240000 -11.7565360000 3.1901630000
4875.5097660000 -11.7452470000 3.1890550000
4875.7099610000 -11.7334210000 3.1878870000
4875.8999020000 -11.7222980000 3.1867800000
4876.0898440000 -11.7112240000 3.1856700000
4876.2797850000 -11.7002560000 3.1845640000
4876.4702150000 -11.6893370000 3.1834550000
4876.6699220000 -11.6779520000 3.1822900000
4876.8598630000 -11.6672130000 3.1811840000
4877.0498050000 -11.6565200000 3.1800760000
4877.2402340000 -11.6459000000 3.1789670000
4877.4301760000 -11.6353760000 3.1778620000
4877.6201170000 -11.6248960000 3.1767540000
4877.8198240000 -11.6139650000 3.1755910000
4878.0097660000 -11.6036510000 3.1744860000
4878.2001950000 -11.5933780000 3.1733790000
4878.3901370000 -11.5831720000 3.1722730000
4878.5800780000 -11.5730550000 3.1711680000
4878.7797850000 -11.5624730000 3.1700070000
4878.9702150000 -11.5524620000 3.1689000000
4879.1601560000 -11.5425380000 3.1677970000
4879.3500980000 -11.5326490000 3.1666910000
4879.5400390000 -11.5228460000 3.1655880000
4879.7402340000 -11.5125670000 3.1644250000
4879.9301760000 -11.5028850000 3.1633220000
4880.1201170000 -11.4932370000 3.1622180000
4880.3100590000 -11.4836720000 3.1611160000
4880.5000000000 -11.4741620000 3.1600140000
4880.7001950000 -11.4641880000 3.1588530000
4880.8901370000 -11.4547680000 3.1577480000
4881.0800780000 -11.4454260000 3.1566480000
4881.2700200000 -11.4361380000 3.1555460000
4884.7792970000 -11.2732630000 3.1352330000
4980.2890630000 -9.1145350000 2.6106550000
5077.6660160000 -8.2604670000 2.1274470000
5161.9301760000 -8.3484310000 1.7467580000
5162.1401370000 -8.3514650000 1.7458490000
5162.3598630000 -8.3546720000 1.7449000000
5162.5698240000 -8.3577880000 1.7439910000
5162.7900390000 -8.3610880000 1.7430400000
5163.0000000000 -8.3642850000 1.7421310000
5163.2202150000 -8.3676810000 1.7411790000
5163.4301760000 -8.3709570000 1.7402730000
5163.6499020000 -8.3744360000 1.7393240000
5163.8598630000 -8.3778010000 1.7384180000
5164.0800780000 -8.3813820000 1.7374670000
5164.2900390000 -8.3848390000 1.7365610000
5164.5097660000 -8.3885100000 1.7356120000
5164.7202150000 -8.3920690000 1.7347050000
5164.9399410000 -8.3958420000 1.7337570000
5165.1499020000 -8.3994910000 1.7328520000
5165.3701170000 -8.4033770000 1.7319020000
5165.5800780000 -8.4071370000 1.7309950000
5165.7998050000 -8.4111140000 1.7300500000
5166.0097660000 -8.4149800000 1.7291440000
5166.2299800000 -8.4190880000 1.7281940000
5166.4399410000 -8.4230560000 1.7272910000
5166.6601560000 -8.4272810000 1.7263420000
5166.8798830000 -8.4315500000 1.7253980000
5167.0898440000 -8.4357020000 1.7244930000
5167.3100590000 -8.4401150000 1.7235450000
5167.5200200000 -8.4443790000 1.7226420000
5167.7402340000 -8.4489210000 1.7216940000
5167.9501950000 -8.4533120000 1.7207920000
5168.1699220000 -8.4579800000 1.7198470000
5168.3798830000 -8.4625020000 1.7189460000
5168.6000980000 -8.4673220000 1.7179990000
5168.8100590000 -8.4719820000 1.7170960000
5169.0297850000 -8.4769390000 1.7161520000
5169.2500000000 -8.4819850000 1.7152060000
5169.4599610000 -8.4868650000 1.7143050000
5169.6801760000 -8.4920680000 1.7133600000
5169.8901370000 -8.4971030000 1.7124590000
5170.1098630000 -8.5024600000 1.7115150000
5170.3198240000 -8.5076680000 1.7106130000
5170.5400390000 -8.5131980000 1.7096710000
5170.7500000000 -8.5185750000 1.7087690000
5170.9702150000 -8.5243000000 1.7078240000
5171.1899410000 -8.5300960000 1.7068840000
5171.3999020000 -8.5357460000 1.7059830000
5171.6201170000 -8.5417500000 1.7050410000
5171.8300780000 -8.5475910000 1.7041400000
5172.0498050000 -8.5538020000 1.7031980000
5172.2597660000 -8.5598330000 1.7023000000
5172.4799800000 -8.5662750000 1.7013570000
5172.7001950000 -8.5728320000 1.7004150000
5172.9101560000 -8.5791890000 1.6995160000
5173.1298830000 -8.5859690000 1.6985760000
5173.3398440000 -8.5925580000 1.6976790000
5173.5600590000 -8.5996030000 1.6967360000
5173.7797850000 -8.6067660000 1.6957970000
5173.9902340000 -8.6137470000 1.6948980000
5174.2099610000 -8.6211820000 1.6939580000
5174.4199220000 -8.6284160000 1.6930620000
5174.6401370000 -8.6361590000 1.6921220000
5174.8500980000 -8.6436790000 1.6912250000
5175.0698240000 -8.6517130000 1.6902870000
5175.2900390000 -8.6599320000 1.6893460000
5175.5000000000 -8.6679200000 1.6884510000
5175.7202150000 -8.6764810000 1.6875100000
5175.9301760000 -8.6848060000 1.6866160000
5176.1499020000 -8.6937130000 1.6856780000
5176.3701170000 -8.7028380000 1.6847390000
5176.5800780000 -8.7117200000 1.6838450000
5176.7998050000 -8.7212310000 1.6829070000
5176.9472660000 -8.7277300000 1.6822800000
5177.0200200000 -8.7309860000 1.6819690000
5177.2299800000 -8.7404880000 1.6810750000
5177.4501950000 -8.7507000000 1.6801370000
5177.6601560000 -8.7606570000 1.6792430000
5177.8798830000 -8.7713410000 1.6783070000
5178.1000980000 -8.7823190000 1.6773690000
5178.3100590000 -8.7930360000 1.6764760000
5178.5297850000 -8.8045510000 1.6755410000
5178.7500000000 -8.8163990000 1.6746030000
5178.9599610000 -8.8279820000 1.6737120000
5179.1801760000 -8.8404750000 1.6727740000
5179.3901370000 -8.8527020000 1.6718830000
5179.6098630000 -8.8658750000 1.6709490000
5179.8300780000 -8.8794680000 1.6700120000
5180.0400390000 -8.8927960000 1.6691210000
5180.2597660000 -8.9071840000 1.6681870000
5180.4799800000 -8.9220600000 1.6672520000
5180.6899410000 -8.9366800000 1.6663610000
5180.9101560000 -8.9525320000 1.6654260000
5181.1298830000 -8.9688930000 1.6644940000
5181.3398440000 -8.9850480000 1.6636030000
5181.5600590000 -9.0026130000 1.6626680000
5181.7797850000 -9.0207980000 1.6617360000
5181.9902340000 -9.0388510000 1.6608450000
5182.2099610000 -9.0584580000 1.6599130000
5182.4301760000 -9.0789200000 1.6589790000
5182.6401370000 -9.0992220000 1.6580910000
5182.8598630000 -9.1214150000 1.6571590000
5183.0800780000 -9.1446820000 1.6562260000
5183.2900390000 -9.1678790000 1.6553370000
5183.5097660000 -9.1933710000 1.6544080000
5183.7299800000 -9.2202560000 1.6534750000
5183.9399410000 -9.2472310000 1.6525870000
5184.1601560000 -9.2771480000 1.6516550000
5184.3798830000 -9.3088120000 1.6507250000
5184.5898440000 -9.3409230000 1.6498370000
5184.8100590000 -9.3768820000 1.6489070000
5185.0297850000 -9.4153600000 1.6479770000
5185.2402340000 -9.4549560000 1.6470890000
5185.4599610000 -9.4997190000 1.6461600000
5185.6801760000 -9.5486310000 1.6452290000
5185.8901370000 -9.5996910000 1.6443430000
5186.1098630000 -9.6588450000 1.6434140000
5186.3300780000 -9.7251230000 1.6424870000
5186.5400390000 -9.7969360000 1.6416000000
5186.7597660000 -9.8834370000 1.6406720000
5186.9799800000 -9.9857730000 1.6397450000
5187.2001950000 -10.1112060000 1.6388150000
5187.4101560000 -10.2641000000 1.6379290000
5187.6298830000 -10.4846640000 1.6370040000
5187.8500980000 -10.8498950000 1.6360750000
5188.0600590000 -11.9178060000 1.6351890000
5188.2797850000 -11.0430200000 3.4607190000
5188.5000000000 -10.5762530000 3.4597430000
5188.7099610000 -10.3295400000 3.4588130000
5188.9301760000 -10.1485920000 3.4578370000
5189.1499020000 -10.0103700000 3.4568630000
5189.3701170000 -9.8979880000 3.4558890000
5189.5800780000 -9.8075490000 3.4549600000
5189.7998050000 -9.7254040000 3.4539870000
5190.0200200000 -9.6529180000 3.4530120000
5190.2402340000 -9.5881380000 3.4520380000
5190.4501950000 -9.5322180000 3.4511100000
5190.6699220000 -9.4786080000 3.4501370000
5190.8901370000 -9.4291670000 3.4491630000
5191.1000980000 -9.3854680000 3.4482360000
5191.3198240000 -9.3427380000 3.4472650000
5191.5400390000 -9.3026410000 3.4462910000
5191.7597660000 -9.2650930000 3.4453220000
5191.9702150000 -9.2309900000 3.4443910000
5192.1899410000 -9.1972600000 3.4434210000
5192.4101560000 -9.1652140000 3.4424510000
5192.6298830000 -9.1346830000 3.4414810000
5192.8398440000 -9.1068240000 3.4405550000
5193.0600590000 -9.0787990000 3.4395830000
5193.2797850000 -9.0519820000 3.4386130000
5193.5000000000 -9.0261590000 3.4376410000
5193.7099610000 -9.0024690000 3.4367160000
5193.9301760000 -8.9784710000 3.4357450000
5194.1499020000 -8.9553540000 3.4347760000
5194.3701170000 -8.9329580000 3.4338050000
5194.5800780000 -8.9122990000 3.4328810000
5194.7998050000 -8.8913090000 3.4319130000
5195.0200200000 -8.8709020000 3.4309430000
5195.2402340000 -8.8511300000 3.4299760000
5195.4599610000 -8.8319090000 3.4290080000
5195.6699220000 -8.8140100000 3.4280820000
5195.8901370000 -8.7957790000 3.4271150000
5196.1098630000 -8.7780130000 3.4261480000
5196.3300780000 -8.7606500000 3.4251790000
5196.5400390000 -8.7445020000 3.4242570000
5196.7597660000 -8.7279700000 3.4232910000
5196.9799800000 -8.7117800000 3.4223220000
5197.2001950000 -8.6959490000 3.4213540000
5197.4199220000 -8.6804920000 3.4203890000
5197.6298830000 -8.6660430000 3.4194670000
5197.8500980000 -8.6511760000 3.4185000000
5198.0698240000 -8.6366390000 3.4175350000
5198.2900390000 -8.6223850000 3.4165700000
5198.5000000000 -8.6090040000 3.4156470000
5198.7202150000 -8.5952710000 3.4146820000
5198.9399410000 -8.5817890000 3.4137180000
5199.1601560000 -8.5685200000 3.4127520000
5199.3798830000 -8.5555090000 3.4117880000
5199.6000980000 -8.5426930000 3.4108220000
5199.8100590000 -8.5306870000 3.4099030000
5200.0297850000 -8.5183100000 3.4089390000
5200.2500000000 -8.5061040000 3.4079740000
5200.4702150000 -8.4940910000 3.4070090000
5200.6899410000 -8.4823150000 3.4060480000
5200.8999020000 -8.4711910000 3.4051280000
5201.1201170000 -8.4597330000 3.4041650000
5201.3398440000 -8.4484410000 3.4032030000
5201.5600590000 -8.4372860000 3.4022390000
5201.7797850000 -8.4263120000 3.4012780000
5201.9902340000 -8.4159560000 3.4003570000
5202.2099610000 -8.4052730000 3.3993960000
5202.4301760000 -8.3947110000 3.3984330000
5202.6499020000 -8.3843090000 3.3974720000
5202.8701170000 -8.3740410000 3.3965110000
5203.0898440000 -8.3639030000 3.3955510000
5203.2998050000 -8.3543220000 3.3946320000
5203.5200200000 -8.3444280000 3.3936720000
5203.7402340000 -8.3346310000 3.3927110000
5203.9599610000 -8.3249720000 3.3917500000
5204.1801760000 -8.3154050000 3.3907890000
5204.3999020000 -8.3059680000 3.3898300000
5204.6201170000 -8.2966390000 3.3888710000
5204.8300780000 -8.2878110000 3.3879540000
5205.0498050000 -8.2786830000 3.3869940000
5205.2700200000 -8.2696530000 3.3860360000
5205.4902340000 -8.2607000000 3.3850760000
5205.7099610000 -8.2518620000 3.3841180000
5205.9301760000 -8.2430940000 3.3831580000
5206.1499020000 -8.2344370000 3.3822000000
5206.3598630000 -8.2262540000 3.3812870000
5206.5800780000 -8.2177480000 3.3803270000
5206.7998050000 -8.2093420000 3.3793700000
5207.0200200000 -8.2010170000 3.3784130000
5207.2402340000 -8.1927550000 3.3774550000
5207.4599610000 -8.1845870000 3.3764980000
5207.6801760000 -8.1764790000 3.3755400000
5207.8901370000 -8.1688260000 3.3746270000
5208.1098630000 -8.1608790000 3.3736720000
5208.3300780000 -8.1529870000 3.3727140000
5208.5498050000 -8.1451810000 3.3717580000
5208.7700200000 -8.1374430000 3.3708030000
5208.9902340000 -8.1297550000 3.3698450000
5209.2099610000 -8.1221490000 3.3688910000
5209.4301760000 -8.1145930000 3.3679340000
5209.6499020000 -8.1071140000 3.3669800000
5209.8598630000 -8.1000330000 3.3660690000
5210.0800780000 -8.0926580000 3.3651130000
5210.2998050000 -8.0853580000 3.3641590000
5210.5200200000 -8.0781150000 3.3632060000
5210.7402340000 -8.0709150000 3.3622500000
5210.9599610000 -8.0637860000 3.3612970000
5211.1801760000 -8.0566960000 3.3603420000
5211.3999020000 -8.0496750000 3.3593880000
5211.6201170000 -8.0426920000 3.3584340000
5211.8398440000 -8.0357900000 3.3574840000
5212.0498050000 -8.0292220000 3.3565730000
5212.2700200000 -8.0224050000 3.3556200000
5212.4902340000 -8.0156220000 3.3546670000
5212.7099610000 -8.0089020000 3.3537150000
5212.9301760000 -8.0022140000 3.3527610000
5213.1499020000 -7.9955880000 3.3518100000
5213.3701170000 -7.9889940000 3.3508580000
5213.5898440000 -7.9824720000 3.3499090000
5213.8100590000 -7.9759670000 3.3489560000
5214.0297850000 -7.9695200000 3.3480050000
5214.2500000000 -7.9631010000 3.3470540000
5214.4702150000 -7.9567240000 3.3461010000
5214.6801760000 -7.9506900000 3.3451950000
5214.8999020000 -7.9444070000 3.3442450000
5215.1201170000 -7.9381520000 3.3432930000
5215.3398440000 -7.9319620000 3.3423460000
5215.5600590000 -7.9257850000 3.3413950000
5215.7797850000 -7.9196590000 3.3404460000
5216.0000000000 -7.9135580000 3.3394960000
5216.2202150000 -7.9074940000 3.3385450000
5216.4399410000 -7.9014920000 3.3375990000
5216.6601560000 -7.8955010000 3.3366490000
5216.8798830000 -7.8895570000 3.3357010000
5217.1000980000 -7.8836360000 3.3347510000
5217.3198240000 -7.8777620000 3.3338040000
5217.5400390000 -7.8719100000 3.3328540000
5217.7597660000 -7.8661160000 3.3319090000
5217.9799800000 -7.8603290000 3.3309600000
5218.2001950000 -7.8545760000 3.3300120000
5218.4199220000 -7.8488660000 3.3290650000
5218.6401370000 -7.8431760000 3.3281170000
5218.8598630000 -7.8375420000 3.3271730000
5219.0698240000 -7.8321680000 3.3262680000
5219.2900390000 -7.8265690000 3.3253210000
5219.5097660000 -7.8210230000 3.3243770000
5219.7299800000 -7.8154840000 3.3234300000
5219.9501950000 -7.8099730000 3.3224830000
5220.1699220000 -7.8045020000 3.3215380000
5220.3901370000 -7.7990480000 3.3205910000
5220.6098630000 -7.7936460000 3.3196490000
5220.8300780000 -7.7882480000 3.3187030000
5221.0498050000 -7.7828880000 3.3177590000
5221.2700200000 -7.7775440000 3.3168130000
5221.4902340000 -7.7722260000 3.3158670000
5221.7099610000 -7.7669570000 3.3149250000
5221.9301760000 -7.7616920000 3.3139800000
5222.1499020000 -7.7564630000 3.3130370000
5222.3701170000 -7.7512480000 3.3120930000
5222.5898440000 -7.7460690000 3.3111500000
5278.1694340000 -6.8445630000 3.0790500000
5381.3710940000 -5.8719860000 2.6791550000
5486.5903320000 -5.1852900000 2.3091800000
5593.8666990000 -4.6419620000 1.9670320000
5703.2412110000 -4.1904950000 1.6508460000
5814.7534180000 -3.8036770000 1.3589680000
5928.4467770000 -3.1486280000 1.0876460000
6044.3627930000 -2.8231830000 0.7745910000
6162.5449220000 -2.5334400000 0.4747790000
6283.0380860000 -2.2733100000 0.1876630000
6405.8872070000 -1.8730560000 9.8872680000
6531.1386720000 -1.6507750000 9.5888670000
6658.8383790000 -1.4507300000 9.2983680000
6789.0356450000 -1.2717570000 9.0156770000
6921.7783200000 -1.1093650000 8.7407350000
7057.1162110000 -0.9629420000 8.4732210000
7195.1005860000 -0.8309710000 8.2129670000
7335.7827150000 -0.7121370000 7.9598160000
7479.2158200000 -0.6052790000 7.7136030000
7625.4531250000 -0.5093810000 7.4741720000
7774.5498050000 -0.4235370000 7.2413670000
7926.5620120000 -0.3469470000 7.0150360000
8081.5458980000 -0.2789010000 6.7950260000
8239.5605470000 -0.2187750000 6.5811910000
8400.6640630000 -0.1660380000 6.3733840000
8564.9189450000 -0.1202810000 6.1714610000
8732.3837890000 -0.0813470000 5.9752830000
8903.1240230000 -0.0499630000 5.7847420000
9077.2021480000 -0.0202270000 5.6014610000
9254.6845700000 0.0044570000 5.4235750000
9435.6367190000 0.0249280000 5.2509540000
9620.1269530000 0.0413610000 5.0834510000
9808.2246090000 0.0533820000 4.9209670000
10000.0000000000 0.0625050000 4.7633770000
10195.5253900000 0.0684340000 4.6105200000
10394.8730500000 0.0706850000 4.4622720000
10598.1191400000 0.0708440000 4.3185760000
10805.3388700000 0.0684790000 4.1792430000
11016.6103500000 0.0637800000 4.0441520000
11232.0127000000 0.0569210000 3.9131820000
11451.6259800000 0.0480650000 3.7862160000
11675.5341800000 0.0371440000 3.6631420000
11903.8203100000 0.0244390000 3.5438560000
12136.5693400000 0.0104380000 3.4282480000
12373.8701200000 -0.0050230000 3.3162060000
12615.8105500000 -0.0218350000 3.2076290000
12862.4814500000 -0.0398980000 3.1024160000
13113.9746100000 -0.0591190000 3.0004700000
13370.3857400000 -0.0794130000 2.9016950000
13631.8105500000 -0.1007020000 2.8060000000
13898.3466800000 -0.1229150000 2.7132950000
14170.0937500000 -0.1459870000 2.6234920000
14447.1543000000 -0.1698590000 2.5365060000
14729.6328100000 -0.1944800000 2.4522540000
15017.6337900000 -0.2198020000 2.3706560000
15311.2666000000 -0.2457840000 2.2916330000
15610.6396500000 -0.2723900000 2.2151090000
15915.8671900000 -0.2995900000 2.1410090000
16227.0615200000 -0.3273580000 2.0692620000
16544.3418000000 -0.3576230000 1.9998190000
16867.8242200000 -0.3864630000 1.9326240000
17197.6328100000 -0.4158240000 1.8675760000
17533.8906300000 -0.4471540000 1.8046170000
17876.7207000000 -0.4775460000 1.7437110000
18226.2558600000 -0.5084640000 1.6847610000
18582.6250000000 -0.5399230000 1.6277090000
18945.9628900000 -0.5719470000 1.5724960000
19316.4023400000 -0.6045630000 1.5190670000
19694.0878900000 -0.6378150000 1.4673650000
20079.1562500000 -0.6736760000 1.4174370000
20471.7539100000 -0.7083040000 1.3691450000
20872.0273400000 -0.7437290000 1.3224220000
21280.1289100000 -0.7817480000 1.2772820000
21696.2070300000 -0.8190080000 1.2336520000
22120.4238300000 -0.8573560000 1.1914450000
22552.9335900000 -0.8996390000 1.1506430000
22993.8984400000 -0.9409270000 1.1113050000
23443.4882800000 -0.9834700000 1.0732670000
23901.8671900000 -1.0278210000 1.0364810000
24369.2070300000 -1.0742610000 1.0009090000
24845.6875000000 -1.1231330000 0.9665110000
25331.4824200000 -1.1748550000 0.9332510000
25826.7753900000 -1.2299480000 0.9010920000
26331.7539100000 -1.2890680000 0.8699980000
26846.6054700000 -1.3530890000 0.8399740000
27371.5234400000 -1.4231550000 0.8110470000
27906.7070300000 -1.5006250000 0.7830940000
28452.3515600000 -1.5875080000 0.7560830000
29008.6660200000 -1.6866670000 0.7299810000
29575.8593800000 -1.8023610000 0.7047600000
30154.1406300000 -1.9413080000 0.6803890000
30743.7304700000 -2.1149980000 0.6568410000
31344.8476600000 -2.3455010000 0.6340880000
31957.7168000000 -2.6840740000 0.6121040000
31963.0000000000 -2.6877360000 0.6119190000
31971.1992200000 -2.6934530000 0.6116330000
31979.5000000000 -2.6992830000 0.6113440000
31987.6992200000 -2.7050840000 0.6110580000
31996.0000000000 -2.7110010000 0.6107690000
32004.1992200000 -2.7168890000 0.6104840000
32012.5000000000 -2.7228950000 0.6101950000
32020.8007800000 -2.7289470000 0.6099070000
32029.0000000000 -2.7349700000 0.6096220000
32037.3007800000 -2.7411150000 0.6093340000
32045.5996100000 -2.7473080000 0.6090470000
32053.9003900000 -2.7535500000 0.6087590000
32062.1992200000 -2.7598390000 0.6084720000
32070.4003900000 -2.7661040000 0.6081880000
32078.6992200000 -2.7724960000 0.6079010000
32087.0000000000 -2.7789400000 0.6076140000
32095.4003900000 -2.7855140000 0.6073240000
32103.6992200000 -2.7920620000 0.6070380000
32112.0000000000 -2.7986660000 0.6067520000
32120.3007800000 -2.8053260000 0.6064660000
32128.5996100000 -2.8120420000 0.6061810000
32136.9003900000 -2.8188150000 0.6058950000
32145.3007800000 -2.8257280000 0.6056060000
32153.5996100000 -2.8326160000 0.6053210000
32162.0000000000 -2.8396500000 0.6050330000
32170.3007800000 -2.8466620000 0.6047490000
32178.6992200000 -2.8538210000 0.6044610000
32187.0000000000 -2.8609590000 0.6041760000
32195.4003900000 -2.8682480000 0.6038890000
32203.6992200000 -2.8755160000 0.6036050000
32212.0996100000 -2.8829380000 0.6033180000
32220.5000000000 -2.8904300000 0.6030310000
32228.8007800000 -2.8979030000 0.6027480000
32237.1992200000 -2.9055330000 0.6024620000
32245.5996100000 -2.9132390000 0.6021760000
32254.0000000000 -2.9210240000 0.6018890000
32262.4003900000 -2.9288800000 0.6016040000
32270.8007800000 -2.9368150000 0.6013180000
32279.1992200000 -2.9448240000 0.6010330000
32287.5996100000 -2.9529210000 0.6007470000
32296.0000000000 -2.9610960000 0.6004620000
32304.4003900000 -2.9693550000 0.6001780000
32312.8007800000 -2.9776980000 0.5998930000
32321.3007800000 -2.9862290000 0.5996050000
32329.6992200000 -2.9947500000 0.5993210000
32338.0996100000 -3.0033600000 0.5990370000
32346.5996100000 -3.0121670000 0.5987500000
32355.0000000000 -3.0209650000 0.5984670000
32363.4003900000 -3.0298600000 0.5981830000
32371.9003900000 -3.0389600000 0.5978970000
32380.3007800000 -3.0480590000 0.5976140000
32388.8007800000 -3.0573660000 0.5973280000
32397.3007800000 -3.0667800000 0.5970420000
32405.6992200000 -3.0761930000 0.5967600000
32414.1992200000 -3.0858280000 0.5964740000
32422.6992200000 -3.0955780000 0.5961890000
32431.1992200000 -3.1054460000 0.5959040000
32439.6992200000 -3.1154380000 0.5956190000
32448.0996100000 -3.1254310000 0.5953380000
32456.5996100000 -3.1356670000 0.5950530000
32465.0996100000 -3.1460330000 0.5947690000
32473.5996100000 -3.1565300000 0.5944850000
32482.0996100000 -3.1671690000 0.5942010000
32490.6992200000 -3.1780680000 0.5939150000
32499.1992200000 -3.1889850000 0.5936310000
32507.6992200000 -3.2000490000 0.5933480000
32516.1992200000 -3.2112680000 0.5930650000
32524.6992200000 -3.2226370000 0.5927820000
32533.3007800000 -3.2343050000 0.5924960000
32541.8007800000 -3.2459960000 0.5922140000
32550.4003900000 -3.2579950000 0.5919290000
32558.9003900000 -3.2700280000 0.5916470000
32567.5000000000 -3.2823880000 0.5913620000
32576.0000000000 -3.2947820000 0.5910800000
32582.5703100000 -3.3044900000 0.5908630000
32584.5996100000 -3.3075130000 0.5907950000
32593.1992200000 -3.3204460000 0.5905110000
32601.6992200000 -3.3334250000 0.5902300000
32610.3007800000 -3.3467700000 0.5899460000
32618.9003900000 -3.3603260000 0.5896620000
32627.5000000000 -3.3741050000 0.5893790000
32636.0000000000 -3.3879590000 0.5890990000
32644.5996100000 -3.4022040000 0.5888150000
32653.1992200000 -3.4166960000 0.5885320000
32661.8007800000 -3.4314480000 0.5882500000
32670.4003900000 -3.4464580000 0.5879670000
32679.0996100000 -3.4619250000 0.5876810000
32687.6992200000 -3.4774920000 0.5873990000
32696.3007800000 -3.4933600000 0.5871170000
32704.9003900000 -3.5095240000 0.5868360000
32713.5000000000 -3.5260110000 0.5865540000
32722.1992200000 -3.5430130000 0.5862690000
32730.8007800000 -3.5601720000 0.5859880000
32739.5000000000 -3.5778800000 0.5857040000
32748.0996100000 -3.5957650000 0.5854230000
32756.8007800000 -3.6142480000 0.5851400000
32765.4003900000 -3.6329140000 0.5848590000
32774.1015600000 -3.6522280000 0.5845760000
32782.6992200000 -3.6717530000 0.5842960000
32791.3984400000 -3.6919680000 0.5840130000
32800.1015600000 -3.7126890000 0.5837300000
32808.8007800000 -3.7339050000 0.5834480000
32817.5000000000 -3.7556680000 0.5831660000
32826.1015600000 -3.7777390000 0.5828870000
32834.8007800000 -3.8006440000 0.5826050000
32843.5000000000 -3.8241740000 0.5823230000
32852.1992200000 -3.8483740000 0.5820420000
32860.8984400000 -3.8732590000 0.5817610000
32869.6992200000 -3.8991890000 0.5814760000
32878.3984400000 -3.9256110000 0.5811950000
32887.1015600000 -3.9528620000 0.5809150000
32895.8007800000 -3.9809940000 0.5806340000
32904.5000000000 -4.0100510000 0.5803540000
32913.3007800000 -4.0404710000 0.5800710000
32922.0000000000 -4.0716260000 0.5797910000
32930.8007800000 -4.1043040000 0.5795080000
32939.5000000000 -4.1378410000 0.5792290000
32948.3007800000 -4.1731310000 0.5789460000
32957.0000000000 -4.2094700000 0.5786670000
32965.8007800000 -4.2478120000 0.5783850000
32974.6015600000 -4.2878930000 0.5781030000
32983.3007800000 -4.3293710000 0.5778250000
32992.1015600000 -4.3734130000 0.5775440000
33000.8984400000 -4.4197500000 0.5772630000
33009.6992200000 -4.4686310000 0.5769820000
33018.5000000000 -4.5203450000 0.5767010000
33027.3007800000 -4.5752340000 0.5764200000
33036.1015600000 -4.6337060000 0.5761400000
33044.8984400000 -4.6962220000 0.5758600000
33053.6992200000 -4.7634380000 0.5755800000
33062.5000000000 -4.8360670000 0.5753000000
33071.3007800000 -4.9150450000 0.5750210000
33080.1015600000 -5.0015670000 0.5747410000
33089.0000000000 -5.0983420000 0.5744590000
33097.8007800000 -5.2053570000 0.5741800000
33106.6015600000 -5.3265990000 0.5739010000
33115.5000000000 -5.4680890000 0.5736200000
33124.3007800000 -5.6333880000 0.5733420000
33133.1992200000 -5.8374520000 0.5730600000
33142.0000000000 -6.0965550000 0.5727830000
33150.8984400000 -6.4625510000 0.5725020000
33159.8007800000 -7.0753340000 0.5722210000
33168.6015600000 -9.4038980000 0.5719440000
33177.5000000000 -7.2377350000 3.5212300000
33186.3984400000 -6.5393330000 3.5196960000
33195.3007800000 -6.1414740000 3.5181630000
33204.1992200000 -5.8619610000 3.5166310000
33213.1015600000 -5.6460780000 3.5151000000
33219.6406300000 -5.5137020000 3.5139760000
33222.0000000000 -5.4700600000 3.5135710000
33230.8984400000 -5.3213920000 3.5120420000
33239.8007800000 -5.1926590000 3.5105140000
33248.6992200000 -5.0791090000 3.5089880000
33257.6015600000 -4.9774690000 3.5074620000
33266.5000000000 -4.8855650000 3.5059380000
33275.5000000000 -4.8006510000 3.5043970000
33284.3984400000 -4.7234480000 3.5028750000
33293.3007800000 -4.6518560000 3.5013530000
33302.3007800000 -4.5844660000 3.4998160000
33311.1992200000 -4.5220940000 3.4982960000
33320.1992200000 -4.4628200000 3.4967610000
33329.1015600000 -4.4074980000 3.4952440000
33338.1015600000 -4.3545770000 3.4937110000
33347.1015600000 -4.3043340000 3.4921780000
33356.0000000000 -4.2570800000 3.4906640000
33365.0000000000 -4.2114530000 3.4891340000
33374.0000000000 -4.1678560000 3.4876050000
33383.0000000000 -4.1260960000 3.4860770000
33392.0000000000 -4.0860230000 3.4845500000
33401.0000000000 -4.0474870000 3.4830240000
33410.0000000000 -4.0104030000 3.4814990000
33419.0000000000 -3.9746490000 3.4799760000
33428.0000000000 -3.9401190000 3.4784530000
33437.0000000000 -3.9067550000 3.4769310000
33446.0000000000 -3.8744690000 3.4754110000
33455.0000000000 -3.8431790000 3.4738910000
33464.1015600000 -3.8125190000 3.4723550000
33473.1015600000 -3.7830750000 3.4708380000
33482.1015600000 -3.7544820000 3.4693210000
33491.1992200000 -3.7263770000 3.4677890000
33500.1992200000 -3.6993290000 3.4662750000
33509.3007800000 -3.6726910000 3.4647450000
33518.3007800000 -3.6470280000 3.4632320000
33527.3984400000 -3.6217280000 3.4617050000
33536.5000000000 -3.5970370000 3.4601770000
33545.5000000000 -3.5731930000 3.4586680000
33554.6015600000 -3.5496540000 3.4571430000
33563.6992200000 -3.5266490000 3.4556200000
33572.8007800000 -3.5041460000 3.4540960000
33581.8984400000 -3.4821390000 3.4525750000
33591.0000000000 -3.4605910000 3.4510540000
33600.1015600000 -3.4394890000 3.4495340000
33609.1992200000 -3.4188250000 3.4480160000
33618.3007800000 -3.3985630000 3.4464980000
33627.3984400000 -3.3787050000 3.4449820000
33636.6015600000 -3.3590080000 3.4434490000
33645.6992200000 -3.3398990000 3.4419350000
33654.8007800000 -3.3211320000 3.4404210000
33664.0000000000 -3.3025050000 3.4388920000
33673.1015600000 -3.2844070000 3.4373810000
33682.1992200000 -3.2666390000 3.4358710000
33691.3984400000 -3.2489700000 3.4343450000
33700.6015600000 -3.2316010000 3.4328210000
33709.6992200000 -3.2147110000 3.4313140000
33718.8984400000 -3.1979080000 3.4297910000
33728.1015600000 -3.1813760000 3.4282690000
33737.1992200000 -3.1652870000 3.4267660000
33746.3984400000 -3.1492690000 3.4252460000
33755.6015600000 -3.1334960000 3.4237280000
33764.8007800000 -3.1179620000 3.4222100000
33774.0000000000 -3.1026650000 3.4206940000
33783.1992200000 -3.0875860000 3.4191790000
33792.3984400000 -3.0727310000 3.4176650000
33801.6015600000 -3.0580760000 3.4161510000
33810.8007800000 -3.0436320000 3.4146390000
33820.1015600000 -3.0292350000 3.4131110000
33829.3007800000 -3.0151920000 3.4116020000
33838.5000000000 -3.0013330000 3.4100930000
33847.8007800000 -2.9875110000 3.4085680000
33857.0000000000 -2.9740220000 3.4070620000
33866.3007800000 -2.9605530000 3.4055390000
33869.1679700000 -2.9564410000 3.4050710000
33875.5000000000 -2.9474090000 3.4040350000
33884.8007800000 -2.9342870000 3.4025150000
33894.0000000000 -2.9214660000 3.4010120000
33903.3007800000 -2.9086660000 3.3994940000
33912.6015600000 -2.8960240000 3.3979770000
33921.8007800000 -2.8836660000 3.3964770000
33931.1015600000 -2.8713240000 3.3949630000
33940.3984400000 -2.8591320000 3.3934500000
33949.6992200000 -2.8470770000 3.3919370000
33959.0000000000 -2.8351610000 3.3904250000
33968.3007800000 -2.8233800000 3.3889150000
33977.6015600000 -2.8117330000 3.3874050000
33986.8984400000 -2.8002150000 3.3858970000
33996.3007800000 -2.7887020000 3.3843730000
34005.6015600000 -2.7774360000 3.3828670000
34014.8984400000 -2.7662920000 3.3813620000
34024.1992200000 -2.7552650000 3.3798570000
34033.6015600000 -2.7442400000 3.3783380000
34042.8984400000 -2.7334440000 3.3768360000
34052.3007800000 -2.7226470000 3.3753190000
34061.6015600000 -2.7120740000 3.3738190000
34071.0000000000 -2.7014960000 3.3723040000
34080.3984400000 -2.6910250000 3.3707900000
34089.6992200000 -2.6807670000 3.3692930000
34099.1015600000 -2.6704990000 3.3677810000
34108.5000000000 -2.6603350000 3.3662700000
34117.8984400000 -2.6502730000 3.3647610000
34127.3007800000 -2.6403010000 3.3632520000
34136.6992200000 -2.6304270000 3.3617440000
34146.1015600000 -2.6206430000 3.3602370000
34155.5000000000 -2.6109580000 3.3587320000
34164.8984400000 -2.6013590000 3.3572280000
34174.3007800000 -2.5918440000 3.3557240000
34183.6992200000 -2.5824200000 3.3542220000
34193.1015600000 -2.5730800000 3.3527200000
34202.6015600000 -2.5637230000 3.3512040000
34212.0000000000 -2.5545490000 3.3497050000
34221.5000000000 -2.5453610000 3.3481910000
34230.8984400000 -2.5363480000 3.3466940000
34240.3984400000 -2.5273190000 3.3451820000
34249.8007800000 -2.5184570000 3.3436870000
34259.3007800000 -2.5095820000 3.3421770000
34268.8007800000 -2.5007790000 3.3406680000
34278.1992200000 -2.4921480000 3.3391770000
34287.6992200000 -2.4834910000 3.3376700000
34297.1992200000 -2.4749090000 3.3361650000
34306.6992200000 -2.4663980000 3.3346600000
34316.1992200000 -2.4579530000 3.3331570000
34325.6992200000 -2.4495790000 3.3316540000
34335.1992200000 -2.4412730000 3.3301530000
34344.6992200000 -2.4330300000 3.3286530000
34354.1992200000 -2.4248550000 3.3271540000
34363.6992200000 -2.4167410000 3.3256550000
34373.3007800000 -2.4086060000 3.3241420000
34382.8007800000 -2.4006210000 3.3226460000
34392.3007800000 -2.3926980000 3.3211510000
34401.8984400000 -2.3847530000 3.3196420000
34411.3984400000 -2.3769460000 3.3181490000
34421.0000000000 -2.3691180000 3.3166410000
34430.5000000000 -2.3614310000 3.3151510000
34440.1015600000 -2.3537190000 3.3136450000
34531.3945300000 -2.2831340000 3.2993830000
35206.5703100000 -1.8731180000 3.1968230000
35894.9492200000 -1.5784600000 3.0973030000
36596.7851600000 -1.3499850000 3.0007380000
37312.3437500000 -1.1649580000 2.9070430000
38041.8906300000 -1.0108830000 2.8161390000
38785.7070300000 -0.8800990000 2.7279450000
39544.0625000000 -0.7675430000 2.6423850000
40317.2500000000 -0.6696740000 2.5593840000
41105.5546900000 -0.5839040000 2.4788700000
41909.2695300000 -0.5082840000 2.4007720000
42728.6992200000 -0.4412950000 2.3250200000
43564.1523400000 -0.3787480000 2.2512410000
44415.9414100000 -0.3254970000 2.1793570000
45284.3867200000 -0.2779910000 2.1095700000
46169.8085900000 -0.2355640000 2.0418250000
47072.5429700000 -0.1976550000 1.9760680000
47992.9296900000 -0.1637880000 1.9122480000
48931.3125000000 -0.1335500000 1.8503140000
49888.0429700000 -0.1065830000 1.7902160000
50863.4765600000 -0.0825760000 1.7319040000
51857.9843800000 -0.0612530000 1.6753330000
52871.9375000000 -0.0423690000 1.6204530000
53905.7187500000 -0.0257090000 1.5672220000
54959.7109400000 -0.0110790000 1.5155940000
56034.3085900000 0.0015790000 1.4655260000
57129.9218800000 0.0126590000 1.4169760000
58246.9531300000 0.0221820000 1.3699030000
59385.8281300000 0.0302780000 1.3242660000
60546.9687500000 0.0370630000 1.2800260000
61730.8125000000 0.0426450000 1.2371430000
62937.8046900000 0.0471200000 1.1955820000
64168.3984400000 0.0505790000 1.1553040000
65423.0507800000 0.0531020000 1.1162740000
66702.2343800000 0.0538250000 1.0784860000
68006.4296900000 0.0546850000 1.0419510000
69336.1250000000 0.0548270000 1.0065640000
70691.8203100000 0.0543080000 0.9722910000
72074.0234400000 0.0531810000 0.9391020000
73483.2500000000 0.0514960000 0.9069630000
74920.0312500000 0.0492950000 0.8758460000
76384.9062500000 0.0466170000 0.8457200000
77878.4218800000 0.0434940000 0.8165570000
79401.1406300000 0.0399420000 0.7883280000
80953.6328100000 0.0361080000 0.7611140000
82536.4765600000 0.0320510000 0.7348570000
84150.2734400000 0.0277290000 0.7094630000
85795.6250000000 0.0231710000 0.6849060000
87473.1406300000 0.0184030000 0.6611600000
89183.4609400000 0.0134480000 0.6381990000
90927.2187500000 0.0083300000 0.6159980000
92705.0781300000 0.0030690000 0.5945340000
94517.6953100000 -0.0023160000 0.5737840000
96365.7500000000 -0.0078080000 0.5537240000
98249.9453100000 -0.0133890000 0.5343340000
100170.9766000000 -0.0190450000 0.5155910000
102129.5703000000 -0.0247610000 0.4974760000
104126.4609000000 -0.0305250000 0.4799680000
106162.3906000000 -0.0363250000 0.4630490000
108238.1328000000 -0.0421490000 0.4466980000
110354.4609000000 -0.0479850000 0.4308990000
112512.1641000000 -0.0538300000 0.4156340000
114712.0547000000 -0.0596680000 0.4008850000
116954.9688000000 -0.0654950000 0.3866350000
119241.7266000000 -0.0713010000 0.3728690000
121573.2031000000 -0.0770820000 0.3595720000
123950.2656000000 -0.0828300000 0.3467270000
126373.8047000000 -0.0885400000 0.3343210000
128844.7266000000 -0.0942060000 0.3223390000
131363.9688000000 -0.0998250000 0.3107670000
133932.4531000000 -0.1053910000 0.2995920000
136551.1719000000 -0.1109010000 0.2888020000
139221.0938000000 -0.1163500000 0.2783820000
141943.2188000000 -0.1217380000 0.2683220000
144718.5625000000 -0.1308810000 0.2586890000
147548.1719000000 -0.1361350000 0.2495350000
150433.1094000000 -0.1413060000 0.2407040000
153374.4531000000 -0.1463920000 0.2321850000
156373.2969000000 -0.1513930000 0.2239650000
159430.7969000000 -0.1563070000 0.2160360000
162548.0625000000 -0.1611330000 0.2083870000
165726.2813000000 -0.1658710000 0.2010070000
168966.6406000000 -0.1705210000 0.1938880000
172270.3750000000 -0.1750830000 0.1870200000
175638.6875000000 -0.1795560000 0.1803940000
179072.8594000000 -0.1839410000 0.1740020000
182574.1875000000 -0.1882370000 0.1678360000
186143.9688000000 -0.1924460000 0.1618880000
189783.5469000000 -0.1965670000 0.1561500000
193494.2969000000 -0.2006010000 0.1506140000
197277.5938000000 -0.2045490000 0.1452740000
201134.8594000000 -0.2084120000 0.1401230000
205067.5469000000 -0.2121910000 0.1351530000
209077.1406000000 -0.2158850000 0.1303590000
213165.1250000000 -0.2194970000 0.1257350000
217333.0313000000 -0.2230270000 0.1212740000
221582.4375000000 -0.2264760000 0.1169710000
225914.9219000000 -0.2298450000 0.1128200000
230332.1250000000 -0.2331360000 0.1088160000
234835.7031000000 -0.2363500000 0.1049530000
239427.3281000000 -0.2394870000 0.1012280000
244108.7344000000 -0.2425490000 0.0976330000
248881.6719000000 -0.2455370000 0.0941670000
253747.9219000000 -0.2484520000 0.0908220000
258709.3281000000 -0.2512970000 0.0875970000
263767.7500000000 -0.2540710000 0.0844850000
268925.0625000000 -0.2567760000 0.0814840000
274183.2188000000 -0.2594130000 0.0785890000
279544.1875000000 -0.2619840000 0.0757960000
285010.0000000000 -0.2644910000 0.0731030000
290582.6563000000 -0.2669330000 0.0705050000
296264.2500000000 -0.2693130000 0.0679980000
302056.9688000000 -0.2716310000 0.0655810000
307962.9375000000 -0.2738900000 0.0632500000
313984.3750000000 -0.2760890000 0.0610010000
320123.5625000000 -0.2782320000 0.0588320000
326382.7813000000 -0.2803170000 0.0567400000
332764.3750000000 -0.2823480000 0.0547220000
339270.7500000000 -0.2843250000 0.0527750000
345904.3438000000 -0.2862490000 0.0508980000
352667.6563000000 -0.2881220000 0.0490870000
359563.1875000000 -0.2899440000 0.0473410000
366593.5625000000 -0.2917180000 0.0456560000
373761.3750000000 -0.2934430000 0.0440320000
381069.3438000000 -0.2951210000 0.0424650000
388520.2188000000 -0.2967530000 0.0409530000
396116.7500000000 -0.2983410000 0.0394960000
403861.8125000000 -0.2998840000 0.0380900000
411758.3438000000 -0.3013860000 0.0367340000
419809.2500000000 -0.3028450000 0.0354260000
428017.5625000000 -0.3042640000 0.0341650000
436386.3750000000 -0.3056430000 0.0329490000
444918.8125000000 -0.3069840000 0.0317760000
453618.0938000000 -0.3082870000 0.0306440000
462487.4688000000 -0.3095530000 0.0295530000
471530.2500000000 -0.3107840000 0.0285010000
480749.8438000000 -0.3119800000 0.0274860000
490149.7188000000 -0.3131410000 0.0265070000
499733.3750000000 -0.3142700000 0.0255630000
509504.4063000000 -0.3153660000 0.0246520000
519466.5000000000 -0.3164300000 0.0237740000
529623.3750000000 -0.3174640000 0.0229280000
539978.8125000000 -0.3184690000 0.0221110000
550536.7500000000 -0.3194440000 0.0213230000
561301.1250000000 -0.3203910000 0.0205640000
572276.0000000000 -0.3213100000 0.0198310000
583465.4375000000 -0.3222020000 0.0191250000
594873.6250000000 -0.3230690000 0.0184440000
606504.8750000000 -0.3239100000 0.0177870000
618363.5625000000 -0.3247260000 0.0171530000
630454.1250000000 -0.3255180000 0.0165420000
642781.1250000000 -0.3262870000 0.0159530000
655349.0625000000 -0.3270330000 0.0153840000
668162.8125000000 -0.3277570000 0.0148360000
681227.0625000000 -0.3284600000 0.0143080000
694546.7500000000 -0.3291410000 0.0137980000
