30.0000000000 -38.5740010000 5.9548610000
30.5865750000 -38.5209620000 5.6849970000
31.1846200000 -38.4860570000 5.4368380000
31.7943570000 -38.4664000000 5.2087720000
32.4160160000 -38.4595790000 4.9993250000
33.0498310000 -38.4636080000 4.8071470000
33.6960370000 -38.4768300000 4.6310050000
34.3548770000 -38.4978790000 4.4697680000
35.0266040000 -38.5256390000 4.3224000000
35.7114600000 -38.5592230000 4.1879550000
36.4097100000 -38.5979800000 4.0655650000
37.1216090000 -38.6415520000 3.9544330000
37.8474310000 -38.6911740000 3.8767520000
38.5874440000 -38.7306140000 3.7877420000
39.3419230000 -38.7752340000 3.7080760000
40.1111560000 -38.8224950000 3.6371930000
40.8954320000 -38.8715590000 3.5745790000
41.6950380000 -38.9219630000 3.5197640000
42.5102810000 -38.9733770000 3.4723150000
43.3414650000 -39.0255430000 3.4318360000
44.1888960000 -39.0782740000 3.3979630000
45.0529020000 -39.1314010000 3.3703630000
45.9338000000 -39.1848070000 3.3487300000
46.8319210000 -39.2383880000 3.3327850000
47.7476010000 -39.2920610000 3.3222720000
48.6811870000 -39.3457720000 3.3169550000
49.6330260000 -39.3994750000 3.3166190000
50.6034740000 -39.4531360000 3.3210700000
51.5928990000 -39.5067480000 3.3301270000
52.6016690000 -39.5603030000 3.3436260000
53.6301650000 -39.6138080000 3.3614200000
54.6787680000 -39.6672780000 3.3833710000
55.7478750000 -39.7207530000 3.4093580000
56.8378870000 -39.7742580000 3.4392680000
57.9492070000 -39.8278540000 3.4730020000
59.0822600000 -39.8815920000 3.5104670000
60.2374690000 -39.9355510000 3.5515840000
61.4152600000 -39.9898030000 3.5962780000
62.6160810000 -40.0444530000 3.6444870000
63.8403850000 -40.0996060000 3.6961520000
65.0886230000 -40.1553840000 3.7512240000
66.3612670000 -38.4741710000 3.7843170000
67.6587980000 -38.4742470000 3.7928740000
68.9816970000 -38.4752310000 3.8015670000
70.3304600000 -38.4774060000 3.8102860000
71.7055970000 -38.4810870000 3.8189260000
73.1076200000 -38.4866330000 3.8273880000
74.5370640000 -38.4944570000 3.8355770000
75.9944460000 -38.5050130000 3.8434040000
77.4803310000 -38.5188290000 3.8507820000
78.9952620000 -38.5365140000 3.8576310000
80.5398180000 -38.5587650000 3.8638750000
82.1145710000 -38.5863990000 3.8694420000
83.7201160000 -38.6203840000 3.8742630000
85.3570560000 -38.6618540000 3.8782750000
87.0260010000 -38.7121890000 3.8814190000
88.7275770000 -38.7730480000 3.8836380000
90.4624250000 -38.8267440000 3.8841180000
92.2311940000 -38.9151000000 3.8832740000
94.0345380000 -39.0218160000 3.8813470000
95.8731540000 -39.1510310000 3.8782970000
97.7477110000 -39.3081630000 3.8740880000
99.6589200000 -39.5004690000 3.8686850000
101.6075060000 -39.7379070000 3.8620600000
103.5941850000 -40.0345650000 3.8541870000
105.6197130000 -40.4110490000 3.8450450000
107.6848450000 -40.8988230000 3.8346150000
109.7903520000 -41.5484920000 3.8228830000
111.9370270000 -42.4470520000 3.8098380000
114.1256790000 -47.1458890000 9.6822950000
116.3571170000 -39.6813850000 7.4459780000
118.6321950000 -36.6170350000 5.5637280000
120.9517520000 -34.8947330000 3.9737510000
123.3166580000 -33.8382640000 2.6257090000
125.7278060000 -33.1702650000 1.4785180000
128.1860960000 -32.7475740000 0.4985320000
130.6924590000 -32.4868700000 9.6581270000
133.2478330000 -32.3360400000 8.9345610000
135.8531490000 -32.2609670000 8.3090740000
138.5094300000 -32.2386020000 7.7661230000
141.2176360000 -32.2530560000 7.2928160000
143.9787900000 -32.2932320000 6.8784330000
146.7939300000 -32.3513180000 6.5140290000
149.6641240000 -32.4929050000 6.1922150000
152.5904390000 -32.5734100000 5.9104250000
155.5739590000 -32.6595690000 5.6597410000
158.6158140000 -32.7495540000 5.4357280000
161.7171480000 -32.8421860000 5.2346410000
164.8791350000 -32.9367640000 5.0533170000
168.1029360000 -33.0329630000 4.8890780000
171.3897710000 -33.1307410000 4.7396530000
174.7408600000 -33.2303050000 4.6031100000
178.1574860000 -33.3320770000 4.4778090000
181.6409150000 -33.4366760000 4.3623510000
185.1924440000 -33.5449490000 4.2555470000
188.8134160000 -33.6579900000 4.1563830000
192.5051880000 -33.7772100000 4.0639940000
196.2691500000 -33.9044840000 3.9776460000
200.1067050000 -34.0423320000 3.8967160000
204.0192870000 -34.1943020000 3.8206740000
208.0083770000 -34.3656230000 3.7490770000
212.0754700000 -34.5645220000 3.6815510000
216.2220760000 -34.8049470000 3.6177870000
220.4497530000 -35.1191180000 4.5411950000
224.7601010000 -34.9505000000 4.5004930000
229.1547240000 -34.9257470000 4.4628270000
233.6352690000 -34.9600410000 4.4280680000
238.2034300000 -35.1095310000 4.7194410000
242.8609010000 -35.0204430000 4.6971550000
247.6094360000 -35.0139390000 4.6776200000
252.4508210000 -35.0373340000 4.6608410000
257.3868710000 -35.0799450000 4.6468580000
262.4194340000 -35.1378860000 4.6357440000
267.5503850000 -35.2096250000 4.6276040000
272.7816770000 -35.2948230000 4.6225820000
278.1152340000 -35.3939480000 4.6208580000
283.5530700000 -35.5082240000 4.6226550000
289.0972600000 -35.6397900000 4.6282410000
294.7498170000 -35.7921330000 4.6379350000
300.5129390000 -35.9711270000 4.6521120000
306.3887020000 -36.3557170000 5.1929640000
312.3793640000 -36.2564390000 5.2214050000
318.4871830000 -36.3104400000 5.2557450000
324.7143860000 -36.4117770000 5.2966760000
331.0633850000 -36.5434800000 5.3450050000
337.5364990000 -36.7003140000 5.4016690000
344.1361690000 -36.8806460000 5.4677610000
350.8648990000 -37.0844080000 5.5445530000
357.7251890000 -37.3124240000 5.6335330000
364.7196040000 -37.5660930000 5.7364340000
371.8508000000 -37.8473130000 5.8552920000
379.1213990000 -38.1583980000 5.9924920000
386.5341800000 -38.5021020000 6.1508390000
394.0918880000 -38.8816220000 6.3336380000
401.7973630000 -39.3006520000 6.5447910000
409.6535340000 -39.7634160000 6.7889190000
417.6632690000 -40.2747340000 7.0715010000
425.8296200000 -40.5223540000 7.3910180000
434.1556700000 -41.1409030000 7.7616740000
442.6445010000 -41.8269770000 8.1939790000
451.2993160000 -42.5887760000 8.6990550000
460.1233520000 -32.7543070000 8.8186640000
469.1199040000 -32.6565670000 8.8441810000
478.2923890000 -32.5619850000 8.8647570000
487.6441960000 -32.4711230000 8.8802480000
497.1788640000 -32.3845860000 8.8905280000
506.8999330000 -32.3030320000 8.8954810000
516.8110960000 -32.2271730000 8.8950100000
526.9160770000 -32.1577760000 8.8890300000
537.2185670000 -32.0956690000 8.8774730000
547.7225340000 -32.0417520000 8.8602890000
558.4318850000 -31.9969940000 8.8374400000
569.3506470000 -31.9624630000 8.8089090000
580.4828490000 -31.9393200000 8.7746960000
591.8327640000 -31.9288330000 8.7348150000
603.4046020000 -31.9324130000 8.6892970000
615.2026370000 -31.9516180000 8.6381910000
627.2313840000 -31.9881840000 8.5815640000
639.4953610000 -32.0440710000 8.5194940000
651.9990840000 -32.1214940000 8.4520810000
664.7473140000 -32.2229770000 8.3794350000
677.7447510000 -32.3514370000 8.3016830000
690.9963990000 -32.5102580000 8.2189670000
704.5070800000 -32.7323650000 8.1315780000
718.2819820000 -32.9645960000 8.0402570000
732.3261720000 -33.2415280000 7.9444680000
746.6450200000 -33.5700800000 7.8443990000
761.2437740000 -33.9587750000 7.7402520000
776.1279910000 -34.4183080000 7.6322340000
791.3032230000 -34.9623180000 7.5205630000
806.7752080000 -35.6085400000 7.4054630000
822.5496830000 -36.3805310000 7.2871650000
838.6325680000 -37.3103940000 7.1659050000
855.0299680000 -38.4431530000 7.0419240000
871.7479250000 -39.8887100000 6.9156550000
888.7927860000 -41.6577300000 6.7893770000
906.1708980000 -43.9517210000 6.6611730000
923.8888550000 -47.0398030000 6.5312840000
941.9531860000 -52.5532490000 6.4719510000
960.3707280000 -49.3442990000 8.8402210000
979.1483760000 -40.6013410000 7.3766780000
998.2931520000 -35.7432710000 5.9908290000
1017.8123170000 -32.3435970000 4.7175640000
1037.7131350000 -29.7705880000 3.5164380000
1058.0029300000 -27.7444080000 2.3792690000
1078.6895750000 -26.1150130000 1.3020380000
1099.7806400000 -24.7940440000 0.2810310000
1121.2841800000 -23.7280770000 9.3127990000
1143.2080080000 -22.8880440000 8.3941420000
1165.5606690000 -22.2683660000 7.5220850000
1188.3502200000 -21.9002840000 6.6938900000
1211.5854490000 -21.9194740000 5.9069820000
1235.2750240000 -23.2764700000 5.1590940000
1259.4277340000 -21.3898330000 8.6389480000
1284.0527340000 -19.7872810000 7.7821060000
1309.1591800000 -19.0111690000 6.9865840000
1334.7564700000 -19.5077420000 6.2479080000
1360.8542480000 -17.5128960000 7.3208790000
1387.4624020000 -16.5268290000 6.6082340000
1414.5908200000 -15.8511620000 5.9559500000
1442.2495120000 -15.3557030000 5.3604320000
1470.4492190000 -15.0248990000 4.8187540000
1499.2000730000 -15.0214570000 4.3286440000
1528.5131840000 -14.4547360000 5.0484790000
1558.3995360000 -13.7123230000 4.6414170000
1588.8701170000 -12.1874810000 4.2346340000
1619.9365230000 -10.4309780000 3.7805350000
1651.6103520000 -9.9398630000 3.2201690000
1683.9034420000 -9.4986590000 2.6822010000
1716.8280030000 -9.0972320000 2.1669920000
1750.3962400000 -8.4156480000 1.6539020000
1784.6208500000 -8.0409380000 1.1167910000
1819.5146480000 -7.6949350000 0.5912020000
1855.0908200000 -7.3748760000 0.0770020000
1891.3624270000 -7.0784520000 9.5740620000
1928.3432620000 -6.8036710000 9.0822560000
1966.0472410000 -6.5110750000 8.6011140000
2004.4884030000 -6.2710190000 8.1231730000
2043.6811520000 -6.0489540000 7.6547390000
2083.6401370000 -5.8437810000 7.1957000000
2124.3806150000 -5.6546520000 6.7459370000
2165.9174800000 -5.5786100000 6.3081260000
2208.2666020000 -5.4179340000 5.8794030000
2251.4438480000 -5.2705640000 5.4595530000
2295.4653320000 -5.1358240000 5.0484540000
2340.3474120000 -5.0130930000 4.6459820000
2386.1069340000 -4.9017980000 4.2520160000
2432.7612300000 -4.8014120000 3.8664320000
2480.3278810000 -4.7114470000 3.4891050000
2528.8244630000 -4.6554210000 3.1222510000
2578.2692870000 -4.5855670000 2.7637530000
2628.6809080000 -4.5246740000 2.4132670000
2680.0783690000 -4.4861860000 2.0708140000
2732.4804690000 -4.4426560000 1.7374860000
2785.9074710000 -4.4070010000 1.4118610000
2840.3789060000 -4.3789700000 1.0938070000
2895.9152830000 -4.3583950000 0.7831910000
2952.5378420000 -4.3454000000 0.4798760000
3010.2673340000 -4.3423710000 0.1841930000
3069.1254880000 -4.3427770000 9.8978620000
3129.1347660000 -4.3492980000 9.6186980000
3190.3171390000 -4.3618120000 9.3465530000
3252.6958010000 -4.3801880000 9.0812810000
3316.2941890000 -4.4043250000 8.8227400000
3381.1359860000 -4.4341480000 8.5707860000
3447.2456050000 -4.4696110000 8.3252800000
3514.6479490000 -4.5106990000 8.0860830000
3583.3681640000 -4.5574340000 7.8530610000
3653.4318850000 -4.6098700000 7.6260760000
3724.8657230000 -4.6723790000 7.4050000000
3797.6960450000 -4.7367520000 7.1899350000
3871.9506840000 -4.8120090000 6.9807660000
3947.6569820000 -4.8889840000 6.7771690000
4024.8435060000 -4.9725920000 6.5789880000
4103.5390630000 -5.0640510000 6.3861040000
4183.7739260000 -5.1622350000 6.1983990000
4265.5771480000 -5.2685330000 6.0157350000
4348.9794920000 -5.3836790000 5.8379920000
4434.0131840000 -5.5085870000 5.6650460000
4520.7089840000 -5.6455200000 5.4968180000
4609.1005860000 -5.7935740000 5.3331600000
4699.2197270000 -5.9556100000 5.1739650000
4791.1015630000 -6.1338310000 5.0191160000
4884.7792970000 -6.3310630000 4.8685110000
4980.2890630000 -6.5510170000 4.7220440000
5077.6660160000 -6.7986740000 4.5796110000
5176.9472660000 -7.0809260000 4.4411130000
5278.1694340000 -7.4076700000 4.3064520000
5381.3710940000 -7.7938170000 4.1755310000
5486.5903320000 -8.2718240000 4.0487260000
5593.8666990000 -8.8685090000 3.9254870000
5703.2412110000 -9.6819270000 3.8057160000
5814.7534180000 -10.9676100000 3.6894110000
5924.0498050000 -13.9377060000 3.5809810000
5924.3300780000 -13.9534850000 3.5807090000
5924.6098630000 -13.9693220000 3.5804380000
5924.8901370000 -13.9853250000 3.5801660000
5925.1801760000 -14.0019930000 3.5798850000
5925.4599610000 -14.0182030000 3.5796140000
5925.7402340000 -14.0345580000 3.5793430000
5926.0297850000 -14.0515670000 3.5790620000
5926.3100590000 -14.0681680000 3.5787910000
5926.5898440000 -14.0848620000 3.5785200000
5926.8798830000 -14.1022850000 3.5782390000
5927.1601560000 -14.1192650000 3.5779680000
5927.4399410000 -14.1363430000 3.5776970000
5927.7299800000 -14.1541710000 3.5774160000
5928.0097660000 -14.1715170000 3.5771450000
5928.2900390000 -14.1889980000 3.5768740000
5928.4467770000 -14.1988550000 3.5767230000
5928.5800780000 -14.2072790000 3.5765930000
5928.8598630000 -14.2250100000 3.5763230000
5929.1401370000 -14.2429440000 3.5760520000
5929.4301760000 -14.2616380000 3.5757720000
5929.7099610000 -14.2798360000 3.5755010000
5930.0000000000 -14.2988400000 3.5752200000
5930.2797850000 -14.3173410000 3.5749500000
5930.5600590000 -14.3360270000 3.5746790000
5930.8500980000 -14.3555140000 3.5743990000
5931.1298830000 -14.3744890000 3.5741280000
5931.4101560000 -14.3936570000 3.5738570000
5931.7001950000 -14.4136510000 3.5735770000
5931.9799800000 -14.4331240000 3.5733070000
5932.2700200000 -14.4534710000 3.5730260000
5932.5498050000 -14.4732930000 3.5727560000
5932.8300780000 -14.4932910000 3.5724860000
5933.1201170000 -14.5142270000 3.5722050000
5933.3999020000 -14.5345570000 3.5719350000
5933.6801760000 -14.5551440000 3.5716650000
5933.9702150000 -14.5766660000 3.5713840000
5934.2500000000 -14.5975700000 3.5711150000
5934.5400390000 -14.6195030000 3.5708340000
5934.8198240000 -14.6408120000 3.5705650000
5935.1098630000 -14.6631720000 3.5702850000
5935.3901370000 -14.6849370000 3.5700150000
5935.6699220000 -14.7069130000 3.5697450000
5935.9599610000 -14.7299040000 3.5694650000
5936.2402340000 -14.7523640000 3.5691950000
5936.5297850000 -14.7757880000 3.5689150000
5936.8100590000 -14.7987130000 3.5686450000
5937.0898440000 -14.8218340000 3.5683750000
5937.3798830000 -14.8460350000 3.5680960000
5937.6601560000 -14.8696900000 3.5678260000
5937.9501950000 -14.8944140000 3.5675460000
5938.2299800000 -14.9185430000 3.5672760000
5938.5200200000 -14.9438110000 3.5669970000
5938.7998050000 -14.9684790000 3.5667270000
5939.0898440000 -14.9943180000 3.5664480000
5939.3701170000 -15.0195900000 3.5661780000
5939.6499020000 -15.0451070000 3.5659090000
5939.9399410000 -15.0718440000 3.5656290000
5940.2202150000 -15.0980080000 3.5653590000
5940.5097660000 -15.1253390000 3.5650810000
5940.7900390000 -15.1521340000 3.5648110000
5941.0800780000 -15.1801810000 3.5645320000
5941.3598630000 -15.2075940000 3.5642630000
5941.6499020000 -15.2363430000 3.5639830000
5941.9301760000 -15.2645010000 3.5637140000
5942.2202150000 -15.2939900000 3.5634350000
5942.5000000000 -15.3228320000 3.5631660000
5942.7900390000 -15.3531000000 3.5628870000
5943.0698240000 -15.3827140000 3.5626180000
5943.3598630000 -15.4138030000 3.5623390000
5943.6401370000 -15.4442830000 3.5620690000
5943.9301760000 -15.4762380000 3.5617910000
5944.2099610000 -15.5075270000 3.5615220000
5944.5000000000 -15.5403990000 3.5612430000
5944.7797850000 -15.5725980000 3.5609740000
5945.0698240000 -15.6064400000 3.5606950000
5945.3500980000 -15.6396590000 3.5604260000
5945.6401370000 -15.6745310000 3.5601480000
5945.9199220000 -15.7087180000 3.5598790000
5946.2099610000 -15.7446830000 3.5596000000
5946.4902340000 -15.7800200000 3.5593310000
5946.7797850000 -15.8170890000 3.5590530000
5947.0600590000 -15.8535880000 3.5587840000
5947.3500980000 -15.8919610000 3.5585060000
5947.6298830000 -15.9296380000 3.5582370000
5947.9199220000 -15.9693370000 3.5579590000
5948.2001950000 -16.0084080000 3.5576900000
5948.4902340000 -16.0495320000 3.5574110000
5948.7700200000 -16.0899600000 3.5571430000
5949.0600590000 -16.1326120000 3.5568650000
5949.3398440000 -16.1745720000 3.5565960000
5949.6298830000 -16.2188700000 3.5563180000
5949.9199220000 -16.2640550000 3.5560400000
5950.2001950000 -16.3086340000 3.5557720000
5950.4902340000 -16.3556730000 3.5554940000
5950.7700200000 -16.4020350000 3.5552250000
5951.0600590000 -16.4511640000 3.5549470000
5951.3398440000 -16.4994700000 3.5546790000
5951.6298830000 -16.5507930000 3.5544010000
5951.9199220000 -16.6032200000 3.5541230000
5952.2001950000 -16.6551070000 3.5538540000
5952.4902340000 -16.7100450000 3.5535770000
5952.7700200000 -16.7643850000 3.5533090000
5953.0600590000 -16.8220810000 3.5530310000
5953.3398440000 -16.8792190000 3.5527630000
5953.6298830000 -16.9399640000 3.5524850000
5953.9199220000 -17.0023880000 3.5522080000
5954.2001950000 -17.0644450000 3.5519390000
5954.4902340000 -17.1304590000 3.5516620000
5954.7700200000 -17.1960740000 3.5513940000
5955.0600590000 -17.2661080000 3.5511170000
5955.3500980000 -17.3383790000 3.5508390000
5955.6298830000 -17.4104180000 3.5505720000
5955.9199220000 -17.4875350000 3.5502940000
5956.2001950000 -17.5647050000 3.5500260000
5956.4902340000 -17.6473690000 3.5497490000
5956.7797850000 -17.7331680000 3.5494720000
5957.0600590000 -17.8192100000 3.5492040000
5957.3500980000 -17.9120750000 3.5489270000
5957.6401370000 -18.0087530000 3.5486500000
5957.9199220000 -18.1061820000 3.5483820000
5958.2099610000 -18.2117200000 3.5481050000
5958.4902340000 -18.3186910000 3.5478370000
5958.7797850000 -18.4346890000 3.5475600000
5959.0698240000 -18.5571580000 3.5472840000
5959.3500980000 -18.6822470000 3.5470160000
5959.6401370000 -18.8192920000 3.5467390000
5959.9301760000 -18.9651600000 3.5464620000
5960.2099610000 -19.1154980000 3.5461950000
5960.5000000000 -19.2824940000 3.5459180000
5960.7900390000 -19.4630830000 3.5456410000
5961.0698240000 -19.6519110000 3.5453740000
5961.3598630000 -19.8656220000 3.5450970000
5961.6499020000 -20.1015700000 3.5448200000
5961.9301760000 -20.3557570000 3.5445530000
5962.2202150000 -20.6524310000 3.5442760000
5962.5097660000 -20.9931640000 3.5440000000
5962.7900390000 -21.3804910000 3.5437330000
5963.0800780000 -21.8653950000 3.5434560000
5963.3701170000 -22.4837630000 3.5431800000
5963.6499020000 -23.2971000000 3.5429130000
5963.9399410000 -24.6433620000 3.5426360000
5964.2299800000 -28.3688830000 3.5423600000
5964.5097660000 -25.9165080000 0.7210690000
5964.7998050000 -23.9317070000 0.7199070000
5965.0898440000 -22.8848550000 0.7187440000
5965.3701170000 -22.1893270000 0.7176210000
5965.6601560000 -21.6403140000 0.7164590000
5965.9501950000 -21.1976620000 0.7152980000
5966.2402340000 -20.8261760000 0.7141350000
5966.5200200000 -20.5178070000 0.7130170000
5966.8100590000 -20.2359410000 0.7118540000
5967.1000980000 -19.9852920000 0.7106930000
5967.3798830000 -19.7667520000 0.7095740000
5967.6699220000 -19.5603660000 0.7084140000
5967.9599610000 -19.3709810000 0.7072540000
5968.2500000000 -19.1960090000 0.7060960000
5968.5297850000 -19.0388320000 0.7049770000
5968.8198240000 -18.8866120000 0.7038180000
5969.1098630000 -18.7436070000 0.7026580000
5969.3999020000 -18.6091790000 0.7015000000
5969.6801760000 -18.4862350000 0.7003800000
5969.9702150000 -18.3656540000 0.6992230000
5970.2597660000 -18.2512530000 0.6980680000
5970.5498050000 -18.1420900000 0.6969100000
5970.8300780000 -18.0412180000 0.6957910000
5971.1201170000 -17.9413600000 0.6946350000
5971.4101560000 -17.8454930000 0.6934770000
5971.7001950000 -17.7536030000 0.6923210000
5971.9799800000 -17.6682320000 0.6912050000
5972.2700200000 -17.5830170000 0.6900500000
5972.5600590000 -17.5008390000 0.6888950000
5972.8500980000 -17.4213600000 0.6877380000
5973.1298830000 -17.3473870000 0.6866250000
5973.4199220000 -17.2729430000 0.6854690000
5973.7099610000 -17.2009450000 0.6843150000
5974.0000000000 -17.1311240000 0.6831620000
5974.2900390000 -17.0633580000 0.6820080000
5974.5698240000 -16.9997670000 0.6808940000
5974.8598630000 -16.9357010000 0.6797410000
5975.1499020000 -16.8732640000 0.6785870000
5975.4399410000 -16.8125720000 0.6774340000
5975.7299800000 -16.7534370000 0.6762820000
5976.0097660000 -16.6977480000 0.6751700000
5976.2998050000 -16.6414510000 0.6740180000
5976.5898440000 -16.5864960000 0.6728670000
5976.8798830000 -16.5327340000 0.6717140000
5977.1699220000 -16.4802800000 0.6705630000
5977.4501950000 -16.4306640000 0.6694510000
5977.7402340000 -16.3804590000 0.6683000000
5978.0297850000 -16.3314060000 0.6671520000
5978.3198240000 -16.2832950000 0.6660020000
5978.6098630000 -16.2360920000 0.6648510000
5978.8901370000 -16.1914920000 0.6637410000
5979.1801760000 -16.1461160000 0.6625900000
5979.4702150000 -16.1016880000 0.6614420000
5979.7597660000 -16.0581720000 0.6602950000
5980.0498050000 -16.0153940000 0.6591470000
5980.3398440000 -15.9733290000 0.6579970000
5980.6298830000 -15.9320840000 0.6568500000
5980.9101560000 -15.8928880000 0.6557400000
5981.2001950000 -15.8530490000 0.6545930000
5981.4902340000 -15.8138890000 0.6534460000
5981.7797850000 -15.7754460000 0.6523010000
5982.0698240000 -15.7375120000 0.6511530000
5982.3598630000 -15.7002540000 0.6500070000
5982.6499020000 -15.6635910000 0.6488610000
5982.9301760000 -15.6286820000 0.6477540000
5983.2202150000 -15.5931350000 0.6466080000
5983.5097660000 -15.5581860000 0.6454650000
5983.7998050000 -15.5236480000 0.6443190000
5984.0898440000 -15.4896780000 0.6431740000
5984.3798830000 -15.4562030000 0.6420300000
5984.6699220000 -15.4232100000 0.6408850000
5984.9599610000 -15.3906320000 0.6397400000
5985.2402340000 -15.3596090000 0.6386350000
5985.5297850000 -15.3280180000 0.6374930000
5985.8198240000 -15.2968060000 0.6363510000
5986.1098630000 -15.2660130000 0.6352080000
5986.3999020000 -15.2355790000 0.6340640000
5986.6899410000 -15.2055930000 0.6329210000
5986.9799800000 -15.1759950000 0.6317800000
5987.2700200000 -15.1467730000 0.6306380000
5987.5600590000 -15.1178740000 0.6294950000
5987.8500980000 -15.0893810000 0.6283540000
5988.1401370000 -15.0612390000 0.6272130000
5988.4199220000 -15.0343940000 0.6261120000
5988.7099610000 -15.0069170000 0.6249720000
5989.0000000000 -14.9797670000 0.6238320000
5989.2900390000 -14.9528900000 0.6226900000
5989.5800780000 -14.9263710000 0.6215510000
5989.8701170000 -14.9001560000 0.6204120000
5990.1601560000 -14.8742380000 0.6192730000
5990.4501950000 -14.8485700000 0.6181330000
5990.7402340000 -14.8232290000 0.6169940000
5991.0297850000 -14.7982070000 0.6158580000
5991.3198240000 -14.7734170000 0.6147200000
5991.6098630000 -14.7488530000 0.6135810000
5991.8999020000 -14.7245910000 0.6124430000
5992.1899410000 -14.7005840000 0.6113060000
5992.4799800000 -14.6768290000 0.6101690000
5992.7700200000 -14.6532810000 0.6090310000
5993.0600590000 -14.6300120000 0.6078950000
5993.3500980000 -14.6069780000 0.6067590000
5993.6401370000 -14.5841770000 0.6056230000
5993.9301760000 -14.5615640000 0.6044860000
5994.2202150000 -14.5392110000 0.6033510000
5994.5000000000 -14.5178380000 0.6022550000
5994.7900390000 -14.4959100000 0.6011200000
5995.0800780000 -14.4741910000 0.5999860000
5995.3701170000 -14.4526790000 0.5988510000
5995.6601560000 -14.4313340000 0.5977150000
5995.9501950000 -14.4102240000 0.5965820000
5996.2402340000 -14.3893080000 0.5954480000
5996.5297850000 -14.3686180000 0.5943170000
5996.8198240000 -14.3480470000 0.5931830000
5997.1098630000 -14.3276970000 0.5920510000
5997.3999020000 -14.3075270000 0.5909190000
5997.6899410000 -14.2875360000 0.5897860000
5997.9799800000 -14.2676880000 0.5886530000
5998.2700200000 -14.2480450000 0.5875210000
5998.5698240000 -14.2279020000 0.5863500000
5998.8598630000 -14.2086010000 0.5852190000
5999.1499020000 -14.1894650000 0.5840890000
5999.4399410000 -14.1704880000 0.5829580000
5999.7299800000 -14.1516410000 0.5818260000
6000.0200200000 -14.1329790000 0.5806960000
6000.3100590000 -14.1144720000 0.5795670000
6000.6000980000 -14.0961160000 0.5784370000
6000.8901370000 -14.0778790000 0.5773070000
6001.1801760000 -14.0598180000 0.5761780000
6001.4702150000 -14.0419020000 0.5750480000
6001.7597660000 -14.0241560000 0.5739220000
6002.0498050000 -14.0064920000 0.5727920000
6002.3398440000 -13.9889950000 0.5716650000
6002.6298830000 -13.9716330000 0.5705370000
6002.9199220000 -13.9543760000 0.5694070000
6003.2099610000 -13.9372800000 0.5682810000
6003.5000000000 -13.9203130000 0.5671540000
6003.7900390000 -13.9034750000 0.5660280000
6004.0800780000 -13.8867340000 0.5648990000
6044.3627930000 -12.3110810000 0.4109110000
6162.5449220000 -10.4935490000 9.9862980000
6283.0380860000 -9.9856000000 9.5913560000
6391.2797850000 -10.6029490000 9.2657400000
6391.6000980000 -10.6085090000 9.2648140000
6391.9301760000 -10.6142860000 9.2638620000
6392.2597660000 -10.6201090000 9.2629100000
6392.5898440000 -10.6260000000 9.2619550000
6392.9199220000 -10.6319390000 9.2610030000
6393.2500000000 -10.6379320000 9.2600510000
6393.5800780000 -10.6439810000 9.2590990000
6393.9101560000 -10.6500860000 9.2581470000
6394.2402340000 -10.6562580000 9.2571940000
6394.5698240000 -10.6624700000 9.2562440000
6394.8999020000 -10.6687490000 9.2552930000
6395.2299800000 -10.6750890000 9.2543420000
6395.5600590000 -10.6814980000 9.2533890000
6395.8901370000 -10.6879600000 9.2524390000
6396.2202150000 -10.6944830000 9.2514890000
6396.5498050000 -10.7010600000 9.2505410000
6396.8798830000 -10.7077120000 9.2495910000
6397.2099610000 -10.7144370000 9.2486400000
6397.5400390000 -10.7212200000 9.2476900000
6397.8701170000 -10.7280700000 9.2467410000
6398.2001950000 -10.7349880000 9.2457920000
6398.5297850000 -10.7419750000 9.2448430000
6398.8598630000 -10.7490320000 9.2438960000
6399.1899410000 -10.7561610000 9.2429480000
6399.5200200000 -10.7633620000 9.2420000000
6399.8500980000 -10.7706370000 9.2410520000
6400.1801760000 -10.7779960000 9.2401030000
6400.5097660000 -10.7854110000 9.2391570000
6400.8398440000 -10.7929130000 9.2382100000
6401.1699220000 -10.8004950000 9.2372630000
6401.5000000000 -10.8081670000 9.2363150000
6401.8398440000 -10.8161330000 9.2353410000
6402.1699220000 -10.8239610000 9.2343950000
6402.5000000000 -10.8318830000 9.2334480000
6402.8300780000 -10.8398800000 9.2325020000
6403.1601560000 -10.8479630000 9.2315570000
6403.4902340000 -10.8561340000 9.2306120000
6403.8198240000 -10.8643960000 9.2296670000
6404.1499020000 -10.8727490000 9.2287220000
6404.4799800000 -10.8811960000 9.2277770000
6404.8100590000 -10.8897370000 9.2268330000
6405.1401370000 -10.8983760000 9.2258890000
6405.4702150000 -10.9071250000 9.2249440000
6405.7998050000 -10.9159480000 9.2240020000
6405.8872070000 -10.9183020000 9.2237520000
6406.1401370000 -10.9251730000 9.2230280000
6406.4702150000 -10.9342180000 9.2220850000
6406.7998050000 -10.9433570000 9.2211440000
6407.1298830000 -10.9526180000 9.2202010000
6407.4599610000 -10.9619880000 9.2192580000
6407.7900390000 -10.9714850000 9.2183150000
6408.1201170000 -10.9810830000 9.2173730000
6408.4501950000 -10.9907980000 9.2164310000
6408.7797850000 -11.0006190000 9.2154900000
6409.1201170000 -11.0108940000 9.2145200000
6409.4501950000 -11.0209790000 9.2135780000
6409.7797850000 -11.0311770000 9.2126390000
6410.1098630000 -11.0415330000 9.2116970000
6410.4399410000 -11.0520100000 9.2107560000
6410.7700200000 -11.0626200000 9.2098160000
6411.1000980000 -11.0733700000 9.2088770000
6411.4399410000 -11.0845940000 9.2079080000
6411.7700200000 -11.0956350000 9.2069680000
6412.1000980000 -11.1068410000 9.2060280000
6412.4301760000 -11.1181830000 9.2050890000
6412.7597660000 -11.1296630000 9.2041510000
6413.0898440000 -11.1413190000 9.2032130000
6413.4301760000 -11.1535180000 9.2022450000
6413.7597660000 -11.1654920000 9.2013070000
6414.0898440000 -11.1776540000 9.2003700000
6414.4199220000 -11.1900110000 9.1994300000
6414.7500000000 -11.2025300000 9.1984930000
6415.0800780000 -11.2152330000 9.1975560000
6415.4199220000 -11.2285200000 9.1965900000
6415.7500000000 -11.2416140000 9.1956540000
6416.0800780000 -11.2549080000 9.1947170000
6416.4101560000 -11.2684060000 9.1937810000
6416.7402340000 -11.2821350000 9.1928430000
6417.0800780000 -11.2964680000 9.1918800000
6417.4101560000 -11.3106440000 9.1909440000
6417.7402340000 -11.3250300000 9.1900080000
6418.0698240000 -11.3396320000 9.1890740000
6418.4101560000 -11.3549740000 9.1881090000
6418.7402340000 -11.3700970000 9.1871750000
6419.0698240000 -11.3854580000 9.1862410000
6419.3999020000 -11.4011060000 9.1853080000
6419.7402340000 -11.4175410000 9.1843430000
6420.0698240000 -11.4337330000 9.1834110000
6420.3999020000 -11.4502430000 9.1824770000
6420.7299800000 -11.4670790000 9.1815420000
6421.0698240000 -11.4847050000 9.1805820000
6421.3999020000 -11.5021900000 9.1796470000
6421.7299800000 -11.5199850000 9.1787150000
6422.0600590000 -11.5381280000 9.1777830000
6422.3999020000 -11.5571980000 9.1768220000
6422.7299800000 -11.5760860000 9.1758900000
6423.0600590000 -11.5953620000 9.1749580000
6423.3901370000 -11.6150400000 9.1740260000
6423.7299800000 -11.6357540000 9.1730670000
6424.0600590000 -11.6562990000 9.1721350000
6424.3901370000 -11.6773280000 9.1712040000
6424.7299800000 -11.6994280000 9.1702460000
6425.0600590000 -11.7214380000 9.1693140000
6425.3901370000 -11.7439320000 9.1683840000
6425.7202150000 -11.7669620000 9.1674540000
6426.0600590000 -11.7912800000 9.1664950000
6426.3901370000 -11.8154770000 9.1655660000
6426.7202150000 -11.8402920000 9.1646370000
6427.0600590000 -11.8665360000 9.1636790000
6427.3901370000 -11.8926970000 9.1627500000
6427.7202150000 -11.9195730000 9.1618220000
6428.0600590000 -11.9480510000 9.1608660000
6428.3901370000 -11.9764970000 9.1599370000
6428.7202150000 -12.0057810000 9.1590090000
6429.0600590000 -12.0368820000 9.1580530000
6429.3901370000 -12.0680220000 9.1571250000
6429.7202150000 -12.1002050000 9.1561970000
6430.0600590000 -12.1343800000 9.1552430000
6430.3901370000 -12.1687930000 9.1543150000
6430.7202150000 -12.2043630000 9.1533880000
6431.0600590000 -12.2423100000 9.1524350000
6431.3901370000 -12.2806520000 9.1515070000
6431.7202150000 -12.3204310000 9.1505810000
6432.0600590000 -12.3630960000 9.1496280000
6432.3901370000 -12.4062700000 9.1487020000
6432.7299800000 -12.4527270000 9.1477490000
6433.0600590000 -12.4999030000 9.1468240000
6433.3901370000 -12.5493230000 9.1458990000
6433.7299800000 -12.6028210000 9.1449460000
6434.0600590000 -12.6575030000 9.1440210000
6434.3901370000 -12.7151950000 9.1430970000
6434.7299800000 -12.7781470000 9.1421450000
6435.0600590000 -12.8430630000 9.1412220000
6435.3999020000 -12.9143960000 9.1402700000
6435.7299800000 -12.9885410000 9.1393470000
6436.0600590000 -13.0682410000 9.1384240000
6436.3999020000 -13.1571020000 9.1374730000
6436.7299800000 -13.2510260000 9.1365500000
6437.0698240000 -13.3572440000 9.1356000000
6437.3999020000 -13.4714310000 9.1346780000
6437.7402340000 -13.6034440000 9.1337260000
6438.0698240000 -13.7486170000 9.1328060000
6438.3999020000 -13.9164720000 9.1318850000
6438.7402340000 -14.1218990000 9.1309340000
6439.0698240000 -14.3659130000 9.1300140000
6439.4101560000 -14.6923910000 9.1290640000
6439.7402340000 -15.1409170000 9.1281430000
6440.0800780000 -15.9430620000 9.1271950000
6440.4101560000 -19.8162980000 2.6250720000
6440.7500000000 -15.8560290000 2.6237800000
6441.0800780000 -15.1144190000 2.6225280000
6441.4101560000 -14.6719170000 2.6212760000
6441.7500000000 -14.3468270000 2.6199860000
6442.0800780000 -14.1014230000 2.6187330000
6442.4199220000 -13.8942720000 2.6174440000
6442.7500000000 -13.7239410000 2.6161930000
6443.0898440000 -13.5715980000 2.6149030000
6443.4199220000 -13.4409480000 2.6136530000
6443.7597660000 -13.3203110000 2.6123650000
6444.0898440000 -13.2142210000 2.6111150000
6444.4301760000 -13.1141260000 2.6098250000
6444.7597660000 -13.0248760000 2.6085780000
6445.1000980000 -12.9393550000 2.6072880000
6445.4301760000 -12.8620780000 2.6060390000
6445.7700200000 -12.7875830000 2.6047540000
6446.1000980000 -12.7193750000 2.6035040000
6446.4399410000 -12.6532040000 2.6022210000
6446.7700200000 -12.5921960000 2.6009700000
6447.1098630000 -12.5326440000 2.5996880000
6447.4399410000 -12.4774340000 2.5984380000
6447.7797850000 -12.4232730000 2.5971550000
6448.1098630000 -12.3729030000 2.5959080000
6448.4501950000 -12.3230770000 2.5946230000
6448.7900390000 -12.2753170000 2.5933380000
6449.1201170000 -12.2307210000 2.5920930000
6449.4599610000 -12.1864470000 2.5908090000
6449.7900390000 -12.1449830000 2.5895640000
6450.1298830000 -12.1037060000 2.5882820000
6450.4599610000 -12.0649520000 2.5870360000
6450.7998050000 -12.0262800000 2.5857540000
6451.1298830000 -11.9898920000 2.5845100000
6451.4702150000 -11.9534570000 2.5832270000
6451.8100590000 -11.9181780000 2.5819470000
6452.1401370000 -11.8847930000 2.5807020000
6452.4799800000 -11.8514170000 2.5794230000
6452.8100590000 -11.8197810000 2.5781780000
6453.1499020000 -11.7881050000 2.5769000000
6453.4799800000 -11.7580810000 2.5756580000
6453.8198240000 -11.7278920000 2.5743790000
6454.1601560000 -11.6983810000 2.5730970000
6454.4902340000 -11.6704360000 2.5718560000
6454.8300780000 -11.6422850000 2.5705780000
6455.1601560000 -11.6155600000 2.5693370000
6455.5000000000 -11.5886100000 2.5680590000
6455.8398440000 -11.5622640000 2.5667830000
6456.1699220000 -11.5371450000 2.5655410000
6456.5097660000 -11.5118480000 2.5642660000
6456.8500980000 -11.4869830000 2.5629870000
6457.1801760000 -11.4633430000 2.5617480000
6457.5200200000 -11.4394400000 2.5604720000
6457.8500980000 -11.4166650000 2.5592330000
6458.1899410000 -11.3936200000 2.5579580000
6458.5297850000 -11.3709840000 2.5566820000
6458.8598630000 -11.3493940000 2.5554450000
6459.2001950000 -11.3274950000 2.5541680000
6459.5400390000 -11.3060240000 2.5528950000
6459.8701170000 -11.2854660000 2.5516570000
6460.2099610000 -11.2646820000 2.5503850000
6460.5498050000 -11.2442010000 2.5491100000
6460.8798830000 -11.2246300000 2.5478740000
6461.2202150000 -11.2047430000 2.5465990000
6461.5600590000 -11.1851850000 2.5453260000
6461.8901370000 -11.1664810000 2.5440910000
6462.2299800000 -11.1474890000 2.5428190000
6462.5698240000 -11.1287950000 2.5415490000
6462.8999020000 -11.1108800000 2.5403150000
6463.2402340000 -11.0926500000 2.5390420000
6463.5800780000 -11.0746970000 2.5377700000
6463.9101560000 -11.0575040000 2.5365370000
6464.2500000000 -11.0400230000 2.5352670000
6464.5898440000 -11.0227710000 2.5339970000
6464.9301760000 -11.0057420000 2.5327260000
6465.2597660000 -10.9894470000 2.5314960000
6465.6000980000 -10.9728160000 2.5302250000
6465.9399410000 -10.9564170000 2.5289550000
6466.2700200000 -10.9406920000 2.5277240000
6466.6098630000 -10.9246820000 2.5264560000
6466.9501950000 -10.9088410000 2.5251860000
6467.2900390000 -10.8932290000 2.5239200000
6467.6201170000 -10.8782300000 2.5226900000
6467.9599610000 -10.8629500000 2.5214220000
6468.2998050000 -10.8478420000 2.5201550000
6468.6401370000 -10.8328820000 2.5188870000
6468.9702150000 -10.8185410000 2.5176570000
6469.3100590000 -10.8039220000 2.5163910000
6469.6499020000 -10.7894800000 2.5151270000
6469.9902340000 -10.7751520000 2.5138600000
6470.3198240000 -10.7614300000 2.5126330000
6470.6601560000 -10.7473950000 2.5113670000
6471.0000000000 -10.7335220000 2.5101020000
6471.3398440000 -10.7198100000 2.5088400000
6471.6699220000 -10.7065950000 2.5076100000
6472.0097660000 -10.6931510000 2.5063490000
6472.3500980000 -10.6798010000 2.5050830000
6472.6899410000 -10.6665980000 2.5038190000
6473.0297850000 -10.6535410000 2.5025590000
6473.3598630000 -10.6409500000 2.5013310000
6473.7001950000 -10.6281160000 2.5000690000
6474.0400390000 -10.6153990000 2.4988070000
6474.3798830000 -10.6028010000 2.4975450000
6474.7202150000 -10.5903170000 2.4962840000
6475.0498050000 -10.5783070000 2.4950590000
6475.3901370000 -10.5660410000 2.4937980000
6475.7299800000 -10.5538840000 2.4925370000
6476.0698240000 -10.5418320000 2.4912770000
6476.4101560000 -10.5298670000 2.4900150000
6476.7500000000 -10.5180390000 2.4887570000
6477.0800780000 -10.5066380000 2.4875350000
6477.4199220000 -10.4949870000 2.4862760000
6477.7597660000 -10.4834350000 2.4850170000
6478.1000980000 -10.4719600000 2.4837560000
6478.4399410000 -10.4606110000 2.4824990000
6478.7797850000 -10.4493380000 2.4812410000
6479.1098630000 -10.4384830000 2.4800210000
6479.4501950000 -10.4273700000 2.4787620000
6479.7900390000 -10.4163610000 2.4775040000
6480.1298830000 -10.4054520000 2.4762490000
6480.4702150000 -10.3945960000 2.4749900000
6480.8100590000 -10.3838400000 2.4737340000
6481.1499020000 -10.3731780000 2.4724800000
6481.4902340000 -10.3625680000 2.4712220000
6481.8198240000 -10.3523750000 2.4700050000
6482.1601560000 -10.3419190000 2.4687480000
6482.5000000000 -10.3315540000 2.4674930000
6482.8398440000 -10.3212640000 2.4662390000
6483.1801760000 -10.3110490000 2.4649840000
6483.5200200000 -10.3009070000 2.4637300000
6483.8598630000 -10.2908360000 2.4624770000
6484.2001950000 -10.2808360000 2.4612230000
6484.5400390000 -10.2709060000 2.4599700000
6531.1386720000 -9.3099490000 2.2908870000
6658.8383790000 -8.1103070000 1.8536680000
6782.8798830000 -7.8955760000 1.4625120000
6783.2597660000 -7.8973780000 1.4613610000
6783.6298830000 -7.8991640000 1.4602400000
6784.0000000000 -7.9009810000 1.4591210000
6784.3701170000 -7.9028300000 1.4580000000
6784.7402340000 -7.9047140000 1.4568800000
6785.1098630000 -7.9066250000 1.4557610000
6785.4799800000 -7.9085720000 1.4546420000
6785.8500980000 -7.9105530000 1.4535230000
6786.2299800000 -7.9126220000 1.4523740000
6786.6000980000 -7.9146730000 1.4512560000
6786.9702150000 -7.9167590000 1.4501370000
6787.3398440000 -7.9188770000 1.4490210000
6787.7099610000 -7.9210370000 1.4479020000
6788.0800780000 -7.9232310000 1.4467850000
6788.4599610000 -7.9255190000 1.4456390000
6788.8300780000 -7.9277930000 1.4445200000
6789.0356450000 -7.9290700000 1.4439000000
6789.2001950000 -7.9301010000 1.4434040000
6789.5698240000 -7.9324450000 1.4422890000
6789.9399410000 -7.9348320000 1.4411730000
6790.3100590000 -7.9372590000 1.4400570000
6790.6899410000 -7.9397950000 1.4389110000
6791.0600590000 -7.9423050000 1.4377970000
6791.4301760000 -7.9448580000 1.4366820000
6791.7998050000 -7.9474530000 1.4355670000
6792.1699220000 -7.9500930000 1.4344520000
6792.5498050000 -7.9528460000 1.4333100000
6792.9199220000 -7.9555790000 1.4321940000
6793.2900390000 -7.9583550000 1.4310800000
6793.6601560000 -7.9611770000 1.4299670000
6794.0297850000 -7.9640440000 1.4288550000
6794.4101560000 -7.9670450000 1.4277110000
6794.7797850000 -7.9700090000 1.4266000000
6795.1499020000 -7.9730280000 1.4254880000
6795.5200200000 -7.9760970000 1.4243760000
6795.8999020000 -7.9793030000 1.4232330000
6796.2700200000 -7.9824790000 1.4221220000
6796.6401370000 -7.9857080000 1.4210110000
6797.0097660000 -7.9889920000 1.4199000000
6797.3901370000 -7.9924230000 1.4187580000
6797.7597660000 -7.9958170000 1.4176490000
6798.1298830000 -7.9992780000 1.4165380000
6798.5097660000 -8.0028850000 1.4154000000
6798.8798830000 -8.0064670000 1.4142890000
6799.2500000000 -8.0101060000 1.4131780000
6799.6201170000 -8.0138080000 1.4120690000
6800.0000000000 -8.0176770000 1.4109310000
6800.3701170000 -8.0215110000 1.4098220000
6800.7402340000 -8.0254110000 1.4087130000
6801.1201170000 -8.0294880000 1.4075760000
6801.4902340000 -8.0335280000 1.4064670000
6801.8598630000 -8.0376350000 1.4053620000
6802.2402340000 -8.0419390000 1.4042230000
6802.6098630000 -8.0461950000 1.4031170000
6802.9799800000 -8.0505320000 1.4020110000
6803.3598630000 -8.0550680000 1.4008740000
6803.7299800000 -8.0595660000 1.3997680000
6804.1000980000 -8.0641440000 1.3986620000
6804.4799800000 -8.0689340000 1.3975260000
6804.8500980000 -8.0736850000 1.3964200000
6805.2202150000 -8.0785240000 1.3953150000
6805.6000980000 -8.0835870000 1.3941800000
6805.9702150000 -8.0886100000 1.3930760000
6806.3398440000 -8.0937210000 1.3919730000
6806.7202150000 -8.0990850000 1.3908380000
6807.0898440000 -8.1043960000 1.3897350000
6807.4599610000 -8.1098150000 1.3886310000
6807.8398440000 -8.1154900000 1.3874980000
6808.2099610000 -8.1211250000 1.3863950000
6808.5898440000 -8.1270280000 1.3852620000
6808.9599610000 -8.1328930000 1.3841590000
6809.3300780000 -8.1388730000 1.3830580000
6809.7099610000 -8.1451410000 1.3819260000
6810.0800780000 -8.1513700000 1.3808230000
6810.4599610000 -8.1579010000 1.3796920000
6810.8300780000 -8.1643940000 1.3785910000
6811.2001950000 -8.1710230000 1.3774900000
6811.5800780000 -8.1779780000 1.3763590000
6811.9501950000 -8.1848960000 1.3752580000
6812.3300780000 -8.1921570000 1.3741280000
6812.7001950000 -8.1993830000 1.3730290000
6813.0800780000 -8.2069710000 1.3719000000
6813.4501950000 -8.2145270000 1.3708000000
6813.8198240000 -8.2222440000 1.3697020000
6814.2001950000 -8.2303750000 1.3685720000
6814.5698240000 -8.2384580000 1.3674750000
6814.9501950000 -8.2469680000 1.3663460000
6815.3198240000 -8.2554540000 1.3652490000
6815.7001950000 -8.2643830000 1.3641200000
6816.0698240000 -8.2732820000 1.3630250000
6816.4501950000 -8.2826770000 1.3618960000
6816.8198240000 -8.2920340000 1.3608000000
6817.2001950000 -8.3019200000 1.3596730000
6817.5698240000 -8.3117750000 1.3585770000
6817.9501950000 -8.3221960000 1.3574500000
6818.3198240000 -8.3325940000 1.3563550000
6818.7001950000 -8.3435980000 1.3552280000
6819.0698240000 -8.3545890000 1.3541340000
6819.4501950000 -8.3662340000 1.3530070000
6819.8198240000 -8.3778750000 1.3519140000
6820.2001950000 -8.3902080000 1.3507900000
6820.5698240000 -8.4025860000 1.3496950000
6820.9501950000 -8.4156970000 1.3485720000
6821.3198240000 -8.4288720000 1.3474770000
6821.7001950000 -8.4428490000 1.3463540000
6822.0698240000 -8.4568980000 1.3452620000
6822.4501950000 -8.4718630000 1.3441380000
6822.8198240000 -8.4869100000 1.3430460000
6823.2001950000 -8.5029680000 1.3419230000
6823.5698240000 -8.5191460000 1.3408320000
6823.9501950000 -8.5364460000 1.3397080000
6824.3300780000 -8.5543960000 1.3385890000
6824.7001950000 -8.5726350000 1.3374950000
6825.0800780000 -8.5921110000 1.3363760000
6825.4501950000 -8.6119540000 1.3352830000
6825.8300780000 -8.6332040000 1.3341650000
6826.2001950000 -8.6548960000 1.3330740000
6826.5800780000 -8.6782670000 1.3319540000
6826.9599610000 -8.7028470000 1.3308340000
6827.3300780000 -8.7280570000 1.3297440000
6827.7099610000 -8.7553970000 1.3286260000
6828.0800780000 -8.7835780000 1.3275360000
6828.4599610000 -8.8142700000 1.3264190000
6828.8398440000 -8.8470350000 1.3253000000
6829.2099610000 -8.8811470000 1.3242120000
6829.5898440000 -8.9187690000 1.3230940000
6829.9599610000 -8.9582930000 1.3220060000
6830.3398440000 -9.0023400000 1.3208890000
6830.7202150000 -9.0505700000 1.3197710000
6831.0898440000 -9.1021270000 1.3186850000
6831.4702150000 -9.1610370000 1.3175690000
6831.8500980000 -9.2273580000 1.3164530000
6832.2202150000 -9.3009950000 1.3153660000
6832.6000980000 -9.3888890000 1.3142500000
6832.9799800000 -9.4939060000 1.3131350000
6833.3500980000 -9.6202610000 1.3120500000
6833.7299800000 -9.7896380000 1.3109360000
6834.1098630000 -10.0353520000 1.3098210000
6834.4799800000 -10.4672080000 1.3087370000
6834.8598630000 -11.4219580000 3.0865040000
6835.2402340000 -10.2876820000 3.0853380000
6835.6098630000 -9.9404080000 3.0842050000
6835.9902340000 -9.7201100000 3.0830380000
6836.3701170000 -9.5612240000 3.0818760000
6836.7402340000 -9.4392870000 3.0807430000
6837.1201170000 -9.3358370000 3.0795790000
6837.5000000000 -9.2477970000 3.0784160000
6837.8701170000 -9.1729930000 3.0772830000
6838.2500000000 -9.1047760000 3.0761200000
6838.6298830000 -9.0435500000 3.0749590000
6839.0097660000 -8.9878510000 3.0737970000
6839.3798830000 -8.9380820000 3.0726650000
6839.7597660000 -8.8908230000 3.0715040000
6840.1401370000 -8.8468490000 3.0703400000
6840.5200200000 -8.8058610000 3.0691800000
6840.8901370000 -8.7683120000 3.0680500000
6841.2700200000 -8.7319290000 3.0668900000
6841.6499020000 -8.6975050000 3.0657290000
6842.0297850000 -8.6648690000 3.0645700000
6842.3999020000 -8.6345240000 3.0634390000
6842.7797850000 -8.6048360000 3.0622810000
6843.1601560000 -8.5763620000 3.0611200000
6843.5400390000 -8.5490980000 3.0599600000
6843.9101560000 -8.5235850000 3.0588320000
6844.2900390000 -8.4983570000 3.0576730000
6844.6699220000 -8.4740700000 3.0565170000
6845.0498050000 -8.4505940000 3.0553590000
6845.4301760000 -8.4278710000 3.0541990000
6845.7998050000 -8.4065010000 3.0530740000
6846.1801760000 -8.3851930000 3.0519160000
6846.5600590000 -8.3645190000 3.0507590000
6846.9399410000 -8.3444390000 3.0496020000
6847.3198240000 -8.3249400000 3.0484470000
6847.6899410000 -8.3064110000 3.0473190000
6848.0698240000 -8.2879150000 3.0461650000
6848.4501950000 -8.2698410000 3.0450080000
6848.8300780000 -8.2522320000 3.0438520000
6849.2099610000 -8.2350600000 3.0426980000
6849.5898440000 -8.2182640000 3.0415430000
6849.9599610000 -8.2022710000 3.0404190000
6850.3398440000 -8.1861970000 3.0392640000
6850.7202150000 -8.1704460000 3.0381090000
6851.1000980000 -8.1550590000 3.0369560000
6851.4799800000 -8.1399610000 3.0358020000
6851.8598630000 -8.1251600000 3.0346490000
6852.2402340000 -8.1106410000 3.0334950000
6852.6098630000 -8.0967840000 3.0323740000
6852.9902340000 -8.0827710000 3.0312200000
6853.3701170000 -8.0690260000 3.0300670000
6853.7500000000 -8.0555190000 3.0289150000
6854.1298830000 -8.0422590000 3.0277650000
6854.5097660000 -8.0292020000 3.0266130000
6854.8901370000 -8.0163430000 3.0254600000
6855.2700200000 -8.0037190000 3.0243100000
6855.6499020000 -7.9912770000 3.0231600000
6856.0200200000 -7.9793450000 3.0220390000
6856.3999020000 -7.9672710000 3.0208890000
6856.7797850000 -7.9553890000 3.0197400000
6857.1601560000 -7.9436490000 3.0185890000
6857.5400390000 -7.9320890000 3.0174390000
6857.9199220000 -7.9207030000 3.0162920000
6858.2998050000 -7.9094580000 3.0151420000
6858.6801760000 -7.8983480000 3.0139920000
6859.0600590000 -7.8873980000 3.0128430000
6859.4399410000 -7.8766020000 3.0116970000
6859.8198240000 -7.8659290000 3.0105490000
6860.2001950000 -7.8553750000 3.0093990000
6860.5800780000 -7.8449760000 3.0082530000
6860.9599610000 -7.8346890000 3.0071060000
6861.3398440000 -7.8245220000 3.0059590000
6861.7202150000 -7.8144750000 3.0048120000
6862.1000980000 -7.8045410000 3.0036660000
6862.4799800000 -7.7947190000 3.0025200000
6862.8598630000 -7.7850170000 3.0013740000
6863.2402340000 -7.7753970000 3.0002280000
6863.6201170000 -7.7658920000 2.9990820000
6864.0000000000 -7.7564980000 2.9979380000
6864.3798830000 -7.7471900000 2.9967940000
6864.7597660000 -7.7379780000 2.9956480000
6865.1401370000 -7.7288580000 2.9945040000
6865.5200200000 -7.7198300000 2.9933600000
6865.8999020000 -7.7108880000 2.9922160000
6866.2797850000 -7.7020450000 2.9910740000
6866.6601560000 -7.6932640000 2.9899290000
6867.0400390000 -7.6845760000 2.9887860000
6867.4199220000 -7.6759790000 2.9876440000
6867.7998050000 -7.6674490000 2.9865020000
6868.1801760000 -7.6589870000 2.9853580000
6868.5600590000 -7.6506200000 2.9842170000
6868.9399410000 -7.6423150000 2.9830750000
6869.3198240000 -7.6340830000 2.9819340000
6869.7001950000 -7.6259110000 2.9807910000
6870.0800780000 -7.6178280000 2.9796510000
6870.4599610000 -7.6098020000 2.9785100000
6870.8398440000 -7.6018420000 2.9773690000
6871.2202150000 -7.5939470000 2.9762300000
6871.6000980000 -7.5861150000 2.9750890000
6871.9799800000 -7.5783450000 2.9739490000
6872.3701170000 -7.5704340000 2.9727800000
6872.7500000000 -7.5627950000 2.9716420000
6873.1298830000 -7.5552050000 2.9705030000
6873.5097660000 -7.5476730000 2.9693640000
6873.8901370000 -7.5401960000 2.9682250000
6874.2700200000 -7.5327750000 2.9670880000
6874.6499020000 -7.5254080000 2.9659490000
6875.0297850000 -7.5181030000 2.9648130000
6875.4101560000 -7.5108320000 2.9636740000
6875.7998050000 -7.5034410000 2.9625080000
6876.1801760000 -7.4962730000 2.9613700000
6876.5600590000 -7.4891630000 2.9602330000
6876.9399410000 -7.4821110000 2.9590980000
6877.3198240000 -7.4750970000 2.9579620000
6877.7001950000 -7.4681210000 2.9568240000
6878.0800780000 -7.4612080000 2.9556900000
6878.4702150000 -7.4541440000 2.9545230000
6878.8500980000 -7.4473220000 2.9533890000
6879.2299800000 -7.4405360000 2.9522540000
6879.6098630000 -7.4337920000 2.9511190000
6879.9902340000 -7.4270910000 2.9499860000
6880.3701170000 -7.4204310000 2.9488520000
6880.7597660000 -7.4136470000 2.9476890000
6881.1401370000 -7.4070610000 2.9465540000
6881.5200200000 -7.4005310000 2.9454220000
6881.8999020000 -7.3940320000 2.9442880000
6882.2797850000 -7.3875720000 2.9431550000
6882.6699220000 -7.3809810000 2.9419930000
6883.0498050000 -7.3745960000 2.9408610000
6883.4301760000 -7.3682480000 2.9397290000
6883.8100590000 -7.3619370000 2.9385970000
6884.1899410000 -7.3556600000 2.9374650000
6884.5800780000 -7.3492560000 2.9363040000
6884.9599610000 -7.3430500000 2.9351730000
6885.3398440000 -7.3368860000 2.9340440000
6885.7202150000 -7.3307400000 2.9329120000
6886.1098630000 -7.3244820000 2.9317520000
6886.4902340000 -7.3184030000 2.9306210000
6886.8701170000 -7.3123710000 2.9294930000
6887.2500000000 -7.3063630000 2.9283630000
6887.6401370000 -7.3002290000 2.9272040000
6888.0200200000 -7.2942830000 2.9260750000
6921.7783200000 -6.8541140000 2.8267820000
7057.1162110000 -5.7644850000 2.4477380000
7195.1005860000 -5.0328390000 2.0902990000
7335.7827150000 -4.4600010000 1.7531150000
7479.2158200000 -3.9855930000 1.4349560000
7625.4531250000 -3.5800260000 1.1347150000
7774.5498050000 -2.9645960000 0.8442830000
7926.5620120000 -2.6324840000 0.5226960000
8081.5458980000 -2.3384450000 0.2106880000
8239.5605470000 -2.0764930000 9.9079460000
8400.6640630000 -1.7937860000 9.6125450000
8564.9189450000 -1.5801180000 9.3174530000
8732.3837890000 -1.3886540000 9.0298140000
8903.1240230000 -1.2315910000 8.7497900000
9077.2021480000 -1.0794830000 8.4809610000
9254.6845700000 -0.9428430000 8.2197390000
9435.6367190000 -0.8201460000 7.9659370000
9620.1269530000 -0.7100630000 7.7193640000
9808.2246090000 -0.6114300000 7.4798360000
10000.0000000000 -0.5232210000 7.2471750000
10195.5253900000 -0.4446420000 7.0212040000
10394.8730500000 -0.3746660000 6.8017510000
10598.1191400000 -0.3126710000 6.5886450000
10805.3388700000 -0.2580010000 6.3817230000
11016.6103500000 -0.2100670000 6.1808240000
11232.0127000000 -0.1683350000 5.9857870000
11451.6259800000 -0.1323200000 5.7964610000
11675.5341800000 -0.1015780000 5.6126920000
11903.8203100000 -0.0757050000 5.4343340000
12136.5693400000 -0.0556400000 5.2613670000
12373.8701200000 -0.0384530000 5.0935460000
12615.8105500000 -0.0250990000 4.9307170000
12862.4814500000 -0.0152890000 4.7727460000
13113.9746100000 -0.0112410000 4.6197430000
13370.3857400000 -0.0077760000 4.4713610000
13631.8105500000 -0.0070980000 4.3274520000
13898.3466800000 -0.0104590000 4.1880250000
14170.0937500000 -0.0147780000 4.0528530000
14447.1543000000 -0.0212920000 3.9217960000
14729.6328100000 -0.0298360000 3.7947370000
15017.6337900000 -0.0402590000 3.6715620000
15311.2666000000 -0.0524190000 3.5521610000
15610.6396500000 -0.0661870000 3.4364270000
15915.8671900000 -0.0814420000 3.3242550000
16227.0615200000 -0.0980730000 3.2155420000
16544.3418000000 -0.1159800000 3.1101880000
16867.8242200000 -0.1350680000 3.0080980000
17197.6328100000 -0.1552730000 2.9091750000
17533.8906300000 -0.1767510000 2.8133320000
17876.7207000000 -0.1993140000 2.7204820000
18226.2558600000 -0.2223200000 2.6305430000
18582.6250000000 -0.2461460000 2.5434170000
18945.9628900000 -0.2707420000 2.4590230000
19316.4023400000 -0.2960590000 2.3772810000
19694.0878900000 -0.3220580000 2.2981110000
20079.1562500000 -0.3487040000 2.2214380000
20471.7539100000 -0.3759680000 2.1471880000
20872.0273400000 -0.4038260000 2.0752900000
21280.1289100000 -0.4322610000 2.0056720000
21696.2070300000 -0.4612610000 1.9382670000
22120.4238300000 -0.4908210000 1.8730090000
22552.9335900000 -0.5209430000 1.8098340000
22993.8984400000 -0.5516350000 1.7486780000
23443.4882800000 -0.5829140000 1.6894810000
23901.8671900000 -0.6148080000 1.6321850000
24369.2070300000 -0.6473560000 1.5767320000
24845.6875000000 -0.6806130000 1.5230640000
25331.4824200000 -0.7146590000 1.4711300000
25826.7753900000 -0.7496200000 1.4208750000
26331.7539100000 -0.7877320000 1.3723630000
26846.6054700000 -0.8268340000 1.3255690000
27371.5234400000 -0.8636310000 1.2805740000
27906.7070300000 -0.9016290000 1.2370550000
28452.3515600000 -0.9406080000 1.1949750000
29008.6660200000 -0.9810600000 1.1542860000
29575.8593800000 -1.0228940000 1.1149410000
30154.1406300000 -1.0668430000 1.0769220000
30743.7304700000 -1.1123830000 1.0401690000
31344.8476600000 -1.1601970000 1.0046410000
31957.7168000000 -1.2106730000 0.9702970000
32582.5703100000 -1.2641560000 0.9370960000
33219.6406300000 -1.3215250000 0.9050010000
33869.1679700000 -1.3834270000 0.8739770000
34531.3945300000 -1.4508700000 0.8439890000
35206.5703100000 -1.5251960000 0.8150030000
35894.9492200000 -1.6082410000 0.7869860000
36596.7851600000 -1.7025970000 0.7599060000
37312.3437500000 -1.8120910000 0.7337330000
38041.8906300000 -1.9426890000 0.7084370000
38785.7070300000 -2.1044280000 0.6839890000
39544.0625000000 -2.3161090000 0.6603610000
40137.3984400000 -2.5373370000 0.6427300000
40150.3984400000 -2.5429920000 0.6423520000
40163.3984400000 -2.5486900000 0.6419740000
40176.3984400000 -2.5544310000 0.6415960000
40189.3984400000 -2.5602160000 0.6412190000
40202.3984400000 -2.5660450000 0.6408420000
40215.5000000000 -2.5719650000 0.6404630000
40228.5000000000 -2.5778850000 0.6400860000
40241.6015600000 -2.5838980000 0.6397070000
40254.6992200000 -2.5899580000 0.6393290000
40267.6992200000 -2.5960210000 0.6389540000
40280.8007800000 -2.6021800000 0.6385760000
40293.8984400000 -2.6083880000 0.6381990000
40307.0000000000 -2.6146480000 0.6378220000
40317.2500000000 -2.6195820000 0.6375270000
40320.1015600000 -2.6209620000 0.6374450000
40333.1992200000 -2.6273240000 0.6370680000
40346.3984400000 -2.6337900000 0.6366890000
40359.5000000000 -2.6402650000 0.6363140000
40372.6015600000 -2.6467930000 0.6359380000
40385.8007800000 -2.6534270000 0.6355600000
40398.8984400000 -2.6600690000 0.6351860000
40412.1015600000 -2.6668220000 0.6348080000
40425.3007800000 -2.6736330000 0.6344310000
40438.5000000000 -2.6805060000 0.6340550000
40451.6992200000 -2.6874400000 0.6336790000
40464.8984400000 -2.6944380000 0.6333030000
40478.1015600000 -2.7015020000 0.6329270000
40491.3007800000 -2.7086320000 0.6325520000
40504.5000000000 -2.7158260000 0.6321770000
40517.8007800000 -2.7231430000 0.6318000000
40531.0000000000 -2.7304760000 0.6314260000
40544.3007800000 -2.7379360000 0.6310490000
40557.5000000000 -2.7454120000 0.6306750000
40570.8007800000 -2.7530190000 0.6302990000
40584.1015600000 -2.7607030000 0.6299240000
40597.3984400000 -2.7684590000 0.6295490000
40610.6992200000 -2.7762990000 0.6291740000
40624.0000000000 -2.7842190000 0.6287990000
40637.3007800000 -2.7922200000 0.6284240000
40650.6015600000 -2.8003030000 0.6280510000
40663.8984400000 -2.8084720000 0.6276770000
40677.3007800000 -2.8167920000 0.6273010000
40690.6015600000 -2.8251390000 0.6269280000
40704.0000000000 -2.8336380000 0.6265520000
40717.3984400000 -2.8422340000 0.6261770000
40730.6992200000 -2.8508580000 0.6258050000
40744.1015600000 -2.8596500000 0.6254310000
40757.5000000000 -2.8685370000 0.6250570000
40770.8984400000 -2.8775270000 0.6246830000
40784.3007800000 -2.8866260000 0.6243100000
40797.6992200000 -2.8958280000 0.6239370000
40811.1992200000 -2.9052120000 0.6235610000
40824.6015600000 -2.9146400000 0.6231890000
40838.1015600000 -2.9242530000 0.6228140000
40851.5000000000 -2.9339150000 0.6224430000
40865.0000000000 -2.9437700000 0.6220680000
40878.5000000000 -2.9537500000 0.6216950000
40891.8984400000 -2.9637810000 0.6213240000
40905.3984400000 -2.9740210000 0.6209510000
40918.8984400000 -2.9843960000 0.6205780000
40932.3984400000 -2.9949090000 0.6202060000
40946.0000000000 -3.0056440000 0.6198310000
40959.5000000000 -3.0164470000 0.6194590000
40973.0000000000 -3.0274000000 0.6190880000
40986.6015600000 -3.0385920000 0.6187140000
41000.1015600000 -3.0498580000 0.6183430000
41013.6992200000 -3.0613690000 0.6179700000
41027.1992200000 -3.0729670000 0.6176000000
41040.8007800000 -3.0848270000 0.6172280000
41054.3984400000 -3.0968610000 0.6168560000
41068.0000000000 -3.1090860000 0.6164840000
41081.6015600000 -3.1214990000 0.6161120000
41095.1992200000 -3.1341090000 0.6157410000
41105.5546900000 -3.1438480000 0.6154590000
41108.8984400000 -3.1470160000 0.6153680000
41122.5000000000 -3.1600430000 0.6149980000
41136.1015600000 -3.1732820000 0.6146270000
41149.8007800000 -3.1868430000 0.6142550000
41163.5000000000 -3.2006420000 0.6138830000
41177.1015600000 -3.2145760000 0.6135140000
41190.8007800000 -3.2288600000 0.6131430000
41204.5000000000 -3.2434040000 0.6127720000
41218.1992200000 -3.2582190000 0.6124010000
41231.8984400000 -3.2733090000 0.6120300000
41245.6015600000 -3.2886900000 0.6116600000
41259.3007800000 -3.3043660000 0.6112910000
41273.1015600000 -3.3204730000 0.6109190000
41286.8007800000 -3.3367840000 0.6105500000
41300.6015600000 -3.3535560000 0.6101780000
41314.3007800000 -3.3705530000 0.6098100000
41328.1015600000 -3.3880460000 0.6094390000
41341.8984400000 -3.4059180000 0.6090690000
41355.6992200000 -3.4241910000 0.6086990000
41369.5000000000 -3.4428890000 0.6083290000
41383.3007800000 -3.4620240000 0.6079600000
41397.1015600000 -3.4816180000 0.6075910000
41410.8984400000 -3.5016870000 0.6072220000
41424.8007800000 -3.5224150000 0.6068510000
41438.6015600000 -3.5435260000 0.6064830000
41452.5000000000 -3.5653440000 0.6061130000
41466.3007800000 -3.5876000000 0.6057460000
41480.1992200000 -3.6106340000 0.6053760000
41494.1015600000 -3.6343410000 0.6050070000
41508.0000000000 -3.6587330000 0.6046380000
41521.8984400000 -3.6838720000 0.6042690000
41535.8007800000 -3.7097960000 0.6039010000
41549.6992200000 -3.7365460000 0.6035330000
41563.6015600000 -3.7641980000 0.6031660000
41577.6015600000 -3.7929980000 0.6027960000
41591.5000000000 -3.8226010000 0.6024290000
41605.5000000000 -3.8535210000 0.6020600000
41619.5000000000 -3.8856230000 0.6016910000
41633.3984400000 -3.9187580000 0.6013250000
41647.3984400000 -3.9535010000 0.6009570000
41661.3984400000 -3.9897360000 0.6005890000
41675.3984400000 -4.0275920000 0.6002220000
41689.3984400000 -4.0672180000 0.5998550000
41703.3984400000 -4.1087840000 0.5994880000
41717.5000000000 -4.1528010000 0.5991190000
41731.5000000000 -4.1988790000 0.5987530000
41745.6015600000 -4.2479500000 0.5983840000
41759.6015600000 -4.2996120000 0.5980190000
41773.6992200000 -4.3549820000 0.5976510000
41787.8007800000 -4.4141600000 0.5972840000
41801.8984400000 -4.4776960000 0.5969170000
41816.0000000000 -4.5462890000 0.5965500000
41830.1015600000 -4.6207540000 0.5961840000
41844.1992200000 -4.7021960000 0.5958180000
41858.3007800000 -4.7920340000 0.5954520000
41872.5000000000 -4.8929430000 0.5950840000
41886.6015600000 -5.0061050000 0.5947190000
41900.8007800000 -5.1370250000 0.5943520000
41909.2695300000 -5.2254710000 0.5941330000
41914.8984400000 -5.2895440000 0.5939880000
41929.1015600000 -5.4754710000 0.5936220000
41943.3007800000 -5.7108960000 0.5932550000
41957.5000000000 -6.0315870000 0.5928900000
41971.6992200000 -6.5360710000 0.5925240000
41985.8984400000 -7.7916800000 0.5921590000
42000.1015600000 -7.1608150000 3.4397130000
42014.3007800000 -6.3291330000 3.4378960000
42028.6015600000 -5.8983920000 3.4360670000
42042.8007800000 -5.6081220000 3.4342530000
42057.1015600000 -5.3862610000 3.4324270000
42071.3984400000 -5.2074840000 3.4306030000
42085.6992200000 -5.0576030000 3.4287790000
42099.8984400000 -4.9294050000 3.4269700000
42114.1992200000 -4.8159320000 3.4251500000
42128.6015600000 -4.7140730000 3.4233180000
42142.8984400000 -4.6228180000 3.4215010000
42157.1992200000 -4.5396150000 3.4196840000
42171.5000000000 -4.4631600000 3.4178700000
42185.8984400000 -4.3919740000 3.4160440000
42200.3007800000 -4.3257310000 3.4142180000
42214.6015600000 -4.2642390000 3.4124080000
42229.0000000000 -4.2061090000 3.4105860000
42243.3984400000 -4.1513200000 3.4087660000
42257.8007800000 -4.0994790000 3.4069460000
42272.1992200000 -4.0503290000 3.4051290000
42286.6015600000 -4.0035520000 3.4033120000
42301.0000000000 -3.9589730000 3.4014970000
42315.5000000000 -3.9160720000 3.3996710000
42329.8984400000 -3.8752750000 3.3978590000
42344.3984400000 -3.8358700000 3.3960350000
42358.8007800000 -3.7982640000 3.3942260000
42373.3007800000 -3.7618110000 3.3924040000
42387.8007800000 -3.7266890000 3.3905850000
42402.3007800000 -3.6927950000 3.3887670000
42416.8007800000 -3.6600440000 3.3869510000
42431.3007800000 -3.6283600000 3.3851360000
42445.8984400000 -3.5974680000 3.3833100000
42460.3984400000 -3.5677250000 3.3814970000
42474.8984400000 -3.5388620000 3.3796860000
42489.5000000000 -3.5106380000 3.3778650000
42504.1015600000 -3.4831980000 3.3760440000
42518.6015600000 -3.4566920000 3.3742370000
42533.1992200000 -3.4307110000 3.3724190000
42547.8007800000 -3.4053920000 3.3706020000
42562.3984400000 -3.3807230000 3.3687880000
42577.0000000000 -3.3566450000 3.3669740000
42591.6992200000 -3.3329910000 3.3651490000
42606.3007800000 -3.3100400000 3.3633380000
42621.0000000000 -3.2874660000 3.3615170000
42635.6015600000 -3.2655390000 3.3597080000
42650.3007800000 -3.2439490000 3.3578890000
42664.8984400000 -3.2229630000 3.3560840000
42679.6015600000 -3.2022690000 3.3542680000
42694.3007800000 -3.1819990000 3.3524530000
42709.0000000000 -3.1621410000 3.3506400000
42723.8007800000 -3.1425380000 3.3488150000
42728.6992200000 -3.1361350000 3.3482120000
42738.5000000000 -3.1234470000 3.3470050000
42753.1992200000 -3.1047120000 3.3451950000
42768.0000000000 -3.0862010000 3.3433750000
42782.6992200000 -3.0681540000 3.3415680000
42797.5000000000 -3.0503060000 3.3397510000
42812.3007800000 -3.0327730000 3.3379350000
42827.1015600000 -3.0155430000 3.3361200000
42841.8984400000 -2.9986100000 3.3343080000
42856.6992200000 -2.9819570000 3.3324960000
42871.5000000000 -2.9655810000 3.3306860000
42886.3007800000 -2.9494660000 3.3288770000
42901.1992200000 -2.9335010000 3.3270570000
42916.0000000000 -2.9178920000 3.3252510000
42930.8984400000 -2.9024250000 3.3234340000
42945.6992200000 -2.8872910000 3.3216310000
42960.6015600000 -2.8722790000 3.3198160000
42975.5000000000 -2.8574980000 3.3180040000
42990.3984400000 -2.8429280000 3.3161930000
43005.3007800000 -2.8285630000 3.3143830000
43020.1992200000 -2.8144090000 3.3125740000
43035.1992200000 -2.8003570000 3.3107550000
43050.1015600000 -2.7865870000 3.3089490000
43065.1015600000 -2.7729180000 3.3071330000
43080.0000000000 -2.7595210000 3.3053300000
43095.0000000000 -2.7462130000 3.3035170000
43110.0000000000 -2.7330800000 3.3017050000
43125.0000000000 -2.7201170000 3.2998940000
43140.0000000000 -2.7073200000 3.2980850000
43155.0000000000 -2.6946840000 3.2962780000
43170.0000000000 -2.6822050000 3.2944710000
43185.1015600000 -2.6697950000 3.2926540000
43200.1015600000 -2.6576210000 3.2908500000
43215.1992200000 -2.6455130000 3.2890360000
43230.1992200000 -2.6336280000 3.2872350000
43245.3007800000 -2.6218020000 3.2854240000
43260.3984400000 -2.6101170000 3.2836140000
43275.5000000000 -2.5985630000 3.2818060000
43290.6015600000 -2.5871440000 3.2799990000
43305.6992200000 -2.5758530000 3.2781930000
43320.8984400000 -2.5646130000 3.2763770000
43336.0000000000 -2.5535720000 3.2745740000
43351.1992200000 -2.5425770000 3.2727610000
43366.3007800000 -2.5317710000 3.2709600000
43381.5000000000 -2.5210140000 3.2691500000
43396.6992200000 -2.5103710000 3.2673410000
43411.8984400000 -2.4998370000 3.2655330000
43427.1015600000 -2.4894130000 3.2637270000
43442.3007800000 -2.4790990000 3.2619230000
43457.5000000000 -2.4688860000 3.2601190000
43472.8007800000 -2.4587120000 3.2583050000
43488.0000000000 -2.4487070000 3.2565050000
43503.3007800000 -2.4387340000 3.2546940000
43518.5000000000 -2.4289230000 3.2528960000
43533.8007800000 -2.4191440000 3.2510880000
43549.1015600000 -2.4094600000 3.2492810000
43564.1523400000 -2.4000250000 3.2475060000
43564.3984400000 -2.3998710000 3.2474760000
43579.6992200000 -2.3903700000 3.2456720000
43595.1015600000 -2.3808980000 3.2438580000
43610.3984400000 -2.3715780000 3.2420580000
43625.6992200000 -2.3623400000 3.2402580000
43641.1015600000 -2.3531270000 3.2384480000
43656.5000000000 -2.3439990000 3.2366400000
43671.8007800000 -2.3350120000 3.2348440000
43687.1992200000 -2.3260500000 3.2330390000
43702.6015600000 -2.3171630000 3.2312350000
43718.0000000000 -2.3083590000 3.2294330000
43733.5000000000 -2.2995710000 3.2276190000
43748.8984400000 -2.2909200000 3.2258200000
43764.3007800000 -2.2823390000 3.2240210000
43779.8007800000 -2.2737780000 3.2222130000
43795.1992200000 -2.2653450000 3.2204170000
43810.6992200000 -2.2569280000 3.2186120000
43826.1992200000 -2.2485820000 3.2168080000
43841.6992200000 -2.2403050000 3.2150050000
43857.1992200000 -2.2320950000 3.2132030000
43872.6992200000 -2.2239530000 3.2114030000
43888.3007800000 -2.2158240000 3.2095930000
43903.8007800000 -2.2078140000 3.2077960000
43919.3984400000 -2.1998170000 3.2059890000
43934.8984400000 -2.1919350000 3.2041950000
43950.5000000000 -2.1840620000 3.2023900000
43966.1015600000 -2.1762510000 3.2005870000
43981.6992200000 -2.1685020000 3.1987860000
43997.3007800000 -2.1608140000 3.1969860000
44012.8984400000 -2.1531830000 3.1951880000
44028.5000000000 -2.1456060000 3.1933900000
44044.1992200000 -2.1380280000 3.1915830000
44059.8007800000 -2.1307520000 3.1897890000
44075.5000000000 -2.1231720000 3.1879850000
44091.1992200000 -2.1157710000 3.1861820000
44106.8007800000 -2.1084750000 3.1843920000
44122.5000000000 -2.1011880000 3.1825920000
44415.9414100000 -1.9740960000 3.1492150000
45284.3867200000 -1.6733540000 3.0533030000
46169.8085900000 -1.4420270000 2.9597330000
47072.5429700000 -1.2554460000 2.8684660000
47992.9296900000 -1.1004150000 2.7794670000
48931.3125000000 -0.9689900000 2.6926980000
49888.0429700000 -0.8559900000 2.6081210000
50863.4765600000 -0.7578320000 2.5257000000
51857.9843800000 -0.6719440000 2.4453980000
52871.9375000000 -0.5963430000 2.3671780000
53905.7187500000 -0.5295510000 2.2910020000
54959.7109400000 -0.4775670000 2.2173250000
56034.3085900000 -0.4254580000 2.1466250000
57129.9218800000 -0.3790240000 2.0779940000
58246.9531300000 -0.3376010000 2.0113760000
59385.8281300000 -0.3006300000 1.9467200000
60546.9687500000 -0.2676370000 1.8839730000
61730.8125000000 -0.2382110000 1.8230840000
62937.8046900000 -0.2119980000 1.7640030000
64168.3984400000 -0.1886890000 1.7066830000
65423.0507800000 -0.1680110000 1.6510750000
66702.2343800000 -0.1497250000 1.5971340000
68006.4296900000 -0.1336160000 1.5448150000
69336.1250000000 -0.1194930000 1.4940740000
70691.8203100000 -0.1071860000 1.4448680000
72074.0234400000 -0.0965400000 1.3971540000
73483.2500000000 -0.0874170000 1.3508920000
74920.0312500000 -0.0796920000 1.3060420000
76384.9062500000 -0.0732530000 1.2625650000
77878.4218800000 -0.0680000000 1.2204230000
79401.1406300000 -0.0638520000 1.1795790000
80953.6328100000 -0.0606170000 1.1400720000
82536.4765600000 -0.0582130000 1.1018370000
84150.2734400000 -0.0570610000 1.0647960000
85795.6250000000 -0.0563880000 1.0289690000
87473.1406300000 -0.0563970000 0.9942920000
89183.4609400000 -0.0570280000 0.9607310000
90927.2187500000 -0.0582270000 0.9282520000
92705.0781300000 -0.0599420000 0.8968210000
94517.6953100000 -0.0621270000 0.8664070000
96365.7500000000 -0.0647380000 0.8369770000
98249.9453100000 -0.0677360000 0.8085030000
100170.9766000000 -0.0710840000 0.7809530000
102129.5703000000 -0.0747480000 0.7543010000
104126.4609000000 -0.0786950000 0.7285170000
106162.3906000000 -0.0828980000 0.7035750000
108238.1328000000 -0.0873280000 0.6794490000
110354.4609000000 -0.0919620000 0.6561140000
112512.1641000000 -0.0967750000 0.6335450000
114712.0547000000 -0.1017460000 0.6117170000
116954.9688000000 -0.1068560000 0.5906080000
119241.7266000000 -0.1120860000 0.5701950000
121573.2031000000 -0.1174180000 0.5504570000
123950.2656000000 -0.1228370000 0.5313720000
126373.8047000000 -0.1283290000 0.5129200000
128844.7266000000 -0.1338790000 0.4950800000
131363.9688000000 -0.1394760000 0.4778330000
133932.4531000000 -0.1451070000 0.4611610000
136551.1719000000 -0.1507610000 0.4450460000
139221.0938000000 -0.1564300000 0.4294690000
141943.2188000000 -0.1621040000 0.4144130000
144718.5625000000 -0.1677730000 0.3998620000
147548.1719000000 -0.1734320000 0.3858010000
150433.1094000000 -0.1790720000 0.3722120000
153374.4531000000 -0.1846860000 0.3590810000
156373.2969000000 -0.1902700000 0.3463940000
159430.7969000000 -0.1958170000 0.3341350000
162548.0625000000 -0.2013230000 0.3222920000
165726.2813000000 -0.2067830000 0.3108500000
168966.6406000000 -0.2121920000 0.2997980000
172270.3750000000 -0.2175470000 0.2891210000
175638.6875000000 -0.2228450000 0.2788090000
179072.8594000000 -0.2280820000 0.2688490000
182574.1875000000 -0.2386620000 0.2592840000
186143.9688000000 -0.2437390000 0.2503070000
189783.5469000000 -0.2487320000 0.2416420000
193494.2969000000 -0.2536400000 0.2332780000
197277.5938000000 -0.2584640000 0.2252040000
201134.8594000000 -0.2632010000 0.2174100000
205067.5469000000 -0.2678530000 0.2098870000
209077.1406000000 -0.2724190000 0.2026250000
213165.1250000000 -0.2768980000 0.1956150000
217333.0313000000 -0.2812900000 0.1888480000
221582.4375000000 -0.2855960000 0.1823160000
225914.9219000000 -0.2898160000 0.1760110000
230332.1250000000 -0.2939500000 0.1699240000
234835.7031000000 -0.2979990000 0.1640490000
239427.3281000000 -0.3019630000 0.1583770000
244108.7344000000 -0.3058430000 0.1529020000
248881.6719000000 -0.3096400000 0.1476170000
253747.9219000000 -0.3133540000 0.1425150000
258709.3281000000 -0.3169860000 0.1375910000
263767.7500000000 -0.3205380000 0.1328370000
268925.0625000000 -0.3240090000 0.1282470000
274183.2188000000 -0.3274020000 0.1238170000
279544.1875000000 -0.3307170000 0.1195410000
285010.0000000000 -0.3339550000 0.1154130000
290582.6563000000 -0.3371180000 0.1114280000
296264.2500000000 -0.3402060000 0.1075810000
302056.9688000000 -0.3432200000 0.1038670000
307962.9375000000 -0.3461630000 0.1002820000
313984.3750000000 -0.3490340000 0.0968210000
320123.5625000000 -0.3518360000 0.0934800000
326382.7813000000 -0.3545690000 0.0902550000
332764.3750000000 -0.3572350000 0.0871420000
339270.7500000000 -0.3598350000 0.0841370000
345904.3438000000 -0.3623700000 0.0812350000
352667.6563000000 -0.3648410000 0.0784340000
359563.1875000000 -0.3672500000 0.0757310000
366593.5625000000 -0.3695980000 0.0731200000
373761.3750000000 -0.3718860000 0.0706010000
381069.3438000000 -0.3741150000 0.0681680000
388520.2188000000 -0.3762870000 0.0658200000
396116.7500000000 -0.3784020000 0.0635530000
403861.8125000000 -0.3804630000 0.0613640000
411758.3438000000 -0.3824690000 0.0592510000
419809.2500000000 -0.3844220000 0.0572120000
428017.5625000000 -0.3863240000 0.0552430000
436386.3750000000 -0.3881760000 0.0533420000
444918.8125000000 -0.3899780000 0.0515070000
453618.0938000000 -0.3917320000 0.0497350000
462487.4688000000 -0.3934390000 0.0480250000
471530.2500000000 -0.3951000000 0.0463730000
480749.8438000000 -0.3967160000 0.0447790000
490149.7188000000 -0.3982880000 0.0432400000
499733.3750000000 -0.3998170000 0.0417540000
509504.4063000000 -0.4013040000 0.0403200000
519466.5000000000 -0.4027510000 0.0389350000
529623.3750000000 -0.4041570000 0.0375980000
539978.8125000000 -0.4055250000 0.0363080000
550536.7500000000 -0.4068550000 0.0350620000
561301.1250000000 -0.4081480000 0.0338580000
572276.0000000000 -0.4094040000 0.0326970000
583465.4375000000 -0.4106260000 0.0315760000
594873.6250000000 -0.4118130000 0.0304930000
606504.8750000000 -0.4129670000 0.0294480000
618363.5625000000 -0.4140880000 0.0284390000
630454.1250000000 -0.4151780000 0.0274640000
642781.1250000000 -0.4162360000 0.0265240000
655349.0625000000 -0.4172650000 0.0256150000
668162.8125000000 -0.4182640000 0.0247390000
681227.0625000000 -0.4192340000 0.0238920000
694546.7500000000 -0.4201770000 0.0230750000
