30.0000000000 -34.2344470000 2.0508420000
30.5865750000 -34.2447240000 1.9750370000
31.1846200000 -34.2575000000 1.9022360000
31.7943570000 -34.2730450000 1.8323130000
32.4160160000 -34.3085980000 1.7969110000
33.0498310000 -34.3049930000 1.7343690000
33.6960370000 -34.3144950000 1.6744470000
34.3548770000 -34.3272170000 1.6170410000
35.0266040000 -34.3418690000 1.5620500000
35.7114600000 -34.3579670000 1.5093800000
36.4097100000 -34.3752710000 1.4589390000
37.1216090000 -34.3936310000 1.4106400000
37.8474310000 -34.4129450000 1.3643980000
38.5874440000 -34.4331360000 1.3201320000
39.3419230000 -34.4541510000 1.2777640000
40.1111560000 -34.4759480000 1.2372210000
40.8954320000 -34.4984930000 1.1984290000
41.6950380000 -34.5217670000 1.1613200000
42.5102810000 -34.5457530000 1.1258270000
43.3414650000 -34.5704500000 1.0918870000
44.1888960000 -34.5958520000 1.0594360000
45.0529020000 -34.6219670000 1.0284150000
45.9338000000 -34.6488150000 0.9987660000
46.8319210000 -34.6764110000 0.9704340000
47.7476010000 -34.7047840000 0.9433640000
48.6811870000 -34.7339710000 0.9175030000
49.6330260000 -34.7640110000 0.8928020000
50.6034740000 -34.7949600000 0.8692110000
51.5928990000 -34.8268740000 0.8466810000
52.6016690000 -34.8598250000 0.8251670000
53.6301650000 -34.8938900000 0.8046240000
54.6787680000 -34.9291570000 0.7850070000
55.7478750000 -34.9657360000 0.7662750000
56.8378870000 -35.0037380000 0.7483850000
57.9492070000 -35.1397440000 0.7329060000
59.0822600000 -35.1805730000 0.7216780000
60.2374690000 -35.2230870000 0.7110930000
61.4152600000 -35.2674940000 0.7011130000
62.6160810000 -35.3140300000 0.6917000000
63.8403850000 -35.3629490000 0.6828190000
65.0886230000 -35.4145580000 0.6744360000
66.3612670000 -35.4692000000 0.6665170000
67.6587980000 -35.5272790000 0.6590320000
68.9816970000 -35.5892490000 0.6519500000
70.3304600000 -35.6556510000 0.6452420000
71.7055970000 -35.7271230000 0.6388790000
73.1076200000 -35.8044200000 0.6328350000
74.5370640000 -35.8884430000 0.6270840000
75.9944460000 -35.9802780000 0.6216020000
77.4803310000 -36.0812530000 0.6163640000
78.9952620000 -36.1930050000 0.6113480000
80.5398180000 -36.3175850000 0.6065340000
82.1145710000 -36.4575880000 0.6019000000
83.7201160000 -36.6163670000 0.5974260000
85.3570560000 -36.7983130000 0.5930960000
87.0260010000 -37.0093270000 0.5888920000
88.7275770000 -37.2575040000 0.5847970000
90.4624250000 -37.5543060000 0.5807970000
92.2311940000 -37.9165000000 0.5768780000
94.0345380000 -38.3696630000 0.5730260000
95.8731540000 -38.9549100000 0.5692300000
97.7477110000 -39.7427750000 0.5654790000
99.6589200000 -43.8576470000 3.0794130000
101.6075060000 -37.8673480000 1.4430930000
103.5941850000 -35.4499210000 0.0537890000
105.6197130000 -34.0917020000 8.8707020000
107.6848450000 -33.2584380000 7.8602740000
109.7903520000 -32.7333910000 6.9947980000
111.9370270000 -32.4050640000 6.2513590000
114.1256790000 -32.2083850000 5.6109340000
116.3571170000 -32.1024590000 5.0577150000
118.6321950000 -32.0602720000 4.5785140000
120.9517520000 -32.0633960000 4.1623130000
123.3166580000 -32.0989800000 3.7998750000
125.7278060000 -32.1578940000 3.4834460000
128.1860960000 -32.2336200000 3.2064940000
130.6924590000 -32.3791310000 2.9653340000
133.2478330000 -32.4769520000 2.7548230000
135.8531490000 -32.5809560000 2.5697780000
138.5094300000 -32.6894570000 2.4068350000
141.2176360000 -32.8012920000 2.2631300000
143.9787900000 -32.9157300000 2.1362210000
146.7939300000 -33.0323370000 2.0240190000
149.6641240000 -33.1509670000 1.9247340000
152.5904390000 -33.2716790000 1.8368330000
155.5739590000 -33.3947260000 1.7589970000
158.6158140000 -33.5205610000 1.6900930000
161.7171480000 -33.6498260000 1.6291440000
164.8791350000 -33.7834050000 1.5753110000
168.1029360000 -33.9224590000 1.5278690000
171.3897710000 -34.0685460000 1.4861950000
174.7408600000 -34.2237780000 1.4497540000
178.1574860000 -34.3911130000 1.4180850000
181.6409150000 -34.5748830000 1.3907960000
185.1924440000 -34.7817570000 1.3675510000
188.8134160000 -35.0227470000 1.3480700000
192.5051880000 -35.6498640000 2.2810800000
196.2691500000 -35.3415600000 2.2835250000
200.1067050000 -35.3097110000 2.2890450000
204.0192870000 -35.3528590000 2.2975110000
208.0083770000 -35.4774890000 2.6344180000
212.0754700000 -35.4190290000 2.6549130000
216.2220760000 -35.4277530000 2.6781580000
220.4497530000 -35.4637570000 2.7041420000
224.7601010000 -35.5173720000 2.7328860000
229.1547240000 -35.5848120000 2.7644410000
233.6352690000 -35.6644360000 2.7988910000
238.2034300000 -35.7556950000 2.8363520000
242.8609010000 -35.8587720000 2.8769770000
247.6094360000 -35.9744420000 2.9209600000
252.4508210000 -36.1041640000 2.9685350000
257.3868710000 -36.2502820000 3.0199870000
262.4194340000 -36.4165650000 3.0756500000
267.5503850000 -36.6093180000 3.1359240000
272.7816770000 -36.6685640000 3.7184200000
278.1152340000 -36.6154820000 3.7850240000
283.5530700000 -36.6793480000 3.8574810000
289.0972600000 -36.7855610000 3.9365150000
294.7498170000 -36.9198650000 4.0229710000
300.5129390000 -37.0776980000 4.1178310000
306.3887020000 -37.2576640000 4.2222400000
312.3793640000 -37.4597660000 4.3375340000
318.4871830000 -37.6848370000 4.4652710000
324.7143860000 -37.9342380000 4.6072670000
331.0633850000 -38.2098010000 4.7656520000
337.5364990000 -38.5137410000 4.9429170000
344.1361690000 -38.8486790000 5.1419870000
350.8648990000 -39.2176480000 5.3663030000
357.7251890000 -39.6241340000 5.6199180000
364.7196040000 -40.0720980000 5.9076120000
371.8508000000 -40.5660550000 6.2350490000
379.1213990000 -41.1111300000 6.6089380000
386.5341800000 -41.7131350000 7.0372580000
394.0918880000 -42.3786620000 7.5295060000
401.7973630000 -33.5246160000 7.6867420000
409.6535340000 -33.4300380000 7.7469040000
417.6632690000 -33.3375780000 7.8022870000
425.8296200000 -33.2477230000 7.8527400000
434.1556700000 -33.1610110000 7.8981260000
442.6445010000 -33.0780260000 7.9383170000
451.2993160000 -32.9993900000 7.9731980000
460.1233520000 -32.9257810000 8.0026670000
469.1199040000 -32.8579410000 8.0266380000
478.2923890000 -32.7966540000 8.0450340000
487.6441960000 -32.7427900000 8.0577950000
497.1788640000 -32.6972810000 8.0648750000
506.8999330000 -32.6611480000 8.0662410000
516.8110960000 -32.6355060000 8.0618770000
526.9160770000 -32.6215780000 8.0517820000
537.2185670000 -32.6207280000 8.0359660000
547.7225340000 -32.6344450000 8.0144590000
558.4318850000 -32.6644170000 7.9873010000
569.3506470000 -32.7125280000 7.9545500000
580.4828490000 -32.7809100000 7.9162760000
591.8327640000 -32.8720050000 7.8725660000
603.4046020000 -32.9886170000 7.8235160000
615.2026370000 -33.1629790000 7.7698590000
627.2313840000 -33.3409770000 7.7113230000
639.4953610000 -33.5560870000 7.6478160000
651.9990840000 -33.8137400000 7.5794850000
664.7473140000 -34.1205520000 7.5064870000
677.7447510000 -34.4846650000 7.4289910000
690.9963990000 -34.9162640000 7.3471730000
704.5070800000 -35.4282840000 7.2612220000
718.2819820000 -36.0375180000 7.1713290000
732.3261720000 -36.7661710000 7.0776990000
746.6450200000 -37.6443750000 6.9805360000
761.2437740000 -38.7141570000 6.8800550000
776.1279910000 -40.0732990000 6.7778680000
791.3032230000 -41.7393610000 6.6734290000
806.7752080000 -43.8927990000 6.5663850000
822.5496830000 -46.7761120000 6.4569580000
838.6325680000 -54.7438470000 5.3441200000
855.0299680000 -51.6069450000 7.2413860000
871.7479250000 -42.4582860000 6.1981280000
888.7927860000 -37.5779760000 5.1843110000
906.1708980000 -34.1575430000 4.1990590000
923.8888550000 -31.5341030000 3.2415010000
941.9531860000 -29.4295310000 2.3108330000
960.3707280000 -27.6991940000 1.4062670000
979.1483760000 -26.2591510000 0.5270600000
998.2931520000 -25.0585990000 9.6724950000
1017.8123170000 -24.0421620000 8.8773330000
1037.7131350000 -23.2150780000 8.1085240000
1058.0029300000 -22.5873280000 7.3618700000
1078.6895750000 -22.2061810000 6.6366350000
1099.7806400000 -22.2530500000 5.9321780000
1121.2841800000 -24.7129310000 5.2478080000
1143.2080080000 -21.0914480000 8.6088370000
1165.5606690000 -19.6847290000 7.8092580000
1188.3502200000 -19.0390950000 7.0520190000
1211.5854490000 -18.5596960000 8.1114270000
1235.2750240000 -16.9837190000 7.3497790000
1259.4277340000 -16.0619320000 6.6374680000
1284.0527340000 -15.3761000000 5.9715920000
1309.1591800000 -14.8584260000 5.3498150000
1334.7564700000 -14.5307780000 4.7703300000
1360.8542480000 -15.5096530000 4.2318060000
1387.4624020000 -13.5618350000 4.8720800000
1414.5908200000 -12.5869710000 4.3943860000
1442.2495120000 -11.8132870000 3.9295640000
1470.4492190000 -10.7846110000 3.4497760000
1499.2000730000 -10.2985680000 2.9264340000
1528.5131840000 -9.8565490000 2.4225120000
1558.3995360000 -9.4502280000 1.9385760000
1588.8701170000 -8.7537570000 1.4284130000
1619.9365230000 -8.3719200000 0.9138030000
1651.6103520000 -8.0174060000 0.4082390000
1683.9034420000 -7.6878640000 9.9117010000
1716.8280030000 -7.3813100000 9.4241490000
1750.3962400000 -7.0960420000 8.9455490000
1784.6208500000 -6.8151860000 8.4745620000
1819.5146480000 -6.5669930000 8.0104060000
1855.0908200000 -6.3364900000 7.5545900000
1891.3624270000 -6.2086200000 7.1094420000
1928.3432620000 -6.0107150000 6.6726820000
1966.0472410000 -5.8276510000 6.2441010000
2004.4884030000 -5.6586750000 5.8236390000
2043.6811520000 -5.5030980000 5.4112330000
2083.6401370000 -5.3602860000 5.0068120000
2124.3806150000 -5.2296520000 4.6103060000
2165.9174800000 -5.1106580000 4.2216450000
2208.2666020000 -5.0028030000 3.8407550000
2251.4438480000 -4.9315320000 3.4678500000
2295.4653320000 -4.8454490000 3.1051200000
2340.3474120000 -4.7689910000 2.7500670000
2386.1069340000 -4.7017850000 2.4026010000
2432.7612300000 -4.6596620000 2.0635050000
2480.3278810000 -4.6104740000 1.7327170000
2528.8244630000 -4.5694790000 1.4093140000
2578.2692870000 -4.5364270000 1.0931940000
2628.6809080000 -4.5111100000 0.7842470000
2680.0783690000 -4.4933620000 0.4823680000
2732.4804690000 -4.4883000000 0.1875520000
2785.9074710000 -4.4855920000 9.9000620000
2840.3789060000 -4.4902740000 9.6193460000
2895.9152830000 -4.5025090000 9.3452960000
2952.5378420000 -4.5226680000 9.0777970000
3010.2673340000 -4.5496180000 8.8177150000
3069.1254880000 -4.5749440000 8.5685710000
3129.1347660000 -4.6058920000 8.3257000000
3190.3171390000 -4.6424400000 8.0889700000
3252.6958010000 -4.6845980000 7.8582550000
3316.2941890000 -4.7324120000 7.6334270000
3381.1359860000 -4.7884320000 7.4144710000
3447.2456050000 -4.8509050000 7.2013200000
3514.6479490000 -4.9168650000 6.9937630000
3583.3681640000 -4.9890190000 6.7916470000
3653.4318850000 -5.0678760000 6.5948510000
3724.8657230000 -5.1533560000 6.4032450000
3797.6960450000 -5.2461110000 6.2167080000
3871.9506840000 -5.3471790000 6.0351230000
3947.6569820000 -5.4562590000 5.8583840000
4024.8435060000 -5.5746350000 5.6863630000
4103.5390630000 -5.7033010000 5.5189510000
4183.7739260000 -5.8434930000 5.3560340000
4265.5771480000 -5.9967380000 5.1975050000
4348.9794920000 -6.1649640000 5.0432620000
4434.0131840000 -6.3506230000 4.8931950000
4520.7089840000 -6.5568850000 4.7472070000
4609.1005860000 -6.7879430000 4.6051960000
4699.2197270000 -7.0494690000 4.4670670000
4791.1015630000 -7.3494060000 4.3327230000
4884.7792970000 -7.7062230000 4.2021430000
4980.2890630000 -8.1240890000 4.0755020000
5077.6660160000 -8.6434920000 3.9523830000
5176.9472660000 -9.3078960000 3.8327080000
5278.1694340000 -10.2578810000 3.7165680000
5381.3710940000 -11.8778180000 3.6038300000
5450.1000980000 -14.4432850000 3.5316740000
5450.3398440000 -14.4598890000 3.5314260000
5450.5800780000 -14.4766500000 3.5311780000
5450.8198240000 -14.4935030000 3.5309300000
5451.0600590000 -14.5105160000 3.5306820000
5451.2998050000 -14.5275900000 3.5304350000
5451.5400390000 -14.5448630000 3.5301860000
5451.7797850000 -14.5622330000 3.5299380000
5452.0200200000 -14.5797740000 3.5296910000
5452.2597660000 -14.5973810000 3.5294430000
5452.5000000000 -14.6151970000 3.5291950000
5452.7402340000 -14.6331550000 3.5289470000
5452.9799800000 -14.6512210000 3.5286990000
5453.2202150000 -14.6694690000 3.5284510000
5453.4599610000 -14.6877930000 3.5282040000
5453.7001950000 -14.7063400000 3.5279560000
5453.9399410000 -14.7250030000 3.5277090000
5454.1801760000 -14.7438590000 3.5274610000
5454.4199220000 -14.7628370000 3.5272140000
5454.6601560000 -14.7819760000 3.5269660000
5454.8999020000 -14.8012780000 3.5267190000
5455.1401370000 -14.8207860000 3.5264710000
5455.3798830000 -14.8404250000 3.5262240000
5455.6201170000 -14.8602740000 3.5259760000
5455.8598630000 -14.8802210000 3.5257290000
5456.1000980000 -14.9004270000 3.5254820000
5456.3398440000 -14.9207740000 3.5252340000
5456.5800780000 -14.9413480000 3.5249870000
5456.8198240000 -14.9620700000 3.5247400000
5457.0600590000 -14.9829840000 3.5244930000
5457.2998050000 -15.0040940000 3.5242460000
5457.5400390000 -15.0254460000 3.5239980000
5457.7797850000 -15.0469590000 3.5237510000
5458.0200200000 -15.0687230000 3.5235040000
5458.2597660000 -15.0906110000 3.5232570000
5458.5000000000 -15.1128030000 3.5230100000
5458.7402340000 -15.1352160000 3.5227620000
5458.9799800000 -15.1578070000 3.5225150000
5459.2202150000 -15.1806750000 3.5222680000
5459.4599610000 -15.2036840000 3.5220220000
5459.7001950000 -15.2270240000 3.5217740000
5459.9399410000 -15.2505620000 3.5215280000
5460.1801760000 -15.2743950000 3.5212800000
5460.4199220000 -15.2984350000 3.5210340000
5460.6601560000 -15.3227360000 3.5207870000
5460.8999020000 -15.3473010000 3.5205400000
5461.1401370000 -15.3721870000 3.5202930000
5461.3798830000 -15.3973000000 3.5200460000
5461.6201170000 -15.4227490000 3.5197990000
5461.8701170000 -15.4495140000 3.5195420000
5462.1098630000 -15.4755120000 3.5192960000
5462.3500980000 -15.5018130000 3.5190490000
5462.5898440000 -15.5284240000 3.5188030000
5462.8300780000 -15.5554080000 3.5185560000
5463.0698240000 -15.5826660000 3.5183100000
5463.3100590000 -15.6103130000 3.5180630000
5463.5498050000 -15.6381930000 3.5178170000
5463.7900390000 -15.6665350000 3.5175700000
5464.0297850000 -15.6951830000 3.5173240000
5464.2700200000 -15.7242570000 3.5170770000
5464.5097660000 -15.7536540000 3.5168300000
5464.7500000000 -15.7834420000 3.5165840000
5465.0000000000 -15.8149580000 3.5163270000
5465.2402340000 -15.8455730000 3.5160810000
5465.4799800000 -15.8766120000 3.5158350000
5465.7202150000 -15.9081480000 3.5155880000
5465.9599610000 -15.9400690000 3.5153420000
5466.2001950000 -15.9725160000 3.5150960000
5466.4399410000 -16.0053060000 3.5148500000
5466.6801760000 -16.0387150000 3.5146040000
5466.9199220000 -16.0725610000 3.5143580000
5467.1601560000 -16.1069930000 3.5141110000
5467.4101560000 -16.1433620000 3.5138550000
5467.6499020000 -16.1788350000 3.5136090000
5467.8901370000 -16.2149490000 3.5133630000
5468.1298830000 -16.2515790000 3.5131170000
5468.3701170000 -16.2888180000 3.5128710000
5468.6098630000 -16.3266850000 3.5126250000
5468.8500980000 -16.3652800000 3.5123790000
5469.0898440000 -16.4044700000 3.5121330000
5469.3300780000 -16.4444370000 3.5118870000
5469.5800780000 -16.4867570000 3.5116310000
5469.8198240000 -16.5281490000 3.5113850000
5470.0600590000 -16.5703160000 3.5111400000
5470.2998050000 -16.6132910000 3.5108940000
5470.5400390000 -16.6571920000 3.5106480000
5470.7797850000 -16.7018810000 3.5104020000
5471.0200200000 -16.7475680000 3.5101560000
5471.2700200000 -16.7960780000 3.5099010000
5471.5097660000 -16.8436490000 3.5096550000
5471.7500000000 -16.8922520000 3.5094100000
5471.9902340000 -16.9420320000 3.5091640000
5472.2299800000 -16.9928380000 3.5089180000
5472.4702150000 -17.0449280000 3.5086720000
5472.7099610000 -17.0981460000 3.5084270000
5472.9599610000 -17.1549640000 3.5081720000
5473.2001950000 -17.2110060000 3.5079260000
5473.4399410000 -17.2683700000 3.5076800000
5473.6801760000 -17.3272380000 3.5074350000
5473.9199220000 -17.3876930000 3.5071900000
5474.1601560000 -17.4499490000 3.5069440000
5474.4101560000 -17.5165620000 3.5066890000
5474.6499020000 -17.5824200000 3.5064440000
5474.8901370000 -17.6504100000 3.5061980000
5475.1298830000 -17.7203830000 3.5059530000
5475.3701170000 -17.7926120000 3.5057080000
5475.6098630000 -17.8672430000 3.5054630000
5475.8598630000 -17.9477270000 3.5052080000
5476.1000980000 -18.0279640000 3.5049620000
5476.3398440000 -18.1110100000 3.5047170000
5476.5800780000 -18.1974240000 3.5044720000
5476.8198240000 -18.2871230000 3.5042270000
5477.0698240000 -18.3845440000 3.5039720000
5477.3100590000 -18.4824200000 3.5037260000
5477.5498050000 -18.5845550000 3.5034820000
5477.7900390000 -18.6915650000 3.5032370000
5478.0297850000 -18.8039400000 3.5029920000
5478.2797850000 -18.9273200000 3.5027370000
5478.5200200000 -19.0527610000 3.5024920000
5478.7597660000 -19.1853660000 3.5022470000
5479.0000000000 -19.3265970000 3.5020020000
5479.2402340000 -19.4773220000 3.5017570000
5479.4902340000 -19.6455690000 3.5015020000
5479.7299800000 -19.8198870000 3.5012580000
5479.9702150000 -20.0089040000 3.5010130000
5480.2099610000 -20.2153240000 3.5007690000
5480.4599610000 -20.4531730000 3.5005140000
5480.7001950000 -20.7074510000 3.5002690000
5480.9399410000 -20.9942740000 3.5000250000
5481.1801760000 -21.3239140000 3.4997800000
5481.4199220000 -21.7096100000 3.4995350000
5481.6699220000 -22.1973570000 3.4992810000
5481.9101560000 -22.7940830000 3.4990360000
5482.1499020000 -23.6072480000 3.4987910000
5482.3901370000 -24.8947530000 3.4985470000
5482.6401370000 -28.5988850000 3.4982920000
5482.8798830000 -26.1488970000 0.5774840000
5483.1201170000 -24.2411500000 0.5766510000
5483.3598630000 -23.2225340000 0.5758170000
5483.6098630000 -22.4982780000 0.5749480000
5483.8500980000 -21.9694350000 0.5741140000
5484.0898440000 -21.5420130000 0.5732800000
5484.3300780000 -21.1820890000 0.5724460000
5484.5800780000 -20.8602220000 0.5715780000
5484.8198240000 -20.5891780000 0.5707450000
5485.0600590000 -20.3467310000 0.5699110000
5485.2998050000 -20.1286160000 0.5690800000
5485.5498050000 -19.9210000000 0.5682120000
5485.7900390000 -19.7381610000 0.5673770000
5486.0297850000 -19.5696560000 0.5665460000
5486.2797850000 -19.4059100000 0.5656790000
5486.5200200000 -19.2594200000 0.5648460000
5486.5903320000 -19.2180650000 0.5646020000
5486.7597660000 -19.1218470000 0.5640140000
5487.0000000000 -18.9919130000 0.5631810000
5487.2500000000 -18.8642980000 0.5623150000
5487.4902340000 -18.7479950000 0.5614810000
5487.7299800000 -18.6375980000 0.5606500000
5487.9799800000 -18.5280480000 0.5597840000
5488.2202150000 -18.4274620000 0.5589510000
5488.4599610000 -18.3313470000 0.5581210000
5488.7001950000 -18.2389700000 0.5572880000
5488.9501950000 -18.1467700000 0.5564220000
5489.1899410000 -18.0616660000 0.5555920000
5489.4301760000 -17.9796490000 0.5547610000
5489.6801760000 -17.8971040000 0.5538940000
5489.9199220000 -17.8207490000 0.5530630000
5490.1601560000 -17.7468890000 0.5522340000
5490.4101560000 -17.6722890000 0.5513670000
5490.6499020000 -17.6031890000 0.5505390000
5490.8901370000 -17.5358750000 0.5497070000
5491.1401370000 -17.4678270000 0.5488410000
5491.3798830000 -17.4046210000 0.5480130000
5491.6201170000 -17.3428960000 0.5471820000
5491.8598630000 -17.2829280000 0.5463520000
5492.1098630000 -17.2221070000 0.5454880000
5492.3500980000 -17.1651120000 0.5446580000
5492.5898440000 -17.1096290000 0.5438290000
5492.8398440000 -17.0532460000 0.5429650000
5493.0800780000 -17.0003110000 0.5421340000
5493.3198240000 -16.9486900000 0.5413060000
5493.5698240000 -16.8961430000 0.5404420000
5493.8100590000 -16.8467290000 0.5396130000
5494.0600590000 -16.7964780000 0.5387500000
5494.2998050000 -16.7492710000 0.5379210000
5494.5400390000 -16.7029420000 0.5370910000
5494.7900390000 -16.6557620000 0.5362290000
5495.0297850000 -16.6113830000 0.5354010000
5495.2700200000 -16.5677780000 0.5345720000
5495.5200200000 -16.5233170000 0.5337100000
5495.7597660000 -16.4814510000 0.5328820000
5496.0000000000 -16.4403460000 0.5320540000
5496.2500000000 -16.3982320000 0.5311910000
5496.4902340000 -16.3586060000 0.5303630000
5496.7299800000 -16.3196660000 0.5295360000
5496.9799800000 -16.2797300000 0.5286730000
5497.2202150000 -16.2421210000 0.5278460000
5497.4702150000 -16.2035270000 0.5269830000
5497.7099610000 -16.1672330000 0.5261580000
5497.9501950000 -16.1313740000 0.5253310000
5498.2001950000 -16.0946200000 0.5244670000
5498.4399410000 -16.0600300000 0.5236430000
5498.6801760000 -16.0258310000 0.5228160000
5498.9301760000 -15.9908170000 0.5219550000
5499.1699220000 -15.9577130000 0.5211290000
5499.4199220000 -15.9237380000 0.5202680000
5499.6601560000 -15.8915390000 0.5194420000
5499.8999020000 -15.8598580000 0.5186160000
5500.1499020000 -15.8273230000 0.5177560000
5500.3901370000 -15.7964700000 0.5169290000
5500.6401370000 -15.7648350000 0.5160680000
5500.8798830000 -15.7348840000 0.5152440000
5501.1201170000 -15.7052700000 0.5144170000
5501.3701170000 -15.6748910000 0.5135570000
5501.6098630000 -15.6461110000 0.5127330000
5501.8598630000 -15.6165190000 0.5118740000
5502.1000980000 -15.5884200000 0.5110470000
5502.3500980000 -15.5595230000 0.5101870000
5502.5898440000 -15.5322350000 0.5093640000
5502.8300780000 -15.5051710000 0.5085380000
5503.0800780000 -15.4773750000 0.5076800000
5503.3198240000 -15.4510150000 0.5068560000
5503.5698240000 -15.4238820000 0.5059980000
5503.8100590000 -15.3980930000 0.5051730000
5504.0600590000 -15.3715420000 0.5043130000
5504.2998050000 -15.3464470000 0.5034910000
5504.5400390000 -15.3215320000 0.5026660000
5504.7900390000 -15.2959210000 0.5018080000
5505.0297850000 -15.2716100000 0.5009850000
5505.2797850000 -15.2465160000 0.5001260000
5505.5200200000 -15.2227360000 0.4993030000
5505.7700200000 -15.1981850000 0.4984450000
5506.0097660000 -15.1749590000 0.4976230000
5506.2597660000 -15.1509270000 0.4967650000
5506.5000000000 -15.1281420000 0.4959420000
5506.7402340000 -15.1055450000 0.4951180000
5506.9902340000 -15.0822480000 0.4942600000
5507.2299800000 -15.0601980000 0.4934400000
5507.4799800000 -15.0373690000 0.4925810000
5507.7202150000 -15.0157160000 0.4917590000
5507.9702150000 -14.9933390000 0.4909020000
5508.2099610000 -14.9721090000 0.4900800000
5508.4599610000 -14.9502070000 0.4892240000
5508.7001950000 -14.9293440000 0.4884010000
5508.9501950000 -14.9078590000 0.4875460000
5509.1899410000 -14.8874300000 0.4867250000
5509.4399410000 -14.8663460000 0.4858690000
5509.6801760000 -14.8462560000 0.4850460000
5509.9301760000 -14.8255600000 0.4841920000
5510.1699220000 -14.8058740000 0.4833710000
5510.4199220000 -14.7855520000 0.4825150000
5510.6601560000 -14.7661800000 0.4816930000
5510.9101560000 -14.7462180000 0.4808390000
5511.1499020000 -14.7272240000 0.4800190000
5511.3999020000 -14.7076110000 0.4791640000
5511.6401370000 -14.6889100000 0.4783430000
5511.8901370000 -14.6696330000 0.4774890000
5512.1298830000 -14.6512860000 0.4766680000
5512.3798830000 -14.6323350000 0.4758150000
5512.6201170000 -14.6142600000 0.4749940000
5512.8701170000 -14.5955880000 0.4741380000
5513.1098630000 -14.5778820000 0.4733200000
5513.3598630000 -14.5595160000 0.4724660000
5513.6000980000 -14.5420620000 0.4716460000
5513.8500980000 -14.5239930000 0.4707920000
5514.0898440000 -14.5068190000 0.4699730000
5514.3398440000 -14.4890690000 0.4691190000
5514.5800780000 -14.4721330000 0.4682990000
5514.8300780000 -14.4546610000 0.4674460000
5515.0698240000 -14.4380210000 0.4666280000
5515.3198240000 -14.4208190000 0.4657750000
5515.5600590000 -14.4044010000 0.4649550000
5515.8100590000 -14.3874610000 0.4641040000
5516.0498050000 -14.3713220000 0.4632850000
5516.2998050000 -14.3546350000 0.4624340000
5516.5400390000 -14.3387050000 0.4616140000
5516.7900390000 -14.3222660000 0.4607620000
5517.0400390000 -14.3059190000 0.4599090000
5517.2797850000 -14.2904010000 0.4590930000
5517.5297850000 -14.2742900000 0.4582410000
5517.7700200000 -14.2589650000 0.4574230000
5593.8666990000 -11.7761800000 0.2037120000
5703.2412110000 -10.6320280000 9.8575440000
5814.7534180000 -10.6589640000 9.5254190000
5851.3500980000 -11.1474520000 9.4207120000
5851.6298830000 -11.1536500000 9.4199200000
5851.9101560000 -11.1599280000 9.4191260000
5852.1801760000 -11.1660280000 9.4183610000
5852.4599610000 -11.1724150000 9.4175680000
5852.7402340000 -11.1788740000 9.4167750000
5853.0097660000 -11.1851390000 9.4160120000
5853.2900390000 -11.1917220000 9.4152180000
5853.5600590000 -11.1981190000 9.4144540000
5853.8398440000 -11.2048190000 9.4136630000
5854.1201170000 -11.2115960000 9.4128690000
5854.3901370000 -11.2181840000 9.4121060000
5854.6699220000 -11.2250820000 9.4113140000
5854.9501950000 -11.2320620000 9.4105220000
5855.2202150000 -11.2388480000 9.4097580000
5855.5000000000 -11.2459550000 9.4089670000
5855.7797850000 -11.2531230000 9.4081760000
5856.0498050000 -11.2601290000 9.4074130000
5856.3300780000 -11.2674550000 9.4066220000
5856.6098630000 -11.2748580000 9.4058300000
5856.8798830000 -11.2820670000 9.4050680000
5857.1601560000 -11.2896360000 9.4042770000
5857.4399410000 -11.2972710000 9.4034860000
5857.7099610000 -11.3047100000 9.4027230000
5857.9902340000 -11.3125190000 9.4019320000
5858.2700200000 -11.3203990000 9.4011420000
5858.5400390000 -11.3280780000 9.4003800000
5858.8198240000 -11.3361260000 9.3995900000
5859.1000980000 -11.3442640000 9.3988010000
5859.3701170000 -11.3522090000 9.3980380000
5859.6499020000 -11.3605240000 9.3972480000
5859.9301760000 -11.3689320000 9.3964590000
5860.2001950000 -11.3771430000 9.3956960000
5860.4799800000 -11.3857240000 9.3949080000
5860.7597660000 -11.3944180000 9.3941190000
5861.0400390000 -11.4032260000 9.3933290000
5861.3100590000 -11.4118010000 9.3925690000
5861.5898440000 -11.4207960000 9.3917790000
5861.8701170000 -11.4299140000 9.3909890000
5862.1401370000 -11.4387900000 9.3902290000
5862.4199220000 -11.4481050000 9.3894410000
5862.7001950000 -11.4575310000 9.3886530000
5862.9799800000 -11.4670720000 9.3878640000
5863.2500000000 -11.4763800000 9.3871040000
5863.5297850000 -11.4861520000 9.3863160000
5863.8100590000 -11.4960610000 9.3855280000
5864.0800780000 -11.5057160000 9.3847680000
5864.3598630000 -11.5158540000 9.3839800000
5864.6401370000 -11.5261380000 9.3831910000
5864.9199220000 -11.5365360000 9.3824030000
5865.1899410000 -11.5466890000 9.3816440000
5865.4702150000 -11.5573720000 9.3808570000
5865.7500000000 -11.5681590000 9.3800710000
5866.0297850000 -11.5791080000 9.3792840000
5866.2998050000 -11.5898040000 9.3785250000
5866.5800780000 -11.6010630000 9.3777370000
5866.8598630000 -11.6124560000 9.3769500000
5867.1401370000 -11.6240260000 9.3761630000
5867.4101560000 -11.6353160000 9.3754040000
5867.6899410000 -11.6471860000 9.3746190000
5867.9702150000 -11.6592250000 9.3738320000
5868.2500000000 -11.6714370000 9.3730460000
5868.5297850000 -11.6838250000 9.3722600000
5868.7998050000 -11.6959430000 9.3715030000
5869.0800780000 -11.7087140000 9.3707160000
5869.3598630000 -11.7216540000 9.3699300000
5869.6401370000 -11.7348140000 9.3691430000
5869.9101560000 -11.7476700000 9.3683860000
5870.1899410000 -11.7612080000 9.3676010000
5870.4702150000 -11.7749570000 9.3668170000
5870.7500000000 -11.7889230000 9.3660310000
5871.0297850000 -11.8031140000 9.3652470000
5871.2998050000 -11.8170160000 9.3644900000
5871.5800780000 -11.8316910000 9.3637040000
5871.8598630000 -11.8465850000 9.3629190000
5872.1401370000 -11.8617320000 9.3621350000
5872.4199220000 -11.8771360000 9.3613510000
5872.7001950000 -11.8928350000 9.3605650000
5872.9702150000 -11.9082070000 9.3598090000
5873.2500000000 -11.9244280000 9.3590250000
5873.5297850000 -11.9409420000 9.3582420000
5873.8100590000 -11.9577880000 9.3574560000
5874.0898440000 -11.9748890000 9.3566740000
5874.3598630000 -11.9917410000 9.3559180000
5874.6401370000 -12.0095180000 9.3551340000
5874.9199220000 -12.0276390000 9.3543510000
5875.2001950000 -12.0461520000 9.3535670000
5875.4799800000 -12.0650040000 9.3527840000
5875.7597660000 -12.0842090000 9.3520020000
5876.0400390000 -12.1038810000 9.3512180000
5876.3100590000 -12.1232110000 9.3504640000
5876.5898440000 -12.1436810000 9.3496810000
5876.8701170000 -12.1646360000 9.3488970000
5877.1499020000 -12.1860230000 9.3481150000
5877.4301760000 -12.2078970000 9.3473330000
5877.7099610000 -12.2302790000 9.3465510000
5877.9902340000 -12.2532300000 9.3457680000
5878.2597660000 -12.2758070000 9.3450160000
5878.5400390000 -12.2998720000 9.3442330000
5878.8198240000 -12.3245020000 9.3434510000
5879.1000980000 -12.3498110000 9.3426680000
5879.3798830000 -12.3756970000 9.3418870000
5879.6601560000 -12.4023720000 9.3411050000
5879.9399410000 -12.4297390000 9.3403240000
5880.2202150000 -12.4579290000 9.3395410000
5880.4902340000 -12.4858370000 9.3387890000
5880.7700200000 -12.5156280000 9.3380080000
5881.0498050000 -12.5462770000 9.3372290000
5881.3300780000 -12.5779970000 9.3364470000
5881.6098630000 -12.6106880000 9.3356670000
5881.8901370000 -12.6445260000 9.3348850000
5882.1699220000 -12.6794090000 9.3341050000
5882.4501950000 -12.7156510000 9.3333240000
5882.7299800000 -12.7531580000 9.3325440000
5883.0097660000 -12.7920860000 9.3317650000
5883.2797850000 -12.8310660000 9.3310130000
5883.5600590000 -12.8731810000 9.3302320000
5883.8398440000 -12.9169250000 9.3294530000
5884.1201170000 -12.9627490000 9.3286730000
5884.3999020000 -13.0105940000 9.3278940000
5884.6801760000 -13.0608170000 9.3271130000
5884.9599610000 -13.1134680000 9.3263340000
5885.2402340000 -13.1688890000 9.3255560000
5885.5200200000 -13.2273750000 9.3247770000
5885.7998050000 -13.2892750000 9.3239970000
5886.0800780000 -13.3551140000 9.3232180000
5886.3598630000 -13.4250350000 9.3224410000
5886.6401370000 -13.5001070000 9.3216610000
5886.9199220000 -13.5806780000 9.3208830000
5887.2001950000 -13.6679180000 9.3201040000
5887.4799800000 -13.7624840000 9.3193260000
5887.7500000000 -13.8625700000 9.3185760000
5888.0297850000 -13.9767010000 9.3177990000
5888.3100590000 -14.1046410000 9.3170200000
5888.5898440000 -14.2492740000 9.3162420000
5888.8701170000 -14.4161970000 9.3154640000
5889.1499020000 -14.6122810000 9.3146880000
5889.4301760000 -14.8517400000 9.3139100000
5889.7099610000 -15.1570050000 9.3131320000
5889.9902340000 -15.5800470000 9.3123540000
5890.2700200000 -16.2681540000 9.3115770000
5890.5498050000 -18.3736740000 9.3108020000
5890.8300780000 -16.6880570000 2.8486470000
5891.1098630000 -15.7887260000 2.8475630000
5891.3901370000 -15.2930050000 2.8464770000
5891.6699220000 -14.9499400000 2.8453940000
5891.9501950000 -14.6857360000 2.8443090000
5892.2299800000 -14.4715610000 2.8432250000
5892.5097660000 -14.2911290000 2.8421420000
5892.7900390000 -14.1351750000 2.8410590000
5893.0698240000 -13.9977940000 2.8399750000
5893.3500980000 -13.8747920000 2.8388900000
5893.6298830000 -13.7637540000 2.8378080000
5893.9101560000 -13.6623810000 2.8367240000
5894.1899410000 -13.5691040000 2.8356420000
5894.4702150000 -13.4825650000 2.8345580000
5894.7500000000 -13.4020950000 2.8334760000
5895.0297850000 -13.3267690000 2.8323940000
5895.3100590000 -13.2559580000 2.8313120000
5895.5898440000 -13.1891380000 2.8302300000
5895.8701170000 -13.1257730000 2.8291460000
5896.1499020000 -13.0657070000 2.8280650000
5896.4399410000 -13.0065190000 2.8269450000
5896.7202150000 -12.9519330000 2.8258630000
5897.0000000000 -12.8998930000 2.8247830000
5897.2797850000 -12.8499240000 2.8237030000
5897.5600590000 -12.8018610000 2.8226200000
5897.8398440000 -12.7557100000 2.8215400000
5898.1201170000 -12.7112490000 2.8204600000
5898.3999020000 -12.6683550000 2.8193800000
5898.6801760000 -12.6268450000 2.8182980000
5898.9599610000 -12.5867510000 2.8172190000
5899.2402340000 -12.5505850000 2.8161390000
5899.5200200000 -12.5129560000 2.8150600000
5899.7998050000 -12.4764470000 2.8139810000
5900.0800780000 -12.4409280000 2.8129010000
5900.3598630000 -12.4065160000 2.8118240000
5900.6401370000 -12.3729200000 2.8107440000
5900.9301760000 -12.3390540000 2.8096260000
5901.2099610000 -12.3073130000 2.8085490000
5901.4902340000 -12.2762530000 2.8074690000
5901.7700200000 -12.2459960000 2.8063920000
5902.0498050000 -12.2164490000 2.8053140000
5902.3300780000 -12.1875800000 2.8042360000
5902.6098630000 -12.1593570000 2.8031600000
5902.8901370000 -12.1317030000 2.8020810000
5903.1699220000 -12.1046850000 2.8010030000
5903.4501950000 -12.0782290000 2.7999270000
5903.7402340000 -12.0513510000 2.7988100000
5904.0200200000 -12.0260110000 2.7977360000
5904.2998050000 -12.0011210000 2.7966590000
5904.5800780000 -11.9766640000 2.7955820000
5904.8598630000 -11.9527030000 2.7945060000
5905.1401370000 -11.9291810000 2.7934300000
5905.4199220000 -11.9060790000 2.7923550000
5905.7001950000 -11.8833450000 2.7912780000
5905.9902340000 -11.8602490000 2.7901640000
5906.2700200000 -11.8383330000 2.7890880000
5906.5498050000 -11.8167810000 2.7880130000
5906.8300780000 -11.7955430000 2.7869380000
5907.1098630000 -11.7747140000 2.7858650000
5907.3901370000 -11.7541430000 2.7847880000
5907.6699220000 -11.7339220000 2.7837140000
5907.9599610000 -11.7133010000 2.7826010000
5908.2402340000 -11.6936610000 2.7815260000
5908.5200200000 -11.6743400000 2.7804520000
5908.7998050000 -11.6553300000 2.7793810000
5909.0800780000 -11.6365250000 2.7783050000
5909.3598630000 -11.6180130000 2.7772320000
5909.6401370000 -11.5997260000 2.7761570000
5909.9301760000 -11.5810750000 2.7750450000
5910.2099610000 -11.5633120000 2.7739730000
5910.4902340000 -11.5457810000 2.7729010000
5910.7700200000 -11.5284770000 2.7718280000
5911.0498050000 -11.5113930000 2.7707560000
5911.3398440000 -11.4939220000 2.7696460000
5911.6201170000 -11.4772390000 2.7685720000
5911.8999020000 -11.4607870000 2.7675000000
5912.1801760000 -11.4445310000 2.7664280000
5912.4599610000 -11.4284690000 2.7653570000
5912.7402340000 -11.4125670000 2.7642840000
5913.0297850000 -11.3963430000 2.7631760000
5913.3100590000 -11.3808100000 2.7621040000
5913.5898440000 -11.3654770000 2.7610330000
5913.8701170000 -11.3502860000 2.7599600000
5914.1499020000 -11.3353140000 2.7588920000
5914.4399410000 -11.3199250000 2.7577810000
5914.7202150000 -11.3052520000 2.7567110000
5915.0000000000 -11.2907340000 2.7556410000
5915.2797850000 -11.2763670000 2.7545720000
5915.5698240000 -11.2616420000 2.7534640000
5915.8500980000 -11.2475470000 2.7523930000
5916.1298830000 -11.2336190000 2.7513230000
5916.4101560000 -11.2198280000 2.7502540000
5916.7001950000 -11.2056620000 2.7491460000
5916.9799800000 -11.1921660000 2.7480780000
5917.2597660000 -11.1787770000 2.7470090000
5917.5400390000 -11.1654910000 2.7459390000
5917.8198240000 -11.1523520000 2.7448710000
5918.1098630000 -11.1388710000 2.7437650000
5918.3901370000 -11.1259560000 2.7426950000
5918.6699220000 -11.1132010000 2.7416290000
5918.9501950000 -11.1005160000 2.7405600000
5919.2402340000 -11.0875200000 2.7394530000
5919.5200200000 -11.0750840000 2.7383860000
5919.7998050000 -11.0627560000 2.7373190000
5920.0898440000 -11.0500980000 2.7362140000
5920.3701170000 -11.0379630000 2.7351460000
5920.6499020000 -11.0259510000 2.7340780000
5920.9301760000 -11.0140190000 2.7330100000
5921.2202150000 -11.0017840000 2.7319060000
5921.5000000000 -10.9900700000 2.7308400000
5921.7797850000 -10.9784710000 2.7297750000
5922.0600590000 -10.9669260000 2.7287080000
5922.3500980000 -10.9550840000 2.7276040000
5922.6298830000 -10.9437430000 2.7265390000
5922.9101560000 -10.9324710000 2.7254710000
5923.2001950000 -10.9209080000 2.7243680000
5923.4799800000 -10.9098300000 2.7233030000
5923.7597660000 -10.8988370000 2.7222390000
5924.0498050000 -10.8875370000 2.7211360000
5924.3300780000 -10.8766930000 2.7200690000
5924.6098630000 -10.8659640000 2.7190070000
5924.8901370000 -10.8552770000 2.7179400000
5925.1801760000 -10.8443090000 2.7168390000
5925.4599610000 -10.8337970000 2.7157750000
5925.7402340000 -10.8233420000 2.7147090000
5926.0297850000 -10.8126280000 2.7136100000
5926.3100590000 -10.8023210000 2.7125440000
5926.5898440000 -10.7921050000 2.7114810000
5926.8798830000 -10.7815970000 2.7103800000
5927.1601560000 -10.7715050000 2.7093150000
5927.4399410000 -10.7614990000 2.7082530000
5927.7299800000 -10.7512060000 2.7071520000
5928.0097660000 -10.7413360000 2.7060900000
5928.2900390000 -10.7315300000 2.7050280000
5928.4467770000 -10.7260630000 2.7044320000
5928.5800780000 -10.7214260000 2.7039250000
5928.8598630000 -10.7117670000 2.7028660000
5929.1401370000 -10.7021380000 2.7018020000
5929.4301760000 -10.6922460000 2.7007030000
6044.3627930000 -8.7215600000 2.2780580000
6162.5449220000 -7.9900870000 1.8695230000
6224.4301760000 -8.0431120000 1.6654090000
6224.7402340000 -8.0451810000 1.6644030000
6225.0498050000 -8.0472840000 1.6633980000
6225.3598630000 -8.0494200000 1.6623920000
6225.6801760000 -8.0516640000 1.6613520000
6225.9902340000 -8.0538690000 1.6603470000
6226.2998050000 -8.0561070000 1.6593430000
6226.6098630000 -8.0583830000 1.6583380000
6226.9301760000 -8.0607740000 1.6572990000
6227.2402340000 -8.0631240000 1.6562950000
6227.5498050000 -8.0655110000 1.6552900000
6227.8701170000 -8.0680150000 1.6542530000
6228.1801760000 -8.0704830000 1.6532470000
6228.4902340000 -8.0729870000 1.6522430000
6228.7998050000 -8.0755250000 1.6512400000
6229.1201170000 -8.0781970000 1.6502030000
6229.4301760000 -8.0808220000 1.6491990000
6229.7402340000 -8.0834890000 1.6481960000
6230.0600590000 -8.0862870000 1.6471610000
6230.3701170000 -8.0890400000 1.6461570000
6230.6801760000 -8.0918360000 1.6451540000
6231.0000000000 -8.0947700000 1.6441190000
6231.3100590000 -8.0976580000 1.6431160000
6231.6201170000 -8.1005960000 1.6421120000
6231.9301760000 -8.1035770000 1.6411090000
6232.2500000000 -8.1067040000 1.6400760000
6232.5600590000 -8.1097810000 1.6390730000
6232.8701170000 -8.1129080000 1.6380720000
6233.1899410000 -8.1161900000 1.6370370000
6233.5000000000 -8.1194200000 1.6360360000
6233.8100590000 -8.1227020000 1.6350350000
6234.1298830000 -8.1261460000 1.6340010000
6234.4399410000 -8.1295370000 1.6330000000
6234.7597660000 -8.1330950000 1.6319670000
6235.0698240000 -8.1365990000 1.6309660000
6235.3798830000 -8.1401610000 1.6299660000
6235.7001950000 -8.1439040000 1.6289310000
6236.0097660000 -8.1475790000 1.6279330000
6236.3198240000 -8.1513260000 1.6269310000
6236.6401370000 -8.1552540000 1.6258980000
6236.9501950000 -8.1591290000 1.6248970000
6237.2597660000 -8.1630570000 1.6238990000
6237.5800780000 -8.1671930000 1.6228660000
6237.8901370000 -8.1712630000 1.6218670000
6238.2099610000 -8.1755290000 1.6208370000
6238.5200200000 -8.1797470000 1.6198370000
6238.8300780000 -8.1840300000 1.6188370000
6239.1499020000 -8.1885280000 1.6178060000
6239.4599610000 -8.1929630000 1.6168080000
6239.7797850000 -8.1976200000 1.6157780000
6240.0898440000 -8.2022130000 1.6147790000
6240.3999020000 -8.2068860000 1.6137820000
6240.7202150000 -8.2118040000 1.6127500000
6241.0297850000 -8.2166400000 1.6117530000
6241.3500980000 -8.2217380000 1.6107230000
6241.6601560000 -8.2267590000 1.6097250000
6241.9702150000 -8.2318720000 1.6087280000
6242.2900390000 -8.2372470000 1.6076980000
6242.6000980000 -8.2425520000 1.6067020000
6242.9199220000 -8.2481320000 1.6056730000
6243.2299800000 -8.2536380000 1.6046760000
6243.5498050000 -8.2594330000 1.6036480000
6243.8598630000 -8.2651540000 1.6026520000
6244.1801760000 -8.2711830000 1.6016220000
6244.4902340000 -8.2771300000 1.6006260000
6244.7998050000 -8.2831840000 1.5996310000
6245.1201170000 -8.2895770000 1.5986020000
6245.4301760000 -8.2958850000 1.5976070000
6245.7500000000 -8.3025300000 1.5965800000
6246.0600590000 -8.3091000000 1.5955850000
6246.3798830000 -8.3160230000 1.5945580000
6246.6899410000 -8.3228700000 1.5935620000
6247.0097660000 -8.3300880000 1.5925360000
6247.3198240000 -8.3372310000 1.5915410000
6247.6401370000 -8.3447750000 1.5905130000
6247.9501950000 -8.3522330000 1.5895200000
6248.2700200000 -8.3601030000 1.5884930000
6248.5800780000 -8.3678980000 1.5875000000
6248.8999020000 -8.3761290000 1.5864730000
6249.2099610000 -8.3842860000 1.5854800000
6249.5297850000 -8.3929040000 1.5844550000
6249.8398440000 -8.4014500000 1.5834610000
6250.1601560000 -8.4104990000 1.5824350000
6250.4702150000 -8.4194650000 1.5814420000
6250.7900390000 -8.4289510000 1.5804170000
6251.1000980000 -8.4383710000 1.5794240000
6251.4199220000 -8.4483440000 1.5784000000
6251.7299800000 -8.4582570000 1.5774080000
6252.0498050000 -8.4687600000 1.5763840000
6252.3598630000 -8.4792100000 1.5753920000
6252.6801760000 -8.4903090000 1.5743670000
6252.9902340000 -8.5013450000 1.5733750000
6253.3100590000 -8.5130610000 1.5723510000
6253.6201170000 -8.5247400000 1.5713600000
6253.9399410000 -8.5371530000 1.5703360000
6254.2500000000 -8.5495420000 1.5693450000
6254.5698240000 -8.5627270000 1.5683230000
6254.8901370000 -8.5763360000 1.5673000000
6255.2001950000 -8.5899660000 1.5663080000
6255.5200200000 -8.6044590000 1.5652880000
6255.8300780000 -8.6190200000 1.5642960000
6256.1499020000 -8.6345290000 1.5632750000
6256.4599610000 -8.6501370000 1.5622840000
6256.7797850000 -8.6667930000 1.5612640000
6257.1000980000 -8.6841420000 1.5602410000
6257.4101560000 -8.7015800000 1.5592510000
6257.7299800000 -8.7203060000 1.5582300000
6258.0400390000 -8.7392020000 1.5572410000
6258.3598630000 -8.7595500000 1.5562200000
6258.6699220000 -8.7801410000 1.5552310000
6258.9902340000 -8.8024170000 1.5542100000
6259.3100590000 -8.8257490000 1.5531890000
6259.6201170000 -8.8494870000 1.5522000000
6259.9399410000 -8.8752780000 1.5511810000
6260.2500000000 -8.9016340000 1.5501930000
6260.5698240000 -8.9304090000 1.5491730000
6260.8901370000 -8.9609580000 1.5481540000
6261.2001950000 -8.9924970000 1.5471650000
6261.5200200000 -9.0271630000 1.5461460000
6261.8398440000 -9.0644270000 1.5451280000
6262.1499020000 -9.1033170000 1.5441410000
6262.4702150000 -9.1468690000 1.5431200000
6262.7797850000 -9.1927100000 1.5421350000
6263.1000980000 -9.2448300000 1.5411160000
6263.4199220000 -9.3025840000 1.5400970000
6263.7299800000 -9.3652400000 1.5391110000
6264.0498050000 -9.4386750000 1.5380930000
6264.3701170000 -9.5237140000 1.5370750000
6264.6801760000 -9.6212880000 1.5360880000
6265.0000000000 -9.7440050000 1.5350720000
6265.3198240000 -9.9023680000 1.5340550000
6265.6298830000 -10.1162320000 1.5330700000
6265.9501950000 -10.4834210000 1.5320510000
6266.2700200000 -11.8764290000 1.5310340000
6266.5800780000 -10.6106950000 3.3177190000
6266.8999020000 -10.1748540000 3.3166610000
6267.2202150000 -9.9295240000 3.3156030000
6267.5297850000 -9.7622690000 3.3145780000
6267.8500980000 -9.6286120000 3.3135200000
6268.1699220000 -9.5197460000 3.3124630000
6268.4799800000 -9.4304700000 3.3114390000
6268.7998050000 -9.3504730000 3.3103820000
6269.1201170000 -9.2797820000 3.3093230000
6269.4301760000 -9.2184590000 3.3082990000
6269.7500000000 -9.1610290000 3.3072420000
6270.0698240000 -9.1085920000 3.3061880000
6270.3901370000 -9.0601220000 3.3051300000
6270.7001950000 -9.0165790000 3.3041070000
6271.0200200000 -8.9745970000 3.3030500000
6271.3398440000 -8.9352390000 3.3019940000
6271.6499020000 -8.8993080000 3.3009720000
6271.9702150000 -8.8641730000 3.2999140000
6272.2900390000 -8.8309090000 3.2988600000
6272.6098630000 -8.7993180000 3.2978060000
6272.9199220000 -8.7700260000 3.2967820000
6273.2402340000 -8.7411460000 3.2957270000
6273.5600590000 -8.7134780000 3.2946720000
6273.8798830000 -8.6869190000 3.2936170000
6274.1899410000 -8.6621610000 3.2925960000
6274.5097660000 -8.6375270000 3.2915410000
6274.8300780000 -8.6137590000 3.2904870000
6275.1499020000 -8.5907940000 3.2894330000
6275.4599610000 -8.5692600000 3.2884120000
6275.7797850000 -8.5477150000 3.2873580000
6276.1000980000 -8.5267910000 3.2863040000
6276.4199220000 -8.5065060000 3.2852500000
6276.7299800000 -8.4874010000 3.2842300000
6277.0498050000 -8.4682070000 3.2831760000
6277.3701170000 -8.4495200000 3.2821240000
6277.6899410000 -8.4313100000 3.2810710000
6278.0097660000 -8.4135500000 3.2800190000
6278.3198240000 -8.3967540000 3.2789980000
6278.6401370000 -8.3797880000 3.2779450000
6278.9599610000 -8.3632570000 3.2768950000
6279.2797850000 -8.3470660000 3.2758430000
6279.6000980000 -8.3312000000 3.2747890000
6279.9101560000 -8.3161680000 3.2737700000
6280.2299800000 -8.3009620000 3.2727180000
6280.5498050000 -8.2860580000 3.2716670000
6280.8701170000 -8.2714420000 3.2706170000
6281.1899410000 -8.2571030000 3.2695650000
6281.5000000000 -8.2434640000 3.2685470000
6281.8198240000 -8.2296350000 3.2674960000
6282.1401370000 -8.2160300000 3.2664440000
6282.4599610000 -8.2026980000 3.2653950000
6282.7797850000 -8.1895700000 3.2643450000
6283.0380860000 -8.1791250000 3.2634970000
6283.1000980000 -8.1766410000 3.2632930000
6283.4101560000 -8.1643310000 3.2622770000
6283.7299800000 -8.1518230000 3.2612270000
6284.0498050000 -8.1395070000 3.2601770000
6284.3701170000 -8.1273780000 3.2591280000
6284.6899410000 -8.1154290000 3.2580790000
6285.0097660000 -8.1036540000 3.2570290000
6285.3300780000 -8.0920300000 3.2559790000
6285.6401370000 -8.0809400000 3.2549620000
6285.9599610000 -8.0696480000 3.2539140000
6286.2797850000 -8.0585240000 3.2528670000
6286.6000980000 -8.0475150000 3.2518170000
6286.9199220000 -8.0366650000 3.2507690000
6287.2402340000 -8.0259530000 3.2497210000
6287.5600590000 -8.0153760000 3.2486720000
6287.8798830000 -8.0049300000 3.2476240000
6288.2001950000 -7.9945940000 3.2465750000
6288.5097660000 -7.9847290000 3.2455630000
6288.8300780000 -7.9746330000 3.2445140000
6289.1499020000 -7.9646820000 3.2434680000
6289.4702150000 -7.9548150000 3.2424190000
6289.7900390000 -7.9450730000 3.2413730000
6290.1098630000 -7.9354520000 3.2403280000
6290.4301760000 -7.9259070000 3.2392800000
6290.7500000000 -7.9164780000 3.2382340000
6291.0698240000 -7.9071470000 3.2371870000
6291.3901370000 -7.8979130000 3.2361410000
6291.7099610000 -7.8887720000 3.2350950000
6292.0200200000 -7.8800050000 3.2340820000
6292.3398440000 -7.8710440000 3.2330370000
6292.6601560000 -7.8621550000 3.2319900000
6292.9799800000 -7.8533660000 3.2309450000
6293.2998050000 -7.8446730000 3.2299010000
6293.6201170000 -7.8360350000 3.2288540000
6293.9399410000 -7.8274900000 3.2278100000
6294.2597660000 -7.8190350000 3.2267670000
6294.5800780000 -7.8106300000 3.2257200000
6294.8999020000 -7.8023130000 3.2246760000
6295.2202150000 -7.7940550000 3.2236310000
6295.5400390000 -7.7858940000 3.2225890000
6295.8598630000 -7.7777890000 3.2215440000
6296.1801760000 -7.7697410000 3.2204990000
6296.5000000000 -7.7617710000 3.2194560000
6296.8198240000 -7.7538790000 3.2184130000
6297.1401370000 -7.7460260000 3.2173690000
6297.4599610000 -7.7382480000 3.2163260000
6297.7797850000 -7.7305430000 3.2152840000
6298.1000980000 -7.7228750000 3.2142400000
6298.4199220000 -7.7152770000 3.2131980000
6298.7402340000 -7.7077260000 3.2121530000
6299.0600590000 -7.7002540000 3.2111130000
6299.3798830000 -7.6928270000 3.2100710000
6299.7001950000 -7.6854430000 3.2090270000
6300.0200200000 -7.6781240000 3.2079860000
6300.3398440000 -7.6708680000 3.2069450000
6300.6601560000 -7.6636420000 3.2059020000
6300.9799800000 -7.6564780000 3.2048610000
6301.2998050000 -7.6493740000 3.2038210000
6301.6201170000 -7.6422970000 3.2027790000
6301.9399410000 -7.6352800000 3.2017380000
6302.2597660000 -7.6283090000 3.2006970000
6302.5800780000 -7.6213850000 3.1996560000
6302.8999020000 -7.6145060000 3.1986160000
6303.2202150000 -7.6076620000 3.1975750000
6303.5400390000 -7.6008720000 3.1965340000
6303.8598630000 -7.5941360000 3.1954960000
6304.1801760000 -7.5874210000 3.1944540000
6304.5000000000 -7.5807600000 3.1934150000
6304.8198240000 -7.5741390000 3.1923750000
6305.1401370000 -7.5675590000 3.1913370000
6305.4599610000 -7.5610180000 3.1902970000
6305.7797850000 -7.5545170000 3.1892580000
6306.1098630000 -7.5478530000 3.1881870000
6306.4301760000 -7.5414200000 3.1871460000
6306.7500000000 -7.5350440000 3.1861100000
6307.0698240000 -7.5286950000 3.1850710000
6307.3901370000 -7.5223730000 3.1840310000
6307.7099610000 -7.5160970000 3.1829930000
6308.0297850000 -7.5098640000 3.1819570000
6308.3500980000 -7.5036480000 3.1809180000
6308.6699220000 -7.4974760000 3.1798800000
6308.9902340000 -7.4913370000 3.1788430000
6309.3100590000 -7.4852310000 3.1778050000
6309.6401370000 -7.4789690000 3.1767360000
6309.9599610000 -7.4729290000 3.1756980000
6310.2797850000 -7.4669220000 3.1746620000
6310.6000980000 -7.4609370000 3.1736240000
6310.9199220000 -7.4550000000 3.1725880000
6311.2402340000 -7.4490760000 3.1715510000
6311.5600590000 -7.4431910000 3.1705140000
6311.8798830000 -7.4373360000 3.1694780000
6312.2099610000 -7.4313280000 3.1684100000
6312.5297850000 -7.4255410000 3.1673760000
6312.8500980000 -7.4197650000 3.1663390000
6405.8872070000 -6.3050860000 2.8716310000
6531.1386720000 -5.3949730000 2.4941200000
6658.8383790000 -4.7113650000 2.1302870000
6789.0356450000 -4.1543980000 1.7794890000
6921.7783200000 -3.6833820000 1.4411270000
7057.1162110000 -3.2762530000 1.1146320000
7195.1005860000 -2.8464790000 0.7925970000
7335.7827150000 -2.5261340000 0.4731000000
7479.2158200000 -2.2412420000 0.1626620000
7625.4531250000 -1.9865430000 9.8610060000
7774.5498050000 -1.7142530000 9.5612500000
7926.5620120000 -1.5065950000 9.2671350000
8081.5458980000 -1.3202870000 8.9802630000
8239.5605470000 -1.1763480000 8.7031450000
8400.6640630000 -1.0279440000 8.4353240000
8564.9189450000 -0.8946010000 8.1749030000
8732.3837890000 -0.7749030000 7.9217130000
8903.1240230000 -0.6676190000 7.6756040000
9077.2021480000 -0.5714970000 7.4376550000
9254.6845700000 -0.4854960000 7.2065040000
9435.6367190000 -0.4087500000 6.9819780000
9620.1269530000 -0.3404810000 6.7639080000
9808.2246090000 -0.2799940000 6.5521250000
10000.0000000000 -0.2266590000 6.3464700000
10195.5253900000 -0.1799090000 6.1467810000
10394.8730500000 -0.1392270000 5.9529040000
10598.1191400000 -0.1041430000 5.7646860000
10805.3388700000 -0.0742290000 5.5819770000
11016.6103500000 -0.0504210000 5.4046670000
11232.0127000000 -0.0297730000 5.2326970000
11451.6259800000 -0.0131940000 5.0658220000
11675.5341800000 -0.0003810000 4.9039030000
11903.8203100000 0.0074570000 4.7468940000
12136.5693400000 0.0135150000 4.5946560000
12373.8701200000 0.0166030000 4.4469890000
12615.8105500000 0.0148870000 4.3038400000
12862.4814500000 0.0126000000 4.1651660000
13113.9746100000 0.0079760000 4.0307060000
13370.3857400000 0.0011880000 3.9003400000
13631.8105500000 -0.0075990000 3.7739540000
13898.3466800000 -0.0182370000 3.6514340000
14170.0937500000 -0.0305870000 3.5326710000
14447.1543000000 -0.0445200000 3.4175570000
14729.6328100000 -0.0598930000 3.3059870000
15017.6337900000 -0.0766470000 3.1978600000
15311.2666000000 -0.0946570000 3.0930770000
15610.6396500000 -0.1138230000 2.9915420000
15915.8671900000 -0.1343540000 2.8931670000
16227.0615200000 -0.1560030000 2.7978660000
16544.3418000000 -0.1781690000 2.7055370000
16867.8242200000 -0.2011990000 2.6160930000
17197.6328100000 -0.2250370000 2.5294490000
17533.8906300000 -0.2496290000 2.4455240000
17876.7207000000 -0.2749300000 2.3642370000
18226.2558600000 -0.3008990000 2.2855110000
18582.6250000000 -0.3275010000 2.2092690000
18945.9628900000 -0.3547080000 2.1354380000
19316.4023400000 -0.3824930000 2.0639480000
19694.0878900000 -0.4108410000 1.9947270000
20079.1562500000 -0.4397360000 1.9277080000
20471.7539100000 -0.4691730000 1.8628250000
20872.0273400000 -0.4991480000 1.8000150000
21280.1289100000 -0.5296670000 1.7392130000
21696.2070300000 -0.5607410000 1.6803620000
22120.4238300000 -0.5923870000 1.6234000000
22552.9335900000 -0.6246320000 1.5682720000
22993.8984400000 -0.6575090000 1.5149200000
23443.4882800000 -0.6910620000 1.4632920000
23901.8671900000 -0.7274260000 1.4133730000
24369.2070300000 -0.7646110000 1.3652010000
24845.6875000000 -0.8005070000 1.3185970000
25331.4824200000 -0.8373940000 1.2735090000
25826.7753900000 -0.8789520000 1.2299660000
26331.7539100000 -0.9184210000 1.1879130000
26846.6054700000 -0.9598400000 1.1472910000
27371.5234400000 -1.0017800000 1.1081540000
27906.7070300000 -1.0453890000 1.0703230000
28452.3515600000 -1.0909490000 1.0337540000
29008.6660200000 -1.1387630000 0.9984060000
29575.8593800000 -1.1892000000 0.9642370000
30154.1406300000 -1.2428060000 0.9312090000
30743.7304700000 -1.3001490000 0.8992850000
31344.8476600000 -1.3619960000 0.8684290000
31957.7168000000 -1.4293440000 0.8386060000
32582.5703100000 -1.5035130000 0.8097810000
33219.6406300000 -1.5863080000 0.7819220000
33869.1679700000 -1.6802680000 0.7549970000
34531.3945300000 -1.7891260000 0.7289750000
35206.5703100000 -1.9186730000 0.7038270000
35894.9492200000 -2.0785740000 0.6795230000
36596.7851600000 -2.2867460000 0.6560370000
37243.6992200000 -2.5484460000 0.6354650000
37254.8984400000 -2.5538740000 0.6351170000
37266.1015600000 -2.5593430000 0.6347700000
37277.3007800000 -2.5648500000 0.6344230000
37288.5000000000 -2.5703960000 0.6340770000
37299.6992200000 -2.5759810000 0.6337300000
37311.0000000000 -2.5816610000 0.6333810000
37312.3437500000 -2.5823380000 0.6333400000
37322.1992200000 -2.5873300000 0.6330350000
37333.3984400000 -2.5930400000 0.6326900000
37344.6992200000 -2.5988480000 0.6323420000
37355.8984400000 -2.6046470000 0.6319970000
37367.1992200000 -2.6105420000 0.6316490000
37378.5000000000 -2.6164840000 0.6313020000
37389.6992200000 -2.6224160000 0.6309580000
37401.0000000000 -2.6284510000 0.6306110000
37412.3007800000 -2.6345310000 0.6302640000
37423.6015600000 -2.6406620000 0.6299180000
37434.8984400000 -2.6468380000 0.6295720000
37446.1992200000 -2.6530660000 0.6292270000
37457.5000000000 -2.6593470000 0.6288810000
37468.8007800000 -2.6656780000 0.6285360000
37480.1992200000 -2.6721170000 0.6281890000
37491.5000000000 -2.6785550000 0.6278440000
37502.8007800000 -2.6850450000 0.6275000000
37514.1992200000 -2.6916480000 0.6271530000
37525.5000000000 -2.6982520000 0.6268090000
37536.8984400000 -2.7049690000 0.6264630000
37548.3007800000 -2.7117470000 0.6261170000
37559.6015600000 -2.7185230000 0.6257740000
37571.0000000000 -2.7254180000 0.6254280000
37582.3984400000 -2.7323760000 0.6250830000
37593.8007800000 -2.7393990000 0.6247380000
37605.1992200000 -2.7464830000 0.6243940000
37616.6015600000 -2.7536350000 0.6240490000
37628.0000000000 -2.7608510000 0.6237050000
37639.3984400000 -2.7681340000 0.6233620000
37650.8984400000 -2.7755530000 0.6230150000
37662.3007800000 -2.7829780000 0.6226720000
37673.8007800000 -2.7905400000 0.6223260000
37685.1992200000 -2.7981080000 0.6219830000
37696.6992200000 -2.8058190000 0.6216380000
37708.1015600000 -2.8135390000 0.6212960000
37719.6015600000 -2.8214010000 0.6209510000
37731.1015600000 -2.8293460000 0.6206070000
37742.6015600000 -2.8373730000 0.6202630000
37754.1015600000 -2.8454790000 0.6199190000
37765.6015600000 -2.8536730000 0.6195750000
37777.1015600000 -2.8619540000 0.6192320000
37788.6015600000 -2.8703200000 0.6188890000
37800.1015600000 -2.8787790000 0.6185460000
37811.6015600000 -2.8873270000 0.6182040000
37823.1992200000 -2.8960460000 0.6178590000
37834.6992200000 -2.9047850000 0.6175170000
37846.3007800000 -2.9137030000 0.6171720000
37857.8007800000 -2.9226410000 0.6168310000
37869.3984400000 -2.9317620000 0.6164870000
37880.8984400000 -2.9409070000 0.6161460000
37892.5000000000 -2.9502450000 0.6158030000
37904.1015600000 -2.9596920000 0.6154600000
37915.6992200000 -2.9692500000 0.6151170000
37927.3007800000 -2.9789280000 0.6147750000
37938.8984400000 -2.9887240000 0.6144320000
37950.5000000000 -2.9986440000 0.6140900000
37962.1015600000 -3.0086880000 0.6137490000
37973.8007800000 -3.0189490000 0.6134050000
37985.3984400000 -3.0292510000 0.6130640000
37997.0000000000 -3.0396960000 0.6127230000
38008.6992200000 -3.0503620000 0.6123790000
38020.3007800000 -3.0610880000 0.6120390000
38032.0000000000 -3.0720500000 0.6116960000
38041.8906300000 -3.0814330000 0.6114070000
38043.6992200000 -3.0831600000 0.6113540000
38055.3984400000 -3.0944310000 0.6110120000
38067.0000000000 -3.1057680000 0.6106720000
38078.6992200000 -3.1173630000 0.6103310000
38090.3984400000 -3.1291240000 0.6099900000
38102.1015600000 -3.1410670000 0.6096480000
38113.8007800000 -3.1531870000 0.6093080000
38125.6015600000 -3.1656000000 0.6089640000
38137.3007800000 -3.1780970000 0.6086240000
38149.0000000000 -3.1907860000 0.6082840000
38160.8007800000 -3.2037960000 0.6079410000
38172.5000000000 -3.2169030000 0.6076020000
38184.3007800000 -3.2303390000 0.6072600000
38196.0000000000 -3.2438850000 0.6069210000
38207.8007800000 -3.2577840000 0.6065800000
38219.6015600000 -3.2719200000 0.6062390000
38231.3984400000 -3.2863060000 0.6058980000
38243.1992200000 -3.3009510000 0.6055580000
38255.0000000000 -3.3158690000 0.6052180000
38266.8007800000 -3.3310590000 0.6048780000
38278.6015600000 -3.3465420000 0.6045380000
38290.3984400000 -3.3623130000 0.6041990000
38302.1992200000 -3.3784050000 0.6038600000
38314.1015600000 -3.3949570000 0.6035180000
38325.8984400000 -3.4116970000 0.6031800000
38337.8007800000 -3.4289410000 0.6028390000
38349.6015600000 -3.4464060000 0.6025010000
38361.5000000000 -3.4643940000 0.6021600000
38373.3984400000 -3.4827830000 0.6018200000
38385.1992200000 -3.5014370000 0.6014830000
38397.1015600000 -3.5206840000 0.6011430000
38409.0000000000 -3.5403820000 0.6008040000
38420.8984400000 -3.5605590000 0.6004650000
38432.8007800000 -3.5812440000 0.6001260000
38444.8007800000 -3.6026360000 0.5997850000
38456.6992200000 -3.6243990000 0.5994470000
38468.6015600000 -3.6467530000 0.5991090000
38480.6015600000 -3.6699140000 0.5987690000
38492.5000000000 -3.6935260000 0.5984320000
38504.5000000000 -3.7180360000 0.5980920000
38516.3984400000 -3.7430620000 0.5977550000
38528.3984400000 -3.7690730000 0.5974160000
38540.3984400000 -3.7959210000 0.5970770000
38552.3007800000 -3.8234180000 0.5967410000
38564.3007800000 -3.8520800000 0.5964030000
38576.3007800000 -3.8817450000 0.5960650000
38588.3007800000 -3.9124840000 0.5957270000
38600.3984400000 -3.9446340000 0.5953870000
38612.3984400000 -3.9777770000 0.5950500000
38624.3984400000 -4.0122480000 0.5947130000
38636.3984400000 -4.0481770000 0.5943760000
38648.5000000000 -4.0859970000 0.5940370000
38660.5000000000 -4.1252280000 0.5937010000
38672.6015600000 -4.1666820000 0.5933620000
38684.6992200000 -4.2102300000 0.5930240000
38696.6992200000 -4.2557050000 0.5926890000
38708.8007800000 -4.3041100000 0.5923510000
38720.8984400000 -4.3553590000 0.5920140000
38733.0000000000 -4.4098540000 0.5916770000
38745.1015600000 -4.4679670000 0.5913400000
38757.1992200000 -4.5302020000 0.5910040000
38769.3007800000 -4.5972460000 0.5906670000
38781.5000000000 -4.6704330000 0.5903290000
38785.7070300000 -4.6971330000 0.5902120000
38793.6015600000 -4.7495840000 0.5899930000
38805.6992200000 -4.8365140000 0.5896580000
38817.8984400000 -4.9337940000 0.5893200000
38830.0000000000 -5.0421630000 0.5889850000
38842.1992200000 -5.1665900000 0.5886480000
38854.3984400000 -5.3112760000 0.5883110000
38866.6015600000 -5.4840110000 0.5879750000
38878.8007800000 -5.6980160000 0.5876380000
38890.8984400000 -5.9765650000 0.5873050000
38903.1992200000 -6.3896440000 0.5869670000
38915.3984400000 -7.1592640000 0.5866310000
38927.6015600000 -8.1918720000 3.4663390000
38939.8007800000 -6.7016830000 3.4646180000
38952.0000000000 -6.1589090000 3.4628980000
38964.3007800000 -5.8164920000 3.4611650000
38976.5000000000 -5.5685980000 3.4594480000
38988.8007800000 -5.3714800000 3.4577180000
39001.1015600000 -5.2086830000 3.4559890000
39013.3007800000 -5.0710590000 3.4542760000
39025.6015600000 -4.9500890000 3.4525500000
39037.8984400000 -4.8428710000 3.4508250000
39050.1992200000 -4.7465700000 3.4491020000
39062.5000000000 -4.6591220000 3.4473790000
39074.8007800000 -4.5790400000 3.4456570000
39087.1015600000 -4.5051890000 3.4439380000
39099.3984400000 -4.4366400000 3.4422190000
39111.8007800000 -4.3721550000 3.4404880000
39124.1015600000 -4.3122200000 3.4387720000
39136.5000000000 -4.2553460000 3.4370430000
39148.8007800000 -4.2020780000 3.4353300000
39161.1992200000 -4.1512030000 3.4336040000
39173.6015600000 -4.1028440000 3.4318780000
39185.8984400000 -4.0571880000 3.4301700000
39198.3007800000 -4.0132160000 3.4284470000
39210.6992200000 -3.9711480000 3.4267260000
39223.1015600000 -3.9308260000 3.4250060000
39235.6015600000 -3.8918040000 3.4232730000
39248.0000000000 -3.8545870000 3.4215560000
39260.3984400000 -3.8187360000 3.4198410000
39272.8007800000 -3.7841420000 3.4181260000
39285.3007800000 -3.7504670000 3.4163990000
39297.6992200000 -3.7181740000 3.4146870000
39310.1992200000 -3.6866540000 3.4129620000
39322.6992200000 -3.6561140000 3.4112390000
39335.1015600000 -3.6267240000 3.4095300000
39347.6015600000 -3.5979610000 3.4078090000
39360.1015600000 -3.5700220000 3.4060900000
39372.6015600000 -3.5428440000 3.4043720000
39385.1015600000 -3.5163930000 3.4026550000
39397.6015600000 -3.4906310000 3.4009400000
39410.1992200000 -3.4653340000 3.3992120000
39422.6992200000 -3.4408500000 3.3974990000
39435.1992200000 -3.4169560000 3.3957870000
39447.8007800000 -3.3934410000 3.3940630000
39460.3007800000 -3.3706480000 3.3923540000
39472.8984400000 -3.3481980000 3.3906330000
39485.5000000000 -3.3262300000 3.3889120000
39498.0000000000 -3.3049100000 3.3872060000
39510.6015600000 -3.2838720000 3.3854890000
39523.1992200000 -3.2632680000 3.3837720000
39535.8007800000 -3.2430820000 3.3820570000
39544.0625000000 -3.2300620000 3.3809330000
39548.3984400000 -3.2233010000 3.3803440000
39561.1015600000 -3.2037400000 3.3786170000
39573.6992200000 -3.1847100000 3.3769060000
39586.3007800000 -3.1660340000 3.3751960000
39599.0000000000 -3.1475570000 3.3734740000
39611.6015600000 -3.1295490000 3.3717660000
39624.3007800000 -3.1117260000 3.3700460000
39636.8984400000 -3.0943550000 3.3683420000
39649.6015600000 -3.0771370000 3.3666250000
39662.3007800000 -3.0602130000 3.3649090000
39675.0000000000 -3.0435690000 3.3631940000
39687.6992200000 -3.0271970000 3.3614810000
39700.3984400000 -3.0110870000 3.3597700000
39713.1015600000 -2.9952250000 3.3580580000
39725.8007800000 -2.9796150000 3.3563490000
39738.6015600000 -2.9641190000 3.3546280000
39751.3007800000 -2.9489790000 3.3529210000
39764.1015600000 -2.9339440000 3.3512020000
39776.8007800000 -2.9192480000 3.3494980000
39789.6015600000 -2.9046500000 3.3477820000
39802.3984400000 -2.8902600000 3.3460670000
39815.1015600000 -2.8761780000 3.3443660000
39827.8984400000 -2.8621860000 3.3426540000
39840.6992200000 -2.8483850000 3.3409430000
39853.5000000000 -2.8347660000 3.3392330000
39866.3007800000 -2.8213280000 3.3375240000
39879.1992200000 -2.8079690000 3.3358040000
39892.0000000000 -2.7948840000 3.3340980000
39904.8007800000 -2.7819620000 3.3323930000
39917.6992200000 -2.7691090000 3.3306770000
39930.5000000000 -2.7565110000 3.3289750000
39943.3984400000 -2.7439750000 3.3272610000
39956.3007800000 -2.7315860000 3.3255470000
39969.1992200000 -2.7193530000 3.3238360000
39982.1015600000 -2.7072630000 3.3221260000
39994.8984400000 -2.6954110000 3.3204310000
40007.8984400000 -2.6835110000 3.3187100000
40020.8007800000 -2.6718390000 3.3170030000
40033.6992200000 -2.6603040000 3.3152990000
40046.6015600000 -2.6488950000 3.3135950000
40059.6015600000 -2.6375260000 3.3118790000
40072.5000000000 -2.6263730000 3.3101790000
40085.5000000000 -2.6152530000 3.3084660000
40098.3984400000 -2.6043380000 3.3067670000
40111.3984400000 -2.5934590000 3.3050570000
40124.3984400000 -2.5826930000 3.3033480000
40137.3984400000 -2.5720400000 3.3016410000
40150.3984400000 -2.5614980000 3.2999340000
40163.3984400000 -2.5510640000 3.2982290000
40176.3984400000 -2.5407370000 3.2965250000
40189.3984400000 -2.5305140000 3.2948220000
40202.3984400000 -2.5203940000 3.2931210000
40215.5000000000 -2.5102970000 3.2914080000
40228.5000000000 -2.5003750000 3.2897100000
40241.6015600000 -2.4904750000 3.2879990000
40254.6992200000 -2.4806710000 3.2862900000
40267.6992200000 -2.4710340000 3.2845950000
40280.8007800000 -2.4614160000 3.2828890000
40293.8984400000 -2.4518870000 3.2811840000
40307.0000000000 -2.4424480000 3.2794800000
40317.2500000000 -2.4351230000 3.2781480000
40320.1015600000 -2.4330940000 3.2777770000
40333.1992200000 -2.4238300000 3.2760770000
40346.3984400000 -2.4145780000 3.2743640000
40359.5000000000 -2.4054770000 3.2726650000
40372.6015600000 -2.3964590000 3.2709680000
40385.8007800000 -2.3874530000 3.2692590000
40398.8984400000 -2.3785940000 3.2675650000
40412.1015600000 -2.3697430000 3.2658580000
40425.3007800000 -2.3609720000 3.2641530000
40438.5000000000 -2.3522750000 3.2624500000
40451.6992200000 -2.3436540000 3.2607470000
40464.8984400000 -2.3351050000 3.2590470000
40478.1015600000 -2.3266250000 3.2573470000
40491.3007800000 -2.3182160000 3.2556480000
40504.5000000000 -2.3098790000 3.2539510000
40517.8007800000 -2.3015490000 3.2522430000
40531.0000000000 -2.2933480000 3.2505480000
40544.3007800000 -2.2851500000 3.2488420000
40557.5000000000 -2.2770810000 3.2471500000
40570.8007800000 -2.2690140000 3.2454470000
40584.1015600000 -2.2610110000 3.2437440000
40597.3984400000 -2.2530750000 3.2420440000
40610.6992200000 -2.2451980000 3.2403450000
40624.0000000000 -2.2373810000 3.2386470000
40637.3007800000 -2.2296240000 3.2369500000
40650.6015600000 -2.2219300000 3.2352550000
41105.5546900000 -1.9890270000 3.1780390000
41909.2695300000 -1.6775760000 3.0805510000
42728.6992200000 -1.4394800000 2.9856310000
43564.1523400000 -1.2482020000 2.8932230000
44415.9414100000 -1.0897110000 2.8032750000
45284.3867200000 -0.9556240000 2.7157360000
46169.8085900000 -0.8405040000 2.6305530000
47072.5429700000 -0.7406020000 2.5476760000
47992.9296900000 -0.6532110000 2.4670540000
48931.3125000000 -0.5763110000 2.3886400000
49888.0429700000 -0.5083410000 2.3123840000
50863.4765600000 -0.4515380000 2.2384170000
51857.9843800000 -0.3981800000 2.1670540000
52871.9375000000 -0.3506210000 2.0977730000
53905.7187500000 -0.3081790000 2.0305200000
54959.7109400000 -0.2702850000 1.9652430000
56034.3085900000 -0.2364500000 1.9018880000
57129.9218800000 -0.2062570000 1.8404050000
58246.9531300000 -0.1793430000 1.7807450000
59385.8281300000 -0.1553920000 1.7228580000
60546.9687500000 -0.1341260000 1.6666980000
61730.8125000000 -0.1153000000 1.6122180000
62937.8046900000 -0.0986950000 1.5593740000
64168.3984400000 -0.0841160000 1.5081200000
65423.0507800000 -0.0713890000 1.4584140000
66702.2343800000 -0.0603550000 1.4102140000
68006.4296900000 -0.0508740000 1.3634780000
69336.1250000000 -0.0428160000 1.3181670000
70691.8203100000 -0.0360650000 1.2742420000
72074.0234400000 -0.0305130000 1.2316640000
73483.2500000000 -0.0260650000 1.1903950000
74920.0312500000 -0.0226320000 1.1504010000
76384.9062500000 -0.0201330000 1.1116450000
77878.4218800000 -0.0192010000 1.0740930000
79401.1406300000 -0.0183710000 1.0377860000
80953.6328100000 -0.0182600000 1.0026880000
82536.4765600000 -0.0187850000 0.9687600000
84150.2734400000 -0.0198920000 0.9359270000
85795.6250000000 -0.0215280000 0.9041550000
87473.1406300000 -0.0236470000 0.8734110000
89183.4609400000 -0.0262030000 0.8436650000
90927.2187500000 -0.0291560000 0.8148850000
92705.0781300000 -0.0324680000 0.7870410000
94517.6953100000 -0.0361050000 0.7601060000
96365.7500000000 -0.0400340000 0.7340490000
98249.9453100000 -0.0442260000 0.7088450000
100170.9766000000 -0.0486520000 0.6844670000
102129.5703000000 -0.0532870000 0.6608890000
104126.4609000000 -0.0581080000 0.6380860000
106162.3906000000 -0.0630920000 0.6160340000
108238.1328000000 -0.0682200000 0.5947090000
110354.4609000000 -0.0734710000 0.5740900000
112512.1641000000 -0.0788290000 0.5541520000
114712.0547000000 -0.0842780000 0.5348760000
116954.9688000000 -0.0898040000 0.5162400000
119241.7266000000 -0.0953880000 0.4982240000
121573.2031000000 -0.1010230000 0.4808090000
123950.2656000000 -0.1066940000 0.4639750000
126373.8047000000 -0.1123910000 0.4477040000
128844.7266000000 -0.1181050000 0.4319780000
131363.9688000000 -0.1238240000 0.4167800000
133932.4531000000 -0.1295390000 0.4020930000
136551.1719000000 -0.1352480000 0.3879010000
139221.0938000000 -0.1409380000 0.3741870000
141943.2188000000 -0.1466030000 0.3609360000
144718.5625000000 -0.1522380000 0.3481340000
147548.1719000000 -0.1578370000 0.3357660000
150433.1094000000 -0.1633950000 0.3238190000
153374.4531000000 -0.1689070000 0.3122770000
156373.2969000000 -0.1743690000 0.3011290000
159430.7969000000 -0.1797770000 0.2903620000
162548.0625000000 -0.1851270000 0.2799630000
165726.2813000000 -0.1904170000 0.2699200000
168966.6406000000 -0.2007410000 0.2602480000
172270.3750000000 -0.2058750000 0.2511790000
175638.6875000000 -0.2109260000 0.2424250000
179072.8594000000 -0.2158930000 0.2339770000
182574.1875000000 -0.2207750000 0.2258230000
186143.9688000000 -0.2255720000 0.2179540000
189783.5469000000 -0.2302820000 0.2103590000
193494.2969000000 -0.2349060000 0.2030280000
197277.5938000000 -0.2394420000 0.1959530000
201134.8594000000 -0.2438920000 0.1891240000
205067.5469000000 -0.2482550000 0.1825340000
209077.1406000000 -0.2525310000 0.1761730000
213165.1250000000 -0.2567200000 0.1700340000
217333.0313000000 -0.2608240000 0.1641090000
221582.4375000000 -0.2648420000 0.1583910000
225914.9219000000 -0.2687760000 0.1528710000
230332.1250000000 -0.2726250000 0.1475440000
234835.7031000000 -0.2763910000 0.1424030000
239427.3281000000 -0.2800750000 0.1374410000
244108.7344000000 -0.2836760000 0.1326520000
248881.6719000000 -0.2871970000 0.1280300000
253747.9219000000 -0.2906390000 0.1235690000
258709.3281000000 -0.2940010000 0.1192640000
263767.7500000000 -0.2972860000 0.1151090000
268925.0625000000 -0.3004950000 0.1110980000
274183.2188000000 -0.3036280000 0.1072280000
279544.1875000000 -0.3066870000 0.1034920000
285010.0000000000 -0.3096730000 0.0998870000
290582.6563000000 -0.3125860000 0.0964070000
296264.2500000000 -0.3154300000 0.0930490000
302056.9688000000 -0.3182040000 0.0898070000
307962.9375000000 -0.3209090000 0.0866790000
313984.3750000000 -0.3235480000 0.0836600000
320123.5625000000 -0.3261210000 0.0807460000
326382.7813000000 -0.3286300000 0.0779340000
332764.3750000000 -0.3310750000 0.0752200000
339270.7500000000 -0.3334580000 0.0726000000
345904.3438000000 -0.3357800000 0.0700720000
352667.6563000000 -0.3380430000 0.0676320000
359563.1875000000 -0.3402480000 0.0652770000
366593.5625000000 -0.3423950000 0.0630040000
373761.3750000000 -0.3444870000 0.0608100000
381069.3438000000 -0.3465240000 0.0586930000
388520.2188000000 -0.3485070000 0.0566500000
396116.7500000000 -0.3504380000 0.0546780000
403861.8125000000 -0.3523180000 0.0527750000
411758.3438000000 -0.3541470000 0.0509380000
419809.2500000000 -0.3559280000 0.0491650000
428017.5625000000 -0.3576610000 0.0474550000
436386.3750000000 -0.3593470000 0.0458030000
444918.8125000000 -0.3609870000 0.0442100000
453618.0938000000 -0.3625830000 0.0426720000
462487.4688000000 -0.3641360000 0.0411870000
471530.2500000000 -0.3656460000 0.0397540000
480749.8438000000 -0.3671140000 0.0383720000
490149.7188000000 -0.3685420000 0.0370370000
499733.3750000000 -0.3699310000 0.0357490000
509504.4063000000 -0.3712800000 0.0345060000
519466.5000000000 -0.3725930000 0.0333070000
529623.3750000000 -0.3738690000 0.0321490000
539978.8125000000 -0.3751090000 0.0310320000
550536.7500000000 -0.3763140000 0.0299530000
561301.1250000000 -0.3774850000 0.0289120000
572276.0000000000 -0.3786230000 0.0279080000
583465.4375000000 -0.3797290000 0.0269380000
594873.6250000000 -0.3808030000 0.0260020000
606504.8750000000 -0.3818470000 0.0250990000
618363.5625000000 -0.3828610000 0.0242280000
630454.1250000000 -0.3838460000 0.0233860000
642781.1250000000 -0.3848020000 0.0225750000
655349.0625000000 -0.3857310000 0.0217910000
668162.8125000000 -0.3866330000 0.0210350000
681227.0625000000 -0.3875090000 0.0203050000
694546.7500000000 -0.3883600000 0.0196000000
