30.0000000000 -37.7513620000 0.0000000000
30.5865750000 -37.7741090000 0.0000000000
31.1846200000 -37.7980000000 0.0000000000
31.7943570000 -37.8231050000 0.0000000000
32.4160160000 -37.8495030000 0.0000000000
33.0498310000 -37.8772740000 0.0000000000
33.6960370000 -37.9065090000 0.0000000000
34.3548770000 -37.9373090000 0.0000000000
35.0266040000 -37.9697760000 0.0000000000
35.7114600000 -38.0040360000 0.0000000000
36.4097100000 -38.0402070000 0.0000000000
37.1216090000 -38.0784380000 0.0000000000
37.8474310000 -38.1188850000 0.0000000000
38.5874440000 -38.1617160000 0.0000000000
39.3419230000 -38.2071300000 0.0000000000
40.1111560000 -38.2553370000 0.0000000000
40.8954320000 -38.3065760000 0.0000000000
41.6950380000 -38.3611180000 0.0000000000
42.5102810000 -38.4192700000 0.0000000000
43.3414650000 -38.4813770000 0.0000000000
44.1888960000 -38.5478320000 0.0000000000
45.0529020000 -38.6190950000 0.0000000000
45.9338000000 -38.6956940000 0.0000000000
46.8319210000 -38.7782360000 0.0000000000
47.7476010000 -38.8674470000 0.0000000000
48.6811870000 -38.9641760000 0.0000000000
49.6330260000 -39.0694500000 0.0000000000
50.6034740000 -39.1845090000 0.0000000000
51.5928990000 -39.3108670000 0.0000000000
52.6016690000 -39.4504050000 0.0000000000
53.6301650000 -39.6055070000 0.0000000000
54.6787680000 -39.7792170000 0.0000000000
55.7478750000 -39.9755360000 0.0000000000
56.8378870000 -40.1998210000 0.0000000000
57.9492070000 -40.4594570000 0.0000000000
59.0822600000 -40.7649420000 0.0000000000
60.2374690000 -41.1318090000 0.0000000000
61.4152600000 -41.5841180000 0.0000000000
62.6160810000 -42.1614270000 0.0000000000
63.8403850000 -42.9339560000 0.0000000000
65.0886230000 -43.4936870000 4.2966070000
66.3612670000 -42.5908470000 4.4769270000
67.6587980000 -42.0952610000 4.6586100000
68.9816970000 -41.7451550000 4.8412160000
70.3304600000 -41.4659770000 5.0242810000
71.7055970000 -41.2261700000 5.2073290000
73.1076200000 -41.0094990000 5.3898600000
74.5370640000 -40.8065800000 5.5713590000
75.9944460000 -40.6115230000 5.7512980000
77.4803310000 -40.4204330000 5.9291390000
78.9952620000 -40.2306440000 6.1043340000
80.5398180000 -40.0402680000 6.2763290000
82.1145710000 -39.8479650000 6.4445680000
83.7201160000 -39.6527900000 6.6084950000
85.3570560000 -39.4540820000 6.7675550000
87.0260010000 -39.2514040000 6.9212010000
88.7275770000 -39.0444950000 7.0688940000
90.4624250000 -38.8332410000 7.2101070000
92.2311940000 -38.6176530000 7.3443300000
94.0345380000 -38.3978420000 7.4710700000
95.8731540000 -38.1740110000 7.5898550000
97.7477110000 -37.9464570000 7.7002380000
99.6589200000 -37.7155340000 7.8018000000
101.6075060000 -37.4816740000 7.8941490000
103.5941850000 -37.2453770000 7.9769290000
105.6197130000 -37.0071950000 8.0498150000
107.6848450000 -36.7677460000 8.1125220000
109.7903520000 -36.5276790000 8.1648020000
111.9370270000 -36.2877540000 8.2064450000
114.1256790000 -36.0487520000 8.2372870000
116.3571170000 -35.8115350000 8.2572030000
118.6321950000 -35.5770420000 8.2661150000
120.9517520000 -35.3463100000 8.2639850000
123.3166580000 -35.1204830000 8.2508220000
125.7278060000 -34.9008750000 8.2266800000
128.1860960000 -34.6890110000 8.1916530000
130.6924590000 -34.4867170000 8.1458840000
133.2478330000 -34.2962800000 8.0895510000
135.8531490000 -34.1207050000 8.0228810000
138.5094300000 -33.9641530000 7.9461350000
141.2176360000 -33.8327750000 7.8596140000
143.9787900000 -33.7364160000 7.7636550000
146.7939300000 -34.8120460000 8.6750510000
149.6641240000 -33.5016440000 8.5754370000
152.5904390000 -33.0876390000 8.4675810000
155.5739590000 -32.7692830000 8.3519340000
158.6158140000 -32.4954720000 8.2289710000
161.7171480000 -32.2503400000 8.0991830000
164.8791350000 -32.0270540000 7.9630810000
168.1029360000 -31.8221610000 7.8211920000
171.3897710000 -31.6337850000 7.6740500000
174.7408600000 -31.4608800000 7.5222010000
178.1574860000 -31.3028890000 7.3661920000
181.6409150000 -31.1596050000 7.2065730000
185.1924440000 -31.0310970000 7.0438930000
188.8134160000 -30.9177110000 6.8786980000
192.5051880000 -30.8201430000 6.7115260000
196.2691500000 -30.7395780000 6.5429030000
200.1067050000 -30.6780320000 6.3733470000
204.0192870000 -30.6389830000 6.2033600000
208.0083770000 -30.6288430000 6.0334270000
212.0754700000 -30.5789430000 6.2879560000
216.2220760000 -30.4286520000 6.1252110000
220.4497530000 -30.3267800000 5.9637610000
224.7601010000 -30.2500570000 5.8040020000
229.1547240000 -30.1911720000 5.6463040000
233.6352690000 -30.1467720000 5.4910120000
238.2034300000 -30.1149710000 5.3384460000
242.8609010000 -30.0945510000 5.1888990000
247.6094360000 -30.0846440000 5.0426340000
252.4508210000 -30.0845810000 4.8998920000
257.3868710000 -32.1181490000 4.7910430000
262.4194340000 -32.1180950000 4.7623500000
267.5503850000 -32.1212460000 4.7349140000
272.7816770000 -32.1275600000 4.7086720000
278.1152340000 -32.1370580000 4.6835640000
283.5530700000 -32.1497800000 4.6595320000
289.0972600000 -32.1658060000 4.6365200000
294.7498170000 -32.1852340000 4.6144750000
300.5129390000 -32.2081990000 4.5933480000
306.3887020000 -32.2348520000 4.5730880000
312.3793640000 -32.2653690000 4.5536490000
318.4871830000 -32.2999570000 4.5349880000
324.7143860000 -32.3388480000 4.5170620000
331.0633850000 -32.3822940000 4.4998300000
337.5364990000 -32.4305880000 4.4832530000
344.1361690000 -32.4840470000 4.4672950000
350.8648990000 -32.5430260000 4.4519210000
357.7251890000 -32.6079220000 4.4370980000
364.7196040000 -32.6791650000 4.4227940000
371.8508000000 -32.7572400000 4.4089800000
379.1213990000 -32.8426900000 4.3956270000
386.5341800000 -32.9361110000 4.3827100000
394.0918880000 -33.0381660000 4.3702030000
401.7973630000 -33.1496050000 4.3580820000
409.6535340000 -33.2712590000 4.3463270000
417.6632690000 -33.4040760000 4.3349160000
425.8296200000 -33.5491100000 4.3238320000
434.1556700000 -33.7075690000 4.3130560000
442.6445010000 -33.8808210000 4.3025720000
451.2993160000 -34.0704380000 4.2923660000
460.1233520000 -34.2782250000 4.2824240000
469.1199040000 -34.5062640000 4.2727360000
478.2923890000 -34.7569890000 4.2632880000
487.6441960000 -35.0332450000 4.2540740000
497.1788640000 -35.3383980000 4.2450840000
506.8999330000 -35.6764530000 4.2363110000
516.8110960000 -36.0522160000 4.2277500000
526.9160770000 -36.4715420000 4.2193970000
537.2185670000 -36.9415820000 4.2112480000
547.7225340000 -37.4712490000 4.2033010000
558.4318850000 -38.0717540000 4.1955550000
569.3506470000 -38.7574540000 4.1880110000
580.4828490000 -39.5470200000 4.1806690000
591.8327640000 -40.3751370000 4.1714100000
603.4046020000 -41.4536130000 4.1595130000
615.2026370000 -42.7420770000 4.1476150000
627.2313840000 -44.3088910000 4.1357240000
639.4953610000 -46.2569890000 4.1238490000
651.9990840000 -48.7490500000 4.1120040000
664.7473140000 -52.0592160000 4.1001990000
677.7447510000 -61.4430660000 5.9738310000
690.9963990000 -57.2935220000 9.6668550000
704.5070800000 -46.9291040000 8.4754490000
718.2819820000 -41.3433570000 7.3317490000
732.3261720000 -37.4269980000 6.2336650000
746.6450200000 -34.4210820000 5.1791610000
761.2437740000 -32.0028150000 4.1663440000
776.1279910000 -30.0016370000 3.1933860000
791.3032230000 -28.3158020000 2.2585680000
806.7752080000 -26.8798640000 1.3602350000
822.5496830000 -25.6498620000 0.4968380000
838.6325680000 -24.6312600000 9.6676200000
855.0299680000 -23.7339760000 8.8716240000
871.7479250000 -22.9817410000 8.1063590000
888.7927860000 -22.3721540000 7.3705410000
906.1708980000 -21.9138760000 6.6629580000
923.8888550000 -21.6328470000 5.9824490000
941.9531860000 -22.9828990000 8.9687860000
960.3707280000 -20.5795840000 8.3440700000
979.1483760000 -19.3499320000 7.7410240000
998.2931520000 -18.4403860000 7.1586950000
1017.8123170000 -17.6543430000 8.2819900000
1037.7131350000 -16.5440250000 7.6259520000
1058.0029300000 -15.7040750000 6.9911500000
1078.6895750000 -15.0207790000 6.3766040000
1099.7806400000 -14.4689350000 5.7814100000
1121.2841800000 -14.0804920000 5.2047140000
1143.2080080000 -14.3436200000 4.6399460000
1165.5606690000 -12.6535930000 5.2042080000
1188.3502200000 -11.8654000000 4.6257080000
1211.5854490000 -11.2967390000 4.0585460000
1235.2750240000 -10.7473570000 3.5032080000
1259.4277340000 -10.2540880000 2.9585990000
1284.0527340000 -9.8050510000 2.4246770000
1309.1591800000 -9.3930740000 1.9014020000
1334.7564700000 -9.0132660000 1.3887460000
1360.8542480000 -8.6620100000 0.8866920000
1387.4624020000 -8.3364700000 0.3952220000
1414.5908200000 -8.0343260000 9.9143300000
1442.2495120000 -7.7536210000 9.4440190000
1470.4492190000 -7.4926520000 8.9842890000
1499.2000730000 -7.2190250000 8.5328290000
1528.5131840000 -6.9906370000 8.0876240000
1558.3995360000 -6.7787560000 7.6520670000
1588.8701170000 -6.6826160000 7.2279110000
1619.9365230000 -6.5045300000 6.8219220000
1651.6103520000 -6.3393810000 6.4262830000
1683.9034420000 -6.1863130000 6.0410120000
1716.8280030000 -5.7237610000 5.6391640000
1750.3962400000 -5.5772020000 5.2408850000
1784.6208500000 -5.4422200000 4.8501280000
1819.5146480000 -5.3183020000 4.4668430000
1855.0908200000 -5.2049690000 4.0909710000
1891.3624270000 -5.1017770000 3.7224620000
1928.3432620000 -5.0083070000 3.3612500000
1966.0472410000 -4.9241700000 3.0072720000
2004.4884030000 -4.8490030000 2.6604620000
2043.6811520000 -4.7824690000 2.3207530000
2083.6401370000 -4.7242530000 1.9880710000
2124.3806150000 -4.6740600000 1.6623430000
2165.9174800000 -4.6316230000 1.3434940000
2208.2666020000 -4.5966910000 1.0314460000
2251.4438480000 -4.5690370000 0.7261190000
2295.4653320000 -4.5563280000 0.4275510000
2340.3474120000 -4.5429210000 0.1362940000
2386.1069340000 -4.5361660000 9.8515640000
2432.7612300000 -4.5359190000 9.5732730000
2480.3278810000 -4.5420580000 9.3013280000
2528.8244630000 -4.5544820000 9.0356410000
2578.2692870000 -4.5731220000 8.7761220000
2628.6809080000 -4.5979320000 8.5226780000
2680.0783690000 -4.6289000000 8.2752190000
2732.4804690000 -4.7131480000 8.0357190000
2785.9074710000 -4.8090350000 7.8042630000
2840.3789060000 -4.8571370000 7.5788730000
2895.9152830000 -4.9115490000 7.3589040000
2952.5378420000 -4.9725150000 7.1442550000
3010.2673340000 -5.0397320000 6.9356900000
3069.1254880000 -5.1104520000 6.7363650000
3129.1347660000 -5.1873110000 6.5422150000
3190.3171390000 -5.2706320000 6.3531220000
3252.6958010000 -5.3608110000 6.1689720000
3316.2941890000 -5.4583340000 5.9896470000
3381.1359860000 -5.5637920000 5.8150380000
3447.2456050000 -5.6779030000 5.6450340000
3514.6479490000 -5.8015390000 5.4795270000
3583.3681640000 -5.9357700000 5.3184120000
3653.4318850000 -6.0819130000 5.1615850000
3724.8657230000 -6.2416010000 5.0089450000
3797.6960450000 -6.4230470000 4.8606180000
3871.9506840000 -6.6168980000 4.7164160000
3947.6569820000 -6.8323430000 4.5761450000
4024.8435060000 -7.0789090000 4.4398070000
4103.5390630000 -7.3526320000 4.3073970000
4183.7739260000 -7.6669010000 4.1786520000
4265.5771480000 -8.0341260000 4.0534810000
4348.9794920000 -8.4735170000 3.9317930000
4434.0131840000 -9.0172210000 3.8134980000
4520.7089840000 -9.7256140000 3.6985120000
4609.1005860000 -10.7360880000 3.5867470000
4699.2197270000 -12.5090250000 3.4781230000
4757.8300780000 -15.4220590000 3.4102000000
4758.0097660000 -15.4396120000 3.4099950000
4758.2001950000 -15.4583310000 3.4097780000
4758.3798830000 -15.4761550000 3.4095730000
4758.5600590000 -15.4941630000 3.4093670000
4758.7500000000 -15.5132700000 3.4091510000
4758.9301760000 -15.5315630000 3.4089450000
4759.1098630000 -15.5499480000 3.4087400000
4759.2900390000 -15.5685250000 3.4085350000
4759.4799800000 -15.5882440000 3.4083180000
4759.6601560000 -15.6071260000 3.4081130000
4759.8398440000 -15.6261090000 3.4079080000
4760.0200200000 -15.6452960000 3.4077020000
4760.2099610000 -15.6656670000 3.4074860000
4760.3901370000 -15.6851780000 3.4072800000
4760.5698240000 -15.7047980000 3.4070760000
4760.7597660000 -15.7256890000 3.4068590000
4760.9399410000 -15.7457020000 3.4066540000
4761.1201170000 -15.7658850000 3.4064490000
4761.2998050000 -15.7861340000 3.4062450000
4761.4902340000 -15.8078660000 3.4060270000
4761.6699220000 -15.8285330000 3.4058230000
4761.8500980000 -15.8493820000 3.4056180000
4762.0400390000 -15.8716490000 3.4054010000
4762.2202150000 -15.8929390000 3.4051960000
4762.3999020000 -15.9143080000 3.4049920000
4762.5800780000 -15.9359860000 3.4047860000
4762.7700200000 -15.9590850000 3.4045700000
4762.9501950000 -15.9811780000 3.4043650000
4763.1298830000 -16.0033610000 3.4041610000
4763.3198240000 -16.0271300000 3.4039440000
4763.5000000000 -16.0498700000 3.4037390000
4763.6801760000 -16.0727690000 3.4035340000
4763.8598630000 -16.0958920000 3.4033300000
4764.0498050000 -16.1206130000 3.4031140000
4764.2299800000 -16.1442110000 3.4029090000
4764.4101560000 -16.1681080000 3.4027040000
4764.6000980000 -16.1935980000 3.4024880000
4764.7797850000 -16.2178710000 3.4022840000
4764.9599610000 -16.2425270000 3.4020790000
4765.1499020000 -16.2688350000 3.4018630000
4765.3300780000 -16.2940310000 3.4016580000
4765.5097660000 -16.3193610000 3.4014540000
4765.7001950000 -16.3466090000 3.4012370000
4765.8798830000 -16.3725810000 3.4010330000
4766.0600590000 -16.3988400000 3.4008280000
4766.2500000000 -16.4269520000 3.4006120000
4766.4301760000 -16.4538970000 3.4004080000
4766.6098630000 -16.4810070000 3.4002040000
4766.7998050000 -16.5101170000 3.3999880000
4766.9799800000 -16.5380310000 3.3997830000
4767.1601560000 -16.5662000000 3.3995790000
4767.3500980000 -16.5963840000 3.3993630000
4767.5297850000 -16.6252610000 3.3991580000
4767.7099610000 -16.6544950000 3.3989540000
4767.8999020000 -16.6858330000 3.3987380000
4768.0800780000 -16.7159100000 3.3985340000
4768.2597660000 -16.7462920000 3.3983300000
4768.4501950000 -16.7788750000 3.3981140000
4768.6298830000 -16.8100810000 3.3979100000
4768.8100590000 -16.8417890000 3.3977050000
4769.0000000000 -16.8756390000 3.3974900000
4769.1801760000 -16.9082410000 3.3972850000
4769.3598630000 -16.9412120000 3.3970810000
4769.5498050000 -16.9765220000 3.3968660000
4769.7299800000 -17.0105550000 3.3966620000
4769.9101560000 -17.0450820000 3.3964570000
4770.1000980000 -17.0819890000 3.3962420000
4770.2797850000 -17.1174890000 3.3960380000
4770.4599610000 -17.1536240000 3.3958340000
4770.6499020000 -17.1922760000 3.3956190000
4770.8300780000 -17.2295800000 3.3954140000
4771.0097660000 -17.2673780000 3.3952110000
4771.2001950000 -17.3080520000 3.3949950000
4771.3798830000 -17.3471360000 3.3947910000
4771.5600590000 -17.3869800000 3.3945870000
4771.7500000000 -17.4296720000 3.3943720000
4771.9301760000 -17.4709420000 3.3941680000
4772.1201170000 -17.5151880000 3.3939530000
4772.2998050000 -17.5578770000 3.3937490000
4772.4799800000 -17.6014630000 3.3935450000
4772.6699220000 -17.6482410000 3.3933300000
4772.8500980000 -17.6935410000 3.3931260000
4773.0297850000 -17.7395990000 3.3929220000
4773.2202150000 -17.7893410000 3.3927070000
4773.3999020000 -17.8373200000 3.3925030000
4773.5898440000 -17.8890480000 3.3922890000
4773.7700200000 -17.9392450000 3.3920850000
4773.9501950000 -17.9905300000 3.3918810000
4774.1401370000 -18.0458970000 3.3916650000
4774.3198240000 -18.0992810000 3.3914630000
4774.5000000000 -18.1541920000 3.3912590000
4774.6899410000 -18.2135660000 3.3910430000
4774.8701170000 -18.2710690000 3.3908400000
4775.0600590000 -18.3334870000 3.3906250000
4775.2402340000 -18.3941750000 3.3904210000
4775.4199220000 -18.4561250000 3.3902180000
4775.6098630000 -18.5236850000 3.3900030000
4775.7900390000 -18.5895160000 3.3897990000
4775.9799800000 -18.6608640000 3.3895850000
4776.1601560000 -18.7306770000 3.3893810000
4776.3398440000 -18.8024140000 3.3891780000
4776.5297850000 -18.8805810000 3.3889630000
4776.7099610000 -18.9572830000 3.3887600000
4776.8999020000 -19.0408190000 3.3885450000
4777.0800780000 -19.1229800000 3.3883410000
4777.2597660000 -19.2078610000 3.3881380000
4777.4501950000 -19.3011320000 3.3879230000
4777.6298830000 -19.3927650000 3.3877200000
4777.8198240000 -19.4935050000 3.3875060000
4778.0000000000 -19.5933150000 3.3873020000
4778.1801760000 -19.6975100000 3.3870990000
4778.3701170000 -19.8124010000 3.3868850000
4778.5498050000 -19.9266130000 3.3866820000
4778.7402340000 -20.0541230000 3.3864660000
4778.9199220000 -20.1805710000 3.3862640000
4779.1098630000 -20.3225570000 3.3860490000
4779.2900390000 -20.4653890000 3.3858460000
4779.4702150000 -20.6173690000 3.3856420000
4779.6601560000 -20.7886560000 3.3854280000
4779.8398440000 -20.9631610000 3.3852250000
4780.0297850000 -21.1624600000 3.3850110000
4780.2099610000 -21.3686080000 3.3848080000
4780.3999020000 -21.6069280000 3.3845940000
4780.5800780000 -21.8578070000 3.3843910000
4780.7597660000 -22.1375520000 3.3841880000
4780.9501950000 -22.4745620000 3.3839730000
4781.1298830000 -22.8439460000 3.3837700000
4781.3198240000 -23.3083920000 3.3835570000
4781.5000000000 -23.8535020000 3.3833530000
4781.6899410000 -24.6082170000 3.3831390000
4781.8701170000 -25.6431850000 3.3829360000
4782.0600590000 -27.6887840000 3.3827220000
4782.2402340000 -30.6951010000 0.8888700000
4782.4199220000 -26.6487600000 0.8879370000
4782.6098630000 -25.1629330000 0.8869500000
4782.7900390000 -24.2914640000 0.8860140000
4782.9799800000 -23.6244660000 0.8850290000
4783.1601560000 -23.1269530000 0.8840920000
4783.3500980000 -22.6952360000 0.8831070000
4783.5297850000 -22.3474860000 0.8821740000
4783.7202150000 -22.0272430000 0.8811870000
4783.8999020000 -21.7594970000 0.8802550000
4784.0800780000 -21.5180380000 0.8793190000
4784.2700200000 -21.2875960000 0.8783350000
4784.4501950000 -21.0874840000 0.8774000000
4784.6401370000 -20.8929180000 0.8764140000
4784.8198240000 -20.7229520000 0.8754840000
4785.0097660000 -20.5548440000 0.8744980000
4785.1899410000 -20.4057500000 0.8735650000
4785.3798830000 -20.2581650000 0.8725810000
4785.5600590000 -20.1259190000 0.8716480000
4785.7500000000 -19.9941160000 0.8706660000
4785.9301760000 -19.8752940000 0.8697320000
4786.1201170000 -19.7562220000 0.8687500000
4786.2998050000 -19.6486240000 0.8678200000
4786.4902340000 -19.5394920000 0.8668330000
4786.6699220000 -19.4412360000 0.8659050000
4786.8598630000 -19.3411830000 0.8649220000
4787.0400390000 -19.2500860000 0.8639890000
4787.2299800000 -19.1577590000 0.8630080000
4787.4101560000 -19.0732350000 0.8620760000
4787.5898440000 -18.9917930000 0.8611470000
4787.7797850000 -18.9087070000 0.8601670000
4787.9599610000 -18.8323670000 0.8592350000
4788.1499020000 -18.7545240000 0.8582550000
4788.3300780000 -18.6828540000 0.8573240000
4788.5200200000 -18.6096320000 0.8563440000
4788.7001950000 -18.5420950000 0.8554130000
4788.8901370000 -18.4728050000 0.8544320000
4789.0698240000 -18.4092860000 0.8535070000
4789.2597660000 -18.3436700000 0.8525250000
4789.4399410000 -18.2831150000 0.8515950000
4789.6298830000 -18.2209630000 0.8506160000
4789.8100590000 -18.1633850000 0.8496880000
4790.0000000000 -18.1042180000 0.8487090000
4790.1801760000 -18.0493370000 0.8477800000
4790.3701170000 -17.9928800000 0.8468020000
4790.5498050000 -17.9405960000 0.8458760000
4790.7402340000 -17.8864710000 0.8448950000
4790.9199220000 -17.8364280000 0.8439700000
4791.1015630000 -17.7868920000 0.8430350000
4791.1098630000 -17.7845760000 0.8429900000
4791.2998050000 -17.7339460000 0.8420130000
4791.4799800000 -17.6868290000 0.8410850000
4791.6699220000 -17.6381970000 0.8401090000
4791.8500980000 -17.5929050000 0.8391810000
4792.0400390000 -17.5461220000 0.8382050000
4792.2202150000 -17.5025160000 0.8372780000
4792.4101560000 -17.4573330000 0.8363000000
4792.5898440000 -17.4155200000 0.8353780000
4792.7797850000 -17.3719310000 0.8344000000
4792.9599610000 -17.3313540000 0.8334740000
4793.1499020000 -17.2893580000 0.8324990000
4793.3300780000 -17.2501430000 0.8315730000
4793.5200200000 -17.2095360000 0.8305980000
4793.7001950000 -17.1715950000 0.8296730000
4793.8901370000 -17.1322860000 0.8286980000
4794.0698240000 -17.0956360000 0.8277750000
4794.2597660000 -17.0575430000 0.8268010000
4794.4399410000 -17.0219170000 0.8258760000
4794.6298830000 -16.9848790000 0.8249010000
4794.8198240000 -16.9484940000 0.8239270000
4795.0000000000 -16.9144420000 0.8230030000
4795.1899410000 -16.8791070000 0.8220300000
4795.3701170000 -16.8460220000 0.8211060000
4795.5600590000 -16.8116740000 0.8201330000
4795.7402340000 -16.7795030000 0.8192090000
4795.9301760000 -16.7460080000 0.8182340000
4796.1098630000 -16.7148690000 0.8173160000
4796.2998050000 -16.6822610000 0.8163420000
4796.4902340000 -16.6500910000 0.8153680000
4796.6699220000 -16.6200900000 0.8144470000
4796.8598630000 -16.5888210000 0.8134770000
4797.0400390000 -16.5594980000 0.8125540000
4797.2299800000 -16.5290070000 0.8115840000
4797.4101560000 -16.5004040000 0.8106610000
4797.6000980000 -16.4705810000 0.8096890000
4797.7797850000 -16.4428160000 0.8087710000
4797.9702150000 -16.4136260000 0.8077960000
4798.1601560000 -16.3849350000 0.8068270000
4798.3398440000 -16.3580720000 0.8059080000
4798.5297850000 -16.3300360000 0.8049380000
4798.7099610000 -16.3037130000 0.8040170000
4798.8999020000 -16.2762390000 0.8030460000
4799.0800780000 -16.2505680000 0.8021280000
4799.2700200000 -16.2237000000 0.8011570000
4799.4599610000 -16.1971950000 0.8001880000
4799.6401370000 -16.1722950000 0.7992680000
4799.8300780000 -16.1463550000 0.7983000000
4800.0097660000 -16.1220420000 0.7973820000
4800.2001950000 -16.0965790000 0.7964120000
4800.3901370000 -16.0713840000 0.7954430000
4800.5698240000 -16.0478250000 0.7945260000
4800.7597660000 -16.0232030000 0.7935580000
4800.9399410000 -16.0000530000 0.7926400000
4801.1298830000 -15.9759200000 0.7916730000
4801.3100590000 -15.9532240000 0.7907540000
4801.5000000000 -15.9295610000 0.7897880000
4801.6899410000 -15.9060740000 0.7888190000
4801.8701170000 -15.8840340000 0.7879020000
4802.0600590000 -15.8610500000 0.7869360000
4802.2402340000 -15.8394240000 0.7860180000
4802.4301760000 -15.8168670000 0.7850520000
4802.6201170000 -15.7945220000 0.7840870000
4802.7998050000 -15.7735500000 0.7831730000
4802.9902340000 -15.7515000000 0.7822030000
4803.1699220000 -15.7309590000 0.7812910000
4803.3598630000 -15.7093550000 0.7803240000
4803.5498050000 -15.6880010000 0.7793600000
4803.7299800000 -15.6678970000 0.7784430000
4803.9199220000 -15.6469140000 0.7774790000
4804.1098630000 -15.6260630000 0.7765130000
4804.2900390000 -15.6065300000 0.7756000000
4804.4799800000 -15.5860330000 0.7746340000
4804.6601560000 -15.5667770000 0.7737200000
4804.8500980000 -15.5466720000 0.7727570000
4805.0400390000 -15.5267370000 0.7717930000
4805.2202150000 -15.5079590000 0.7708790000
4805.4101560000 -15.4882990000 0.7699140000
4805.5898440000 -15.4699220000 0.7690040000
4805.7797850000 -15.4505780000 0.7680400000
4805.9702150000 -15.4313910000 0.7670760000
4806.1499020000 -15.4134040000 0.7661640000
4806.3398440000 -15.3945660000 0.7652030000
4806.5297850000 -15.3758300000 0.7642380000
4806.7099610000 -15.3582640000 0.7633280000
4806.8999020000 -15.3398150000 0.7623640000
4807.0898440000 -15.3215570000 0.7614030000
4807.2700200000 -15.3043470000 0.7604900000
4807.4599610000 -15.2863620000 0.7595300000
4807.6401370000 -15.2694080000 0.7586180000
4807.8300780000 -15.2516890000 0.7576580000
4808.0200200000 -15.2340600000 0.7566960000
4808.2001950000 -15.2174810000 0.7557840000
4808.3901370000 -15.2001500000 0.7548250000
4808.5800780000 -15.1829470000 0.7538640000
4808.7597660000 -15.1667690000 0.7529560000
4808.9501950000 -15.1497260000 0.7519920000
4809.1401370000 -15.1328910000 0.7510330000
4809.3198240000 -15.1170550000 0.7501250000
4884.7792970000 -12.0965640000 0.3835220000
4980.2890630000 -11.0824060000 9.9582670000
5075.2900390000 -11.8184140000 9.5736530000
5075.5000000000 -11.8253430000 9.5728430000
5075.7099610000 -11.8323380000 9.5720330000
5075.9199220000 -11.8394170000 9.5712200000
5076.1201170000 -11.8462070000 9.5704500000
5076.3300780000 -11.8534200000 9.5696370000
5076.5400390000 -11.8606890000 9.5688290000
5076.7500000000 -11.8680300000 9.5680190000
5076.9599610000 -11.8754590000 9.5672070000
5077.1601560000 -11.8826040000 9.5664350000
5077.3701170000 -11.8901620000 9.5656260000
5077.5800780000 -11.8977980000 9.5648170000
5077.6660160000 -11.9009430000 9.5644870000
5077.7900390000 -11.9055270000 9.5640070000
5078.0000000000 -11.9133190000 9.5631980000
5078.2001950000 -11.9208300000 9.5624270000
5078.4101560000 -11.9287780000 9.5616190000
5078.6201170000 -11.9368090000 9.5608110000
5078.8300780000 -11.9449420000 9.5600010000
5079.0400390000 -11.9531420000 9.5591940000
5079.2402340000 -11.9610500000 9.5584230000
5079.4501950000 -11.9694210000 9.5576150000
5079.6601560000 -11.9778810000 9.5568080000
5079.8701170000 -11.9864520000 9.5559990000
5080.0800780000 -11.9950970000 9.5551920000
5080.2797850000 -12.0034160000 9.5544240000
5080.4902340000 -12.0122670000 9.5536160000
5080.7001950000 -12.0212150000 9.5528080000
5080.9101560000 -12.0302430000 9.5520020000
5081.1201170000 -12.0393710000 9.5511950000
5081.3300780000 -12.0486250000 9.5503870000
5081.5297850000 -12.0574930000 9.5496230000
5081.7402340000 -12.0669760000 9.5488130000
5081.9501950000 -12.0765240000 9.5480080000
5082.1601560000 -12.0861830000 9.5472020000
5082.3701170000 -12.0959780000 9.5463950000
5082.5800780000 -12.1058660000 9.5455900000
5082.7797850000 -12.1153920000 9.5448250000
5082.9902340000 -12.1255360000 9.5440180000
5083.2001950000 -12.1357780000 9.5432140000
5083.4101560000 -12.1461700000 9.5424080000
5083.6201170000 -12.1566660000 9.5416030000
5083.8300780000 -12.1672910000 9.5407990000
5084.0297850000 -12.1775330000 9.5400340000
5084.2402340000 -12.1884700000 9.5392270000
5084.4501950000 -12.1994960000 9.5384240000
5084.6601560000 -12.2106650000 9.5376210000
5084.8701170000 -12.2220030000 9.5368160000
5085.0800780000 -12.2334630000 9.5360130000
5085.2900390000 -12.2450750000 9.5352100000
5085.4902340000 -12.2563030000 9.5344440000
5085.7001950000 -12.2682200000 9.5336410000
5085.9101560000 -12.2803270000 9.5328370000
5086.1201170000 -12.2925710000 9.5320350000
5086.3300780000 -12.3049850000 9.5312330000
5086.5400390000 -12.3176000000 9.5304290000
5086.7500000000 -12.3303660000 9.5296280000
5086.9501950000 -12.3427210000 9.5288620000
5087.1601560000 -12.3558460000 9.5280610000
5087.3701170000 -12.3691630000 9.5272600000
5087.5800780000 -12.3827070000 9.5264570000
5087.7900390000 -12.3964210000 9.5256560000
5088.0000000000 -12.4103420000 9.5248560000
5088.2099610000 -12.4245070000 9.5240540000
5088.4199220000 -12.4388590000 9.5232520000
5088.6201170000 -12.4527660000 9.5224890000
5088.8300780000 -12.4675620000 9.5216890000
5089.0400390000 -12.4825930000 9.5208890000
5089.2500000000 -12.4979010000 9.5200870000
5089.4599610000 -12.5134260000 9.5192880000
5089.6699220000 -12.5292080000 9.5184890000
5089.8798830000 -12.5452930000 9.5176880000
5090.0898440000 -12.5616150000 9.5168890000
5090.2998050000 -12.5782180000 9.5160890000
5090.5097660000 -12.5951510000 9.5152890000
5090.7099610000 -12.6115580000 9.5145260000
5090.9199220000 -12.6290480000 9.5137280000
5091.1298830000 -12.6468590000 9.5129300000
5091.3398440000 -12.6650410000 9.5121300000
5091.5498050000 -12.6835230000 9.5113330000
5091.7597660000 -12.7023600000 9.5105340000
5091.9702150000 -12.7216500000 9.5097330000
5092.1801760000 -12.7412330000 9.5089360000
5092.3901370000 -12.7612090000 9.5081390000
5092.6000980000 -12.7815930000 9.5073410000
5092.8100590000 -12.8024480000 9.5065420000
5093.0097660000 -12.8226730000 9.5057840000
5093.2202150000 -12.8444050000 9.5049860000
5093.4301760000 -12.8665650000 9.5041890000
5093.6401370000 -12.8892700000 9.5033910000
5093.8500980000 -12.9124400000 9.5025950000
5094.0600590000 -12.9361480000 9.5017990000
5094.2700200000 -12.9604710000 9.5010010000
5094.4799800000 -12.9853280000 9.5002050000
5094.6899410000 -13.0107970000 9.4994100000
5094.8999020000 -13.0369680000 9.4986120000
5095.1098630000 -13.0637550000 9.4978170000
5095.3198240000 -13.0912480000 9.4970230000
5095.5297850000 -13.1194820000 9.4962270000
5095.7402340000 -13.1486310000 9.4954290000
5095.9501950000 -13.1784730000 9.4946350000
5096.1499020000 -13.2076970000 9.4938780000
5096.3598630000 -13.2392790000 9.4930840000
5096.5698240000 -13.2719030000 9.4922890000
5096.7797850000 -13.3054800000 9.4914940000
5096.9902340000 -13.3402250000 9.4906990000
5097.2001950000 -13.3761330000 9.4899030000
5097.4101560000 -13.4131960000 9.4891100000
5097.6201170000 -13.4515740000 9.4883170000
5097.8300780000 -13.4914560000 9.4875220000
5098.0400390000 -13.5327620000 9.4867290000
5098.2500000000 -13.5756940000 9.4859360000
5098.4599610000 -13.6204850000 9.4851420000
5098.6699220000 -13.6670760000 9.4843490000
5098.8798830000 -13.7157270000 9.4835570000
5099.0898440000 -13.7666220000 9.4827640000
5099.2998050000 -13.8200940000 9.4819710000
5099.5097660000 -13.8761420000 9.4811790000
5099.7202150000 -13.9352960000 9.4803860000
5099.9301760000 -13.9977590000 9.4795920000
5100.1401370000 -14.0637550000 9.4788010000
5100.3500980000 -14.1338680000 9.4780100000
5100.5600590000 -14.2088080000 9.4772170000
5100.7700200000 -14.2888770000 9.4764260000
5100.9799800000 -14.3750300000 9.4756360000
5101.1899410000 -14.4684640000 9.4748430000
5101.3999020000 -14.5699910000 9.4740520000
5101.6098630000 -14.6814060000 9.4732630000
5101.8198240000 -14.8050980000 9.4724700000
5102.0297850000 -14.9433540000 9.4716810000
5102.2402340000 -15.1008140000 9.4708890000
5102.4501950000 -15.2830820000 9.4700980000
5102.6601560000 -15.4988030000 9.4693080000
5102.8701170000 -15.7637050000 9.4685190000
5103.0800780000 -16.1076390000 9.4677290000
5103.2900390000 -16.5949150000 9.4669390000
5103.5000000000 -17.4414500000 9.4661500000
5103.7099610000 -21.0211120000 3.1973800000
5103.9199220000 -17.3493540000 3.1962140000
5104.1298830000 -16.5511090000 3.1950470000
5104.3398440000 -16.0756820000 3.1938780000
5104.5498050000 -15.7367210000 3.1927120000
5104.7597660000 -15.4725170000 3.1915460000
5104.9702150000 -15.2554070000 3.1903780000
5105.1801760000 -15.0713530000 3.1892100000
5105.3901370000 -14.9118810000 3.1880460000
5105.6000980000 -14.7708810000 3.1868800000
5105.8100590000 -14.6441990000 3.1857130000
5106.0200200000 -14.5296390000 3.1845480000
5106.2299800000 -14.4248490000 3.1833850000
5106.4399410000 -14.3280580000 3.1822190000
5106.6499020000 -14.2384930000 3.1810550000
5106.8598630000 -14.1549630000 3.1798920000
5107.0698240000 -14.0765210000 3.1787250000
5107.2797850000 -14.0028850000 3.1775630000
5107.4902340000 -13.9331920000 3.1763970000
5107.7001950000 -13.8671700000 3.1752330000
5107.9101560000 -13.8045830000 3.1740700000
5108.1201170000 -13.7449560000 3.1729090000
5108.3300780000 -13.6878910000 3.1717440000
5108.5400390000 -13.6334060000 3.1705830000
5108.7500000000 -13.5811620000 3.1694220000
5108.9599610000 -13.5308670000 3.1682590000
5109.1699220000 -13.4825850000 3.1670980000
5109.3901370000 -13.4337750000 3.1658790000
5109.6000980000 -13.3889550000 3.1647200000
5109.8100590000 -13.3456430000 3.1635600000
5110.0200200000 -13.3036450000 3.1623970000
5110.2299800000 -13.2630600000 3.1612380000
5110.4399410000 -13.2237060000 3.1600790000
5110.6499020000 -13.1854250000 3.1589170000
5110.8598630000 -13.1483190000 3.1577590000
5111.0698240000 -13.1122400000 3.1566000000
5111.2797850000 -13.0770490000 3.1554390000
5111.4902340000 -13.0427780000 3.1542790000
5111.7001950000 -13.0094530000 3.1531210000
5111.9101560000 -12.9768760000 3.1519610000
5112.1201170000 -12.9451550000 3.1508050000
5112.3300780000 -12.9141760000 3.1496480000
5112.5498050000 -12.8824770000 3.1484360000
5112.7597660000 -12.8529090000 3.1472790000
5112.9702150000 -12.8238530000 3.1461170000
5113.1801760000 -12.7955440000 3.1449610000
5113.3901370000 -12.7678200000 3.1438060000
5113.6000980000 -12.7405970000 3.1426480000
5113.8100590000 -12.7139730000 3.1414930000
5114.0200200000 -12.6878650000 3.1403380000
5114.2299800000 -12.6621940000 3.1391800000
5114.4399410000 -12.6370580000 3.1380260000
5114.6499020000 -12.6123790000 3.1368710000
5114.8701170000 -12.5869390000 3.1356600000
5115.0800780000 -12.5631450000 3.1345060000
5115.2900390000 -12.5397040000 3.1333500000
5115.5000000000 -12.5167110000 3.1321970000
5115.7099610000 -12.4940980000 3.1310440000
5115.9199220000 -12.4717990000 3.1298890000
5116.1298830000 -12.4499060000 3.1287360000
5116.3398440000 -12.4283540000 3.1275840000
5116.5498050000 -12.4070860000 3.1264300000
5116.7700200000 -12.3851970000 3.1252220000
5116.9799800000 -12.3645750000 3.1240680000
5117.1899410000 -12.3443000000 3.1229170000
5117.3999020000 -12.3243160000 3.1217660000
5117.6098630000 -12.3045700000 3.1206130000
5117.8198240000 -12.2851420000 3.1194620000
5118.0297850000 -12.2659800000 3.1183120000
5118.2402340000 -12.2469890000 3.1171570000
5118.4599610000 -12.2274520000 3.1159520000
5118.6699220000 -12.2090550000 3.1148020000
5118.8798830000 -12.1908930000 3.1136530000
5119.0898440000 -12.1729210000 3.1125010000
5119.2998050000 -12.1552140000 3.1113530000
5119.5097660000 -12.1377250000 3.1102040000
5119.7202150000 -12.1204090000 3.1090530000
5119.9301760000 -12.1033010000 3.1079030000
5120.1499020000 -12.0856330000 3.1067000000
5120.3598630000 -12.0689720000 3.1055520000
5120.5698240000 -12.0525010000 3.1044040000
5120.7797850000 -12.0361800000 3.1032550000
5120.9902340000 -12.0200410000 3.1021050000
5121.2001950000 -12.0041180000 3.1009590000
5121.4199220000 -11.9876210000 3.0997580000
5121.6298830000 -11.9720490000 3.0986120000
5121.8398440000 -11.9566080000 3.0974630000
5122.0498050000 -11.9413630000 3.0963170000
5122.2597660000 -11.9262760000 3.0951720000
5122.4702150000 -11.9112770000 3.0940220000
5122.6801760000 -11.8964970000 3.0928760000
5122.8999020000 -11.8811690000 3.0916780000
5123.1098630000 -11.8666890000 3.0905330000
5123.3198240000 -11.8523490000 3.0893890000
5123.5297850000 -11.8381170000 3.0882430000
5123.7402340000 -11.8240200000 3.0870960000
5123.9599610000 -11.8094270000 3.0858970000
5124.1699220000 -11.7956310000 3.0847550000
5124.3798830000 -11.7819330000 3.0836090000
5124.5898440000 -11.7683900000 3.0824660000
5124.7998050000 -11.7549700000 3.0813240000
5125.0097660000 -11.7416690000 3.0801810000
5125.2299800000 -11.7278300000 3.0789820000
5125.4399410000 -11.7147400000 3.0778380000
5125.6499020000 -11.7017920000 3.0766960000
5125.8598630000 -11.6889540000 3.0755560000
5126.0698240000 -11.6761980000 3.0744110000
5126.2900390000 -11.6629770000 3.0732160000
5126.5000000000 -11.6504380000 3.0720730000
5126.7099610000 -11.6380310000 3.0709330000
5126.9199220000 -11.6257240000 3.0697930000
5127.1298830000 -11.6134900000 3.0686500000
5127.3500980000 -11.6007780000 3.0674540000
5127.5600590000 -11.5887700000 3.0663150000
5127.7700200000 -11.5768560000 3.0651760000
5127.9799800000 -11.5650350000 3.0640360000
5128.1899410000 -11.5532780000 3.0628960000
5128.4101560000 -11.5410590000 3.0617000000
5128.6201170000 -11.5295100000 3.0605620000
5128.8300780000 -11.5180490000 3.0594240000
5129.0400390000 -11.5066470000 3.0582840000
5129.2500000000 -11.4953550000 3.0571470000
5129.4702150000 -11.4835860000 3.0559530000
5129.6801760000 -11.4724620000 3.0548150000
5129.8901370000 -11.4614170000 3.0536790000
5130.1000980000 -11.4504260000 3.0525400000
5130.3198240000 -11.4390440000 3.0513530000
5130.5297850000 -11.4282100000 3.0502140000
5130.7402340000 -11.4174520000 3.0490750000
5130.9501950000 -11.4067920000 3.0479400000
5131.1699220000 -11.3957000000 3.0467500000
5131.3798830000 -11.3851640000 3.0456130000
5131.5898440000 -11.3747220000 3.0444780000
5131.7998050000 -11.3643490000 3.0433440000
5132.0097660000 -11.3540220000 3.0422070000
5132.2299800000 -11.3432990000 3.0410180000
5132.4399410000 -11.3331100000 3.0398830000
5132.6499020000 -11.3230090000 3.0387490000
5132.8598630000 -11.3129720000 3.0376160000
5133.0800780000 -11.3025030000 3.0364260000
5133.2900390000 -11.2925950000 3.0352940000
5133.5000000000 -11.2827280000 3.0341580000
5133.7099610000 -11.2729440000 3.0330260000
5133.9301760000 -11.2627360000 3.0318370000
5176.9472660000 -9.9538090000 2.8046690000
5278.1694340000 -8.5617340000 2.3067220000
5381.3710940000 -8.0508270000 1.8469860000
5419.1298830000 -8.1874370000 1.6897830000
5419.3701170000 -8.1897750000 1.6888000000
5419.6098630000 -8.1921390000 1.6878190000
5419.8398440000 -8.1944330000 1.6868800000
5420.0800780000 -8.1968630000 1.6858990000
5420.3198240000 -8.1993210000 1.6849180000
5420.5498050000 -8.2017070000 1.6839800000
5420.7900390000 -8.2042330000 1.6829990000
5421.0297850000 -8.2067840000 1.6820210000
5421.2700200000 -8.2093780000 1.6810400000
5421.5000000000 -8.2118970000 1.6801000000
5421.7402340000 -8.2145550000 1.6791220000
5421.9799800000 -8.2172480000 1.6781440000
5422.2099610000 -8.2198630000 1.6772060000
5422.4501950000 -8.2226320000 1.6762270000
5422.6899410000 -8.2254330000 1.6752490000
5422.9301760000 -8.2282780000 1.6742700000
5423.1601560000 -8.2310350000 1.6733330000
5423.3999020000 -8.2339500000 1.6723560000
5423.6401370000 -8.2369100000 1.6713770000
5423.8701170000 -8.2397790000 1.6704420000
5424.1098630000 -8.2428130000 1.6694650000
5424.3500980000 -8.2458930000 1.6684870000
5424.5898440000 -8.2490050000 1.6675130000
5424.8198240000 -8.2520380000 1.6665760000
5425.0600590000 -8.2552460000 1.6655990000
5425.2998050000 -8.2584860000 1.6646250000
5425.5400390000 -8.2617840000 1.6636490000
5425.7700200000 -8.2649800000 1.6627140000
5426.0097660000 -8.2683620000 1.6617390000
5426.2500000000 -8.2717970000 1.6607640000
5426.4902340000 -8.2752810000 1.6597870000
5426.7202150000 -8.2786600000 1.6588540000
5426.9599610000 -8.2822330000 1.6578810000
5427.2001950000 -8.2858660000 1.6569050000
5427.4399410000 -8.2895420000 1.6559310000
5427.6699220000 -8.2931150000 1.6549990000
5427.9101560000 -8.2969030000 1.6540240000
5428.1499020000 -8.3007310000 1.6530530000
5428.3901370000 -8.3046300000 1.6520800000
5428.6201170000 -8.3084200000 1.6511460000
5428.8598630000 -8.3124150000 1.6501760000
5429.1000980000 -8.3164860000 1.6492020000
5429.3398440000 -8.3206090000 1.6482310000
5429.5698240000 -8.3246170000 1.6473000000
5429.8100590000 -8.3288700000 1.6463270000
5430.0498050000 -8.3331790000 1.6453560000
5430.2900390000 -8.3375610000 1.6443830000
5430.5297850000 -8.3419910000 1.6434140000
5430.7597660000 -8.3463190000 1.6424830000
5431.0000000000 -8.3509040000 1.6415110000
5431.2402340000 -8.3555490000 1.6405410000
5431.4799800000 -8.3602680000 1.6395710000
5431.7202150000 -8.3650690000 1.6386000000
5431.9501950000 -8.3697330000 1.6376710000
5432.1899410000 -8.3746760000 1.6367030000
5432.4301760000 -8.3797070000 1.6357320000
5432.6699220000 -8.3848100000 1.6347640000
5432.9101560000 -8.3899970000 1.6337950000
5433.1401370000 -8.3950560000 1.6328660000
5433.3798830000 -8.4004000000 1.6319000000
5433.6201170000 -8.4058540000 1.6309300000
5433.8598630000 -8.4113890000 1.6299630000
5434.1000980000 -8.4170290000 1.6289940000
5434.3300780000 -8.4225130000 1.6280670000
5434.5698240000 -8.4283320000 1.6271000000
5434.8100590000 -8.4342640000 1.6261320000
5435.0498050000 -8.4402890000 1.6251650000
5435.2900390000 -8.4464190000 1.6241990000
5435.5297850000 -8.4526590000 1.6232340000
5435.7597660000 -8.4587430000 1.6223080000
5436.0000000000 -8.4652190000 1.6213410000
5436.2402340000 -8.4718140000 1.6203740000
5436.4799800000 -8.4785180000 1.6194090000
5436.7202150000 -8.4853620000 1.6184420000
5436.9599610000 -8.4923080000 1.6174790000
5437.1899410000 -8.4991160000 1.6165530000
5437.4301760000 -8.5063550000 1.6155870000
5437.6699220000 -8.5137070000 1.6146250000
5437.9101560000 -8.5212350000 1.6136590000
5438.1499020000 -8.5288980000 1.6126960000
5438.3901370000 -8.5367340000 1.6117310000
5438.6298830000 -8.5447150000 1.6107670000
5438.8598630000 -8.5525190000 1.6098440000
5439.1000980000 -8.5608470000 1.6088800000
5439.3398440000 -8.5693220000 1.6079200000
5439.5800780000 -8.5780130000 1.6069560000
5439.8198240000 -8.5868800000 1.6059930000
5440.0600590000 -8.5959630000 1.6050300000
5440.2998050000 -8.6052330000 1.6040680000
5440.5297850000 -8.6143170000 1.6031470000
5440.7700200000 -8.6240340000 1.6021840000
5441.0097660000 -8.6339620000 1.6012230000
5441.2500000000 -8.6441300000 1.6002630000
5441.4902340000 -8.6545700000 1.5992990000
5441.7299800000 -8.6652490000 1.5983390000
5441.9702150000 -8.6762230000 1.5973780000
5442.2099610000 -8.6874600000 1.5964170000
5442.4501950000 -8.6989940000 1.5954580000
5442.6801760000 -8.7103620000 1.5945370000
5442.9199220000 -8.7224970000 1.5935790000
5443.1601560000 -8.7350220000 1.5926190000
5443.3999020000 -8.7478800000 1.5916600000
5443.6401370000 -8.7611430000 1.5906990000
5443.8798830000 -8.7747770000 1.5897410000
5444.1201170000 -8.7888310000 1.5887830000
5444.3598630000 -8.8033260000 1.5878250000
5444.6000980000 -8.8183190000 1.5868650000
5444.8398440000 -8.8337790000 1.5859080000
5445.0698240000 -8.8490860000 1.5849910000
5445.3100590000 -8.8656410000 1.5840320000
5445.5498050000 -8.8827560000 1.5830750000
5445.7900390000 -8.9005050000 1.5821180000
5446.0297850000 -8.9189330000 1.5811610000
5446.2700200000 -8.9381260000 1.5802040000
5446.5097660000 -8.9580630000 1.5792470000
5446.7500000000 -8.9788840000 1.5782900000
5446.9902340000 -9.0005750000 1.5773340000
5447.2299800000 -9.0232520000 1.5763790000
5447.4702150000 -9.0470520000 1.5754220000
5447.7099610000 -9.0719800000 1.5744680000
5447.9501950000 -9.0982460000 1.5735110000
5448.1801760000 -9.1246940000 1.5725960000
5448.4199220000 -9.1538250000 1.5716420000
5448.6601560000 -9.1847570000 1.5706850000
5448.8999020000 -9.2175080000 1.5697340000
5449.1401370000 -9.2525850000 1.5687780000
5449.3798830000 -9.2900860000 1.5678250000
5449.6201170000 -9.3305210000 1.5668700000
5449.8598630000 -9.3741800000 1.5659170000
5450.1000980000 -9.4217010000 1.5649640000
5450.3398440000 -9.4738060000 1.5640120000
5450.5800780000 -9.5315560000 1.5630570000
5450.8198240000 -9.5959910000 1.5621050000
5451.0600590000 -9.6691330000 1.5611520000
5451.2998050000 -9.7530610000 1.5602020000
5451.5400390000 -9.8523390000 1.5592480000
5451.7797850000 -9.9727920000 1.5582970000
5452.0200200000 -10.1265010000 1.5573440000
5452.2597660000 -10.3369540000 1.5563960000
5452.5000000000 -10.6756630000 1.5554430000
5452.7402340000 -11.6087020000 1.5544900000
5452.9799800000 -10.9721590000 3.3740190000
5453.2202150000 -10.4794320000 3.3730160000
5453.4599610000 -10.2166380000 3.3720180000
5453.7001950000 -10.0349730000 3.3710160000
5453.9399410000 -9.8963990000 3.3700160000
5454.1801760000 -9.7838580000 3.3690150000
5454.4199220000 -9.6893300000 3.3680140000
5454.6601560000 -9.6076440000 3.3670160000
5454.8999020000 -9.5356760000 3.3660160000
5455.1401370000 -9.4711990000 3.3650160000
5455.3798830000 -9.4129780000 3.3640170000
5455.6201170000 -9.3596890000 3.3630160000
5455.8598630000 -9.3108100000 3.3620200000
5456.1000980000 -9.2653180000 3.3610200000
5456.3398440000 -9.2229900000 3.3600230000
5456.5800780000 -9.1832540000 3.3590230000
5456.8198240000 -9.1459400000 3.3580260000
5457.0600590000 -9.1106930000 3.3570280000
5457.2998050000 -9.0772880000 3.3560310000
5457.5400390000 -9.0454710000 3.3550330000
5457.7797850000 -9.0152070000 3.3540360000
5458.0200200000 -8.9862350000 3.3530380000
5458.2597660000 -8.9586010000 3.3520440000
5458.5000000000 -8.9319800000 3.3510470000
5458.7402340000 -8.9063920000 3.3500480000
5458.9799800000 -8.8818030000 3.3490530000
5459.2202150000 -8.8580420000 3.3480560000
5459.4599610000 -8.8351850000 3.3470630000
5459.7001950000 -8.8129920000 3.3460660000
5459.9399410000 -8.7915460000 3.3450720000
5460.1801760000 -8.7707150000 3.3440750000
5460.4199220000 -8.7505400000 3.3430810000
5460.6601560000 -8.7309410000 3.3420870000
5460.8999020000 -8.7118830000 3.3410930000
5461.1401370000 -8.6932980000 3.3400980000
5461.3798830000 -8.6752320000 3.3391050000
5461.6201170000 -8.6575850000 3.3381100000
5461.8701170000 -8.6396950000 3.3370750000
5462.1098630000 -8.6229390000 3.3360820000
5462.3500980000 -8.6065680000 3.3350910000
5462.5898440000 -8.5905640000 3.3340980000
5462.8300780000 -8.5748790000 3.3331040000
5463.0698240000 -8.5595580000 3.3321120000
5463.3100590000 -8.5445250000 3.3311190000
5463.5498050000 -8.5298540000 3.3301300000
5463.7900390000 -8.5154150000 3.3291360000
5464.0297850000 -8.5012830000 3.3281450000
5464.2700200000 -8.4873890000 3.3271520000
5464.5097660000 -8.4737780000 3.3261620000
5464.7500000000 -8.4604100000 3.3251710000
5465.0000000000 -8.4467090000 3.3241390000
5465.2402340000 -8.4338120000 3.3231490000
5465.4799800000 -8.4211320000 3.3221590000
5465.7202150000 -8.4086360000 3.3211670000
5465.9599610000 -8.3963650000 3.3201780000
5466.2001950000 -8.3842650000 3.3191870000
5466.4399410000 -8.3723990000 3.3182000000
5466.6801760000 -8.3606670000 3.3172100000
5466.9199220000 -8.3491330000 3.3162210000
5467.1601560000 -8.3377450000 3.3152310000
5467.4101560000 -8.3260770000 3.3142020000
5467.6499020000 -8.3150390000 3.3132140000
5467.8901370000 -8.3041320000 3.3122250000
5468.1298830000 -8.2933930000 3.3112370000
5468.3701170000 -8.2827980000 3.3102500000
5468.6098630000 -8.2723410000 3.3092630000
5468.8500980000 -8.2619990000 3.3082750000
5469.0898440000 -8.2518070000 3.3072880000
5469.3300780000 -8.2417230000 3.3063000000
5469.5800780000 -8.2313700000 3.3052730000
5469.8198240000 -8.2215540000 3.3042870000
5470.0600590000 -8.2118540000 3.3033020000
5470.2998050000 -8.2022670000 3.3023170000
5470.5400390000 -8.1927710000 3.3013300000
5470.7797850000 -8.1834020000 3.3003440000
5471.0200200000 -8.1741180000 3.2993570000
5471.2700200000 -8.1645750000 3.2983320000
5471.5097660000 -8.1555140000 3.2973470000
5471.7500000000 -8.1465490000 3.2963640000
5471.9902340000 -8.1376620000 3.2953780000
5472.2299800000 -8.1288830000 3.2943940000
5472.4702150000 -8.1201770000 3.2934080000
5472.7099610000 -8.1115760000 3.2924250000
5472.9599610000 -8.1027060000 3.2914010000
5473.2001950000 -8.0942600000 3.2904170000
5473.4399410000 -8.0859120000 3.2894330000
5473.6801760000 -8.0776430000 3.2884510000
5473.9199220000 -8.0694520000 3.2874690000
5474.1601560000 -8.0613200000 3.2864850000
5474.4101560000 -8.0529460000 3.2854620000
5474.6499020000 -8.0449800000 3.2844810000
5474.8901370000 -8.0370700000 3.2834980000
5475.1298830000 -8.0292450000 3.2825160000
5475.3701170000 -8.0214880000 3.2815350000
5475.6098630000 -8.0137980000 3.2805550000
5475.8598630000 -8.0058560000 3.2795330000
5476.1000980000 -7.9982810000 3.2785510000
5476.3398440000 -7.9907850000 3.2775710000
5476.5800780000 -7.9833350000 3.2765890000
5476.8198240000 -7.9759600000 3.2756090000
5477.0698240000 -7.9683400000 3.2745890000
5477.3100590000 -7.9610700000 3.2736080000
5477.5498050000 -7.9538710000 3.2726290000
5477.7900390000 -7.9467270000 3.2716500000
5478.0297850000 -7.9396380000 3.2706710000
5478.2797850000 -7.9323090000 3.2696520000
5478.5200200000 -7.9253140000 3.2686720000
5478.7597660000 -7.9183840000 3.2676940000
5479.0000000000 -7.9114910000 3.2667140000
5479.2402340000 -7.9046480000 3.2657350000
5479.4902340000 -7.8975850000 3.2647170000
5479.7299800000 -7.8908550000 3.2637400000
5479.9702150000 -7.8841710000 3.2627630000
5480.2099610000 -7.8775330000 3.2617860000
5480.4599610000 -7.8706540000 3.2607670000
5480.7001950000 -7.8641080000 3.2597900000
5480.9399410000 -7.8576060000 3.2588140000
5481.1801760000 -7.8511350000 3.2578360000
5481.4199220000 -7.8447190000 3.2568610000
5481.6699220000 -7.8380790000 3.2558450000
5481.9101560000 -7.8317350000 3.2548680000
5482.1499020000 -7.8254440000 3.2538930000
5482.3901370000 -7.8191920000 3.2529170000
5482.6401370000 -7.8127090000 3.2519010000
5482.8798830000 -7.8065370000 3.2509260000
5483.1201170000 -7.8004020000 3.2499520000
5483.3598630000 -7.7943050000 3.2489780000
5483.6098630000 -7.7879920000 3.2479640000
5483.8500980000 -7.7819580000 3.2469880000
5484.0898440000 -7.7759710000 3.2460150000
5484.3300780000 -7.7700070000 3.2450400000
5484.5800780000 -7.7638430000 3.2440260000
5484.8198240000 -7.7579610000 3.2430530000
5485.0600590000 -7.7521010000 3.2420790000
5485.2998050000 -7.7462970000 3.2411090000
5485.5498050000 -7.7402620000 3.2400940000
5485.7900390000 -7.7345010000 3.2391200000
5486.0297850000 -7.7287950000 3.2381510000
5486.5903320000 -7.7155480000 3.2358800000
5593.8666990000 -6.2909970000 2.8215420000
5703.2412110000 -5.4772060000 2.4372490000
5814.7534180000 -4.8641910000 2.0808850000
5928.4467770000 -4.3668840000 1.7505440000
6044.3627930000 -3.9475570000 1.4445340000
6162.5449220000 -3.5844560000 1.1613500000
6283.0380860000 -2.9525090000 0.8666610000
6405.8872070000 -2.6466570000 0.5596240000
6531.1386720000 -2.3736160000 0.2653380000
6658.8383790000 -1.9788190000 9.9778680000
6789.0356450000 -1.7462590000 9.6764610000
6921.7783200000 -1.5372920000 9.3830480000
7057.1162110000 -1.3492520000 9.0974550000
7195.1005860000 -1.1808900000 8.8196560000
7335.7827150000 -1.0284070000 8.5494090000
7479.2158200000 -0.8910740000 8.2865010000
7625.4531250000 -0.7674830000 8.0307690000
7774.5498050000 -0.6564080000 7.7820530000
7926.5620120000 -0.5567720000 7.5401930000
8081.5458980000 -0.4676300000 7.3050310000
8239.5605470000 -0.3881510000 7.0764130000
8400.6640630000 -0.3176120000 6.8541860000
8564.9189450000 -0.2553940000 6.6382000000
8732.3837890000 -0.2010070000 6.4283090000
8903.1240230000 -0.1541030000 6.2244010000
9077.2021480000 -0.1116560000 6.0281560000
9254.6845700000 -0.0749140000 5.8376260000
9435.6367190000 -0.0434430000 5.6526610000
9620.1269530000 -0.0174820000 5.4731380000
9808.2246090000 0.0044740000 5.2989570000
10000.0000000000 0.0222740000 5.1299390000
10195.5253900000 0.0362260000 4.9659440000
10394.8730500000 0.0456540000 4.8069340000
10598.1191400000 0.0526680000 4.6526990000
10805.3388700000 0.0566440000 4.5031040000
11016.6103500000 0.0567310000 4.3580780000
11232.0127000000 0.0552140000 4.2175050000
11451.6259800000 0.0512980000 4.0812080000
11675.5341800000 0.0451640000 3.9490660000
11903.8203100000 0.0369790000 3.8209640000
12136.5693400000 0.0268950000 3.6967860000
12373.8701200000 0.0150560000 3.5764190000
12615.8105500000 0.0015970000 3.4597560000
12862.4814500000 -0.0136210000 3.3466970000
13113.9746100000 -0.0303030000 3.2371420000
13370.3857400000 -0.0479420000 3.1309800000
13631.8105500000 -0.0667700000 3.0281140000
13898.3466800000 -0.0866990000 2.9284460000
14170.0937500000 -0.1076500000 2.8318850000
14447.1543000000 -0.1295480000 2.7383390000
14729.6328100000 -0.1523290000 2.6477210000
15017.6337900000 -0.1759300000 2.5599450000
15311.2666000000 -0.2002980000 2.4749270000
15610.6396500000 -0.2253840000 2.3925860000
15915.8671900000 -0.2511450000 2.3128420000
16227.0615200000 -0.2775430000 2.2356200000
16544.3418000000 -0.3045480000 2.1608430000
16867.8242200000 -0.3321310000 2.0884400000
17197.6328100000 -0.3602710000 2.0183390000
17533.8906300000 -0.3889500000 1.9504720000
17876.7207000000 -0.4201490000 1.8848190000
18226.2558600000 -0.4498690000 1.8212760000
18582.6250000000 -0.4801140000 1.7597710000
18945.9628900000 -0.5123820000 1.7002620000
19316.4023400000 -0.5436880000 1.6426890000
19694.0878900000 -0.5755570000 1.5869710000
20079.1562500000 -0.6080170000 1.5330530000
20471.7539100000 -0.6411030000 1.4808790000
20872.0273400000 -0.6769220000 1.4304400000
21280.1289100000 -0.7113760000 1.3817120000
21696.2070300000 -0.7466170000 1.3345680000
22120.4238300000 -0.7844490000 1.2889590000
22552.9335900000 -0.8215520000 1.2449390000
22993.8984400000 -0.8596690000 1.2023560000
23443.4882800000 -0.8989860000 1.1611650000
23901.8671900000 -0.9421440000 1.1214090000
24369.2070300000 -0.9843870000 1.0830170000
24845.6875000000 -1.0287080000 1.0458970000
25331.4824200000 -1.0747570000 1.0100010000
25826.7753900000 -1.1231800000 0.9752910000
26331.7539100000 -1.1743870000 0.9417290000
26846.6054700000 -1.2289170000 0.9093100000
27371.5234400000 -1.2874390000 0.8780550000
27906.7070300000 -1.3506660000 0.8478510000
28452.3515600000 -1.4196490000 0.8186620000
29008.6660200000 -1.4957910000 0.7904540000
29575.8593800000 -1.5810050000 0.7631960000
30154.1406300000 -1.6780180000 0.7368550000
30743.7304700000 -1.7908470000 0.7114020000
31344.8476600000 -1.9257850000 0.6868060000
31957.7168000000 -2.0934690000 0.6630400000
32582.5703100000 -2.3139860000 0.6400770000
33219.6406300000 -2.6326240000 0.6178880000
33248.6992200000 -2.6508150000 0.6169040000
33257.6015600000 -2.6564730000 0.6166030000
33266.5000000000 -2.6621690000 0.6163020000
33275.5000000000 -2.6679750000 0.6159980000
33284.3984400000 -2.6737540000 0.6156980000
33293.3007800000 -2.6795820000 0.6153980000
33302.3007800000 -2.6855160000 0.6150950000
33311.1992200000 -2.6914300000 0.6147960000
33320.1992200000 -2.6974550000 0.6144930000
33329.1015600000 -2.7034620000 0.6141940000
33338.1015600000 -2.7095800000 0.6138910000
33347.1015600000 -2.7157490000 0.6135890000
33356.0000000000 -2.7218920000 0.6132910000
33365.0000000000 -2.7281590000 0.6129890000
33374.0000000000 -2.7344730000 0.6126880000
33383.0000000000 -2.7408380000 0.6123870000
33392.0000000000 -2.7472540000 0.6120860000
33401.0000000000 -2.7537260000 0.6117850000
33410.0000000000 -2.7602490000 0.6114850000
33419.0000000000 -2.7668260000 0.6111850000
33428.0000000000 -2.7734610000 0.6108850000
33437.0000000000 -2.7801490000 0.6105850000
33446.0000000000 -2.7868950000 0.6102850000
33455.0000000000 -2.7937010000 0.6099860000
33464.1015600000 -2.8006390000 0.6096840000
33473.1015600000 -2.8075640000 0.6093850000
33482.1015600000 -2.8145480000 0.6090860000
33491.1992200000 -2.8216720000 0.6087840000
33500.1992200000 -2.8287810000 0.6084860000
33509.3007800000 -2.8360370000 0.6081850000
33518.3007800000 -2.8432770000 0.6078870000
33527.3984400000 -2.8506640000 0.6075860000
33536.5000000000 -2.8581230000 0.6072850000
33545.5000000000 -2.8655700000 0.6069880000
33554.6015600000 -2.8731670000 0.6066880000
33563.6992200000 -2.8808380000 0.6063880000
33572.8007800000 -2.8885860000 0.6060890000
33581.8984400000 -2.8964060000 0.6057890000
33591.0000000000 -2.9043070000 0.6054900000
33600.1015600000 -2.9122870000 0.6051910000
33609.1992200000 -2.9203440000 0.6048920000
33618.3007800000 -2.9284860000 0.6045930000
33627.3984400000 -2.9367080000 0.6042950000
33636.6015600000 -2.9451100000 0.6039930000
33645.6992200000 -2.9535050000 0.6036960000
33654.8007800000 -2.9619920000 0.6033980000
33664.0000000000 -2.9706640000 0.6030970000
33673.1015600000 -2.9793350000 0.6028000000
33682.1992200000 -2.9880930000 0.6025030000
33691.3984400000 -2.9970510000 0.6022030000
33700.6015600000 -3.0061110000 0.6019030000
33709.6992200000 -3.0151700000 0.6016070000
33718.8984400000 -3.0244360000 0.6013070000
33728.1015600000 -3.0338090000 0.6010080000
33737.1992200000 -3.0431850000 0.6007120000
33746.3984400000 -3.0527790000 0.6004140000
33755.6015600000 -3.0624890000 0.6001150000
33764.8007800000 -3.0723150000 0.5998170000
33774.0000000000 -3.0822580000 0.5995190000
33783.1992200000 -3.0923280000 0.5992210000
33792.3984400000 -3.1025200000 0.5989240000
33801.6015600000 -3.1128500000 0.5986260000
33810.8007800000 -3.1233080000 0.5983290000
33820.1015600000 -3.1340170000 0.5980290000
33829.3007800000 -3.1447470000 0.5977320000
33838.5000000000 -3.1556240000 0.5974360000
33847.8007800000 -3.1667680000 0.5971360000
33857.0000000000 -3.1779400000 0.5968400000
33866.3007800000 -3.1893980000 0.5965410000
33869.1679700000 -3.1929590000 0.5964490000
33875.5000000000 -3.2008840000 0.5962460000
33884.8007800000 -3.2126650000 0.5959470000
33894.0000000000 -3.2244880000 0.5956520000
33903.3007800000 -3.2366150000 0.5953540000
33912.6015600000 -3.2489220000 0.5950560000
33921.8007800000 -3.2612820000 0.5947610000
33931.1015600000 -3.2739660000 0.5944640000
33940.3984400000 -3.2868430000 0.5941670000
33949.6992200000 -3.2999280000 0.5938700000
33959.0000000000 -3.3132240000 0.5935730000
33968.3007800000 -3.3267360000 0.5932770000
33977.6015600000 -3.3404730000 0.5929800000
33986.8984400000 -3.3544400000 0.5926840000
33996.3007800000 -3.3687990000 0.5923850000
34005.6015600000 -3.3832540000 0.5920900000
34014.8984400000 -3.3979650000 0.5917940000
34024.1992200000 -3.4129390000 0.5914990000
34033.6015600000 -3.4283510000 0.5912010000
34042.8984400000 -3.4438860000 0.5909060000
34052.3007800000 -3.4598840000 0.5906090000
34061.6015600000 -3.4760200000 0.5903150000
34071.0000000000 -3.4926500000 0.5900170000
34080.3984400000 -3.5096160000 0.5897200000
34089.6992200000 -3.5267460000 0.5894270000
34099.1015600000 -3.5444270000 0.5891300000
34108.5000000000 -3.5624800000 0.5888340000
34117.8984400000 -3.5809190000 0.5885380000
34127.3007800000 -3.5997850000 0.5882420000
34136.6992200000 -3.6190730000 0.5879460000
34146.1015600000 -3.6388190000 0.5876510000
34155.5000000000 -3.6590170000 0.5873560000
34164.8984400000 -3.6797160000 0.5870610000
34174.3007800000 -3.7009400000 0.5867660000
34183.6992200000 -3.7226960000 0.5864720000
34193.1015600000 -3.7450210000 0.5861770000
34202.6015600000 -3.7682000000 0.5858800000
34212.0000000000 -3.7917610000 0.5855860000
34221.5000000000 -3.8162480000 0.5852900000
34230.8984400000 -3.8411860000 0.5849960000
34240.3984400000 -3.8671440000 0.5847000000
34249.8007800000 -3.8936360000 0.5844070000
34259.3007800000 -3.9212470000 0.5841110000
34268.8007800000 -3.9497830000 0.5838160000
34278.1992200000 -3.9789530000 0.5835240000
34287.6992200000 -4.0094880000 0.5832280000
34297.1992200000 -4.0411220000 0.5829340000
34306.6992200000 -4.0739500000 0.5826390000
34316.1992200000 -4.1080770000 0.5823440000
34325.6992200000 -4.1435770000 0.5820500000
34335.1992200000 -4.1805790000 0.5817560000
34344.6992200000 -4.2192270000 0.5814620000
34354.1992200000 -4.2596380000 0.5811690000
34363.6992200000 -4.3020130000 0.5808760000
34373.3007800000 -4.3470040000 0.5805790000
34382.8007800000 -4.3938880000 0.5802870000
34392.3007800000 -4.4433940000 0.5799940000
34401.8984400000 -4.4963920000 0.5796990000
34411.3984400000 -4.5521730000 0.5794060000
34421.0000000000 -4.6123240000 0.5791110000
34430.5000000000 -4.6761050000 0.5788190000
34440.1015600000 -4.7455560000 0.5785250000
34449.6992200000 -4.8208100000 0.5782310000
34459.1992200000 -4.9020540000 0.5779400000
34468.8007800000 -4.9923710000 0.5776460000
34478.3984400000 -5.0926870000 0.5773520000
34488.0000000000 -5.2055590000 0.5770580000
34497.6015600000 -5.3344720000 0.5767650000
34507.1992200000 -5.4846220000 0.5764720000
34516.8007800000 -5.6644810000 0.5761800000
34526.3984400000 -5.8883880000 0.5758870000
34531.3945300000 -6.0309130000 0.5757350000
34536.0000000000 -6.1851770000 0.5755950000
34545.6992200000 -6.6313400000 0.5753000000
34555.3007800000 -7.5100290000 0.5750080000
34564.8984400000 -8.0363180000 3.5087360000
34574.6015600000 -6.7931580000 3.5071320000
34584.1992200000 -6.2802870000 3.5055450000
34593.8007800000 -5.9497330000 3.5039600000
34603.5000000000 -5.7029500000 3.5023590000
34613.1992200000 -5.5072970000 3.5007600000
34622.8007800000 -5.3465180000 3.4991770000
34632.5000000000 -5.2076110000 3.4975800000
34642.1992200000 -5.0863140000 3.4959840000
34651.8984400000 -4.9786720000 3.4943890000
34661.5000000000 -4.8827680000 3.4928110000
34671.1992200000 -4.7946780000 3.4912180000
34680.8984400000 -4.7139770000 3.4896270000
34690.6015600000 -4.6394260000 3.4880360000
34700.3007800000 -4.5702180000 3.4864470000
34710.1015600000 -4.5049690000 3.4848420000
34719.8007800000 -4.4444380000 3.4832560000
34729.5000000000 -4.3874180000 3.4816700000
34739.1992200000 -4.3335390000 3.4800850000
34749.0000000000 -4.2819610000 3.4784850000
34758.6992200000 -4.2334600000 3.4769030000
34768.5000000000 -4.1867430000 3.4753050000
34778.1992200000 -4.1426170000 3.4737250000
34788.0000000000 -4.0999430000 3.4721300000
34797.6992200000 -4.0594420000 3.4705520000
34807.5000000000 -4.0201440000 3.4689590000
34817.3007800000 -3.9823460000 3.4673670000
34827.1015600000 -3.9459230000 3.4657750000
34836.8007800000 -3.9111640000 3.4642030000
34846.6015600000 -3.8772160000 3.4626140000
34856.3984400000 -3.8444130000 3.4610270000
34866.1992200000 -3.8126440000 3.4594410000
34876.0000000000 -3.7818540000 3.4578560000
34885.8984400000 -3.7516880000 3.4562560000
34895.6992200000 -3.7226940000 3.4546740000
34905.5000000000 -3.6945160000 3.4530920000
34915.3007800000 -3.6670990000 3.4515110000
34925.1992200000 -3.6401650000 3.4499170000
34935.0000000000 -3.6141740000 3.4483380000
34944.8984400000 -3.5886050000 3.4467460000
34954.6992200000 -3.5638970000 3.4451690000
34964.6015600000 -3.5395410000 3.4435780000
34974.3984400000 -3.5160120000 3.4420060000
34984.3007800000 -3.4927730000 3.4404170000
34994.1992200000 -3.4700730000 3.4388300000
35004.0000000000 -3.4480760000 3.4372600000
35013.8984400000 -3.4263470000 3.4356750000
35023.8007800000 -3.4050600000 3.4340910000
35033.6992200000 -3.3842190000 3.4325090000
35043.6015600000 -3.3637900000 3.4309270000
35053.5000000000 -3.3437720000 3.4293470000
35063.3984400000 -3.3241410000 3.4277680000
35073.3984400000 -3.3046920000 3.4261740000
35083.3007800000 -3.2857880000 3.4245970000
35093.1992200000 -3.2672360000 3.4230210000
35103.1992200000 -3.2488360000 3.4214310000
35113.1015600000 -3.2309330000 3.4198570000
35123.0000000000 -3.2133460000 3.4182850000
35133.0000000000 -3.1958860000 3.4166980000
35143.0000000000 -3.1787130000 3.4151120000
35152.8984400000 -3.1620040000 3.4135440000
35162.8984400000 -3.1453870000 3.4119600000
35172.8984400000 -3.1290430000 3.4103780000
35182.8007800000 -3.1131080000 3.4088130000
35192.8007800000 -3.0972620000 3.4072320000
35202.8007800000 -3.0816640000 3.4056540000
35206.5703100000 -3.0758450000 3.4050590000
35212.8007800000 -3.0663000000 3.4040760000
35222.8007800000 -3.0511570000 3.4024990000
35232.8007800000 -3.0362410000 3.4009240000
35242.8007800000 -3.0215340000 3.3993500000
35252.8984400000 -3.0068970000 3.3977610000
35262.8984400000 -2.9926070000 3.3961890000
35272.8984400000 -2.9785080000 3.3946190000
35283.0000000000 -2.9644630000 3.3930330000
35293.0000000000 -2.9507490000 3.3914650000
35303.1015600000 -2.9370770000 3.3898820000
35313.1015600000 -2.9237160000 3.3883150000
35323.1992200000 -2.9104010000 3.3867350000
35333.1992200000 -2.8973860000 3.3851710000
35343.3007800000 -2.8844010000 3.3835930000
35353.3984400000 -2.8715840000 3.3820160000
35363.5000000000 -2.8589190000 3.3804400000
35373.6015600000 -2.8464090000 3.3788650000
35383.6992200000 -2.8340540000 3.3772910000
35393.8007800000 -2.8218360000 3.3757180000
35403.8984400000 -2.8097710000 3.3741470000
35414.0000000000 -2.7978410000 3.3725760000
35424.1015600000 -2.7860470000 3.3710070000
35434.1992200000 -2.7743920000 3.3694400000
35444.3984400000 -2.7627550000 3.3678580000
35454.5000000000 -2.7513550000 3.3662920000
35464.6015600000 -2.7400750000 3.3647270000
35474.8007800000 -2.7288170000 3.3631480000
35484.8984400000 -2.7177890000 3.3615870000
35495.1015600000 -2.7067630000 3.3600100000
35505.3007800000 -2.6958570000 3.3584340000
35515.3984400000 -2.6851740000 3.3568760000
35525.6015600000 -2.6744940000 3.3553030000
35535.8007800000 -2.6639230000 3.3537310000
35546.0000000000 -2.6534600000 3.3521600000
35556.1992200000 -2.6431060000 3.3505910000
35566.3984400000 -2.6328510000 3.3490230000
35576.6015600000 -2.6226930000 3.3474550000
35586.8007800000 -2.6126420000 3.3458900000
35597.0000000000 -2.6026840000 3.3443250000
35607.1992200000 -2.5928220000 3.3427610000
35617.5000000000 -2.5829580000 3.3411830000
35627.6992200000 -2.5732820000 3.3396220000
35637.8984400000 -2.5637000000 3.3380620000
35648.1992200000 -2.5541070000 3.3364870000
35658.3984400000 -2.5447010000 3.3349300000
35668.6992200000 -2.5352850000 3.3333580000
35678.8984400000 -2.5260450000 3.3318020000
35689.1992200000 -2.5167980000 3.3302330000
35699.5000000000 -2.5076310000 3.3286640000
35709.8007800000 -2.4985480000 3.3270960000
35720.1015600000 -2.4895430000 3.3255300000
35730.3984400000 -2.4806180000 3.3239650000
35740.6992200000 -2.4717690000 3.3224020000
35751.0000000000 -2.4629950000 3.3208390000
35761.3007800000 -2.4542960000 3.3192770000
35771.6015600000 -2.4456660000 3.3177160000
35781.8984400000 -2.4371150000 3.3161580000
35792.1992200000 -2.4286310000 3.3146000000
35802.6015600000 -2.4201320000 3.3130280000
35812.8984400000 -2.4117900000 3.3114720000
35823.3007800000 -2.4034290000 3.3099020000
35833.6015600000 -2.3952150000 3.3083480000
35844.0000000000 -2.3869910000 3.3067810000
35854.3984400000 -2.3788340000 3.3052160000
35864.6992200000 -2.3708140000 3.3036650000
35875.1015600000 -2.3627790000 3.3021010000
35885.5000000000 -2.3548100000 3.3005390000
35894.9492200000 -2.3476210000 3.2991200000
35895.8984400000 -2.3469040000 3.2989780000
35906.3007800000 -2.3390540000 3.2974170000
35916.6992200000 -2.3312660000 3.2958580000
35927.1015600000 -2.3235340000 3.2943000000
35937.5000000000 -2.3158630000 3.2927430000
36596.7851600000 -1.9196270000 3.1963750000
37312.3437500000 -1.6162680000 3.0967310000
38041.8906300000 -1.3827810000 3.0000970000
38785.7070300000 -1.1945670000 2.9063830000
39544.0625000000 -1.0383360000 2.8155060000
40317.2500000000 -0.9060270000 2.7273810000
41105.5546900000 -0.7923520000 2.6419280000
41909.2695300000 -0.6936350000 2.5590700000
42728.6992200000 -0.6072070000 2.4787290000
43564.1523400000 -0.5310560000 2.4008310000
44415.9414100000 -0.4636270000 2.3253040000
45284.3867200000 -0.3996130000 2.2517590000
46169.8085900000 -0.3459560000 2.1799180000
47072.5429700000 -0.2980930000 2.1101700000
47992.9296900000 -0.2553540000 2.0424580000
48931.3125000000 -0.2171710000 1.9767310000
49888.0429700000 -0.1830600000 1.9129360000
50863.4765600000 -0.1526030000 1.8510240000
51857.9843800000 -0.1254400000 1.7909430000
52871.9375000000 -0.1012550000 1.7326460000
53905.7187500000 -0.0797700000 1.6760850000
54959.7109400000 -0.0607390000 1.6212140000
56034.3085900000 -0.0439440000 1.5679880000
57129.9218800000 -0.0291890000 1.5163630000
58246.9531300000 -0.0162990000 1.4662950000
59385.8281300000 -0.0051160000 1.4177430000
60546.9687500000 0.0045030000 1.3706650000
61730.8125000000 0.0126890000 1.3250210000
62937.8046900000 0.0195570000 1.2807730000
64168.3984400000 0.0252170000 1.2378810000
65423.0507800000 0.0297650000 1.1963080000
66702.2343800000 0.0329240000 1.1560180000
68006.4296900000 0.0355220000 1.1169800000
69336.1250000000 0.0362520000 1.0791710000
70691.8203100000 0.0371800000 1.0426320000
72074.0234400000 0.0373890000 1.0072400000
73483.2500000000 0.0369390000 0.9729610000
74920.0312500000 0.0358840000 0.9397660000
76384.9062500000 0.0342740000 0.9076200000
77878.4218800000 0.0321580000 0.8764960000
79401.1406300000 0.0295780000 0.8463620000
80953.6328100000 0.0265590000 0.8172890000
82536.4765600000 0.0231610000 0.7892220000
84150.2734400000 0.0194330000 0.7620750000
85795.6250000000 0.0154100000 0.7358180000
87473.1406300000 0.0111210000 0.7104230000
89183.4609400000 0.0065950000 0.6858640000
90927.2187500000 0.0018570000 0.6621150000
92705.0781300000 -0.0030680000 0.6391500000
94517.6953100000 -0.0081570000 0.6169440000
96365.7500000000 -0.0133930000 0.5954750000
98249.9453100000 -0.0187530000 0.5747180000
100170.9766000000 -0.0242200000 0.5546520000
102129.5703000000 -0.0297790000 0.5352540000
104126.4609000000 -0.0354120000 0.5165030000
106162.3906000000 -0.0411070000 0.4983790000
108238.1328000000 -0.0468510000 0.4808620000
110354.4609000000 -0.0526310000 0.4639330000
112512.1641000000 -0.0584370000 0.4475720000
114712.0547000000 -0.0642570000 0.4317620000
116954.9688000000 -0.0700840000 0.4164860000
119241.7266000000 -0.0759060000 0.4017250000
121573.2031000000 -0.0817180000 0.3874640000
123950.2656000000 -0.0875110000 0.3736870000
126373.8047000000 -0.0932780000 0.3603770000
128844.7266000000 -0.0990130000 0.3475200000
131363.9688000000 -0.1047110000 0.3351020000
133932.4531000000 -0.1103670000 0.3231070000
136551.1719000000 -0.1159750000 0.3115230000
139221.0938000000 -0.1215310000 0.3003350000
141943.2188000000 -0.1270310000 0.2895310000
144718.5625000000 -0.1324730000 0.2790990000
147548.1719000000 -0.1378520000 0.2690260000
150433.1094000000 -0.1472890000 0.2593560000
153374.4531000000 -0.1525310000 0.2502070000
156373.2969000000 -0.1576890000 0.2413790000
159430.7969000000 -0.1627620000 0.2328620000
162548.0625000000 -0.1677500000 0.2246440000
165726.2813000000 -0.1726510000 0.2167160000
168966.6406000000 -0.1774640000 0.2090670000
172270.3750000000 -0.1821900000 0.2016860000
175638.6875000000 -0.1868280000 0.1945660000
179072.8594000000 -0.1913770000 0.1876960000
182574.1875000000 -0.1958380000 0.1810680000
186143.9688000000 -0.2002110000 0.1746730000
189783.5469000000 -0.2044960000 0.1685040000
193494.2969000000 -0.2086940000 0.1625520000
197277.5938000000 -0.2128040000 0.1568090000
201134.8594000000 -0.2168280000 0.1512690000
205067.5469000000 -0.2207660000 0.1459230000
209077.1406000000 -0.2246190000 0.1407670000
213165.1250000000 -0.2283880000 0.1357910000
217333.0313000000 -0.2320730000 0.1309920000
221582.4375000000 -0.2356750000 0.1263610000
225914.9219000000 -0.2391960000 0.1218940000
230332.1250000000 -0.2426370000 0.1175840000
234835.7031000000 -0.2459980000 0.1134260000
239427.3281000000 -0.2492810000 0.1094150000
244108.7344000000 -0.2524860000 0.1055450000
248881.6719000000 -0.2556160000 0.1018120000
253747.9219000000 -0.2586710000 0.0982100000
258709.3281000000 -0.2616520000 0.0947360000
263767.7500000000 -0.2645610000 0.0913840000
268925.0625000000 -0.2673980000 0.0881500000
274183.2188000000 -0.2701660000 0.0850310000
279544.1875000000 -0.2728650000 0.0820220000
285010.0000000000 -0.2754970000 0.0791190000
290582.6563000000 -0.2780620000 0.0763180000
296264.2500000000 -0.2805630000 0.0736170000
302056.9688000000 -0.2830000000 0.0710100000
307962.9375000000 -0.2853750000 0.0684960000
313984.3750000000 -0.2876890000 0.0660710000
320123.5625000000 -0.2899430000 0.0637320000
326382.7813000000 -0.2921380000 0.0614750000
332764.3750000000 -0.2942760000 0.0592980000
339270.7500000000 -0.2963580000 0.0571980000
345904.3438000000 -0.2983850000 0.0551720000
352667.6563000000 -0.3003580000 0.0532180000
359563.1875000000 -0.3022790000 0.0513330000
366593.5625000000 -0.3041480000 0.0495140000
373761.3750000000 -0.3059670000 0.0477600000
381069.3438000000 -0.3077380000 0.0460680000
388520.2188000000 -0.3094600000 0.0444360000
396116.7500000000 -0.3111350000 0.0428620000
403861.8125000000 -0.3127650000 0.0413430000
411758.3438000000 -0.3143500000 0.0398780000
419809.2500000000 -0.3158910000 0.0384650000
428017.5625000000 -0.3173900000 0.0371020000
436386.3750000000 -0.3188470000 0.0357870000
444918.8125000000 -0.3202640000 0.0345190000
453618.0938000000 -0.3216420000 0.0332960000
462487.4688000000 -0.3229810000 0.0321160000
471530.2500000000 -0.3242820000 0.0309780000
480749.8438000000 -0.3255470000 0.0298800000
490149.7188000000 -0.3267760000 0.0288210000
499733.3750000000 -0.3279700000 0.0278000000
509504.4063000000 -0.3291300000 0.0268150000
519466.5000000000 -0.3302570000 0.0258640000
529623.3750000000 -0.3313520000 0.0249480000
539978.8125000000 -0.3324160000 0.0240640000
550536.7500000000 -0.3334490000 0.0232110000
561301.1250000000 -0.3344520000 0.0223880000
572276.0000000000 -0.3354260000 0.0215950000
583465.4375000000 -0.3363720000 0.0208300000
594873.6250000000 -0.3372910000 0.0200920000
606504.8750000000 -0.3381820000 0.0193800000
618363.5625000000 -0.3390480000 0.0186930000
630454.1250000000 -0.3398890000 0.0180310000
642781.1250000000 -0.3407040000 0.0173920000
655349.0625000000 -0.3414960000 0.0167760000
668162.8125000000 -0.3422640000 0.0161810000
681227.0625000000 -0.3430100000 0.0156080000
694546.7500000000 -0.3437340000 0.0150550000
