30.0000000000 -2.6971140000 1.4170470000
30.5865750000 -2.6765250000 1.4138230000
31.1846200000 -2.6557600000 1.4105990000
31.7943570000 -2.6348030000 1.4073480000
32.4160160000 -2.6136420000 1.4040410000
33.0498310000 -2.5922690000 1.4006490000
33.6960370000 -2.5706770000 1.3971420000
34.3548770000 -2.5488600000 1.3934910000
35.0266040000 -2.5268190000 1.3896630000
35.7114600000 -2.5045530000 1.3856280000
36.4097100000 -2.4820660000 1.3813550000
37.1216090000 -2.4593660000 1.3768140000
37.8474310000 -2.4364600000 1.3719720000
38.5874440000 -2.4133610000 1.3668020000
39.3419230000 -2.3900830000 1.3612730000
40.1111560000 -2.3666420000 1.3553560000
40.8954320000 -2.3430580000 1.3490250000
41.6950380000 -2.3193510000 1.3422530000
42.5102810000 -2.2955460000 1.3350150000
43.3414650000 -2.2716670000 1.3272890000
44.1888960000 -2.2477420000 1.3190520000
45.0529020000 -2.2238010000 1.3102860000
45.9338000000 -2.1998750000 1.3009720000
46.8319210000 -2.1759970000 1.2910940000
47.7476010000 -2.1522010000 1.2806410000
48.6811870000 -2.1285210000 1.2696000000
49.6330260000 -2.1049950000 1.2579640000
50.6034740000 -2.0816600000 1.2457250000
51.5928990000 -2.0585530000 1.2328810000
52.6016690000 -2.0357120000 1.2194310000
53.6301650000 -2.0131770000 1.2053760000
54.6787680000 -1.9909860000 1.1907210000
55.7478750000 -1.9691770000 1.1754720000
56.8378870000 -1.9477890000 1.1596380000
57.9492070000 -1.9268600000 1.1432330000
59.0822600000 -1.9064270000 1.1262690000
60.2374690000 -1.8865250000 1.1087640000
61.4152600000 -1.8671900000 1.0907370000
62.6160810000 -1.8484560000 1.0722100000
63.8403850000 -1.8303550000 1.0532040000
65.0886230000 -1.8129200000 1.0337470000
66.3612670000 -1.7961790000 1.0138650000
67.6587980000 -1.7801590000 0.9935860000
68.9816970000 -1.7648880000 0.9729420000
70.3304600000 -1.7503890000 0.9519640000
71.7055970000 -1.7366840000 0.9306850000
73.1076200000 -1.7237940000 0.9091390000
74.5370640000 -1.7117360000 0.8873610000
75.9944460000 -1.7005250000 0.8653870000
77.4803310000 -1.6901760000 0.8432520000
78.9952620000 -1.8678130000 0.8272620000
80.5398180000 -1.8608830000 0.8149940000
82.1145710000 -1.8542750000 0.8027670000
83.7201160000 -1.8479930000 0.7905840000
85.3570560000 -1.8420420000 0.7784460000
87.0260010000 -1.8364270000 0.7663550000
88.7275770000 -1.8311520000 0.7543120000
90.4624250000 -1.8262230000 0.7423200000
92.2311940000 -1.8216460000 0.7303810000
94.0345380000 -1.8174270000 0.7184960000
95.8731540000 -1.8135730000 0.7066670000
97.7477110000 -1.8100910000 0.6948960000
99.6589200000 -1.8069890000 0.6831850000
101.6075060000 -1.8042750000 0.6715350000
103.5941850000 -1.8019570000 0.6599500000
105.6197130000 -1.8000460000 0.6484310000
107.6848450000 -1.7985520000 0.6369800000
109.7903520000 -1.7974840000 0.6255990000
111.9370270000 -1.7968560000 0.6142910000
114.1256790000 -1.7966790000 0.6030560000
116.3571170000 -1.7969680000 0.5918980000
118.6321950000 -1.7977360000 0.5808180000
120.9517520000 -1.8134230000 0.5699570000
123.3166580000 -1.8148930000 0.5594490000
125.7278060000 -1.8168880000 0.5490060000
128.1860960000 -1.8194280000 0.5386300000
130.6924590000 -1.8225360000 0.5283230000
133.2478330000 -1.8262370000 0.5180870000
135.8531490000 -1.8305570000 0.5079250000
138.5094300000 -1.8355250000 0.4978400000
141.2176360000 -1.8411730000 0.4878330000
143.9787900000 -1.8475360000 0.4779070000
146.7939300000 -1.8546500000 0.4680640000
149.6641240000 -1.8625590000 0.4583060000
152.5904390000 -1.8713070000 0.4486360000
155.5739590000 -1.8809450000 0.4390560000
158.6158140000 -1.8915290000 0.4295680000
161.7171480000 -1.9031220000 0.4201750000
164.8791350000 -1.9157920000 0.4108770000
168.1029360000 -1.9296180000 0.4016780000
171.3897710000 -1.9446870000 0.3925780000
174.7408600000 -1.9610970000 0.3835810000
178.1574860000 -1.9789580000 0.3746880000
181.6409150000 -1.9983980000 0.3659000000
185.1924440000 -2.0195590000 0.3572200000
188.8134160000 -2.0426070000 0.3486490000
192.5051880000 -2.0677320000 0.3401880000
196.2691500000 -2.0951540000 0.3318390000
200.1067050000 -2.1251300000 0.3236040000
204.0192870000 -2.1579620000 0.3154840000
208.0083770000 -2.1940080000 0.3074800000
212.0754700000 -2.2336910000 0.2995920000
216.2220760000 -2.2775240000 0.2918230000
220.4497530000 -2.3261290000 0.2841730000
224.7601010000 -2.3802670000 0.2766430000
229.1547240000 -2.4408870000 0.2692350000
233.6352690000 -2.5091800000 0.2619470000
238.2034300000 -2.5866710000 0.2547820000
242.8609010000 -2.6753410000 0.2477400000
247.6094360000 -2.7778200000 0.2408200000
252.4508210000 -2.8976740000 0.2340250000
257.3868710000 -3.0398730000 0.2273530000
262.4194340000 -3.2115650000 0.2208050000
267.5503850000 -3.4234320000 0.2143810000
272.7816770000 -3.6922030000 0.2080810000
278.1152340000 -4.0456720000 0.2019050000
283.5530700000 -4.5337390000 0.1958520000
289.0972600000 -4.5835910000 3.9420930000
294.7498170000 -3.6243950000 3.8525580000
300.5129390000 -3.0511790000 3.7642250000
306.3887020000 -2.6369240000 3.6771050000
312.3793640000 -2.3113150000 3.5912080000
318.4871830000 -2.0429130000 3.5065440000
324.7143860000 -1.8149370000 3.4231200000
331.0633850000 -1.6172220000 3.3409440000
337.5364990000 -1.4431600000 3.2600200000
344.1361690000 -1.2881920000 3.1803560000
350.8648990000 -1.1490220000 3.1019540000
357.7251890000 -1.0231880000 3.0248180000
364.7196040000 -0.9087950000 2.9489500000
371.8508000000 -0.8338230000 2.8750130000
379.1213990000 -0.7376780000 2.8025210000
386.5341800000 -0.6492720000 2.7312670000
394.0918880000 -0.5677910000 2.6612510000
401.7973630000 -0.4925460000 2.5924710000
409.6535340000 -0.4229540000 2.5249250000
417.6632690000 -0.3585120000 2.4586080000
425.8296200000 -0.2987830000 2.3935160000
434.1556700000 -0.2433830000 2.3296450000
442.6445010000 -0.1919770000 2.2669890000
451.2993160000 -0.1442640000 2.2055430000
460.1233520000 -0.0999760000 2.1452980000
469.1199040000 -0.0588740000 2.0862490000
478.2923890000 -0.0207490000 2.0283870000
487.6441960000 0.0146290000 1.9717040000
497.1788640000 0.0474020000 1.9161920000
506.8999330000 0.0777500000 1.8618400000
516.8110960000 0.1058230000 1.8086390000
526.9160770000 0.1317610000 1.7565780000
537.2185670000 0.1556920000 1.7056470000
547.7225340000 0.1777350000 1.6558360000
558.4318850000 0.1980020000 1.6071310000
569.3506470000 0.2165950000 1.5595220000
580.4828490000 0.2336100000 1.5129960000
591.8327640000 0.2491390000 1.4675410000
603.4046020000 0.2632650000 1.4231440000
615.2026370000 0.2760670000 1.3797910000
627.2313840000 0.2876200000 1.3374700000
639.4953610000 0.2979930000 1.2961670000
651.9990840000 0.3072530000 1.2558670000
664.7473140000 0.3154610000 1.2165580000
677.7447510000 0.3226750000 1.1782240000
690.9963990000 0.3289510000 1.1408500000
704.5070800000 0.3343410000 1.1044240000
718.2819820000 0.3388920000 1.0689290000
732.3261720000 0.3426500000 1.0343520000
746.6450200000 0.3456590000 1.0006760000
761.2437740000 0.3479580000 0.9678870000
776.1279910000 0.3495850000 0.9359700000
791.3032230000 0.3505740000 0.9049100000
806.7752080000 0.3509550000 0.8746910000
822.5496830000 0.3507580000 0.8452990000
838.6325680000 0.3500060000 0.8167170000
855.0299680000 0.3487200000 0.7889310000
871.7479250000 0.3469140000 0.7619260000
888.7927860000 0.3445980000 0.7356860000
906.1708980000 0.3417730000 0.7101960000
923.8888550000 0.3384270000 0.6854400000
941.9531860000 0.3345330000 0.6614050000
960.3707280000 0.3300370000 0.6380740000
979.1483760000 0.3248450000 0.6154330000
998.2931520000 0.3187890000 0.5934670000
1017.8123170000 0.3148630000 0.5732470000
1037.7131350000 0.3110510000 0.5537530000
1058.0029300000 0.3071000000 0.5348640000
1078.6895750000 0.3030230000 0.5165610000
1099.7806400000 0.2988350000 0.4988300000
1121.2841800000 0.2945490000 0.4816540000
1143.2080080000 0.2895010000 0.4650310000
1165.5606690000 0.2849790000 0.4489610000
1188.3502200000 0.2804000000 0.4334080000
1211.5854490000 0.2757720000 0.4183570000
1235.2750240000 0.2711060000 0.4037940000
1259.4277340000 0.2664090000 0.3897020000
1284.0527340000 0.2616910000 0.3760700000
1309.1591800000 0.2569590000 0.3628820000
1334.7564700000 0.2522200000 0.3501260000
1360.8542480000 0.2474800000 0.3377880000
1387.4624020000 0.2427450000 0.3258570000
1414.5908200000 0.2380220000 0.3143190000
1442.2495120000 0.2333150000 0.3031630000
1470.4492190000 0.2286290000 0.2923770000
1499.2000730000 0.2239690000 0.2819500000
1528.5131840000 0.2193380000 0.2718710000
1558.3995360000 0.2147420000 0.2621290000
1588.8701170000 0.2101820000 0.2527130000
1619.9365230000 0.2056630000 0.2436150000
1651.6103520000 0.2011870000 0.2348230000
1683.9034420000 0.1967560000 0.2263290000
1716.8280030000 0.1923750000 0.2181220000
1750.3962400000 0.1880440000 0.2101950000
1784.6208500000 0.1837650000 0.2025370000
1819.5146480000 0.1795410000 0.1951420000
1855.0908200000 0.1753720000 0.1880000000
1891.3624270000 0.1712610000 0.1811030000
1928.3432620000 0.1672090000 0.1744440000
1966.0472410000 0.1632160000 0.1680150000
2004.4884030000 0.1592840000 0.1618080000
2043.6811520000 0.1554130000 0.1558170000
2083.6401370000 0.1516050000 0.1500350000
2124.3806150000 0.1478590000 0.1444540000
2165.9174800000 0.1441750000 0.1390690000
2208.2666020000 0.1405560000 0.1338730000
2251.4438480000 0.1369990000 0.1288590000
2295.4653320000 0.1335070000 0.1240220000
2340.3474120000 0.1300780000 0.1193560000
2386.1069340000 0.1267120000 0.1148560000
2432.7612300000 0.1234100000 0.1105150000
2480.3278810000 0.1201710000 0.1063290000
2528.8244630000 0.1169950000 0.1022930000
2578.2692870000 0.1138820000 0.0984010000
2628.6809080000 0.1108310000 0.0946490000
2680.0783690000 0.1078410000 0.0910320000
2732.4804690000 0.1049130000 0.0875450000
2785.9074710000 0.1020450000 0.0841840000
2840.3789060000 0.0992380000 0.0809460000
2895.9152830000 0.0964890000 0.0778250000
2952.5378420000 0.0937950000 0.0748170000
3010.2673340000 0.0911670000 0.0719260000
3069.1254880000 0.0886170000 0.0691650000
3129.1347660000 0.0861260000 0.0665060000
3190.3171390000 0.0836920000 0.0639440000
3252.6958010000 0.0813150000 0.0614770000
3316.2941890000 0.0789950000 0.0591010000
3381.1359860000 0.0767290000 0.0568130000
3447.2456050000 0.0745180000 0.0546090000
3514.6479490000 0.0723600000 0.0524870000
3583.3681640000 0.0702550000 0.0504440000
3653.4318850000 0.0682010000 0.0484770000
3724.8657230000 0.0661980000 0.0465830000
3797.6960450000 0.0642450000 0.0447600000
3871.9506840000 0.0623410000 0.0430060000
3947.6569820000 0.0604850000 0.0413170000
4024.8435060000 0.0586760000 0.0396920000
4103.5390630000 0.0569130000 0.0381280000
4183.7739260000 0.0551950000 0.0366230000
4265.5771480000 0.0535210000 0.0351740000
4348.9794920000 0.0518910000 0.0337810000
4434.0131840000 0.0503040000 0.0324410000
4520.7089840000 0.0487580000 0.0311510000
4609.1005860000 0.0472530000 0.0299110000
4699.2197270000 0.0457880000 0.0287180000
4791.1015630000 0.0443620000 0.0275710000
4884.7792970000 0.0429740000 0.0264670000
4980.2890630000 0.0416240000 0.0254060000
5077.6660160000 0.0403100000 0.0243860000
5176.9472660000 0.0390320000 0.0234050000
5278.1694340000 0.0377890000 0.0224620000
5381.3710940000 0.0364600000 0.0215570000
5486.5903320000 0.0352850000 0.0206890000
5593.8666990000 0.0341430000 0.0198550000
5703.2412110000 0.0330330000 0.0190530000
5814.7534180000 0.0319540000 0.0182830000
5928.4467770000 0.0309060000 0.0175420000
6044.3627930000 0.0298870000 0.0168310000
6162.5449220000 0.0288970000 0.0161470000
6283.0380860000 0.0279360000 0.0154910000
6405.8872070000 0.0270020000 0.0148600000
6531.1386720000 0.0260960000 0.0142540000
6658.8383790000 0.0252150000 0.0136710000
6789.0356450000 0.0243600000 0.0131120000
6921.7783200000 0.0235300000 0.0125750000
7057.1162110000 0.0227240000 0.0120590000
7195.1005860000 0.0219420000 0.0115640000
7335.7827150000 0.0211830000 0.0110880000
7479.2158200000 0.0204460000 0.0106310000
7625.4531250000 0.0197310000 0.0101930000
7774.5498050000 0.0190370000 0.0097720000
7926.5620120000 0.0183650000 0.0093680000
8081.5458980000 0.0177120000 0.0089800000
8239.5605470000 0.0170780000 0.0086070000
8400.6640630000 0.0164640000 0.0082500000
8564.9189450000 0.0158690000 0.0079060000
8732.3837890000 0.0152910000 0.0075770000
8903.1240230000 0.0147190000 0.0072610000
9077.2021480000 0.0141740000 0.0069590000
9254.6845700000 0.0136450000 0.0066700000
9435.6367190000 0.0131340000 0.0063930000
9620.1269530000 0.0126380000 0.0061260000
9808.2246090000 0.0121570000 0.0058710000
10000.0000000000 0.0116920000 0.0056260000
10195.5253900000 0.0112410000 0.0053910000
10394.8730500000 0.0108040000 0.0051660000
10598.1191400000 0.0103810000 0.0049490000
10805.3388700000 0.0099710000 0.0047420000
11016.6103500000 0.0095750000 0.0045430000
11232.0127000000 0.0091910000 0.0043530000
11451.6259800000 0.0088190000 0.0041700000
11675.5341800000 0.0084580000 0.0039950000
11903.8203100000 0.0081100000 0.0038260000
12136.5693400000 0.0077720000 0.0036650000
12373.8701200000 0.0074450000 0.0035110000
12615.8105500000 0.0071290000 0.0033630000
12862.4814500000 0.0068230000 0.0032210000
13113.9746100000 0.0065270000 0.0030840000
13370.3857400000 0.0062400000 0.0029540000
13631.8105500000 0.0059630000 0.0028290000
13898.3466800000 0.0056940000 0.0027090000
14170.0937500000 0.0054350000 0.0025940000
14447.1543000000 0.0051830000 0.0024840000
14729.6328100000 0.0049400000 0.0023780000
15017.6337900000 0.0047050000 0.0022770000
15311.2666000000 0.0044780000 0.0021800000
15610.6396500000 0.0042580000 0.0020870000
15915.8671900000 0.0040450000 0.0019980000
16227.0615200000 0.0038390000 0.0019130000
16544.3418000000 0.0036400000 0.0018310000
16867.8242200000 0.0034480000 0.0017530000
17197.6328100000 0.0032620000 0.0016770000
17533.8906300000 0.0030820000 0.0016060000
17876.7207000000 0.0029080000 0.0015370000
18226.2558600000 0.0027400000 0.0014710000
18582.6250000000 0.0025770000 0.0014070000
18945.9628900000 0.0024200000 0.0013470000
19316.4023400000 0.0022680000 0.0012890000
19694.0878900000 0.0021220000 0.0012330000
20079.1562500000 0.0019800000 0.0011800000
20471.7539100000 0.0018420000 0.0011290000
20872.0273400000 0.0017100000 0.0010800000
21280.1289100000 0.0015820000 0.0010340000
21696.2070300000 0.0014580000 0.0009890000
22120.4238300000 0.0013380000 0.0009460000
22552.9335900000 0.0012230000 0.0009050000
22993.8984400000 0.0011110000 0.0008660000
23443.4882800000 0.0010030000 0.0008280000
23901.8671900000 0.0008990000 0.0007920000
24369.2070300000 0.0007980000 0.0007580000
24845.6875000000 0.0007010000 0.0007250000
25331.4824200000 0.0006070000 0.0006930000
25826.7753900000 0.0005160000 0.0006630000
26331.7539100000 0.0004280000 0.0006340000
26846.6054700000 0.0003430000 0.0006060000
27371.5234400000 0.0002620000 0.0005800000
27906.7070300000 0.0001830000 0.0005550000
28452.3515600000 0.0001060000 0.0005310000
29008.6660200000 0.0000330000 0.0005080000
29575.8593800000 -0.0000380000 0.0004860000
30154.1406300000 -0.0001070000 0.0004650000
30743.7304700000 -0.0001730000 0.0004450000
31344.8476600000 -0.0002370000 0.0004250000
31957.7168000000 -0.0002990000 0.0004070000
32582.5703100000 -0.0003590000 0.0003890000
33219.6406300000 -0.0004160000 0.0003720000
33869.1679700000 -0.0004720000 0.0003560000
34531.3945300000 -0.0005260000 0.0003410000
35206.5703100000 -0.0005770000 0.0003260000
35894.9492200000 -0.0006270000 0.0003120000
36596.7851600000 -0.0006760000 0.0002980000
37312.3437500000 -0.0007220000 0.0002850000
38041.8906300000 -0.0007670000 0.0002730000
38785.7070300000 -0.0008110000 0.0002610000
39544.0625000000 -0.0008530000 0.0002500000
40317.2500000000 -0.0008930000 0.0002390000
41105.5546900000 -0.0009320000 0.0002280000
41909.2695300000 -0.0009700000 0.0002180000
42728.6992200000 -0.0010060000 0.0002090000
43564.1523400000 -0.0010410000 0.0002000000
44415.9414100000 -0.0010750000 0.0001910000
45284.3867200000 -0.0011080000 0.0001830000
46169.8085900000 -0.0011400000 0.0001750000
47072.5429700000 -0.0011700000 0.0001670000
47992.9296900000 -0.0012000000 0.0001600000
48931.3125000000 -0.0012280000 0.0001530000
49888.0429700000 -0.0012550000 0.0001460000
50863.4765600000 -0.0012820000 0.0001400000
51857.9843800000 -0.0013070000 0.0001330000
52871.9375000000 -0.0013320000 0.0001280000
53905.7187500000 -0.0013560000 0.0001220000
54959.7109400000 -0.0013790000 0.0001170000
56034.3085900000 -0.0014010000 0.0001120000
57129.9218800000 -0.0014220000 0.0001070000
58246.9531300000 -0.0014430000 0.0001020000
59385.8281300000 -0.0014630000 0.0000970000
60546.9687500000 -0.0014820000 0.0000930000
61730.8125000000 -0.0015000000 0.0000890000
62937.8046900000 -0.0015180000 0.0000850000
64168.3984400000 -0.0015350000 0.0000810000
65423.0507800000 -0.0015520000 0.0000780000
66702.2343800000 -0.0015680000 0.0000740000
68006.4296900000 -0.0015830000 0.0000710000
69336.1250000000 -0.0015980000 0.0000680000
70691.8203100000 -0.0016130000 0.0000650000
72074.0234400000 -0.0016270000 0.0000620000
73483.2500000000 -0.0016400000 0.0000590000
74920.0312500000 -0.0016530000 0.0000570000
76384.9062500000 -0.0016660000 0.0000540000
77878.4218800000 -0.0016780000 0.0000520000
79401.1406300000 -0.0016890000 0.0000490000
80953.6328100000 -0.0017000000 0.0000470000
82536.4765600000 -0.0017110000 0.0000450000
84150.2734400000 -0.0017220000 0.0000430000
85795.6250000000 -0.0017320000 0.0000410000
87473.1406300000 -0.0017410000 0.0000400000
89183.4609400000 -0.0017500000 0.0000380000
90927.2187500000 -0.0017590000 0.0000360000
92705.0781300000 -0.0017680000 0.0000350000
94517.6953100000 -0.0017760000 0.0000330000
96365.7500000000 -0.0017840000 0.0000320000
98249.9453100000 -0.0017920000 0.0000300000
100170.9766000000 -0.0018000000 0.0000290000
102129.5703000000 -0.0018070000 0.0000280000
104126.4609000000 -0.0018140000 0.0000270000
106162.3906000000 -0.0018200000 0.0000250000
108238.1328000000 -0.0018270000 0.0000240000
110354.4609000000 -0.0018330000 0.0000230000
112512.1641000000 -0.0018390000 0.0000220000
114712.0547000000 -0.0018450000 0.0000210000
116954.9688000000 -0.0018510000 0.0000200000
119241.7266000000 -0.0018560000 0.0000190000
121573.2031000000 -0.0018610000 0.0000190000
123950.2656000000 -0.0018660000 0.0000180000
126373.8047000000 -0.0018710000 0.0000170000
128844.7266000000 -0.0018760000 0.0000160000
131363.9688000000 -0.0018800000 0.0000160000
133932.4531000000 -0.0018840000 0.0000150000
136551.1719000000 -0.0018890000 0.0000140000
139221.0938000000 -0.0018930000 0.0000140000
141943.2188000000 -0.0018970000 0.0000130000
144718.5625000000 -0.0019000000 0.0000120000
147548.1719000000 -0.0019040000 0.0000120000
150433.1094000000 -0.0019070000 0.0000110000
153374.4531000000 -0.0019110000 0.0000110000
156373.2969000000 -0.0019140000 0.0000100000
159430.7969000000 -0.0019170000 0.0000100000
162548.0625000000 -0.0019200000 0.0000100000
165726.2813000000 -0.0019230000 0.0000090000
168966.6406000000 -0.0019260000 0.0000090000
172270.3750000000 -0.0019290000 0.0000080000
175638.6875000000 -0.0019310000 0.0000080000
179072.8594000000 -0.0019340000 0.0000080000
182574.1875000000 -0.0019360000 0.0000070000
186143.9688000000 -0.0019380000 0.0000070000
189783.5469000000 -0.0019410000 0.0000070000
193494.2969000000 -0.0019430000 0.0000060000
197277.5938000000 -0.0019450000 0.0000060000
201134.8594000000 -0.0019470000 0.0000060000
205067.5469000000 -0.0019490000 0.0000060000
209077.1406000000 -0.0019510000 0.0000050000
213165.1250000000 -0.0019520000 0.0000050000
217333.0313000000 -0.0019540000 0.0000050000
221582.4375000000 -0.0019560000 0.0000050000
225914.9219000000 -0.0019580000 0.0000040000
230332.1250000000 -0.0019590000 0.0000040000
234835.7031000000 -0.0019610000 0.0000040000
239427.3281000000 -0.0019620000 0.0000040000
244108.7344000000 -0.0019630000 0.0000040000
248881.6719000000 -0.0019650000 0.0000040000
253747.9219000000 -0.0019660000 0.0000030000
258709.3281000000 -0.0019670000 0.0000030000
263767.7500000000 -0.0019680000 0.0000030000
268925.0625000000 -0.0019700000 0.0000030000
274183.2188000000 -0.0019710000 0.0000030000
279544.1875000000 -0.0019720000 0.0000030000
285010.0000000000 -0.0019730000 0.0000030000
290582.6563000000 -0.0019740000 0.0000030000
296264.2500000000 -0.0019750000 0.0000020000
302056.9688000000 -0.0019760000 0.0000020000
307962.9375000000 -0.0019770000 0.0000020000
313984.3750000000 -0.0019770000 0.0000020000
320123.5625000000 -0.0019780000 0.0000020000
326382.7813000000 -0.0019790000 0.0000020000
332764.3750000000 -0.0019800000 0.0000020000
339270.7500000000 -0.0019810000 0.0000020000
345904.3438000000 -0.0019810000 0.0000020000
352667.6563000000 -0.0019820000 0.0000020000
359563.1875000000 -0.0019830000 0.0000020000
366593.5625000000 -0.0019830000 0.0000010000
373761.3750000000 -0.0019840000 0.0000010000
381069.3438000000 -0.0019850000 0.0000010000
388520.2188000000 -0.0019850000 0.0000010000
396116.7500000000 -0.0019860000 0.0000010000
403861.8125000000 -0.0019860000 0.0000010000
411758.3438000000 -0.0019870000 0.0000010000
419809.2500000000 -0.0019870000 0.0000010000
428017.5625000000 -0.0019880000 0.0000010000
436386.3750000000 -0.0019880000 0.0000010000
444918.8125000000 -0.0019890000 0.0000010000
453618.0938000000 -0.0019890000 0.0000010000
462487.4688000000 -0.0019890000 0.0000010000
471530.2500000000 -0.0019900000 0.0000010000
480749.8438000000 -0.0019900000 0.0000010000
490149.7188000000 -0.0019910000 0.0000010000
499733.3750000000 -0.0019910000 0.0000010000
509504.4063000000 -0.0019910000 0.0000010000
519466.5000000000 -0.0019920000 0.0000010000
529623.3750000000 -0.0019920000 0.0000010000
539978.8125000000 -0.0019920000 0.0000010000
550536.7500000000 -0.0019920000 0.0000010000
561301.1250000000 -0.0019930000 0.0000010000
572276.0000000000 -0.0019930000 0.0000010000
583465.4375000000 -0.0019930000 0.0000010000
594873.6250000000 -0.0019940000 0.0000000000
606504.8750000000 -0.0019940000 0.0000000000
618363.5625000000 -0.0019940000 0.0000000000
630454.1250000000 -0.0019940000 0.0000000000
642781.1250000000 -0.0019940000 0.0000000000
655349.0625000000 -0.0019950000 0.0000000000
668162.8125000000 -0.0019950000 0.0000000000
681227.0625000000 -0.0019950000 0.0000000000
694546.7500000000 -0.0019950000 0.0000000000
