30.0000000000 -44.5140460000 8.1774940000
30.5865750000 -44.5666310000 7.8271110000
31.1846200000 -44.6338620000 7.5066820000
31.7943570000 -44.7133900000 7.2141240000
32.4160160000 -44.8032420000 6.9475340000
33.0498310000 -44.9017490000 6.7051720000
33.6960370000 -45.0075070000 6.4854570000
34.3548770000 -45.1191600000 6.2869430000
35.0266040000 -45.2361680000 6.1083110000
35.7114600000 -45.3572580000 5.9483630000
36.4097100000 -45.4818420000 5.8060070000
37.1216090000 -45.6093290000 5.6802500000
37.8474310000 -45.7392270000 5.5701890000
38.5874440000 -45.8711170000 5.4750060000
39.3419230000 -46.0046580000 5.3939600000
40.1111560000 -46.1395720000 5.3263830000
40.8954320000 -46.2756350000 5.2716710000
41.6950380000 -46.4126740000 5.2292840000
42.5102810000 -46.5505450000 5.1987350000
43.3414650000 -46.6891590000 5.1795950000
44.1888960000 -46.8284490000 5.1714820000
45.0529020000 -46.9683840000 5.1740590000
45.9338000000 -47.1089670000 5.1870360000
46.8319210000 -47.2502370000 5.2101610000
47.7476010000 -47.3922730000 5.2432210000
48.6811870000 -47.5352250000 5.2860400000
49.6330260000 -47.6793290000 5.3384760000
50.6034740000 -47.8249890000 5.4004190000
51.5928990000 -47.9799460000 5.5010120000
52.6016690000 -48.1114040000 5.5833220000
53.6301650000 -48.2495610000 5.6750510000
54.6787680000 -48.3897820000 5.7762090000
55.7478750000 -48.5312540000 5.8868320000
56.8378870000 -48.6736950000 6.0069820000
57.9492070000 -48.8170010000 6.1367450000
59.0822600000 -48.9611320000 6.2762350000
60.2374690000 -49.1060790000 6.4255880000
61.4152600000 -49.2518460000 6.5849640000
62.6160810000 -49.3984490000 6.7545500000
63.8403850000 -49.5459020000 6.9345550000
65.0886230000 -49.6942250000 7.1252110000
66.3612670000 -49.8434370000 7.3267760000
67.6587980000 -49.9935570000 7.5395320000
68.9816970000 -50.1446080000 7.7637850000
70.3304600000 -45.4967230000 7.9115940000
71.7055970000 -45.4426880000 8.0100800000
73.1076200000 -45.3849330000 8.1092530000
74.5370640000 -45.3235210000 8.2089240000
75.9944460000 -45.2585330000 8.3089140000
77.4803310000 -45.1900520000 8.4090430000
78.9952620000 -45.1181680000 8.5091370000
80.5398180000 -45.0429800000 8.6090240000
82.1145710000 -44.9557000000 8.7082640000
83.7201160000 -44.8742330000 8.8067670000
85.3570560000 -44.7898180000 8.9045730000
87.0260010000 -44.7025870000 9.0015230000
88.7275770000 -44.6126860000 9.0974620000
90.4624250000 -44.5202640000 9.1922350000
92.2311940000 -44.4254950000 9.2856940000
94.0345380000 -44.3285600000 9.3776940000
95.8731540000 -44.2296490000 9.4680910000
97.7477110000 -44.1289830000 9.5567440000
99.6589200000 -44.0267940000 9.6435180000
101.6075060000 -43.9233360000 9.7282800000
103.5941850000 -43.8188930000 9.8109010000
105.6197130000 -43.7137760000 9.8912530000
107.6848450000 -43.6083260000 9.9692150000
109.7903520000 -43.5029300000 0.0446690000
111.9370270000 -43.3980220000 0.1175000000
114.1256790000 -43.2940900000 0.1875970000
116.3571170000 -43.1916960000 0.2548540000
118.6321950000 -43.0914760000 0.3191680000
120.9517520000 -42.9941860000 0.3804400000
123.3166580000 -42.9007070000 0.4385780000
125.7278060000 -42.8120770000 0.4934910000
128.1860960000 -42.7295680000 0.5450950000
130.6924590000 -42.6547160000 0.5933110000
133.2478330000 -42.5894470000 0.6380620000
135.8531490000 -42.5361940000 0.6792790000
138.5094300000 -42.4980890000 0.7168950000
141.2176360000 -42.4792860000 0.7508510000
143.9787900000 -42.4854050000 0.7810890000
146.7939300000 -42.5242960000 0.8075620000
149.6641240000 -42.6072960000 0.8302220000
152.5904390000 -42.7515070000 0.8490310000
155.5739590000 -42.9840280000 0.8639550000
158.6158140000 -43.3506970000 0.8749630000
161.7171480000 -47.2624020000 8.3348770000
164.8791350000 -42.6080250000 7.6554700000
168.1029360000 -40.8355560000 7.0506880000
171.3897710000 -39.7278820000 6.5104960000
174.7408600000 -38.9380150000 6.0262580000
178.1574860000 -38.3363300000 5.5905330000
181.6409150000 -37.8585050000 5.1969000000
185.1924440000 -37.4675640000 4.8398130000
188.8134160000 -37.1401860000 4.5144730000
192.5051880000 -36.8607710000 4.2167200000
196.2691500000 -36.6184460000 3.9429420000
200.1067050000 -36.4054110000 3.6900100000
204.0192870000 -36.2159580000 3.4552010000
208.0083770000 -36.0781940000 3.2375310000
212.0754700000 -35.9250760000 3.0339660000
216.2220760000 -35.7856600000 2.8423800000
220.4497530000 -35.6581730000 2.6612070000
224.7601010000 -35.5412900000 2.4890850000
229.1547240000 -35.4340780000 2.3248280000
233.6352690000 -35.3358960000 2.1674060000
238.2034300000 -35.2463610000 2.0159240000
242.8609010000 -35.1653210000 1.8696050000
247.6094360000 -35.0928270000 1.7277790000
252.4508210000 -35.0291370000 1.5898690000
257.3868710000 -34.9747280000 1.4553810000
262.4194340000 -34.9303360000 1.3238930000
267.5503850000 -34.8970030000 1.1950490000
272.7816770000 -34.8761860000 1.0685530000
278.1152340000 -34.8699230000 0.9441600000
283.5530700000 -34.8811150000 0.8216770000
289.0972600000 -34.9140400000 0.7009470000
294.7498170000 -34.9752730000 0.5818580000
300.5129390000 -35.0755620000 0.4643330000
306.3887020000 -35.2338980000 0.3483300000
312.3793640000 -35.2699970000 1.4115510000
318.4871830000 -34.9974140000 1.3164050000
324.7143860000 -34.8434070000 1.2226370000
331.0633850000 -34.7451630000 1.1303020000
337.5364990000 -34.6864130000 1.0394850000
344.1361690000 -34.9116740000 1.2786630000
350.8648990000 -34.5996280000 1.1989200000
357.7251890000 -34.4864160000 1.1211280000
364.7196040000 -34.4125790000 1.0454670000
371.8508000000 -34.3625410000 0.9721490000
379.1213990000 -34.3313370000 0.9014120000
386.5341800000 -34.0150600000 0.8271860000
394.0918880000 -34.0104870000 0.7533140000
401.7973630000 -34.0227930000 0.6825680000
409.6535340000 -34.0533140000 0.6153090000
417.6632690000 -34.1044960000 0.5519400000
425.8296200000 -34.1805690000 0.4929100000
434.1556700000 -34.2890550000 0.4387200000
442.6445010000 -34.3959580000 0.9165300000
451.2993160000 -34.3176800000 0.8780900000
460.1233520000 -34.3119350000 0.8462090000
469.1199040000 -34.3419910000 0.8216580000
478.2923890000 -34.3980940000 0.8053060000
487.6441960000 -34.4765850000 0.7981260000
497.1788640000 -34.5760420000 0.8012140000
506.8999330000 -34.6960680000 0.8158040000
516.8110960000 -34.8368640000 0.8432880000
526.9160770000 -34.9990080000 0.8852420000
537.2185670000 -35.1833530000 0.9434500000
547.7225340000 -35.3909950000 1.0199390000
558.4318850000 -35.6232260000 1.1170160000
569.3506470000 -35.8815420000 1.2373080000
580.4828490000 -36.1676030000 1.3838120000
591.8327640000 -36.4833530000 1.5599660000
603.4046020000 -36.8308220000 1.7697050000
615.2026370000 -37.2123410000 2.0175490000
627.2313840000 -37.6304470000 2.3087010000
639.4953610000 -38.0879290000 2.6491650000
651.9990840000 -29.5733490000 2.7394390000
664.7473140000 -29.4282990000 2.6616780000
677.7447510000 -29.2889920000 2.5782510000
690.9963990000 -29.1559980000 2.4891200000
704.5070800000 -29.0299150000 2.3942670000
718.2819820000 -28.9113850000 2.2936940000
732.3261720000 -28.8010860000 2.1874230000
746.6450200000 -28.6997450000 2.0754920000
761.2437740000 -28.6081330000 1.9579620000
776.1279910000 -28.5270730000 1.8349100000
791.3032230000 -28.4574470000 1.7064340000
806.7752080000 -28.4002040000 1.5726490000
822.5496830000 -28.3563710000 1.4336880000
838.6325680000 -28.3270630000 1.2897040000
855.0299680000 -28.3134960000 1.1408640000
871.7479250000 -28.3170130000 0.9873510000
888.7927860000 -28.3391040000 0.8293660000
906.1708980000 -28.3814350000 0.6671210000
923.8888550000 -28.4458920000 0.5008430000
941.9531860000 -28.5346280000 0.3307720000
960.3707280000 -28.6501240000 0.1571580000
979.1483760000 -28.8256570000 9.9810950000
998.2931520000 -29.0039730000 9.8020660000
1017.8123170000 -29.2506180000 9.6504720000
1037.7131350000 -29.5388870000 9.5017630000
1058.0029300000 -29.8715500000 9.3531940000
1078.6895750000 -30.2561990000 9.2048190000
1099.7806400000 -30.7027840000 9.0566900000
1121.2841800000 -31.2247350000 8.9088620000
1143.2080080000 -31.8409190000 8.7613890000
1165.5606690000 -32.5791170000 8.6143210000
1188.3502200000 -33.4827800000 8.4677120000
1211.5854490000 -34.6254350000 8.3216120000
1235.2750240000 -36.1551440000 8.1762880000
1259.4277340000 -38.3425900000 8.0320010000
1284.0527340000 -41.9348530000 7.8884650000
1309.1591800000 -49.3603860000 7.7457260000
1334.7564700000 -74.1858750000 7.6038270000
1360.8542480000 -58.2591670000 6.8377080000
1387.4624020000 -65.0515290000 4.7099990000
1414.5908200000 11.4962320000 9.2148900000
1442.2495120000 6.5317080000 6.7616120000
1470.4492190000 -4.3804340000 1.1159880000
1499.2000730000 -12.8867210000 4.6483760000
1528.5131840000 -19.3582650000 1.7007840000
1558.3995360000 -24.7288480000 0.2782090000
1588.8701170000 -29.7495080000 9.6323660000
1619.9365230000 -35.0683590000 9.5032740000
1651.6103520000 -41.4187850000 9.8887980000
1683.9034420000 -50.0278550000 1.0408250000
1716.8280030000 -62.8326110000 3.6816580000
1750.3962400000 -83.1158450000 4.3438870000
1784.6208500000 -43.2799030000 7.4774460000
1819.5146480000 -17.6851600000 9.8658660000
1855.0908200000 -16.7502990000 8.9356750000
1891.3624270000 -16.2540630000 8.0552790000
1928.3432620000 -16.4759640000 9.1214520000
1966.0472410000 -14.5565050000 8.2289830000
2004.4884030000 -13.6595350000 7.3962970000
2043.6811520000 -13.0439500000 6.6198330000
2083.6401370000 -12.6594670000 5.8968320000
2124.3806150000 -13.0370900000 5.2252580000
2165.9174800000 -11.7150840000 5.7683980000
2208.2666020000 -11.0265850000 5.1767560000
2251.4438480000 -10.5057350000 4.6364500000
2295.4653320000 -9.3632660000 4.0493200000
2340.3474120000 -8.9150940000 3.4550910000
2386.1069340000 -8.5161890000 2.8879110000
2432.7612300000 -8.1568890000 2.3478050000
2480.3278810000 -7.8300670000 1.8350700000
2528.8244630000 -7.1678640000 1.3081590000
2578.2692870000 -6.8539920000 0.7702220000
2628.6809080000 -6.5651850000 0.2462770000
2680.0783690000 -6.2991150000 9.7360250000
2732.4804690000 -5.9252080000 9.2314530000
2785.9074710000 -5.5647280000 8.7294730000
2840.3789060000 -5.3512240000 8.2240100000
2895.9152830000 -5.1601030000 7.7291180000
2952.5378420000 -4.9986970000 7.2446630000
3010.2673340000 -4.9222270000 6.7719820000
3069.1254880000 -4.7747670000 6.3166920000
3129.1347660000 -4.6408530000 5.8720340000
3190.3171390000 -4.5199600000 5.4378120000
3252.6958010000 -4.4113370000 5.0138290000
3316.2941890000 -4.3142970000 4.5998910000
3381.1359860000 -4.2282090000 4.1958060000
3447.2456050000 -4.1524910000 3.8013830000
3514.6479490000 -4.0914560000 3.4166800000
3583.3681640000 -4.0354300000 3.0416160000
3653.4318850000 -3.9882370000 2.6757570000
3724.8657230000 -3.9494550000 2.3189180000
3797.6960450000 -3.9186960000 1.9709120000
3871.9506840000 -3.9019880000 1.6317980000
3947.6569820000 -3.8866430000 1.3016490000
4024.8435060000 -3.8782860000 0.9798700000
4103.5390630000 -3.8766460000 0.6662850000
4183.7739260000 -3.8814840000 0.3607070000
4265.5771480000 -3.8959360000 0.0630100000
4348.9794920000 -3.9132770000 9.7733170000
4434.0131840000 -3.9365120000 9.4911460000
4520.7089840000 -3.9655140000 9.2163350000
4609.1005860000 -4.0001840000 8.9487130000
4699.2197270000 -4.0404520000 8.6881230000
4791.1015630000 -4.0862820000 8.4344000000
4884.7792970000 -4.1376720000 8.1873880000
4980.2890630000 -4.1946590000 7.9469340000
5077.6660160000 -4.2573170000 7.7128840000
5176.9472660000 -4.3257680000 7.4850880000
5278.1694340000 -4.4001840000 7.2634010000
5381.3710940000 -4.4807940000 7.0476780000
5486.5903320000 -4.5678950000 6.8377780000
5593.8666990000 -4.6618620000 6.6335630000
5703.2412110000 -4.7631620000 6.4348950000
5814.7534180000 -4.8765090000 6.2417060000
5928.4467770000 -5.0011220000 6.0541090000
6044.3627930000 -5.1356980000 5.8718550000
6162.5449220000 -5.2734590000 5.6949840000
6283.0380860000 -5.4231570000 5.5229890000
6405.8872070000 -5.5865210000 5.3557480000
6531.1386720000 -5.7697020000 5.1932150000
6658.8383790000 -5.9677030000 5.0352440000
6789.0356450000 -6.1882460000 4.8816740000
6921.7783200000 -6.4364910000 4.7323980000
7057.1162110000 -6.7196860000 4.5873050000
7195.1005860000 -7.0484540000 4.4462880000
7335.7827150000 -7.4392640000 4.3092430000
7479.2158200000 -7.9197670000 4.1760680000
7625.4531250000 -8.5531470000 4.0470170000
7774.5498050000 -9.4364990000 3.9219280000
7926.5620120000 -10.9787750000 3.8004140000
7999.5097660000 -12.4839180000 3.7441440000
8000.0200200000 -12.4992720000 3.7437550000
8000.5400390000 -12.5150290000 3.7433590000
8001.0498050000 -12.5306100000 3.7429700000
8001.5698240000 -12.5466000000 3.7425740000
8002.0898440000 -12.5627120000 3.7421780000
8002.6000980000 -12.5786470000 3.7417890000
8003.1201170000 -12.5950340000 3.7413930000
8003.6401370000 -12.6115170000 3.7409970000
8004.1499020000 -12.6277920000 3.7406090000
8004.6699220000 -12.6445640000 3.7402120000
8005.1899410000 -12.6614360000 3.7398170000
8005.7001950000 -12.6781300000 3.7394280000
8006.2202150000 -12.6952720000 3.7390330000
8006.7402340000 -12.7125850000 3.7386360000
8007.2597660000 -12.7299760000 3.7382420000
8007.7700200000 -12.7472170000 3.7378540000
8008.2900390000 -12.7649590000 3.7374580000
8008.8100590000 -12.7828170000 3.7370620000
8009.3198240000 -12.8004940000 3.7366750000
8009.8398440000 -12.8186530000 3.7362790000
8010.3598630000 -12.8369680000 3.7358840000
8010.8798830000 -12.8554430000 3.7354900000
8011.3901370000 -12.8737350000 3.7351020000
8011.9101560000 -12.8925670000 3.7347060000
8012.4301760000 -12.9115310000 3.7343120000
8012.9501950000 -12.9306670000 3.7339170000
8013.4702150000 -12.9500100000 3.7335210000
8013.9799800000 -12.9691000000 3.7331350000
8014.5000000000 -12.9887610000 3.7327400000
8015.0200200000 -13.0086420000 3.7323450000
8015.5400390000 -13.0286730000 3.7319510000
8016.0600590000 -13.0488940000 3.7315560000
8016.5698240000 -13.0689320000 3.7311690000
8017.0898440000 -13.0895400000 3.7307750000
8017.6098630000 -13.1103490000 3.7303810000
8018.1298830000 -13.1314010000 3.7299860000
8018.6499020000 -13.1526240000 3.7295920000
8019.1699220000 -13.1740610000 3.7291980000
8019.6899410000 -13.1957160000 3.7288040000
8020.2001950000 -13.2171890000 3.7284180000
8020.7202150000 -13.2393280000 3.7280230000
8021.2402340000 -13.2616590000 3.7276290000
8021.7597660000 -13.2842250000 3.7272360000
8022.2797850000 -13.3070330000 3.7268420000
8022.7998050000 -13.3300870000 3.7264490000
8023.3198240000 -13.3534350000 3.7260540000
8023.8398440000 -13.3769980000 3.7256610000
8024.3598630000 -13.4008250000 3.7252680000
8024.8798830000 -13.4249190000 3.7248740000
8025.3999020000 -13.4493340000 3.7244810000
8025.9199220000 -13.4739870000 3.7240870000
8026.4399410000 -13.4989260000 3.7236950000
8026.9501950000 -13.5236940000 3.7233090000
8027.4702150000 -13.5492720000 3.7229150000
8027.9902340000 -13.5751110000 3.7225220000
8028.5097660000 -13.6012670000 3.7221290000
8029.0297850000 -13.6277470000 3.7217370000
8029.5498050000 -13.6545580000 3.7213440000
8030.0698240000 -13.6817100000 3.7209510000
8030.5898440000 -13.7092630000 3.7205580000
8031.1098630000 -13.7371230000 3.7201650000
8031.6298830000 -13.7653520000 3.7197730000
8032.1499020000 -13.7940110000 3.7193800000
8032.6801760000 -13.8235940000 3.7189800000
8033.2001950000 -13.8529950000 3.7185880000
8033.7202150000 -13.8828050000 3.7181950000
8034.2402340000 -13.9130360000 3.7178030000
8034.7597660000 -13.9437010000 3.7174110000
8035.2797850000 -13.9748690000 3.7170190000
8035.7998050000 -14.0064380000 3.7166270000
8036.3198240000 -14.0384800000 3.7162350000
8036.8398440000 -14.0710090000 3.7158430000
8037.3598630000 -14.1040990000 3.7154510000
8037.8798830000 -14.1376480000 3.7150590000
8038.3999020000 -14.1717290000 3.7146670000
8038.9301760000 -14.2070670000 3.7142680000
8039.4501950000 -14.2423450000 3.7138760000
8039.9702150000 -14.2781460000 3.7134840000
8040.4902340000 -14.3145560000 3.7130930000
8041.0097660000 -14.3515940000 3.7127020000
8041.5297850000 -14.3892830000 3.7123100000
8042.0498050000 -14.4276470000 3.7119190000
8042.5800780000 -14.4675040000 3.7115200000
8043.1000980000 -14.5073780000 3.7111280000
8043.6201170000 -14.5479310000 3.7107370000
8044.1401370000 -14.5892640000 3.7103470000
8044.6601560000 -14.6314870000 3.7099550000
8045.1801760000 -14.6744770000 3.7095640000
8045.7099610000 -14.7191570000 3.7091670000
8046.2299800000 -14.7640390000 3.7087750000
8046.7500000000 -14.8097930000 3.7083850000
8047.2700200000 -14.8565420000 3.7079940000
8047.7998050000 -14.9053040000 3.7075960000
8048.3198240000 -14.9541990000 3.7072050000
8048.8398440000 -15.0042310000 3.7068150000
8049.3598630000 -15.0555490000 3.7064240000
8049.8901370000 -15.1090950000 3.7060260000
8050.4101560000 -15.1629070000 3.7056360000
8050.9301760000 -15.2180960000 3.7052460000
8051.4501950000 -15.2747370000 3.7048560000
8051.9799800000 -15.3340970000 3.7044580000
8052.5000000000 -15.3939130000 3.7040680000
8053.0200200000 -15.4555510000 3.7036770000
8053.5498050000 -15.5200630000 3.7032800000
8054.0698240000 -15.5853480000 3.7028910000
8054.5898440000 -15.6527940000 3.7025000000
8055.1201170000 -15.7237120000 3.7021030000
8055.6401370000 -15.7955630000 3.7017140000
8056.1601560000 -15.8698850000 3.7013240000
8056.6899410000 -15.9484380000 3.7009270000
8057.2099610000 -16.0283090000 3.7005370000
8057.7299800000 -16.1112440000 3.7001480000
8058.2597660000 -16.1992650000 3.6997510000
8058.7797850000 -16.2891620000 3.6993620000
8059.2998050000 -16.3829560000 3.6989730000
8059.8300780000 -16.4830210000 3.6985760000
8060.3500980000 -16.5860000000 3.6981860000
8060.8798830000 -16.6959480000 3.6977910000
8061.3999020000 -16.8096280000 3.6974020000
8061.9199220000 -16.9298250000 3.6970120000
8062.4501950000 -17.0594730000 3.6966160000
8062.9702150000 -17.1945460000 3.6962270000
8063.5000000000 -17.3415870000 3.6958310000
8064.0200200000 -17.4960770000 3.6954420000
8064.5498050000 -17.6655650000 3.6950470000
8065.0698240000 -17.8462830000 3.6946580000
8065.6000980000 -18.0471670000 3.6942610000
8066.1201170000 -18.2638910000 3.6938730000
8066.6499020000 -18.5092680000 3.6934780000
8067.1699220000 -18.7810540000 3.6930890000
8067.7001950000 -19.0977400000 3.6926930000
8068.2202150000 -19.4603730000 3.6923050000
8068.7500000000 -19.9052580000 3.6919100000
8069.2700200000 -20.4520230000 3.6915220000
8069.7998050000 -21.1989710000 3.6911270000
8070.3198240000 -22.3181610000 3.6907380000
8070.8500980000 -24.8113060000 3.6903430000
8071.3701170000 -24.6898960000 0.5990780000
8071.8999020000 -22.2972930000 0.5973420000
8072.4199220000 -21.1944520000 0.5956420000
8072.9501950000 -20.4498460000 0.5939080000
8073.4702150000 -19.9036270000 0.5922100000
8074.0000000000 -19.4579220000 0.5904780000
8074.5297850000 -19.0876940000 0.5887500000
8075.0498050000 -18.7758900000 0.5870540000
8075.5800780000 -18.4973910000 0.5853250000
8076.1000980000 -18.2541940000 0.5836280000
8076.6298830000 -18.0315900000 0.5819030000
8077.1601560000 -17.8289260000 0.5801770000
8077.6801760000 -17.6464140000 0.5784830000
8078.2099610000 -17.4750770000 0.5767610000
8078.7299800000 -17.3187640000 0.5750710000
8079.2597660000 -17.1698610000 0.5733490000
8079.7900390000 -17.0302960000 0.5716270000
8080.3100590000 -16.9014870000 0.5699400000
8080.8398440000 -16.7773280000 0.5682200000
8081.3701170000 -16.6597250000 0.5665010000
8081.5458980000 -16.6221330000 0.5659320000
8081.8901370000 -16.5501710000 0.5648160000
8082.4199220000 -16.4436890000 0.5630990000
8082.9501950000 -16.3420620000 0.5613820000
8083.4799800000 -16.2450330000 0.5596700000
8084.0000000000 -16.1536900000 0.5579890000
8084.5297850000 -16.0642010000 0.5562750000
8085.0600590000 -15.9781650000 0.5545630000
8085.5800780000 -15.8969300000 0.5528850000
8086.1098630000 -15.8169930000 0.5511740000
8086.6401370000 -15.7398190000 0.5494630000
8087.1699220000 -15.6653550000 0.5477570000
8087.6899410000 -15.5944430000 0.5460800000
8088.2202150000 -15.5244750000 0.5443730000
8088.7500000000 -15.4567530000 0.5426690000
8089.2797850000 -15.3909060000 0.5409630000
8089.7998050000 -15.3281940000 0.5392920000
8090.3300780000 -15.2659800000 0.5375890000
8090.8598630000 -15.2055590000 0.5358890000
8091.3901370000 -15.1465210000 0.5341840000
8091.9199220000 -15.0892060000 0.5324860000
8092.4399410000 -15.0343200000 0.5308190000
8092.9702150000 -14.9796830000 0.5291200000
8093.5000000000 -14.9263510000 0.5274220000
8094.0297850000 -14.8743550000 0.5257270000
8094.5600590000 -14.8234530000 0.5240310000
8095.0898440000 -14.7736850000 0.5223350000
8095.6201170000 -14.7250030000 0.5206400000
8096.1401370000 -14.6782920000 0.5189800000
8096.6699220000 -14.6316260000 0.5172870000
8097.2001950000 -14.5859160000 0.5155940000
8097.7299800000 -14.5412030000 0.5139060000
8098.2597660000 -14.4972910000 0.5122170000
8098.7900390000 -14.4542260000 0.5105270000
8099.3198240000 -14.4120540000 0.5088420000
8099.8500980000 -14.3705900000 0.5071540000
8100.3798830000 -14.3298840000 0.5054670000
8100.8999020000 -14.2906920000 0.5038150000
8101.4301760000 -14.2514070000 0.5021300000
8101.9599610000 -14.2128030000 0.5004450000
8102.4902340000 -14.1748570000 0.4987620000
8103.0200200000 -14.1376130000 0.4970840000
8103.5498050000 -14.1009180000 0.4954020000
8104.0800780000 -14.0648170000 0.4937210000
8104.6098630000 -14.0293570000 0.4920440000
8105.1401370000 -13.9943910000 0.4903660000
8105.6699220000 -13.9599670000 0.4886880000
8106.2001950000 -13.9260670000 0.4870120000
8106.7299800000 -13.8927370000 0.4853380000
8107.2597660000 -13.8598410000 0.4836640000
8107.7900390000 -13.8274260000 0.4819890000
8108.3198240000 -13.7954770000 0.4803160000
8108.8500980000 -13.7639820000 0.4786430000
8109.3798830000 -13.7329830000 0.4769740000
8109.9101560000 -13.7023570000 0.4753040000
8110.4399410000 -13.6721490000 0.4736350000
8110.9702150000 -13.6423470000 0.4719660000
8111.5000000000 -13.6129930000 0.4703010000
8112.0400390000 -13.5834540000 0.4686030000
8112.5698240000 -13.5548150000 0.4669370000
8113.1000980000 -13.5265430000 0.4652720000
8113.6298830000 -13.4986280000 0.4636070000
8114.1601560000 -13.4710600000 0.4619440000
8114.6899410000 -13.4438810000 0.4602840000
8115.2202150000 -13.4169860000 0.4586220000
8115.7500000000 -13.3904130000 0.4569620000
8116.2797850000 -13.3642040000 0.4553040000
8116.8100590000 -13.3382570000 0.4536450000
8117.3500980000 -13.3121530000 0.4519570000
8117.8798830000 -13.2868080000 0.4502990000
8118.4101560000 -13.2617510000 0.4486430000
8118.9399410000 -13.2369770000 0.4469870000
8119.4702150000 -13.2124790000 0.4453330000
8120.0000000000 -13.1882930000 0.4436820000
8120.5400390000 -13.1639000000 0.4419980000
8121.0698240000 -13.1402000000 0.4403470000
8121.6000980000 -13.1167520000 0.4386960000
8122.1298830000 -13.0935930000 0.4370480000
8122.6601560000 -13.0706360000 0.4353990000
8123.2001950000 -13.0474690000 0.4337180000
8123.7299800000 -13.0250280000 0.4320730000
8124.2597660000 -13.0027740000 0.4304260000
8124.7900390000 -12.9807450000 0.4287800000
8125.3300780000 -12.9585460000 0.4271050000
8125.8598630000 -12.9369550000 0.4254610000
8126.3901370000 -12.9155770000 0.4238180000
8126.9199220000 -12.8944440000 0.4221780000
8127.4599610000 -12.8731000000 0.4205070000
8127.9902340000 -12.8523360000 0.4188660000
8128.5200200000 -12.8317670000 0.4172270000
8129.0498050000 -12.8113910000 0.4155870000
8129.5898440000 -12.7908420000 0.4139190000
8130.1201170000 -12.7708440000 0.4122830000
8130.6499020000 -12.7510640000 0.4106490000
8131.1899410000 -12.7310410000 0.4089810000
8131.7202150000 -12.7115830000 0.4073470000
8132.2500000000 -12.6923330000 0.4057160000
8132.7900390000 -12.6728760000 0.4040540000
8133.3198240000 -12.6539330000 0.4024220000
8133.8500980000 -12.6351520000 0.4007910000
8134.3901370000 -12.6162000000 0.3991310000
8134.9199220000 -12.5977440000 0.3975020000
8135.4599610000 -12.5791160000 0.3958440000
8135.9902340000 -12.5609720000 0.3942170000
8136.5200200000 -12.5429800000 0.3925900000
8137.0600590000 -12.5248170000 0.3909350000
8137.5898440000 -12.5071540000 0.3893130000
8138.1298830000 -12.4892590000 0.3876560000
8138.6601560000 -12.4718530000 0.3860330000
8139.1899410000 -12.4546190000 0.3844140000
8139.7299800000 -12.4371540000 0.3827600000
8140.2597660000 -12.4201940000 0.3811420000
8140.7998050000 -12.4030350000 0.3794930000
8141.3300780000 -12.3863130000 0.3778740000
8141.8701170000 -12.3693930000 0.3762240000
8142.3999020000 -12.3529600000 0.3746100000
8142.9399410000 -12.3363290000 0.3729640000
8143.4702150000 -12.3201180000 0.3713480000
8144.0097660000 -12.3037410000 0.3697050000
8144.5400390000 -12.2877740000 0.3680920000
8145.0800780000 -12.2716430000 0.3664490000
8145.6098630000 -12.2559140000 0.3648380000
8146.1499020000 -12.2400210000 0.3631970000
8239.5605470000 -10.5099510000 0.0923060000
8400.6640630000 -9.2799050000 9.6808570000
8564.9189450000 -8.8126850000 9.3250520000
8732.3837890000 -8.9098420000 9.0192660000
8825.1396480000 -9.4041550000 8.8719540000
8825.7597660000 -9.4098490000 8.8710180000
8826.3896480000 -9.4156830000 8.8700700000
8827.0195310000 -9.4215790000 8.8691210000
8827.6503910000 -9.4275290000 8.8681720000
8828.2802730000 -9.4335350000 8.8672240000
8828.9101560000 -9.4395860000 8.8662780000
8829.5400390000 -9.4457030000 8.8653310000
8830.1601560000 -9.4517740000 8.8644000000
8830.7900390000 -9.4579950000 8.8634560000
8831.4199220000 -9.4642850000 8.8625120000
8832.0498050000 -9.4706250000 8.8615680000
8832.6796880000 -9.4770360000 8.8606250000
8833.3095700000 -9.4834970000 8.8596830000
8833.9404300000 -9.4900400000 8.8587400000
8834.5703130000 -9.4966270000 8.8578000000
8835.2001950000 -9.5032870000 8.8568580000
8835.8300780000 -9.5100030000 8.8559200000
8836.4599610000 -9.5167940000 8.8549800000
8837.0898440000 -9.5236430000 8.8540430000
8837.7197270000 -9.5305690000 8.8531050000
8838.3496090000 -9.5375540000 8.8521680000
8838.9804690000 -9.5446310000 8.8512300000
8839.6103520000 -9.5517570000 8.8502950000
8840.2402340000 -9.5589670000 8.8493600000
8840.8701170000 -9.5662380000 8.8484260000
8841.5000000000 -9.5735960000 8.8474910000
8842.1298830000 -9.5810180000 8.8465600000
8842.7597660000 -9.5885300000 8.8456260000
8843.3896480000 -9.5961070000 8.8446950000
8844.0195310000 -9.6037760000 8.8437630000
8844.6503910000 -9.6115260000 8.8428330000
8845.2802730000 -9.6193590000 8.8419020000
8845.9101560000 -9.6272630000 8.8409740000
8846.5498050000 -9.6353860000 8.8400310000
8847.1796880000 -9.6434640000 8.8391040000
8847.8095700000 -9.6516420000 8.8381760000
8848.4404300000 -9.6599100000 8.8372490000
8849.0703130000 -9.6682700000 8.8363220000
8849.7001950000 -9.6767100000 8.8353980000
8850.3398440000 -9.6853890000 8.8344580000
8850.9697270000 -9.6940210000 8.8335350000
8851.5996090000 -9.7027650000 8.8326110000
8852.2304690000 -9.7116110000 8.8316880000
8852.8603520000 -9.7205580000 8.8307660000
8853.5000000000 -9.7297470000 8.8298300000
8854.1298830000 -9.7388930000 8.8289100000
8854.7597660000 -9.7481600000 8.8279900000
8855.3896480000 -9.7575240000 8.8270710000
8856.0195310000 -9.7670150000 8.8261520000
8856.6601560000 -9.7767680000 8.8252190000
8857.2900390000 -9.7864930000 8.8243010000
8857.9199220000 -9.7963240000 8.8233850000
8858.5595700000 -9.8064430000 8.8224540000
8859.1904300000 -9.8165370000 8.8215390000
8859.8203130000 -9.8267590000 8.8206230000
8860.4501950000 -9.8370960000 8.8197100000
8861.0898440000 -9.8477420000 8.8187820000
8861.7197270000 -9.8583660000 8.8178680000
8862.3496090000 -9.8691130000 8.8169570000
8862.9902340000 -9.8802020000 8.8160300000
8863.6201170000 -9.8912390000 8.8151200000
8864.2597660000 -9.9026140000 8.8141960000
8864.8896480000 -9.9139720000 8.8132850000
8865.5195310000 -9.9254680000 8.8123770000
8866.1601560000 -9.9373400000 8.8114530000
8866.7900390000 -9.9491620000 8.8105460000
8867.4296880000 -9.9613550000 8.8096250000
8868.0595700000 -9.9735210000 8.8087200000
8868.6904300000 -9.9859020000 8.8078120000
8869.3300780000 -9.9986360000 8.8068920000
8869.9599610000 -10.0113490000 8.8059880000
8870.5996090000 -10.0244680000 8.8050710000
8871.2304690000 -10.0375900000 8.8041670000
8871.8701170000 -10.0511170000 8.8032500000
8872.5000000000 -10.0646510000 8.8023480000
8873.1396480000 -10.0785870000 8.8014340000
8873.7695310000 -10.0925550000 8.8005330000
8874.4101560000 -10.1069880000 8.7996180000
8875.0400390000 -10.1213960000 8.7987190000
8875.6796880000 -10.1362890000 8.7978060000
8876.3095700000 -10.1511840000 8.7969090000
8876.9501950000 -10.1666110000 8.7959970000
8877.5800780000 -10.1820250000 8.7951000000
8878.2197270000 -10.1979720000 8.7941900000
8878.8603520000 -10.2142310000 8.7932800000
8879.4902340000 -10.2304900000 8.7923850000
8880.1298830000 -10.2473230000 8.7914770000
8880.7597660000 -10.2642150000 8.7905840000
8881.4003910000 -10.2816880000 8.7896770000
8882.0400390000 -10.2995000000 8.7887710000
8882.6699220000 -10.3173640000 8.7878800000
8883.3095700000 -10.3358860000 8.7869750000
8883.9501950000 -10.3548150000 8.7860690000
8884.5800780000 -10.3737890000 8.7851800000
8885.2197270000 -10.3934830000 8.7842780000
8885.8603520000 -10.4136300000 8.7833740000
8886.4902340000 -10.4338480000 8.7824870000
8887.1298830000 -10.4548580000 8.7815860000
8887.7695310000 -10.4763460000 8.7806850000
8888.4003910000 -10.4980000000 8.7797990000
8889.0400390000 -10.5204980000 8.7789000000
8889.6796880000 -10.5435390000 8.7780020000
8890.3203130000 -10.5671840000 8.7771030000
8890.9501950000 -10.5909870000 8.7762200000
8891.5898440000 -10.6158060000 8.7753240000
8892.2304690000 -10.6412780000 8.7744280000
8892.8701170000 -10.6674380000 8.7735340000
8893.5000000000 -10.6939130000 8.7726530000
8894.1396480000 -10.7215040000 8.7717600000
8894.7802730000 -10.7499800000 8.7708650000
8895.4199220000 -10.7792620000 8.7699730000
8896.0595700000 -10.8094410000 8.7690810000
8896.7001950000 -10.8405700000 8.7681890000
8897.3300780000 -10.8722220000 8.7673120000
8897.9697270000 -10.9054160000 8.7664220000
8898.6103520000 -10.9397540000 8.7655330000
8899.2500000000 -10.9753100000 8.7646450000
8899.8896480000 -11.0121730000 8.7637570000
8900.5302730000 -11.0503290000 8.7627110000
8901.1699220000 -11.0899800000 8.7616460000
8901.8095700000 -11.1312560000 8.7605820000
8902.4404300000 -11.1736350000 8.7595340000
8903.0800780000 -11.2185460000 8.7584710000
8903.1240230000 -11.2216990000 8.7583970000
8903.7197270000 -11.2655320000 8.7574060000
8904.3603520000 -11.3148590000 8.7563420000
8905.0000000000 -11.3665260000 8.7552800000
8905.6396480000 -11.4210100000 8.7542170000
8906.2802730000 -11.4786240000 8.7531530000
8906.9199220000 -11.5394510000 8.7520910000
8907.5595700000 -11.6041650000 8.7510290000
8908.2001950000 -11.6732760000 8.7499650000
8908.8398440000 -11.7471700000 8.7489030000
8909.4804690000 -11.8266740000 8.7478410000
8910.1201170000 -11.9126830000 8.7467790000
8910.7597660000 -12.0063350000 8.7457180000
8911.4003910000 -12.1092460000 8.7446550000
8912.0400390000 -12.2228550000 8.7435950000
8912.6796880000 -12.3502460000 8.7425350000
8913.3203130000 -12.4951350000 8.7414710000
8913.9697270000 -12.6651430000 8.7403960000
8914.6103520000 -12.8638990000 8.7393350000
8915.2500000000 -13.1077130000 8.7382750000
8915.8896480000 -13.4228820000 8.7372140000
8916.5302730000 -13.8694770000 8.7361530000
8917.1699220000 -14.6356210000 8.7350950000
8917.8095700000 -19.2685850000 2.1938270000
8918.4501950000 -14.6157710000 2.1921350000
8919.0996090000 -13.8507760000 2.1904220000
8919.7402340000 -13.4070630000 2.1887310000
8920.3798830000 -13.0913990000 2.1870460000
8921.0195310000 -12.8451840000 2.1853590000
8921.6601560000 -12.6431260000 2.1836700000
8922.2998050000 -12.4723510000 2.1819860000
8922.9501950000 -12.3215580000 2.1802720000
8923.5898440000 -12.1905290000 2.1785870000
8924.2304690000 -12.0728940000 2.1769000000
8924.8701170000 -11.9664260000 2.1752150000
8925.5195310000 -11.8676460000 2.1735060000
8926.1601560000 -11.7779930000 2.1718230000
8926.7998050000 -11.6948290000 2.1701390000
8927.4404300000 -11.6171530000 2.1684540000
8928.0898440000 -11.5434260000 2.1667470000
8928.7304690000 -11.4750980000 2.1650650000
8929.3701170000 -11.4105660000 2.1633830000
8930.0195310000 -11.3485360000 2.1616770000
8930.6601560000 -11.2903920000 2.1599940000
8931.2998050000 -11.2350810000 2.1583150000
8931.9501950000 -11.1814130000 2.1566080000
8932.5898440000 -11.1309700000 2.1549310000
8933.2304690000 -11.0824540000 2.1532500000
8933.8798830000 -11.0352390000 2.1515460000
8934.5195310000 -10.9904870000 2.1498690000
8935.1601560000 -10.9473600000 2.1481910000
8935.8095700000 -10.9051310000 2.1464890000
8936.4501950000 -10.8648760000 2.1448110000
8937.0996090000 -10.8254180000 2.1431090000
8937.7402340000 -10.7877150000 2.1414310000
8938.3896480000 -10.7506770000 2.1397310000
8939.0302730000 -10.7152120000 2.1380540000
8939.6699220000 -10.6808610000 2.1363820000
8940.3203130000 -10.6468700000 2.1346810000
8940.9599610000 -10.6143320000 2.1330070000
8941.6103520000 -10.5821300000 2.1313070000
8942.2500000000 -10.5512600000 2.1296350000
8942.9003910000 -10.5206630000 2.1279350000
8943.5400390000 -10.4913340000 2.1262660000
8944.1904300000 -10.4621850000 2.1245670000
8944.8300780000 -10.4341660000 2.1228970000
8945.4804690000 -10.4063280000 2.1211990000
8946.1201170000 -10.3795400000 2.1195290000
8946.7695310000 -10.3529360000 2.1178350000
8947.4199220000 -10.3268540000 2.1161380000
8948.0595700000 -10.3017190000 2.1144700000
8948.7099610000 -10.2767190000 2.1127770000
8949.3496090000 -10.2525700000 2.1111100000
8950.0000000000 -10.2284960000 2.1094150000
8950.6503910000 -10.2048780000 2.1077210000
8951.2900390000 -10.1820690000 2.1060540000
8951.9404300000 -10.1593050000 2.1043620000
8952.5800780000 -10.1373040000 2.1026960000
8953.2304690000 -10.1153330000 2.1010040000
8953.8798830000 -10.0937690000 2.0993150000
8954.5195310000 -10.0729090000 2.0976520000
8955.1699220000 -10.0520240000 2.0959620000
8955.8203130000 -10.0314790000 2.0942720000
8956.4599610000 -10.0115860000 2.0926080000
8957.1103520000 -9.9916820000 2.0909190000
8957.7597660000 -9.9721150000 2.0892320000
8958.4101560000 -9.9528160000 2.0875430000
8959.0498050000 -9.9341110000 2.0858830000
8959.7001950000 -9.9153760000 2.0841950000
8960.3496090000 -9.8969390000 2.0825100000
8961.0000000000 -9.8787380000 2.0808230000
8961.6396480000 -9.8611080000 2.0791660000
8962.2900390000 -9.8434070000 2.0774800000
8962.9404300000 -9.8259460000 2.0757950000
8963.5898440000 -9.8087450000 2.0741120000
8964.2402340000 -9.7917470000 2.0724280000
8964.8798830000 -9.7752400000 2.0707700000
8965.5302730000 -9.7586760000 2.0690870000
8966.1796880000 -9.7423460000 2.0674060000
8966.8300780000 -9.7261960000 2.0657220000
8967.4804690000 -9.7102450000 2.0640400000
8968.1298830000 -9.6945120000 2.0623610000
8968.7695310000 -9.6792170000 2.0607090000
8969.4199220000 -9.6638320000 2.0590280000
8970.0703130000 -9.6486260000 2.0573470000
8970.7197270000 -9.6336180000 2.0556700000
8971.3701170000 -9.6187600000 2.0539890000
8972.0195310000 -9.6040910000 2.0523130000
8972.6699220000 -9.5895640000 2.0506330000
8973.3203130000 -9.5751970000 2.0489550000
8973.9697270000 -9.5610070000 2.0472790000
8974.6201170000 -9.5469480000 2.0456020000
8975.2695310000 -9.5330600000 2.0439270000
8975.9199220000 -9.5192980000 2.0422510000
8976.5703130000 -9.5056780000 2.0405750000
8977.2197270000 -9.4922180000 2.0389010000
8977.8701170000 -9.4788740000 2.0372260000
8978.5195310000 -9.4656850000 2.0355540000
8979.1699220000 -9.4526070000 2.0338790000
8979.8203130000 -9.4396580000 2.0322060000
8980.4697270000 -9.4268540000 2.0305340000
8981.1201170000 -9.4141550000 2.0288610000
8981.7695310000 -9.4015940000 2.0271910000
8982.4199220000 -9.3891340000 2.0255180000
8983.0703130000 -9.3767910000 2.0238470000
8983.7197270000 -9.3645800000 2.0221780000
8984.3701170000 -9.3524630000 2.0205070000
8985.0195310000 -9.3404730000 2.0188390000
8985.6796880000 -9.3284000000 2.0171440000
8986.3300780000 -9.3166070000 2.0154750000
8986.9804690000 -9.3049190000 2.0138050000
8987.6298830000 -9.2933500000 2.0121390000
8988.2802730000 -9.2818640000 2.0104710000
8988.9296880000 -9.2704940000 2.0088060000
8989.5800780000 -9.2592030000 2.0071380000
8990.2402340000 -9.2478440000 2.0054470000
8990.8896480000 -9.2367590000 2.0037830000
8991.5400390000 -9.2257500000 2.0021170000
8992.1904300000 -9.2148310000 2.0004520000
8992.8398440000 -9.2040170000 1.9987890000
8993.5000000000 -9.1931170000 1.9971000000
8994.1503910000 -9.1824620000 1.9954360000
8994.7998050000 -9.1719060000 1.9937740000
8995.4501950000 -9.1614180000 1.9921110000
8996.1103520000 -9.1508600000 1.9904230000
8996.7597660000 -9.1405510000 1.9887640000
8997.4101560000 -9.1303050000 1.9871020000
8998.0703130000 -9.1199750000 1.9854130000
8998.7197270000 -9.1099000000 1.9837540000
8999.3701170000 -9.0998870000 1.9820940000
9000.0195310000 -9.0899760000 1.9804380000
9000.6796880000 -9.0799520000 1.9787510000
9001.3300780000 -9.0701600000 1.9770920000
9001.9902340000 -9.0602960000 1.9754090000
9002.6396480000 -9.0506600000 1.9737530000
9003.2900390000 -9.0410800000 1.9720950000
9003.9501950000 -9.0314280000 1.9704120000
9077.2021480000 -8.2497430000 1.7864780000
9254.6845700000 -7.4422160000 1.3624270000
9301.8496090000 -7.4252490000 1.2546010000
9302.5498050000 -7.4259890000 1.2530150000
9303.2402340000 -7.4267550000 1.2514510000
9303.9404300000 -7.4275690000 1.2498650000
9304.6396480000 -7.4284190000 1.2482820000
9305.3398440000 -7.4293080000 1.2466980000
9306.0400390000 -7.4302360000 1.2451150000
9306.7402340000 -7.4312030000 1.2435320000
9307.4404300000 -7.4322120000 1.2419470000
9308.1298830000 -7.4332430000 1.2403890000
9308.8300780000 -7.4343310000 1.2388070000
9309.5302730000 -7.4354610000 1.2372260000
9310.2304690000 -7.4366320000 1.2356440000
9310.9296880000 -7.4378440000 1.2340660000
9311.6298830000 -7.4391040000 1.2324840000
9312.3300780000 -7.4404050000 1.2309050000
9313.0302730000 -7.4417510000 1.2293250000
9313.7304690000 -7.4431420000 1.2277470000
9314.4296880000 -7.4445780000 1.2261710000
9315.1298830000 -7.4460640000 1.2245900000
9315.8300780000 -7.4475960000 1.2230130000
9316.5302730000 -7.4491760000 1.2214360000
9317.2304690000 -7.4508050000 1.2198590000
9317.9296880000 -7.4524810000 1.2182850000
9318.6298830000 -7.4542130000 1.2167070000
9319.3300780000 -7.4559940000 1.2151320000
9320.0302730000 -7.4578270000 1.2135560000
9320.7304690000 -7.4597130000 1.2119820000
9321.4296880000 -7.4616510000 1.2104100000
9322.1298830000 -7.4636490000 1.2088350000
9322.8300780000 -7.4657010000 1.2072610000
9323.5302730000 -7.4678100000 1.2056880000
9324.2304690000 -7.4699770000 1.2041160000
9324.9404300000 -7.4722370000 1.2025200000
9325.6396480000 -7.4745210000 1.2009510000
9326.3398440000 -7.4768700000 1.1993800000
9327.0400390000 -7.4792810000 1.1978090000
9327.7402340000 -7.4817600000 1.1962370000
9328.4404300000 -7.4843000000 1.1946670000
9329.1503910000 -7.4869420000 1.1930760000
9329.8496090000 -7.4896140000 1.1915090000
9330.5498050000 -7.4923620000 1.1899390000
9331.2500000000 -7.4951770000 1.1883700000
9331.9501950000 -7.4980640000 1.1868020000
9332.6601560000 -7.5010650000 1.1852130000
9333.3603520000 -7.5041060000 1.1836440000
9334.0595700000 -7.5072150000 1.1820800000
9334.7597660000 -7.5104060000 1.1805140000
9335.4697270000 -7.5137270000 1.1789250000
9336.1699220000 -7.5170820000 1.1773600000
9336.8701170000 -7.5205210000 1.1757950000
9337.5800780000 -7.5240940000 1.1742090000
9338.2802730000 -7.5277130000 1.1726430000
9338.9804690000 -7.5314160000 1.1710800000
9339.6904300000 -7.5352640000 1.1694950000
9340.3896480000 -7.5391510000 1.1679340000
9341.0898440000 -7.5431440000 1.1663690000
9341.7998050000 -7.5472880000 1.1647860000
9342.5000000000 -7.5514790000 1.1632250000
9343.2099610000 -7.5558390000 1.1616410000
9343.9101560000 -7.5602430000 1.1600800000
9344.6103520000 -7.5647570000 1.1585200000
9345.3203130000 -7.5694550000 1.1569370000
9346.0195310000 -7.5741930000 1.1553790000
9346.7304690000 -7.5791320000 1.1537970000
9347.4296880000 -7.5841150000 1.1522410000
9348.1396480000 -7.5893090000 1.1506600000
9348.8398440000 -7.5945580000 1.1491010000
9349.5498050000 -7.6000220000 1.1475210000
9350.2500000000 -7.6055460000 1.1459650000
9350.9599610000 -7.6112900000 1.1443860000
9351.6601560000 -7.6171050000 1.1428310000
9352.3701170000 -7.6231630000 1.1412520000
9353.0703130000 -7.6292900000 1.1396960000
9353.7802730000 -7.6356740000 1.1381190000
9354.4902340000 -7.6422200000 1.1365430000
9355.1904300000 -7.6488490000 1.1349890000
9355.9003910000 -7.6557450000 1.1334120000
9356.5996090000 -7.6624290000 1.1318620000
9357.3095700000 -7.6701800000 1.1302870000
9358.0195310000 -7.6776550000 1.1287120000
9358.7197270000 -7.6852600000 1.1271600000
9359.4296880000 -7.6931980000 1.1255870000
9360.1298830000 -7.7012690000 1.1240350000
9360.8398440000 -7.7096810000 1.1224630000
9361.5498050000 -7.7183460000 1.1208920000
9362.2597660000 -7.7272850000 1.1193190000
9362.9599610000 -7.7363620000 1.1177690000
9363.6699220000 -7.7458620000 1.1161980000
9364.3798830000 -7.7556480000 1.1146280000
9365.0800780000 -7.7656110000 1.1130800000
9365.7900390000 -7.7760510000 1.1115080000
9366.5000000000 -7.7868230000 1.1099410000
9367.2099610000 -7.7979740000 1.1083710000
9367.9101560000 -7.8093360000 1.1068240000
9368.6201170000 -7.8212530000 1.1052570000
9369.3300780000 -7.8336130000 1.1036880000
9370.0400390000 -7.8464070000 1.1021220000
9370.7500000000 -7.8596960000 1.1005540000
9371.4501950000 -7.8732850000 1.0990100000
9372.1601560000 -7.8875930000 1.0974450000
9372.8701170000 -7.9024940000 1.0958790000
9373.5800780000 -7.9179870000 1.0943150000
9374.2900390000 -7.9341550000 1.0927490000
9375.0000000000 -7.9510020000 1.0911860000
9375.7099610000 -7.9686030000 1.0896220000
9376.4199220000 -7.9870410000 1.0880580000
9377.1201170000 -8.0060670000 1.0865170000
9377.8300780000 -8.0263260000 1.0849530000
9378.5400390000 -8.0475940000 1.0833920000
9379.2500000000 -8.0699920000 1.0818310000
9379.9599610000 -8.0936650000 1.0802690000
9380.6699220000 -8.1186740000 1.0787090000
9381.3798830000 -8.1452340000 1.0771470000
9382.0898440000 -8.1734480000 1.0755880000
9382.7998050000 -8.2035930000 1.0740280000
9383.5097660000 -8.2358330000 1.0724700000
9384.2197270000 -8.2705490000 1.0709100000
9384.9296880000 -8.3080050000 1.0693520000
9385.6396480000 -8.3486890000 1.0677960000
9386.3496090000 -8.3932250000 1.0662360000
9387.0595700000 -8.4422080000 1.0646810000
9387.7695310000 -8.4967210000 1.0631230000
9388.4902340000 -8.5589460000 1.0615430000
9389.2001950000 -8.6287910000 1.0599880000
9389.9101560000 -8.7098110000 1.0584340000
9390.6201170000 -8.8062070000 1.0568770000
9391.3300780000 -8.9244970000 1.0553240000
9392.0400390000 -9.0776590000 1.0537680000
9392.7500000000 -9.2933670000 1.0522160000
9393.4599610000 -9.6600290000 1.0506610000
9394.1796880000 -11.6146500000 1.0490880000
9394.8896480000 -9.6968070000 2.7763400000
9395.5996090000 -9.3043820000 2.7747180000
9396.3095700000 -9.0753520000 2.7730940000
9397.0195310000 -8.9127810000 2.7714740000
9397.7402340000 -8.7844030000 2.7698270000
9398.4501950000 -8.6808760000 2.7682080000
9399.1601560000 -8.5928060000 2.7665850000
9399.8701170000 -8.5162480000 2.7649660000
9400.5898440000 -8.4474340000 2.7633240000
9401.2998050000 -8.3865180000 2.7617050000
9402.0097660000 -8.3310590000 2.7600850000
9402.7304690000 -8.2794590000 2.7584420000
9403.4404300000 -8.2325390000 2.7568240000
9404.1503910000 -8.1888780000 2.7552080000
9404.8701170000 -8.1474430000 2.7535680000
9405.5800780000 -8.1090260000 2.7519490000
9406.2900390000 -8.0728090000 2.7503340000
9407.0097660000 -8.0380030000 2.7486950000
9407.7197270000 -8.0054120000 2.7470810000
9408.4296880000 -7.9743030000 2.7454640000
9409.1503910000 -7.9441820000 2.7438270000
9409.8603520000 -7.9157180000 2.7422110000
9410.5800780000 -7.8880690000 2.7405760000
9411.2900390000 -7.8617960000 2.7389610000
9412.0097660000 -7.8361470000 2.7373260000
9412.7197270000 -7.8117560000 2.7357140000
9413.4296880000 -7.7881780000 2.7341020000
9414.1503910000 -7.7649920000 2.7324660000
9414.8603520000 -7.7428510000 2.7308530000
9415.5800780000 -7.7211090000 2.7292210000
9416.2900390000 -7.7002430000 2.7276090000
9417.0097660000 -7.6797090000 2.7259780000
9417.7197270000 -7.6599620000 2.7243670000
9418.4404300000 -7.6404400000 2.7227330000
9419.1601560000 -7.6214590000 2.7211030000
9419.8701170000 -7.6031580000 2.7194930000
9420.5898440000 -7.5850690000 2.7178640000
9421.2998050000 -7.5676010000 2.7162550000
9422.0195310000 -7.5502890000 2.7146250000
9422.7304690000 -7.5335710000 2.7130170000
9423.4501950000 -7.5169810000 2.7113880000
9424.1699220000 -7.5007500000 2.7097610000
9424.8798830000 -7.4850270000 2.7081540000
9425.5996090000 -7.4693990000 2.7065260000
9426.3203130000 -7.4540630000 2.7048980000
9427.0302730000 -7.4392060000 2.7032920000
9427.7500000000 -7.4244360000 2.7016680000
9428.4697270000 -7.4099030000 2.7000410000
9429.1796880000 -7.3958030000 2.6984370000
9429.9003910000 -7.3817510000 2.6968110000
9430.6201170000 -7.3679260000 2.6951860000
9431.3398440000 -7.3543200000 2.6935610000
9432.0498050000 -7.3411180000 2.6919600000
9432.7695310000 -7.3279220000 2.6903360000
9433.4902340000 -7.3149210000 2.6887130000
9434.2099610000 -7.3021090000 2.6870900000
9434.9199220000 -7.2896460000 2.6854890000
9435.6367190000 -7.2772540000 2.6838750000
9435.6396480000 -7.2772050000 2.6838680000
9436.3603520000 -7.2649020000 2.6822440000
9437.0800780000 -7.2527790000 2.6806230000
9437.7998050000 -7.2408300000 2.6790040000
9438.5195310000 -7.2290200000 2.6773830000
9439.2304690000 -7.2174950000 2.6757820000
9439.9501950000 -7.2059910000 2.6741650000
9440.6699220000 -7.1946120000 2.6725450000
9441.3896480000 -7.1833670000 2.6709260000
9442.1103520000 -7.1722550000 2.6693080000
9442.8300780000 -7.1612700000 2.6676890000
9443.5498050000 -7.1504090000 2.6660710000
9444.2695310000 -7.1396830000 2.6644560000
9444.9902340000 -7.1290450000 2.6628370000
9445.7099610000 -7.1185360000 2.6612210000
9446.4296880000 -7.1081520000 2.6596070000
9447.1503910000 -7.0978480000 2.6579890000
9447.8701170000 -7.0876640000 2.6563730000
9448.5898440000 -7.0775810000 2.6547580000
9449.3095700000 -7.0676120000 2.6531460000
9450.0302730000 -7.0577130000 2.6515300000
9450.7500000000 -7.0479230000 2.6499170000
9451.4697270000 -7.0382380000 2.6483050000
9452.1904300000 -7.0286170000 2.6466900000
9452.9101560000 -7.0190980000 2.6450780000
9453.6298830000 -7.0096760000 2.6434680000
9454.3496090000 -7.0003270000 2.6418560000
9455.0703130000 -6.9910480000 2.6402430000
9455.7900390000 -6.9818730000 2.6386340000
9456.5097660000 -6.9727640000 2.6370240000
9457.2304690000 -6.9637200000 2.6354110000
9457.9599610000 -6.9546460000 2.6337800000
9458.6796880000 -6.9457630000 2.6321720000
9459.4003910000 -6.9369530000 2.6305630000
9460.1201170000 -6.9282130000 2.6289550000
9460.8398440000 -6.9195410000 2.6273470000
9461.5595700000 -6.9109490000 2.6257410000
9462.2900390000 -6.9022870000 2.6241110000
9463.0097660000 -6.8938150000 2.6225040000
9463.7304690000 -6.8853950000 2.6208950000
9464.4501950000 -6.8770590000 2.6192920000
9465.1796880000 -6.8686640000 2.6176650000
9465.9003910000 -6.8604280000 2.6160580000
9466.6201170000 -6.8522620000 2.6144530000
9467.3398440000 -6.8441640000 2.6128510000
9468.0703130000 -6.8359940000 2.6112240000
9468.7900390000 -6.8279980000 2.6096210000
9469.5097660000 -6.8200560000 2.6080180000
9470.2402340000 -6.8120530000 2.6063920000
9470.9599610000 -6.8042280000 2.6047920000
9471.6796880000 -6.7964440000 2.6031890000
9472.4101560000 -6.7885990000 2.6015650000
9473.1298830000 -6.7809160000 2.5999640000
9473.8603520000 -6.7731700000 2.5983400000
9474.5800780000 -6.7655950000 2.5967430000
9475.2998050000 -6.7580570000 2.5951420000
9476.0302730000 -6.7504560000 2.5935200000
9476.7500000000 -6.7430110000 2.5919210000
9477.4804690000 -6.7355030000 2.5902990000
9478.2001950000 -6.7281570000 2.5887030000
9478.9296880000 -6.7207470000 2.5870840000
9479.6503910000 -6.7134690000 2.5854850000
9480.3701170000 -6.7062420000 2.5838880000
9481.0996090000 -6.6989610000 2.5822710000
9481.8300780000 -6.6917220000 2.5806530000
9482.5498050000 -6.6846180000 2.5790580000
9483.2802730000 -6.6774510000 2.5774390000
9484.0000000000 -6.6704260000 2.5758440000
9484.7304690000 -6.6633380000 2.5742260000
9485.4501950000 -6.6563990000 2.5726350000
9486.1796880000 -6.6493970000 2.5710200000
9486.9003910000 -6.6425140000 2.5694250000
9487.6298830000 -6.6355860000 2.5678100000
9488.3603520000 -6.6286850000 2.5661950000
9489.0800780000 -6.6219190000 2.5646030000
9489.8095700000 -6.6150980000 2.5629900000
9490.5302730000 -6.6084010000 2.5613990000
9491.2597660000 -6.6016500000 2.5597870000
9491.9902340000 -6.5949230000 2.5581730000
9492.7099610000 -6.5883270000 2.5565830000
9493.4404300000 -6.5816670000 2.5549710000
9494.1699220000 -6.5750480000 2.5533610000
9494.9003910000 -6.5684540000 2.5517480000
9495.6201170000 -6.5619930000 2.5501620000
9496.3496090000 -6.5554700000 2.5485530000
9497.0800780000 -6.5489690000 2.5469430000
9497.7998050000 -6.5425910000 2.5453560000
9498.5302730000 -6.5361500000 2.5437460000
9499.2597660000 -6.5297480000 2.5421380000
9499.9902340000 -6.5233670000 2.5405290000
9500.7197270000 -6.5170230000 2.5389220000
9620.1269530000 -5.7183380000 2.2814070000
9808.2246090000 -4.8870950000 1.8965070000
10000.0000000000 -4.2671580000 1.5281540000
10195.5253900000 -3.7676480000 1.1754260000
10394.8730500000 -3.3502570000 0.8374940000
10598.1191400000 -3.0074560000 0.5149840000
10805.3388700000 -2.6993800000 0.2074180000
11016.6103500000 -2.4289770000 9.9129620000
11232.0127000000 -2.1893510000 9.6310190000
11451.6259800000 -1.9752010000 9.3610560000
11675.5341800000 -1.6310900000 9.0918310000
11903.8203100000 -1.4469130000 8.8125980000
12136.5693400000 -1.2820790000 8.5406390000
12373.8701200000 -1.1500590000 8.2778310000
12615.8105500000 -1.0189780000 8.0232790000
12862.4814500000 -0.9015160000 7.7758980000
13113.9746100000 -0.7963530000 7.5355100000
13370.3857400000 -0.7023380000 7.3019380000
13631.8105500000 -0.6184620000 7.0750120000
13898.3466800000 -0.5438320000 6.8545630000
14170.0937500000 -0.4776520000 6.6404270000
14447.1543000000 -0.4192130000 6.4324420000
14729.6328100000 -0.3678780000 6.2304500000
15017.6337900000 -0.3230700000 6.0342970000
15311.2666000000 -0.2842710000 5.8438330000
15610.6396500000 -0.2510090000 5.6589100000
15915.8671900000 -0.2228520000 5.4793820000
16227.0615200000 -0.2014900000 5.3051700000
16544.3418000000 -0.1824210000 5.1362360000
16867.8242200000 -0.1673600000 4.9722870000
17197.6328100000 -0.1560050000 4.8131850000
17533.8906300000 -0.1480780000 4.6588040000
17876.7207000000 -0.1479620000 4.5090740000
18226.2558600000 -0.1462060000 4.3642530000
18582.6250000000 -0.1471290000 4.2237830000
18945.9628900000 -0.1522700000 4.0876250000
19316.4023400000 -0.1580130000 3.9556920000
19694.0878900000 -0.1658650000 3.8277640000
20079.1562500000 -0.1756710000 3.7037300000
20471.7539100000 -0.1872840000 3.5834790000
20872.0273400000 -0.2005720000 3.4669050000
21280.1289100000 -0.2154130000 3.3539010000
21696.2070300000 -0.2316920000 3.2443670000
22120.4238300000 -0.2493070000 3.1382030000
22552.9335900000 -0.2681620000 3.0353130000
22993.8984400000 -0.2881720000 2.9356030000
23443.4882800000 -0.3094090000 2.8389800000
23901.8671900000 -0.3315000000 2.7453580000
24369.2070300000 -0.3545350000 2.6546480000
24845.6875000000 -0.3784580000 2.5667650000
25331.4824200000 -0.4032210000 2.4816270000
25826.7753900000 -0.4287880000 2.3991540000
26331.7539100000 -0.4551300000 2.3192670000
26846.6054700000 -0.4820360000 2.2420790000
27371.5234400000 -0.5090910000 2.1678070000
27906.7070300000 -0.5367110000 2.0958960000
28452.3515600000 -0.5648760000 2.0262760000
29008.6660200000 -0.5935990000 1.9588760000
29575.8593800000 -0.6228250000 1.8936290000
30154.1406300000 -0.6525950000 1.8304690000
30743.7304700000 -0.6828720000 1.7693310000
31344.8476600000 -0.7136870000 1.7101540000
31957.7168000000 -0.7450570000 1.6528760000
32582.5703100000 -0.7770090000 1.5974400000
33219.6406300000 -0.8095750000 1.5437880000
33869.1679700000 -0.8427980000 1.4918650000
34531.3945300000 -0.8767320000 1.4416170000
35206.5703100000 -0.9119520000 1.3930030000
35894.9492200000 -0.9475280000 1.3459830000
36596.7851600000 -0.9840460000 1.3004880000
37312.3437500000 -1.0218790000 1.2564730000
38041.8906300000 -1.0606400000 1.2138940000
38785.7070300000 -1.1017180000 1.1727120000
39544.0625000000 -1.1433660000 1.1329200000
40317.2500000000 -1.1867700000 1.0944290000
41105.5546900000 -1.2342900000 1.0572380000
41909.2695300000 -1.2821240000 1.0213240000
42728.6992200000 -1.3327290000 0.9865930000
43564.1523400000 -1.3866230000 0.9530080000
44415.9414100000 -1.4444610000 0.9205310000
45284.3867200000 -1.5070800000 0.8891280000
46169.8085900000 -1.5755260000 0.8587610000
47072.5429700000 -1.6514280000 0.8293990000
47992.9296900000 -1.7367880000 0.8010090000
48931.3125000000 -1.8345910000 0.7735610000
49888.0429700000 -1.9493530000 0.7470230000
50863.4765600000 -2.0883550000 0.7213660000
51857.9843800000 -2.2644320000 0.6965620000
52336.1992200000 -2.3673940000 0.6850930000
52358.3007800000 -2.3725270000 0.6845700000
52380.3984400000 -2.3776970000 0.6840480000
52402.5000000000 -2.3829050000 0.6835260000
52424.6992200000 -2.3881740000 0.6830020000
52446.8007800000 -2.3934580000 0.6824810000
52469.0000000000 -2.3988060000 0.6819590000
52491.3007800000 -2.4042170000 0.6814350000
52513.5000000000 -2.4096450000 0.6809140000
52535.6992200000 -2.4151130000 0.6803930000
52558.0000000000 -2.4206490000 0.6798710000
52580.3007800000 -2.4262270000 0.6793490000
52602.6015600000 -2.4318490000 0.6788280000
52624.8984400000 -2.4375140000 0.6783080000
52647.3007800000 -2.4432510000 0.6777850000
52669.6015600000 -2.4490070000 0.6772660000
52692.0000000000 -2.4548350000 0.6767450000
52714.3984400000 -2.4607100000 0.6762250000
52736.8984400000 -2.4666610000 0.6757030000
52759.3007800000 -2.4726340000 0.6751840000
52781.8007800000 -2.4786830000 0.6746630000
52804.1992200000 -2.4847560000 0.6741450000
52826.6992200000 -2.4909080000 0.6736250000
52849.3007800000 -2.4971400000 0.6731040000
52871.8007800000 -2.5033980000 0.6725850000
52871.9375000000 -2.5034370000 0.6725820000
52894.3007800000 -2.5097120000 0.6720680000
52916.8984400000 -2.5161070000 0.6715480000
52939.5000000000 -2.5225610000 0.6710290000
52962.1015600000 -2.5290720000 0.6705110000
52984.8007800000 -2.5356720000 0.6699910000
53007.3984400000 -2.5423000000 0.6694740000
53030.1015600000 -2.5490220000 0.6689550000
53052.8007800000 -2.5558050000 0.6684370000
53075.5000000000 -2.5626520000 0.6679190000
53098.1992200000 -2.5695630000 0.6674030000
53121.0000000000 -2.5765720000 0.6668840000
53143.6992200000 -2.5836190000 0.6663680000
53166.5000000000 -2.5907650000 0.6658510000
53189.3007800000 -2.5979810000 0.6653340000
53212.1992200000 -2.6053020000 0.6648160000
53235.0000000000 -2.6126640000 0.6643000000
53257.8984400000 -2.6201340000 0.6637830000
53280.8007800000 -2.6276810000 0.6632660000
53303.6992200000 -2.6353070000 0.6627500000
53326.6015600000 -2.6430130000 0.6622350000
53349.5000000000 -2.6508000000 0.6617200000
53372.5000000000 -2.6587060000 0.6612040000
53395.5000000000 -2.6666980000 0.6606880000
53418.5000000000 -2.6747770000 0.6601730000
53441.5000000000 -2.6829470000 0.6596580000
53464.6015600000 -2.6912450000 0.6591420000
53487.6015600000 -2.6996000000 0.6586290000
53510.6992200000 -2.7080880000 0.6581140000
53533.8007800000 -2.7166750000 0.6575990000
53557.0000000000 -2.7254000000 0.6570830000
53580.1015600000 -2.7341930000 0.6565700000
53603.3007800000 -2.7431310000 0.6560550000
53626.3984400000 -2.7521370000 0.6555440000
53649.6992200000 -2.7613350000 0.6550280000
53672.8984400000 -2.7706070000 0.6545150000
53696.1015600000 -2.7799990000 0.6540030000
53719.3984400000 -2.7895500000 0.6534890000
53742.6992200000 -2.7992270000 0.6529750000
53766.0000000000 -2.8090320000 0.6524630000
53789.3007800000 -2.8189680000 0.6519510000
53812.6015600000 -2.8290400000 0.6514390000
53836.0000000000 -2.8392900000 0.6509260000
53859.3984400000 -2.8496860000 0.6504140000
53882.8007800000 -2.8602290000 0.6499020000
53905.7187500000 -2.8707020000 0.6494010000
53906.1992200000 -2.8709230000 0.6493910000
53929.6992200000 -2.8818180000 0.6488780000
53953.1992200000 -2.8928740000 0.6483660000
53976.6015600000 -2.9040490000 0.6478560000
54000.1015600000 -2.9154430000 0.6473450000
54023.6992200000 -2.9270590000 0.6468330000
54047.1992200000 -2.9388090000 0.6463230000
54070.8007800000 -2.9507970000 0.6458120000
54094.3984400000 -2.9629780000 0.6453010000
54118.0000000000 -2.9753610000 0.6447910000
54141.6015600000 -2.9879510000 0.6442820000
54165.3007800000 -3.0008080000 0.6437710000
54189.0000000000 -3.0138860000 0.6432610000
54212.6992200000 -3.0271970000 0.6427510000
54236.3984400000 -3.0407430000 0.6422420000
54260.1015600000 -3.0545410000 0.6417330000
54283.8984400000 -3.0686480000 0.6412230000
54307.6015600000 -3.0829670000 0.6407160000
54331.3984400000 -3.0976170000 0.6402070000
54355.3007800000 -3.1126220000 0.6396970000
54379.1015600000 -3.1278620000 0.6391890000
54403.0000000000 -3.1434780000 0.6386800000
54426.8007800000 -3.1593520000 0.6381730000
54450.6992200000 -3.1756310000 0.6376660000
54474.6992200000 -3.1923350000 0.6371560000
54498.6015600000 -3.2093360000 0.6366490000
54522.6015600000 -3.2267980000 0.6361410000
54546.6015600000 -3.2446620000 0.6356340000
54570.6015600000 -3.2629530000 0.6351270000
54594.6015600000 -3.2816850000 0.6346200000
54618.6992200000 -3.3009610000 0.6341130000
54642.6992200000 -3.3206510000 0.6336080000
54666.8007800000 -3.3409380000 0.6331010000
54690.8984400000 -3.3617660000 0.6325950000
54715.1015600000 -3.3832620000 0.6320870000
54739.1992200000 -3.4052690000 0.6315830000
54763.3984400000 -3.4280090000 0.6310770000
54787.6015600000 -3.4514370000 0.6305710000
54811.8007800000 -3.4755830000 0.6300660000
54836.1015600000 -3.5005990000 0.6295590000
54860.3007800000 -3.5263300000 0.6290560000
54884.6015600000 -3.5530410000 0.6285500000
54908.8984400000 -3.5806830000 0.6280460000
54933.1992200000 -3.6093350000 0.6275420000
54957.6015600000 -3.6391850000 0.6270360000
54959.7109400000 -3.6418140000 0.6269930000
54982.0000000000 -3.6701910000 0.6265310000
55006.3984400000 -3.7024600000 0.6260270000
55030.8007800000 -3.7360940000 0.6255240000
55055.1992200000 -3.7712010000 0.6250210000
55079.6992200000 -3.8080760000 0.6245160000
55104.1992200000 -3.8467200000 0.6240120000
55128.6992200000 -3.8873190000 0.6235090000
55153.1992200000 -3.9300650000 0.6230070000
55177.6992200000 -3.9752030000 0.6225040000
55202.3007800000 -4.0232020000 0.6220010000
55226.8984400000 -4.0742070000 0.6214980000
55251.5000000000 -4.1286270000 0.6209960000
55276.1015600000 -4.1869300000 0.6204940000
55300.8007800000 -4.2499630000 0.6199910000
55325.5000000000 -4.3182350000 0.6194890000
55350.1992200000 -4.3926740000 0.6189870000
55374.8984400000 -4.4744690000 0.6184860000
55399.6015600000 -4.5652480000 0.6179860000
55424.3984400000 -4.6675710000 0.6174840000
55449.1992200000 -4.7841990000 0.6169820000
55474.0000000000 -4.9197130000 0.6164820000
55498.8007800000 -5.0813460000 0.6159820000
55523.6992200000 -5.2822590000 0.6154800000
55548.5000000000 -5.5447780000 0.6149810000
55573.3984400000 -5.9280200000 0.6144810000
55598.3984400000 -6.6441120000 0.6139790000
55623.3007800000 -7.7201480000 3.3380970000
55648.3007800000 -6.2439730000 3.3358260000
55673.3007800000 -5.7228360000 3.3335550000
55698.3007800000 -5.3979270000 3.3312880000
55723.3007800000 -5.1608900000 3.3290220000
55748.3984400000 -4.9733820000 3.3267490000
55773.3984400000 -4.8191120000 3.3244870000
55798.5000000000 -4.6871080000 3.3222180000
55823.6992200000 -4.5716400000 3.3199420000
55848.8007800000 -4.4697020000 3.3176770000
55874.0000000000 -4.3777770000 3.3154050000
55899.1992200000 -4.2943350000 3.3131360000
55924.3984400000 -4.2179250000 3.3108680000
55949.6015600000 -4.1474390000 3.3086020000
55974.8984400000 -4.0817640000 3.3063300000
56000.1992200000 -4.0204930000 3.3040590000
56025.5000000000 -3.9630560000 3.3017900000
56034.3085900000 -3.9438760000 3.3010010000
56050.8007800000 -3.9090090000 3.2995240000
56076.1015600000 -3.8579550000 3.2972590000
56101.5000000000 -3.8094020000 3.2949880000
56126.8984400000 -3.7632750000 3.2927190000
56152.3007800000 -3.7193310000 3.2904520000
56177.8007800000 -3.6772230000 3.2881770000
56203.1992200000 -3.6370950000 3.2859150000
56228.6992200000 -3.5984750000 3.2836440000
56254.1992200000 -3.5613910000 3.2813760000
56279.8007800000 -3.5255890000 3.2791020000
56305.3007800000 -3.4912400000 3.2768380000
56330.8984400000 -3.4579860000 3.2745670000
56356.5000000000 -3.4258660000 3.2722990000
56382.1015600000 -3.3948060000 3.2700320000
56407.8007800000 -3.3646290000 3.2677590000
56433.5000000000 -3.3353950000 3.2654880000
56459.1992200000 -3.3070370000 3.2632190000
56484.8984400000 -3.2795070000 3.2609520000
56510.6015600000 -3.2527540000 3.2586870000
56536.3984400000 -3.2266420000 3.2564150000
56562.1992200000 -3.2012320000 3.2541450000
56588.0000000000 -3.1764830000 3.2518780000
56613.8984400000 -3.1522760000 3.2496040000
56639.6992200000 -3.1287600000 3.2473400000
56665.6015600000 -3.1057230000 3.2450700000
56691.5000000000 -3.0832310000 3.2428020000
56717.3984400000 -3.0612630000 3.2405360000
56743.3984400000 -3.0397090000 3.2382640000
56769.3984400000 -3.0186290000 3.2359930000
56795.3984400000 -2.9980060000 3.2337250000
56821.3984400000 -2.9778190000 3.2314580000
56847.5000000000 -2.9579760000 3.2291850000
56873.6015600000 -2.9385380000 3.2269140000
56899.6992200000 -2.9194870000 3.2246450000
56925.8007800000 -2.9008090000 3.2223790000
56951.8984400000 -2.8824910000 3.2201140000
56978.1015600000 -2.8644450000 3.2178430000
57004.3007800000 -2.8467350000 3.2155740000
57030.5000000000 -2.8293480000 3.2133070000
57056.8007800000 -2.8122040000 3.2110340000
57083.0000000000 -2.7954270000 3.2087710000
57109.3007800000 -2.7788740000 3.2065010000
57129.9218800000 -2.7660950000 3.2047240000
57135.6015600000 -2.7626040000 3.2042340000
57162.0000000000 -2.7465470000 3.2019610000
57188.3984400000 -2.7307510000 3.1996890000
57214.6992200000 -2.7152720000 3.1974280000
57241.1992200000 -2.6999220000 3.1951530000
57267.6015600000 -2.6848700000 3.1928870000
57294.1015600000 -2.6699950000 3.1906150000
57320.5000000000 -2.6554040000 3.1883540000
57347.1015600000 -2.6409200000 3.1860780000
57373.6015600000 -2.6267080000 3.1838130000
57400.1992200000 -2.6126490000 3.1815410000
57426.6992200000 -2.5988450000 3.1792800000
57453.3984400000 -2.5851350000 3.1770040000
57480.0000000000 -2.5716680000 3.1747390000
57506.6992200000 -2.5583380000 3.1724670000
57533.3007800000 -2.5452370000 3.1702060000
57560.0000000000 -2.5322670000 3.1679380000
57586.8007800000 -2.5194220000 3.1656650000
57613.5000000000 -2.5067930000 3.1634010000
57640.3007800000 -2.4942810000 3.1611320000
57667.1015600000 -2.4819300000 3.1588640000
57694.0000000000 -2.4696920000 3.1565900000
57720.8007800000 -2.4576510000 3.1543270000
57747.6992200000 -2.4457180000 3.1520580000
57774.6015600000 -2.4339290000 3.1497910000
57801.6015600000 -2.4222410000 3.1475170000
57828.5000000000 -2.4107380000 3.1452540000
57855.5000000000 -2.3993270000 3.1429850000
57882.5000000000 -2.3880510000 3.1407170000
57909.5000000000 -2.3769060000 3.1384520000
57936.6015600000 -2.3658490000 3.1361810000
57963.6992200000 -2.3549180000 3.1339120000
57990.8007800000 -2.3441110000 3.1316450000
58017.8984400000 -2.3334250000 3.1293800000
58045.1015600000 -2.3228160000 3.1271090000
58072.3007800000 -2.3123260000 3.1248400000
58099.5000000000 -2.3019490000 3.1225740000
58126.6992200000 -2.2916840000 3.1203090000
58154.0000000000 -2.2814890000 3.1180380000
58181.3007800000 -2.2714030000 3.1157700000
58208.6015600000 -2.2614210000 3.1135030000
58236.0000000000 -2.2515090000 3.1112310000
58246.9531300000 -2.2475750000 3.1103230000
58263.3007800000 -2.2417320000 3.1089690000
58290.6992200000 -2.2320200000 3.1067010000
58318.1015600000 -2.2224020000 3.1044350000
58345.6015600000 -2.2128200000 3.1021630000
58373.0000000000 -2.2034610000 3.0999010000
58400.5000000000 -2.1940840000 3.0976330000
58428.1015600000 -2.1847750000 3.0953600000
58455.6015600000 -2.1755910000 3.0930960000
58483.1992200000 -2.1664630000 3.0908270000
58510.8007800000 -2.1574220000 3.0885600000
58538.3984400000 -2.1484670000 3.0862950000
58566.1015600000 -2.1395630000 3.0840230000
58593.6992200000 -2.1307750000 3.0817630000
58621.3984400000 -2.1220360000 3.0794960000
58649.1992200000 -2.1133450000 3.0772230000
58676.8984400000 -2.1047660000 3.0749610000
58704.6992200000 -2.0962320000 3.0726930000
58732.5000000000 -2.0877760000 3.0704270000
58760.3984400000 -2.0793640000 3.0681550000
58788.1992200000 -2.0710560000 3.0658930000
58816.1015600000 -2.0627920000 3.0636250000
58844.0000000000 -2.0545990000 3.0613600000
58872.0000000000 -2.0464490000 3.0590880000
58899.8984400000 -2.0383980000 3.0568280000
58927.8984400000 -2.0303860000 3.0545600000
58955.8984400000 -2.0224430000 3.0522960000
58984.0000000000 -2.0145370000 3.0500250000
59012.1015600000 -2.0066980000 3.0477560000
59040.1992200000 -1.9989250000 3.0454910000
59068.3007800000 -1.9912150000 3.0432260000
59096.3984400000 -1.9835700000 3.0409650000
59124.6015600000 -1.9759570000 3.0386970000
59152.8007800000 -1.9684080000 3.0364310000
59181.1015600000 -1.9608920000 3.0341600000
59209.3007800000 -1.9534640000 3.0318990000
59237.6015600000 -1.9460680000 3.0296320000
59265.8984400000 -1.9387310000 3.0273680000
59294.3007800000 -1.9314250000 3.0250980000
59322.6992200000 -1.9241760000 3.0228300000
59385.8281300000 -1.9082650000 3.0177960000
60546.9687500000 -1.6563440000 2.9271390000
61730.8125000000 -1.4571480000 2.8383460000
62937.8046900000 -1.2936600000 2.7514130000
64168.3984400000 -1.1561970000 2.6663300000
65423.0507800000 -1.0386890000 2.5830910000
66702.2343800000 -0.9370600000 2.5016860000
68006.4296900000 -0.8484320000 2.4221030000
69336.1250000000 -0.7706860000 2.3443330000
70691.8203100000 -0.7022160000 2.2683620000
72074.0234400000 -0.6417720000 2.1941760000
73483.2500000000 -0.6034940000 2.1242060000
74920.0312500000 -0.5568520000 2.0567350000
76384.9062500000 -0.5152970000 1.9912540000
77878.4218800000 -0.4782450000 1.9277110000
79401.1406300000 -0.4452000000 1.8660530000
80953.6328100000 -0.4156970000 1.8062970000
82536.4765600000 -0.3893880000 1.7483580000
84150.2734400000 -0.3659790000 1.6921400000
85795.6250000000 -0.3451960000 1.6375970000
87473.1406300000 -0.3267930000 1.5846830000
89183.4609400000 -0.3105550000 1.5333530000
90927.2187500000 -0.2962880000 1.4835650000
92705.0781300000 -0.2838190000 1.4352750000
94517.6953100000 -0.2729940000 1.3884430000
96365.7500000000 -0.2636730000 1.3430290000
98249.9453100000 -0.2557300000 1.2989930000
100170.9766000000 -0.2490490000 1.2562980000
102129.5703000000 -0.2435260000 1.2149050000
104126.4609000000 -0.2390660000 1.1747790000
106162.3906000000 -0.2355830000 1.1358830000
108238.1328000000 -0.2329950000 1.0981840000
110354.4609000000 -0.2312300000 1.0616480000
112512.1641000000 -0.2332470000 1.0264320000
114712.0547000000 -0.2330040000 0.9924570000
116954.9688000000 -0.2333660000 0.9595600000
119241.7266000000 -0.2342810000 0.9277100000
121573.2031000000 -0.2357010000 0.8968740000
123950.2656000000 -0.2375800000 0.8670210000
126373.8047000000 -0.2398760000 0.8381210000
128844.7266000000 -0.2425520000 0.8101460000
131363.9688000000 -0.2455710000 0.7830660000
133932.4531000000 -0.2489000000 0.7568550000
136551.1719000000 -0.2525100000 0.7314860000
139221.0938000000 -0.2563720000 0.7069330000
141943.2188000000 -0.2604600000 0.6831710000
144718.5625000000 -0.2647490000 0.6601750000
147548.1719000000 -0.2692180000 0.6379220000
150433.1094000000 -0.2738460000 0.6163890000
153374.4531000000 -0.2786120000 0.5955530000
156373.2969000000 -0.2835000000 0.5753940000
159430.7969000000 -0.2884930000 0.5558890000
162548.0625000000 -0.2935750000 0.5370200000
165726.2813000000 -0.2987330000 0.5187650000
168966.6406000000 -0.3039530000 0.5011060000
172270.3750000000 -0.3092220000 0.4840240000
175638.6875000000 -0.3145300000 0.4675010000
179072.8594000000 -0.3198670000 0.4515190000
182574.1875000000 -0.3252220000 0.4360630000
186143.9688000000 -0.3305860000 0.4211140000
189783.5469000000 -0.3359520000 0.4066570000
193494.2969000000 -0.3413120000 0.3926780000
197277.5938000000 -0.3466580000 0.3791590000
201134.8594000000 -0.3519860000 0.3660880000
205067.5469000000 -0.3572880000 0.3534500000
209077.1406000000 -0.3625590000 0.3412300000
213165.1250000000 -0.3677940000 0.3294170000
217333.0313000000 -0.3729890000 0.3179960000
221582.4375000000 -0.3781400000 0.3069560000
225914.9219000000 -0.3832430000 0.2962840000
230332.1250000000 -0.3882940000 0.2859690000
234835.7031000000 -0.3932910000 0.2759990000
239427.3281000000 -0.3982300000 0.2663620000
244108.7344000000 -0.4093600000 0.2572900000
248881.6719000000 -0.4141380000 0.2486490000
253747.9219000000 -0.4188350000 0.2403040000
258709.3281000000 -0.4234510000 0.2322430000
263767.7500000000 -0.4279850000 0.2244570000
268925.0625000000 -0.4324360000 0.2169370000
274183.2188000000 -0.4368040000 0.2096730000
279544.1875000000 -0.4410890000 0.2026560000
285010.0000000000 -0.4452920000 0.1958780000
290582.6563000000 -0.4494110000 0.1893310000
296264.2500000000 -0.4534470000 0.1830070000
302056.9688000000 -0.4574020000 0.1768970000
307962.9375000000 -0.4612740000 0.1709950000
313984.3750000000 -0.4650660000 0.1652940000
320123.5625000000 -0.4687760000 0.1597860000
326382.7813000000 -0.4724070000 0.1544650000
332764.3750000000 -0.4759590000 0.1493240000
339270.7500000000 -0.4794320000 0.1443580000
345904.3438000000 -0.4828280000 0.1395600000
352667.6563000000 -0.4861480000 0.1349240000
359563.1875000000 -0.4893920000 0.1304450000
366593.5625000000 -0.4925610000 0.1261170000
373761.3750000000 -0.4956570000 0.1219360000
381069.3438000000 -0.4986810000 0.1178960000
388520.2188000000 -0.5016340000 0.1139930000
396116.7500000000 -0.5045160000 0.1102210000
403861.8125000000 -0.5073290000 0.1065760000
411758.3438000000 -0.5100750000 0.1030550000
419809.2500000000 -0.5127530000 0.0996510000
428017.5625000000 -0.5153670000 0.0963630000
436386.3750000000 -0.5179160000 0.0931850000
444918.8125000000 -0.5204010000 0.0901140000
453618.0938000000 -0.5228250000 0.0871470000
462487.4688000000 -0.5251880000 0.0842790000
471530.2500000000 -0.5274920000 0.0815070000
480749.8438000000 -0.5297370000 0.0788280000
490149.7188000000 -0.5319250000 0.0762400000
499733.3750000000 -0.5340570000 0.0737380000
509504.4063000000 -0.5361340000 0.0713200000
519466.5000000000 -0.5381570000 0.0689820000
529623.3750000000 -0.5401270000 0.0667240000
539978.8125000000 -0.5420460000 0.0645400000
550536.7500000000 -0.5439150000 0.0624300000
561301.1250000000 -0.5457350000 0.0603900000
572276.0000000000 -0.5475060000 0.0584180000
583465.4375000000 -0.5492300000 0.0565130000
594873.6250000000 -0.5509080000 0.0546700000
606504.8750000000 -0.5525420000 0.0528890000
618363.5625000000 -0.5541310000 0.0511680000
630454.1250000000 -0.5556780000 0.0495040000
642781.1250000000 -0.5571820000 0.0478950000
655349.0625000000 -0.5586460000 0.0463400000
668162.8125000000 -0.5600700000 0.0448360000
681227.0625000000 -0.5614550000 0.0433820000
694546.7500000000 -0.5628020000 0.0419770000
