30.0000000000 -47.8188510000 4.5295440000
30.5865750000 -47.1324650000 3.5868410000
31.1846200000 -46.6140820000 2.7314490000
31.7943570000 -46.2251930000 1.9553510000
32.4160160000 -45.9378320000 1.2513500000
33.0498310000 -45.7310790000 0.6129720000
33.6960370000 -45.5889470000 0.0344170000
34.3548770000 -45.4989850000 9.5104510000
35.0266040000 -45.4513740000 9.0363700000
35.7114600000 -45.4382740000 8.6079470000
36.4097100000 -45.4533770000 8.2213680000
37.1216090000 -45.4915580000 7.8731980000
37.8474310000 -45.5486410000 7.5603390000
38.5874440000 -45.6212010000 7.2800020000
39.3419230000 -45.7064130000 7.0296700000
40.1111560000 -45.8019560000 6.8070710000
40.8954320000 -45.9058990000 6.6101570000
41.6950380000 -46.0166440000 6.4370830000
42.5102810000 -46.1328740000 6.2861800000
43.3414650000 -46.2534900000 6.1559470000
44.1888960000 -46.3775830000 6.0450320000
45.0529020000 -46.5043910000 5.9522140000
45.9338000000 -46.6333120000 5.8763970000
46.8319210000 -46.7638280000 5.8165940000
47.7476010000 -46.8955230000 5.7719220000
48.6811870000 -47.0280610000 5.7415860000
49.6330260000 -47.1611670000 5.7248770000
50.6034740000 -47.2946280000 5.7211640000
51.5928990000 -47.4282760000 5.7298840000
52.6016690000 -47.5619890000 5.7505370000
53.6301650000 -47.6956750000 5.7826870000
54.6787680000 -47.8292850000 5.8259480000
55.7478750000 -47.9627910000 5.8799850000
56.8378870000 -48.0962070000 5.9445120000
57.9492070000 -48.2295760000 6.0192830000
59.0822600000 -48.3629990000 6.1040930000
60.2374690000 -48.4966350000 6.1987760000
61.4152600000 -48.6307640000 6.3031960000
62.6160810000 -48.7658730000 6.4172560000
63.8403850000 -48.9012530000 6.5688680000
65.0886230000 -49.0244980000 6.7039350000
66.3612670000 -49.1503300000 6.8486100000
67.6587980000 -49.2767940000 7.0029090000
68.9816970000 -49.4033890000 7.1668690000
70.3304600000 -49.5299190000 7.3405510000
71.7055970000 -49.6562840000 7.5240440000
73.1076200000 -49.7824400000 7.7174520000
74.5370640000 -49.9083560000 7.9209020000
75.9944460000 -50.0340120000 8.1345420000
77.4803310000 -50.1593890000 8.3585410000
78.9952620000 -45.4900890000 8.5815020000
80.5398180000 -45.4200710000 8.6804780000
82.1145710000 -45.3464360000 8.7795170000
83.7201160000 -45.2693210000 8.8784010000
85.3570560000 -45.1888770000 8.9769150000
87.0260010000 -45.1052630000 9.0748560000
88.7275770000 -45.0186580000 9.1720220000
90.4624250000 -44.9292490000 9.2682170000
92.2311940000 -44.8372420000 9.3632540000
94.0345380000 -44.7428740000 9.4569450000
95.8731540000 -44.6463890000 9.5491170000
97.7477110000 -44.5480580000 9.6395920000
99.6589200000 -44.4481850000 9.7282040000
101.6075060000 -44.3470990000 9.8147880000
103.5941850000 -44.2451780000 9.8991850000
105.6197130000 -44.1013950000 9.9807900000
107.6848450000 -43.9988630000 0.0581460000
109.7903520000 -43.8969610000 0.1328620000
111.9370270000 -43.7962840000 0.2048000000
114.1256790000 -43.6975330000 0.2738240000
116.3571170000 -43.6015090000 0.3398040000
118.6321950000 -43.5091670000 0.4026170000
120.9517520000 -43.4216460000 0.4621420000
123.3166580000 -43.3403240000 0.5182680000
125.7278060000 -43.2668800000 0.5708850000
128.1860960000 -43.2034260000 0.6198930000
130.6924590000 -43.1526340000 0.6651950000
133.2478330000 -43.1179700000 0.7067020000
135.8531490000 -43.1040380000 0.7443300000
138.5094300000 -43.1171260000 0.7780000000
141.2176360000 -43.1660500000 0.8076420000
143.9787900000 -43.2636870000 0.8331910000
146.7939300000 -43.4296300000 0.8545870000
149.6641240000 -43.6953620000 0.8717780000
152.5904390000 -44.1150510000 0.8847210000
155.5739590000 -46.1596070000 8.5943300000
158.6158140000 -42.6556050000 7.8665200000
161.7171480000 -41.0078540000 7.2211060000
164.8791350000 -39.9407620000 6.6466880000
168.1029360000 -39.1699870000 6.1335070000
171.3897710000 -38.5795560000 5.6731820000
174.7408600000 -38.1094630000 5.2585140000
178.1574860000 -37.7242970000 4.8833040000
181.6409150000 -37.4014210000 4.5422030000
185.1924440000 -37.1255490000 4.2306020000
188.8134160000 -36.8859900000 3.9445160000
192.5051880000 -36.6750410000 3.6804960000
196.2691500000 -36.4870720000 3.4355530000
200.1067050000 -36.3179050000 3.2071020000
204.0192870000 -36.1644330000 2.9928990000
208.0083770000 -36.0243340000 2.7909980000
212.0754700000 -35.8958970000 2.5997100000
216.2220760000 -35.7778740000 2.4175750000
220.4497530000 -35.6693880000 2.2433230000
224.7601010000 -35.5698660000 2.0758570000
229.1547240000 -35.4790040000 1.9142310000
233.6352690000 -35.3967060000 1.7576270000
238.2034300000 -35.3231010000 1.6053440000
242.8609010000 -35.2585300000 1.4567800000
247.6094360000 -35.2035600000 1.3114280000
252.4508210000 -35.2201390000 1.1694230000
257.3868710000 -35.1883930000 1.0325930000
262.4194340000 -35.1696970000 0.8979810000
267.5503850000 -35.1663550000 0.7653360000
272.7816770000 -35.1816220000 0.6344580000
278.1152340000 -35.2203750000 0.5051940000
283.5530700000 -35.2902680000 0.3774320000
289.0972600000 -35.4041210000 0.2510960000
294.7498170000 -35.9475480000 1.2731670000
300.5129390000 -35.4223860000 1.1673090000
306.3887020000 -35.2079700000 1.0626800000
312.3793640000 -35.0762060000 0.9593190000
318.4871830000 -34.9901240000 0.8572880000
324.7143860000 -34.9389190000 0.7566800000
331.0633850000 -34.9214900000 0.6576140000
337.5364990000 -34.8991240000 0.8957590000
344.1361690000 -34.7816390000 0.8079440000
350.8648990000 -34.7109220000 0.7222040000
357.7251890000 -34.6659580000 0.6387560000
364.7196040000 -34.6408460000 0.5578520000
371.8508000000 -34.6334840000 0.4797700000
379.1213990000 -34.6434060000 0.4048250000
386.5341800000 -34.6712040000 0.3333670000
394.0918880000 -34.7184750000 0.2657880000
401.7973630000 -34.7881620000 0.2025210000
409.6535340000 -34.8853950000 0.1440490000
417.6632690000 -35.3119010000 0.6164070000
425.8296200000 -35.0478940000 0.5735540000
434.1556700000 -35.0157660000 0.5371460000
442.6445010000 -35.0368690000 0.5079220000
451.2993160000 -35.0896990000 0.4867120000
460.1233520000 -35.1674880000 0.4744430000
469.1199040000 -35.2676200000 0.4721590000
478.2923890000 -35.3891450000 0.4810340000
487.6441960000 -35.5319670000 0.5023910000
497.1788640000 -35.3566250000 0.5342960000
506.8999330000 -35.5353390000 0.5750610000
516.8110960000 -35.7374650000 0.6329780000
526.9160770000 -35.9642600000 0.7102170000
537.2185670000 -36.2171970000 0.8092500000
547.7225340000 -36.4979670000 0.9329020000
558.4318850000 -36.8084750000 1.0844140000
569.3506470000 -37.1508480000 1.2675040000
580.4828490000 -37.5274510000 1.4864440000
591.8327640000 -37.9409070000 1.7461670000
603.4046020000 -38.3941000000 2.0523680000
615.2026370000 -38.8902170000 2.4116360000
627.2313840000 -30.1345200000 2.4025340000
639.4953610000 -29.9990600000 2.3264930000
651.9990840000 -29.8693330000 2.2451740000
664.7473140000 -29.7458990000 2.1585290000
677.7447510000 -29.6293600000 2.0665310000
690.9963990000 -29.5203550000 1.9691670000
704.5070800000 -29.4195730000 1.8664450000
718.2819820000 -29.3277340000 1.7583870000
732.3261720000 -29.2456300000 1.6450400000
746.6450200000 -29.1740970000 1.5264610000
761.2437740000 -29.1140370000 1.4027330000
776.1279910000 -29.0664230000 1.2739510000
791.3032230000 -29.0323120000 1.1402310000
806.7752080000 -29.0128570000 1.0017030000
822.5496830000 -29.0093250000 0.8585170000
838.6325680000 -29.0231090000 0.7108350000
855.0299680000 -29.0557730000 0.5588380000
871.7479250000 -29.1090620000 0.4027180000
888.7927860000 -29.1849610000 0.2426790000
906.1708980000 -29.2857490000 0.0789420000
923.8888550000 -29.4140630000 9.9117360000
941.9531860000 -29.5730060000 9.7413020000
960.3707280000 -29.7662810000 9.5678890000
979.1483760000 -29.9983750000 9.3917540000
998.2931520000 -30.2748470000 9.2131610000
1017.8123170000 -30.6071340000 9.0717500000
1037.7131350000 -30.9941180000 8.9339750000
1058.0029300000 -31.4457860000 8.7961720000
1078.6895750000 -31.9766850000 8.6583920000
1099.7806400000 -32.6074600000 8.5206930000
1121.2841800000 -33.3689460000 8.3831290000
1143.2080080000 -34.3103030000 8.2457540000
1165.5606690000 -35.5165600000 8.1086240000
1188.3502200000 -37.1599120000 7.9721300000
1211.5854490000 -39.5834430000 7.8361970000
1235.2750240000 -43.7518960000 7.7007590000
1259.4277340000 -53.0788990000 7.5658660000
1284.0527340000 -91.2573550000 7.4315680000
1309.1591800000 -37.3722690000 5.6557240000
1334.7564700000 -73.7744140000 5.9130100000
1360.8542480000 13.1972500000 5.2359240000
1387.4624020000 3.9444130000 1.6083950000
1414.5908200000 -6.7437600000 8.9231240000
1442.2495120000 -14.7956650000 3.5714150000
1470.4492190000 -20.9819580000 1.0970170000
1499.2000730000 -26.2315010000 9.9036770000
1528.5131840000 -31.2706930000 9.3918910000
1558.3995360000 -36.7549100000 9.3697340000
1588.8701170000 -43.4746320000 9.8855280000
1619.9365230000 -52.6852000000 1.2675550000
1651.6103520000 -66.8988190000 4.4189840000
1683.9034420000 -40.3629230000 6.1554130000
1716.8280030000 -46.0463790000 8.1664310000
1750.3962400000 -17.8498310000 9.6580960000
1784.6208500000 -16.9464680000 8.7515070000
1819.5146480000 -16.5507140000 7.8907240000
1855.0908200000 -16.0260810000 8.9319100000
1891.3624270000 -14.5773080000 8.0648140000
1928.3432620000 -13.8093910000 7.2529350000
1966.0472410000 -13.2058570000 6.4931950000
2004.4884030000 -12.8231670000 5.7827800000
2043.6811520000 -13.2598520000 5.1199170000
2083.6401370000 -11.8498030000 5.6686460000
2124.3806150000 -11.1526380000 5.0787540000
2165.9174800000 -10.6194840000 4.5361690000
2208.2666020000 -9.5498700000 3.9565350000
2251.4438480000 -9.0967250000 3.3711010000
2295.4653320000 -8.6917870000 2.8116860000
2340.3474120000 -8.3255730000 2.2782840000
2386.1069340000 -7.9910710000 1.7711300000
2432.7612300000 -7.3415210000 1.2363150000
2480.3278810000 -7.0237300000 0.7049410000
2528.8244630000 -6.7304840000 0.1873040000
2578.2692870000 -6.4593580000 9.6831020000
2628.6809080000 -6.0677720000 9.1805210000
2680.0783690000 -5.6991600000 8.6807330000
2732.4804690000 -5.4779020000 8.1793750000
2785.9074710000 -5.2754620000 7.6884230000
2840.3789060000 -5.0907900000 7.2077620000
2895.9152830000 -5.0491270000 6.7372880000
2952.5378420000 -4.8962540000 6.2804810000
3010.2673340000 -4.7584100000 5.8343700000
3069.1254880000 -4.6344810000 5.4025270000
3129.1347660000 -4.5228490000 4.9808220000
3190.3171390000 -4.4228300000 4.5690650000
3252.6958010000 -4.3337970000 4.1670690000
3316.2941890000 -4.2551710000 3.7746460000
3381.1359860000 -4.1901000000 3.3917910000
3447.2456050000 -4.1312660000 3.0184350000
3514.6479490000 -4.0813160000 2.6542070000
3583.3681640000 -4.0398270000 2.2989260000
3653.4318850000 -4.0064110000 1.9524080000
3724.8657230000 -3.9860860000 1.6148010000
3797.6960450000 -3.9681830000 1.2859090000
3871.9506840000 -3.9573250000 0.9653250000
3947.6569820000 -3.9532390000 0.6528740000
4024.8435060000 -3.9556850000 0.3483780000
4103.5390630000 -3.9676860000 0.0517120000
4183.7739260000 -3.9827550000 9.7629790000
4265.5771480000 -4.0037700000 9.4817260000
4348.9794920000 -4.0306000000 9.2077880000
4434.0131840000 -4.0631430000 8.9409960000
4520.7089840000 -4.1013280000 8.6811940000
4609.1005860000 -4.1451160000 8.4282200000
4699.2197270000 -4.1945020000 8.1819220000
4791.1015630000 -4.2495180000 7.9421420000
4884.7792970000 -4.3102360000 7.7087340000
4980.2890630000 -4.3767720000 7.4815470000
5077.6660160000 -4.4492940000 7.2604370000
5176.9472660000 -4.5280240000 7.0452610000
5278.1694340000 -4.6132520000 6.8358790000
5381.3710940000 -4.7053420000 6.6321540000
5486.5903320000 -4.8047450000 6.4339500000
5593.8666990000 -4.9157690000 6.2412320000
5703.2412110000 -5.0378740000 6.0540910000
5814.7534180000 -5.1699820000 5.8722780000
5928.4467770000 -5.3056620000 5.6957060000
6044.3627930000 -5.4531470000 5.5239950000
6162.5449220000 -5.6141180000 5.3570230000
6283.0380860000 -5.7943010000 5.1947150000
6405.8872070000 -5.9893160000 5.0369720000
6531.1386720000 -6.2063780000 4.8836170000
6658.8383790000 -6.4504220000 4.7345450000
6789.0356450000 -6.7283430000 4.5896410000
6921.7783200000 -7.0501460000 4.4488030000
7057.1162110000 -7.4311830000 4.3119260000
7195.1005860000 -7.8968080000 4.1789080000
7335.7827150000 -8.5045870000 4.0499890000
7479.2158200000 -9.3349500000 3.9250310000
7625.4531250000 -10.7101350000 3.8036380000
7725.3598630000 -12.7202560000 3.7239920000
7725.8398440000 -12.7363000000 3.7236160000
7726.3300780000 -12.7528340000 3.7232310000
7726.8100590000 -12.7691240000 3.7228550000
7727.2900390000 -12.7855560000 3.7224780000
7727.7700200000 -12.8020970000 3.7221020000
7728.2500000000 -12.8187840000 3.7217260000
7728.7299800000 -12.8356020000 3.7213500000
7729.2202150000 -12.8529070000 3.7209660000
7729.7001950000 -12.8699790000 3.7205900000
7730.1801760000 -12.8872050000 3.7202140000
7730.6601560000 -12.9045520000 3.7198380000
7731.1401370000 -12.9220600000 3.7194630000
7731.6298830000 -12.9400630000 3.7190790000
7732.1098630000 -12.9578650000 3.7187030000
7732.5898440000 -12.9757970000 3.7183280000
7733.0698240000 -12.9938970000 3.7179520000
7733.5498050000 -13.0121360000 3.7175770000
7734.0400390000 -13.0309510000 3.7171930000
7734.5200200000 -13.0495080000 3.7168180000
7735.0000000000 -13.0682460000 3.7164430000
7735.4799800000 -13.0871300000 3.7160680000
7735.9702150000 -13.1065990000 3.7156840000
7736.4501950000 -13.1258450000 3.7153090000
7736.9301760000 -13.1452650000 3.7149340000
7737.4199220000 -13.1652530000 3.7145510000
7737.8999020000 -13.1850140000 3.7141760000
7738.3798830000 -13.2049800000 3.7138010000
7738.8598630000 -13.2251130000 3.7134270000
7739.3500980000 -13.2459030000 3.7130440000
7739.8300780000 -13.2664260000 3.7126690000
7740.3100590000 -13.2871680000 3.7122940000
7740.7998050000 -13.3085300000 3.7119120000
7741.2797850000 -13.3296630000 3.7115380000
7741.7597660000 -13.3510280000 3.7111630000
7742.2500000000 -13.3730610000 3.7107810000
7742.7299800000 -13.3948650000 3.7104060000
7743.2099610000 -13.4168710000 3.7100320000
7743.7001950000 -13.4395940000 3.7096500000
7744.1801760000 -13.4620890000 3.7092750000
7744.6699220000 -13.4852750000 3.7088940000
7745.1499020000 -13.5082560000 3.7085190000
7745.6298830000 -13.5314620000 3.7081460000
7746.1201170000 -13.5554380000 3.7077640000
7746.6000980000 -13.5791860000 3.7073900000
7747.0800780000 -13.6031770000 3.7070160000
7747.5698240000 -13.6279720000 3.7066340000
7748.0498050000 -13.6525160000 3.7062610000
7748.5400390000 -13.6778910000 3.7058790000
7749.0200200000 -13.7030410000 3.7055050000
7749.5097660000 -13.7289980000 3.7051240000
7749.9902340000 -13.7547840000 3.7047500000
7750.4702150000 -13.7808300000 3.7043770000
7750.9599610000 -13.8077510000 3.7039960000
7751.4399410000 -13.8344770000 3.7036220000
7751.9301760000 -13.8621100000 3.7032410000
7752.4101560000 -13.8894990000 3.7028680000
7752.8999020000 -13.9178520000 3.7024870000
7753.3798830000 -13.9459660000 3.7021140000
7753.8701170000 -13.9750790000 3.7017330000
7754.3500980000 -14.0039840000 3.7013600000
7754.8398440000 -14.0338700000 3.7009800000
7755.3198240000 -14.0635530000 3.7006070000
7755.8100590000 -14.0943440000 3.7002260000
7756.2900390000 -14.1248790000 3.6998530000
7756.7797850000 -14.1565050000 3.6994730000
7757.2597660000 -14.1879730000 3.6991000000
7757.7500000000 -14.2205790000 3.6987200000
7758.2299800000 -14.2530060000 3.6983470000
7758.7202150000 -14.2866200000 3.6979670000
7759.2099610000 -14.3207340000 3.6975870000
7759.6899410000 -14.3546830000 3.6972150000
7760.1801760000 -14.3899360000 3.6968350000
7760.6601560000 -14.4250370000 3.6964620000
7761.1499020000 -14.4614350000 3.6960820000
7761.6298830000 -14.4977310000 3.6957100000
7762.1201170000 -14.5354260000 3.6953300000
7762.6098630000 -14.5737540000 3.6949510000
7763.0898440000 -14.6119710000 3.6945790000
7763.5800780000 -14.6517360000 3.6941990000
7764.0600590000 -14.6914140000 3.6938270000
7764.5498050000 -14.7326450000 3.6934480000
7765.0400390000 -14.7747220000 3.6930680000
7765.5200200000 -14.8167500000 3.6926970000
7766.0097660000 -14.8604730000 3.6923170000
7766.5000000000 -14.9051440000 3.6919380000
7766.9799800000 -14.9498180000 3.6915660000
7767.4702150000 -14.9963960000 3.6911870000
7767.9599610000 -15.0439560000 3.6908080000
7768.4399410000 -15.0915790000 3.6904370000
7768.9301760000 -15.1413560000 3.6900580000
7769.4199220000 -15.1923050000 3.6896790000
7769.8999020000 -15.2433540000 3.6893080000
7770.3901370000 -15.2967960000 3.6889290000
7770.8798830000 -15.3515380000 3.6885500000
7771.3598630000 -15.4065930000 3.6881790000
7771.8500980000 -15.4642810000 3.6878010000
7772.3398440000 -15.5234910000 3.6874220000
7772.8300780000 -15.5844270000 3.6870440000
7773.3100590000 -15.6458270000 3.6866730000
7773.7998050000 -15.7102950000 3.6862950000
7774.2900390000 -15.7768060000 3.6859160000
7774.5498050000 -15.8129130000 3.6857160000
7774.7797850000 -15.8453550000 3.6855380000
7775.2597660000 -15.9147430000 3.6851680000
7775.7500000000 -15.9879470000 3.6847890000
7776.2402340000 -16.0637090000 3.6844110000
7776.7299800000 -16.1421360000 3.6840330000
7777.2099610000 -16.2218090000 3.6836630000
7777.7001950000 -16.3064480000 3.6832850000
7778.1899410000 -16.3943480000 3.6829070000
7778.6801760000 -16.4860460000 3.6825290000
7779.1699220000 -16.5816940000 3.6821520000
7779.6499020000 -16.6796510000 3.6817820000
7780.1401370000 -16.7845330000 3.6814040000
7780.6298830000 -16.8947320000 3.6810260000
7781.1201170000 -17.0108110000 3.6806490000
7781.6098630000 -17.1333140000 3.6802720000
7782.1000980000 -17.2632540000 3.6798940000
7782.5800780000 -17.3983940000 3.6795250000
7783.0698240000 -17.5455880000 3.6791470000
7783.5600590000 -17.7037680000 3.6787700000
7784.0498050000 -17.8739870000 3.6783930000
7784.5400390000 -18.0588130000 3.6780160000
7785.0297850000 -18.2605530000 3.6776390000
7785.5200200000 -18.4830860000 3.6772620000
7786.0097660000 -18.7306440000 3.6768850000
7786.4902340000 -19.0043790000 3.6765160000
7786.9799800000 -19.3237250000 3.6761390000
7787.4702150000 -19.6982150000 3.6757620000
7787.9599610000 -20.1498340000 3.6753850000
7788.4501950000 -20.7201400000 3.6750090000
7788.9399410000 -21.4924090000 3.6746330000
7789.4301760000 -22.6970160000 3.6742560000
7789.9199220000 -25.5785010000 3.6738800000
7790.4101560000 -24.4317110000 0.5959750000
7790.8999020000 -22.3410320000 0.5944140000
7791.3901370000 -21.2856790000 0.5928530000
7791.8798830000 -20.5748180000 0.5912920000
7792.3701170000 -20.0366740000 0.5897310000
7792.8598630000 -19.6048030000 0.5881730000
7793.3500980000 -19.2431740000 0.5866140000
7793.8398440000 -18.9325900000 0.5850560000
7794.3300780000 -18.6599250000 0.5834980000
7794.8198240000 -18.4173220000 0.5819430000
7795.3100590000 -18.1984100000 0.5803860000
7795.7998050000 -17.9993150000 0.5788320000
7796.2900390000 -17.8164120000 0.5772760000
7796.7797850000 -17.6475620000 0.5757230000
7797.2700200000 -17.4904730000 0.5741690000
7797.7597660000 -17.3438720000 0.5726170000
7798.2500000000 -17.2060640000 0.5710620000
7798.7402340000 -17.0764050000 0.5695100000
7799.2299800000 -16.9539890000 0.5679600000
7799.7202150000 -16.8378330000 0.5664090000
7800.2099610000 -16.7275310000 0.5648600000
7800.7001950000 -16.6223260000 0.5633110000
7801.1899410000 -16.5219520000 0.5617630000
7801.6801760000 -16.4258060000 0.5602140000
7802.1699220000 -16.3337170000 0.5586680000
7802.6601560000 -16.2451920000 0.5571200000
7803.1601560000 -16.1583350000 0.5555420000
7803.6499020000 -16.0764520000 0.5539980000
7804.1401370000 -15.9973870000 0.5524520000
7804.6298830000 -15.9210980000 0.5509090000
7805.1201170000 -15.8472570000 0.5493650000
7805.6098630000 -15.7758460000 0.5478230000
7806.1000980000 -15.7065800000 0.5462800000
7806.6000980000 -15.6380440000 0.5447060000
7807.0898440000 -15.5729220000 0.5431660000
7807.5800780000 -15.5095830000 0.5416250000
7808.0698240000 -15.4480490000 0.5400860000
7808.5600590000 -15.3881040000 0.5385470000
7809.0498050000 -15.3297820000 0.5370090000
7809.5498050000 -15.2717420000 0.5354390000
7810.0400390000 -15.2162890000 0.5339010000
7810.5297850000 -15.1622300000 0.5323650000
7811.0200200000 -15.1093970000 0.5308280000
7811.5097660000 -15.0578340000 0.5292940000
7812.0097660000 -15.0063670000 0.5277270000
7812.5000000000 -14.9570540000 0.5261930000
7812.9902340000 -14.9088070000 0.5246580000
7813.4799800000 -14.8616260000 0.5231270000
7813.9799800000 -14.8144410000 0.5215620000
7814.4702150000 -14.7691480000 0.5200300000
7814.9599610000 -14.7247990000 0.5184990000
7815.4501950000 -14.6812730000 0.5169690000
7815.9501950000 -14.6377170000 0.5154070000
7816.4399410000 -14.5958880000 0.5138780000
7816.9301760000 -14.5548070000 0.5123490000
7817.4199220000 -14.5153390000 0.5108220000
7817.9199220000 -14.4763890000 0.5092640000
7818.4101560000 -14.4374770000 0.5077370000
7818.8999020000 -14.3992130000 0.5062100000
7819.3999020000 -14.3608640000 0.5046550000
7819.8901370000 -14.3238750000 0.5031300000
7820.3798830000 -14.2875240000 0.5016070000
7820.8798830000 -14.2509970000 0.5000510000
7821.3701170000 -14.2157710000 0.4985280000
7821.8598630000 -14.1811280000 0.4970060000
7822.3598630000 -14.1462900000 0.4954540000
7822.8500980000 -14.1126700000 0.4939320000
7823.3398440000 -14.0795820000 0.4924130000
7823.8398440000 -14.0463180000 0.4908630000
7824.3300780000 -14.0141650000 0.4893430000
7824.8198240000 -13.9824700000 0.4878230000
7825.3198240000 -13.9506170000 0.4862760000
7825.8100590000 -13.9198090000 0.4847570000
7826.3100590000 -13.8888060000 0.4832100000
7826.7998050000 -13.8588680000 0.4816940000
7827.2900390000 -13.8292980000 0.4801780000
7827.7900390000 -13.7995250000 0.4786320000
7828.2797850000 -13.7707600000 0.4771180000
7828.7797850000 -13.7417850000 0.4755740000
7829.2700200000 -13.7137260000 0.4740610000
7829.7700200000 -13.6854560000 0.4725170000
7830.2597660000 -13.6581240000 0.4710060000
7830.7597660000 -13.6305500000 0.4694640000
7831.2500000000 -13.6038580000 0.4679530000
7831.7402340000 -13.5774830000 0.4664420000
7832.2402340000 -13.5509160000 0.4649030000
7832.7299800000 -13.5251870000 0.4633950000
7833.2299800000 -13.4992110000 0.4618560000
7833.7202150000 -13.4740500000 0.4603470000
7834.2202150000 -13.4486660000 0.4588090000
7834.7099610000 -13.4240940000 0.4573040000
7835.2099610000 -13.3992990000 0.4557690000
7835.7001950000 -13.3752440000 0.4542630000
7836.2001950000 -13.3509660000 0.4527270000
7836.6899410000 -13.3274540000 0.4512240000
7837.1899410000 -13.3036940000 0.4496900000
7837.6899410000 -13.2802100000 0.4481570000
7838.1801760000 -13.2574160000 0.4466540000
7838.6801760000 -13.2343960000 0.4451220000
7839.1699220000 -13.2120900000 0.4436220000
7839.6699220000 -13.1895600000 0.4420920000
7840.1601560000 -13.1676610000 0.4405910000
7840.6601560000 -13.1455780000 0.4390620000
7841.1601560000 -13.1236960000 0.4375320000
7841.6499020000 -13.1024830000 0.4360350000
7842.1499020000 -13.0810440000 0.4345080000
7842.6401370000 -13.0602170000 0.4330110000
7843.1401370000 -13.0391670000 0.4314840000
7843.6401370000 -13.0183170000 0.4299570000
7844.1298830000 -12.9980960000 0.4284640000
7844.6298830000 -12.9776520000 0.4269400000
7845.1201170000 -12.9577820000 0.4254470000
7845.6201170000 -12.9376910000 0.4239230000
7846.1201170000 -12.9178020000 0.4224000000
7846.6098630000 -12.8984670000 0.4209080000
7847.1098630000 -12.8789310000 0.4193880000
7847.6098630000 -12.8595500000 0.4178660000
7848.1000980000 -12.8407230000 0.4163750000
7848.6000980000 -12.8216960000 0.4148570000
7849.1000980000 -12.8028160000 0.4133370000
7849.5898440000 -12.7844900000 0.4118500000
7850.0898440000 -12.7659290000 0.4103320000
7850.5898440000 -12.7475430000 0.4088150000
7851.0898440000 -12.7292940000 0.4072980000
7851.5800780000 -12.7115580000 0.4058110000
7852.0800780000 -12.6936250000 0.4042970000
7852.5800780000 -12.6758230000 0.4027810000
7853.0698240000 -12.6585350000 0.4012990000
7853.5698240000 -12.6410180000 0.3997850000
7854.0698240000 -12.6236580000 0.3982730000
7854.5698240000 -12.6064210000 0.3967600000
7855.0600590000 -12.5896610000 0.3952780000
7855.5600590000 -12.5727070000 0.3937680000
7856.0600590000 -12.5558710000 0.3922570000
7856.5600590000 -12.5391650000 0.3907460000
7857.0600590000 -12.5226020000 0.3892380000
7857.5498050000 -12.5064950000 0.3877600000
7858.0498050000 -12.4901660000 0.3862520000
7858.5498050000 -12.4739750000 0.3847460000
7859.0498050000 -12.4578910000 0.3832380000
7859.5498050000 -12.4419260000 0.3817310000
7860.0400390000 -12.4263950000 0.3802560000
7860.5400390000 -12.4106770000 0.3787520000
7861.0400390000 -12.3950600000 0.3772470000
7861.5400390000 -12.3795690000 0.3757440000
7862.0400390000 -12.3641750000 0.3742400000
7926.5620120000 -10.9760330000 0.1853220000
8081.5458980000 -9.5132150000 9.7700940000
8239.5605470000 -8.9516640000 9.3965540000
8400.6640630000 -8.9935870000 9.0607080000
8498.4804690000 -9.5463450000 8.8765660000
8499.0595700000 -9.5524290000 8.8755180000
8499.6503910000 -9.5586920000 8.8744490000
8500.2304690000 -9.5649120000 8.8733990000
8500.8095700000 -9.5711700000 8.8723520000
8501.3896480000 -9.5774980000 8.8713040000
8501.9804690000 -9.5840130000 8.8702350000
8502.5595700000 -9.5904520000 8.8691900000
8503.1396480000 -9.5969650000 8.8681430000
8503.7304690000 -9.6036700000 8.8670760000
8504.3095700000 -9.6102990000 8.8660330000
8504.8896480000 -9.6170030000 8.8649870000
8505.4804690000 -9.6239090000 8.8639220000
8506.0595700000 -9.6307350000 8.8628800000
8506.6396480000 -9.6376420000 8.8618350000
8507.2304690000 -9.6447550000 8.8607720000
8507.8095700000 -9.6517910000 8.8597310000
8508.4003910000 -9.6590370000 8.8586690000
8508.9804690000 -9.6662400000 8.8576260000
8509.5595700000 -9.6734910000 8.8565860000
8510.1503910000 -9.6809640000 8.8555270000
8510.7304690000 -9.6883910000 8.8544850000
8511.3203130000 -9.6960070000 8.8534280000
8511.9003910000 -9.7035790000 8.8523880000
8512.4902340000 -9.7113700000 8.8513300000
8513.0703130000 -9.7191030000 8.8502910000
8513.6503910000 -9.7269190000 8.8492540000
8514.2402340000 -9.7349620000 8.8481970000
8514.8203130000 -9.7429490000 8.8471600000
8515.4101560000 -9.7511680000 8.8461050000
8515.9902340000 -9.7593310000 8.8450690000
8516.5800780000 -9.7677190000 8.8440160000
8517.1601560000 -9.7760770000 8.8429790000
8517.7500000000 -9.7846550000 8.8419280000
8518.3300780000 -9.7931890000 8.8408940000
8518.9199220000 -9.8019760000 8.8398410000
8519.5000000000 -9.8107070000 8.8388070000
8520.0898440000 -9.8196980000 8.8377560000
8520.6796880000 -9.8287800000 8.8367070000
8521.2597660000 -9.8378200000 8.8356750000
8521.8496090000 -9.8471330000 8.8346250000
8522.4296880000 -9.8563890000 8.8335940000
8523.0195310000 -9.8659260000 8.8325450000
8523.5996090000 -9.8754070000 8.8315150000
8524.1904300000 -9.8851930000 8.8304650000
8524.7802730000 -9.8950690000 8.8294190000
8525.3603520000 -9.9049050000 8.8283910000
8525.9501950000 -9.9150460000 8.8273440000
8526.5302730000 -9.9251320000 8.8263170000
8527.1201170000 -9.9355310000 8.8252710000
8527.7099610000 -9.9460480000 8.8242270000
8528.2900390000 -9.9565280000 8.8232010000
8528.8798830000 -9.9673390000 8.8221570000
8529.4697270000 -9.9782750000 8.8211150000
8530.0498050000 -9.9891960000 8.8200880000
8530.6396480000 -10.0004270000 8.8190470000
8531.2304690000 -10.0118500000 8.8180030000
8531.8203130000 -10.0233940000 8.8169630000
8532.4003910000 -10.0349080000 8.8159400000
8532.9902340000 -10.0467950000 8.8148990000
8533.5800780000 -10.0588320000 8.8138610000
8534.1601560000 -10.0708640000 8.8128380000
8534.7500000000 -10.0832500000 8.8118000000
8535.3398440000 -10.0958400000 8.8107600000
8535.9296880000 -10.1085950000 8.8097240000
8536.5195310000 -10.1215650000 8.8086860000
8537.0996090000 -10.1344960000 8.8076670000
8537.6904300000 -10.1478630000 8.8066300000
8538.2802730000 -10.1614390000 8.8055930000
8538.8701170000 -10.1752070000 8.8045590000
8539.4501950000 -10.1889900000 8.8035400000
8540.0400390000 -10.2032000000 8.8025060000
8540.6298830000 -10.2176680000 8.8014720000
8541.2197270000 -10.2323510000 8.8004390000
8541.8095700000 -10.2473070000 8.7994050000
8542.4003910000 -10.2625170000 8.7983720000
8542.9902340000 -10.2779900000 8.7973390000
8543.5703130000 -10.2934520000 8.7963260000
8544.1601560000 -10.3094460000 8.7952960000
8544.7500000000 -10.3257550000 8.7942640000
8545.3398440000 -10.3423360000 8.7932350000
8545.9296880000 -10.3592510000 8.7922050000
8546.5195310000 -10.3764570000 8.7911770000
8547.1103520000 -10.3940510000 8.7901450000
8547.7001950000 -10.4119280000 8.7891180000
8548.2900390000 -10.4301890000 8.7880900000
8548.8798830000 -10.4487870000 8.7870640000
8549.4697270000 -10.4677950000 8.7860360000
8550.0498050000 -10.4868520000 8.7850280000
8550.6396480000 -10.5066600000 8.7840000000
8551.2304690000 -10.5268950000 8.7829740000
8551.8203130000 -10.5475740000 8.7819490000
8552.4101560000 -10.5686830000 8.7809260000
8553.0000000000 -10.5903060000 8.7799010000
8553.5898440000 -10.6123980000 8.7788780000
8554.1796880000 -10.6350500000 8.7778550000
8554.7695310000 -10.6582130000 8.7768330000
8555.3603520000 -10.6820260000 8.7758080000
8555.9599610000 -10.7067610000 8.7747720000
8556.5498050000 -10.7317780000 8.7737490000
8557.1396480000 -10.7574160000 8.7727300000
8557.7304690000 -10.7838340000 8.7717080000
8558.3203130000 -10.8108970000 8.7706890000
8558.9101560000 -10.8387760000 8.7696690000
8559.5000000000 -10.8674220000 8.7686510000
8560.0898440000 -10.8969740000 8.7676320000
8560.6796880000 -10.9273870000 8.7666150000
8561.2695310000 -10.9588140000 8.7655970000
8561.8603520000 -10.9912650000 8.7645800000
8562.4501950000 -11.0248090000 8.7635620000
8563.0498050000 -11.0600850000 8.7625290000
8563.6396480000 -11.0959950000 8.7615150000
8564.2304690000 -11.1333550000 8.7604980000
8564.8203130000 -11.1720230000 8.7594840000
8564.9189450000 -11.1786130000 8.7593150000
8565.4101560000 -11.2122900000 8.7584700000
8566.0000000000 -11.2541480000 8.7574570000
8566.5996090000 -11.2985940000 8.7564270000
8567.1904300000 -11.3443010000 8.7554140000
8567.7802730000 -11.3921400000 8.7544010000
8568.3701170000 -11.4422280000 8.7533900000
8568.9599610000 -11.4949590000 8.7523780000
8569.5595700000 -11.5513490000 8.7513520000
8570.1503910000 -11.6101940000 8.7503400000
8570.7402340000 -11.6724610000 8.7493290000
8571.3300780000 -11.7385620000 8.7483210000
8571.9296880000 -11.8104130000 8.7472940000
8572.5195310000 -11.8861390000 8.7462870000
8573.1103520000 -11.9679990000 8.7452770000
8573.7001950000 -12.0564330000 8.7442700000
8574.2998050000 -12.1547120000 8.7432470000
8574.8896480000 -12.2610070000 8.7422410000
8575.4804690000 -12.3794750000 8.7412330000
8576.0800780000 -12.5147630000 8.7402110000
8576.6699220000 -12.6666770000 8.7392060000
8577.2597660000 -12.8439010000 8.7382010000
8577.8603520000 -13.0598040000 8.7371800000
8578.4501950000 -13.3248390000 8.7361760000
8579.0400390000 -13.6754010000 8.7351730000
8579.6396480000 -14.2071290000 8.7341540000
8580.2304690000 -15.2567330000 8.7331500000
8580.8300780000 -15.8076240000 2.2031810000
8581.4199220000 -14.3990760000 2.2012220000
8582.0097660000 -13.7981100000 2.1992680000
8582.6103520000 -13.4032730000 2.1972790000
8583.2001950000 -13.1164080000 2.1953260000
8583.7998050000 -12.8850710000 2.1933460000
8584.3896480000 -12.6957370000 2.1913970000
8584.9804690000 -12.5335950000 2.1894490000
8585.5800780000 -12.3896010000 2.1874720000
8586.1699220000 -12.2637210000 2.1855300000
8586.7695310000 -12.1487890000 2.1835590000
8587.3603520000 -12.0456280000 2.1816170000
8587.9599610000 -11.9496620000 2.1796470000
8588.5498050000 -11.8625820000 2.1777150000
8589.1503910000 -11.7801010000 2.1757470000
8589.7402340000 -11.7045350000 2.1738190000
8590.3398440000 -11.6323710000 2.1718570000
8590.9296880000 -11.5654790000 2.1699300000
8591.5302730000 -11.5012280000 2.1679720000
8592.1201170000 -11.4412770000 2.1660470000
8592.7197270000 -11.3833490000 2.1640940000
8593.3095700000 -11.3290940000 2.1621770000
8593.9101560000 -11.2762510000 2.1602240000
8594.5097660000 -11.2257580000 2.1582770000
8595.0996090000 -11.1781680000 2.1563640000
8595.7001950000 -11.1315510000 2.1544180000
8596.2900390000 -11.0875390000 2.1525100000
8596.8896480000 -11.0443600000 2.1505700000
8597.4902340000 -11.0026300000 2.1486290000
8598.0800780000 -10.9630700000 2.1467270000
8598.6796880000 -10.9241090000 2.1447930000
8599.2695310000 -10.8869700000 2.1428920000
8599.8701170000 -10.8503760000 2.1409620000
8600.4697270000 -10.8148660000 2.1390330000
8601.0595700000 -10.7809180000 2.1371370000
8601.6601560000 -10.7473750000 2.1352130000
8602.2597660000 -10.7147420000 2.1332900000
8602.8496090000 -10.6834670000 2.1314000000
8603.4501950000 -10.6524950000 2.1294810000
8604.0498050000 -10.6222970000 2.1275640000
8604.6503910000 -10.5927880000 2.1256470000
8605.2402340000 -10.5645210000 2.1237670000
8605.8398440000 -10.5364110000 2.1218560000
8606.4404300000 -10.5088930000 2.1199440000
8607.0400390000 -10.4820250000 2.1180360000
8607.6298830000 -10.4561920000 2.1161640000
8608.2304690000 -10.4304080000 2.1142580000
8608.8300780000 -10.4051950000 2.1123560000
8609.4296880000 -10.3805300000 2.1104600000
8610.0195310000 -10.3566960000 2.1085920000
8610.6201170000 -10.3329040000 2.1066930000
8611.2197270000 -10.3096380000 2.1048020000
8611.8203130000 -10.2867320000 2.1029070000
8612.4199220000 -10.2642790000 2.1010170000
8613.0097660000 -10.2426110000 2.0991620000
8613.6103520000 -10.2209060000 2.0972730000
8614.2099610000 -10.1996110000 2.0953880000
8614.8095700000 -10.1786760000 2.0935060000
8615.4101560000 -10.1580900000 2.0916250000
8616.0097660000 -10.1378390000 2.0897460000
8616.6103520000 -10.1178840000 2.0878670000
8617.2001950000 -10.0986150000 2.0860240000
8617.7998050000 -10.0793060000 2.0841510000
8618.4003910000 -10.0602620000 2.0822770000
8619.0000000000 -10.0415350000 2.0804080000
8619.5996090000 -10.0231150000 2.0785440000
8620.2001950000 -10.0049060000 2.0766750000
8620.7998050000 -9.9869870000 2.0748110000
8621.4003910000 -9.9692950000 2.0729470000
8622.0000000000 -9.9519040000 2.0710900000
8622.5996090000 -9.9347250000 2.0692320000
8623.2001950000 -9.9177520000 2.0673720000
8623.7998050000 -9.9010330000 2.0655180000
8624.4003910000 -9.8845350000 2.0636660000
8625.0000000000 -9.8682510000 2.0618150000
8625.5996090000 -9.8521760000 2.0599670000
8626.2001950000 -9.8363050000 2.0581200000
8626.7998050000 -9.8206310000 2.0562750000
8627.4003910000 -9.8051270000 2.0544290000
8628.0000000000 -9.7898360000 2.0525880000
8628.5996090000 -9.7747530000 2.0507520000
8629.2001950000 -9.7598010000 2.0489120000
8629.7998050000 -9.7450490000 2.0470760000
8630.4003910000 -9.7304440000 2.0452390000
8631.0000000000 -9.7160530000 2.0434100000
8631.5996090000 -9.7018010000 2.0415800000
8632.2001950000 -9.6876880000 2.0397490000
8632.7998050000 -9.6737520000 2.0379230000
8633.4101560000 -9.6597290000 2.0360670000
8634.0097660000 -9.6461200000 2.0342470000
8634.6103520000 -9.6326120000 2.0324240000
8635.2099610000 -9.6192690000 2.0306050000
8635.8095700000 -9.6060670000 2.0287890000
8636.4101560000 -9.5930000000 2.0269730000
8637.0097660000 -9.5800680000 2.0251600000
8637.6201170000 -9.5670440000 2.0233160000
8638.2197270000 -9.5543740000 2.0215070000
8638.8203130000 -9.5418090000 2.0196960000
8639.4199220000 -9.5294080000 2.0178940000
8640.0195310000 -9.5171070000 2.0160890000
8640.6298830000 -9.5047140000 2.0142560000
8641.2304690000 -9.4926320000 2.0124530000
8641.8300780000 -9.4806830000 2.0106540000
8642.4296880000 -9.4688650000 2.0088610000
8643.0400390000 -9.4569340000 2.0070340000
8643.6396480000 -9.4453160000 2.0052410000
8644.2402340000 -9.4337870000 2.0034480000
8644.8398440000 -9.4223790000 2.0016580000
8645.4501950000 -9.4108780000 1.9998400000
8646.0498050000 -9.3996930000 1.9980560000
8646.6503910000 -9.3885700000 1.9962700000
8647.2597660000 -9.3773880000 1.9944600000
8647.8603520000 -9.3664600000 1.9926770000
8648.4599610000 -9.3556420000 1.9908990000
8649.0595700000 -9.3449340000 1.9891250000
8649.6699220000 -9.3341140000 1.9873190000
8650.2695310000 -9.3235690000 1.9855460000
8650.8798830000 -9.3129300000 1.9837450000
8651.4804690000 -9.3025440000 1.9819730000
8652.0800780000 -9.2922590000 1.9802060000
8652.6904300000 -9.2818790000 1.9784090000
8653.2900390000 -9.2717770000 1.9766480000
8653.8896480000 -9.2617400000 1.9748860000
8654.5000000000 -9.2516080000 1.9730960000
8655.0996090000 -9.2417290000 1.9713370000
8655.7099610000 -9.2317560000 1.9695500000
8656.3095700000 -9.2220470000 1.9677980000
8656.9199220000 -9.2122280000 1.9660150000
8657.5195310000 -9.2026530000 1.9642640000
8658.1201170000 -9.1931340000 1.9625120000
8658.7304690000 -9.1835390000 1.9607340000
8659.3300780000 -9.1741790000 1.9589890000
8659.9404300000 -9.1647260000 1.9572140000
8660.5400390000 -9.1555200000 1.9554760000
8661.1503910000 -9.1462070000 1.9537050000
8661.7500000000 -9.1371200000 1.9519670000
8662.3603520000 -9.1279430000 1.9502000000
8662.9599610000 -9.1189880000 1.9484650000
8663.5703130000 -9.1099410000 1.9467020000
8664.1699220000 -9.1011140000 1.9449710000
8732.3837890000 -8.3729530000 1.7594730000
8903.1240230000 -7.6371790000 1.3850810000
8965.5302730000 -7.6547680000 1.2595530000
8966.1796880000 -7.6563430000 1.2583120000
8966.8300780000 -7.6579610000 1.2570710000
8967.4804690000 -7.6596200000 1.2558320000
8968.1298830000 -7.6613180000 1.2545960000
8968.7695310000 -7.6630310000 1.2533810000
8969.4199220000 -7.6648160000 1.2521450000
8970.0703130000 -7.6666450000 1.2509110000
8970.7197270000 -7.6685160000 1.2496800000
8971.3701170000 -7.6704350000 1.2484480000
8972.0195310000 -7.6723970000 1.2472200000
8972.6699220000 -7.6744070000 1.2459910000
8973.3203130000 -7.6764660000 1.2447630000
8973.9697270000 -7.6785690000 1.2435390000
8974.6201170000 -7.6807250000 1.2423140000
8975.2695310000 -7.6829260000 1.2410930000
8975.9199220000 -7.6851810000 1.2398700000
8976.5703130000 -7.6874880000 1.2386490000
8977.2197270000 -7.6898440000 1.2374320000
8977.8701170000 -7.6922550000 1.2362140000
8978.5195310000 -7.6947180000 1.2349990000
8979.1699220000 -7.6972390000 1.2337830000
8979.8203130000 -7.6998160000 1.2325690000
8980.4697270000 -7.7024460000 1.2313580000
8981.1201170000 -7.7051390000 1.2301460000
8981.7695310000 -7.7078860000 1.2289380000
8982.4199220000 -7.7106980000 1.2277290000
8983.0703130000 -7.7135720000 1.2265210000
8983.7197270000 -7.7165030000 1.2253170000
8984.3701170000 -7.7195030000 1.2241130000
8985.0195310000 -7.7225630000 1.2229110000
8985.6796880000 -7.7257410000 1.2216900000
8986.3300780000 -7.7289410000 1.2204900000
8986.9804690000 -7.7322110000 1.2192900000
8987.6298830000 -7.7355470000 1.2180940000
8988.2802730000 -7.7389590000 1.2168970000
8988.9296880000 -7.7424400000 1.2157030000
8989.5800780000 -7.7460010000 1.2145090000
8990.2402340000 -7.7496940000 1.2132990000
8990.8896480000 -7.7534070000 1.2121090000
8991.5400390000 -7.7572060000 1.2109180000
8992.1904300000 -7.7610870000 1.2097290000
8992.8398440000 -7.7650470000 1.2085440000
8993.5000000000 -7.7691590000 1.2073400000
8994.1503910000 -7.7733010000 1.2061550000
8994.7998050000 -7.7775270000 1.2049730000
8995.4501950000 -7.7818520000 1.2037910000
8996.1103520000 -7.7863370000 1.2025930000
8996.7597660000 -7.7908500000 1.2014150000
8997.4101560000 -7.7954680000 1.2002360000
8998.0703130000 -7.8002670000 1.1990400000
8998.7197270000 -7.8050890000 1.1978660000
8999.3701170000 -7.8100260000 1.1966920000
9000.0195310000 -7.8150590000 1.1955220000
9000.6796880000 -7.8203050000 1.1943320000
9001.3300780000 -7.8255880000 1.1931610000
9001.9902340000 -7.8310740000 1.1919760000
9002.6396480000 -7.8366150000 1.1908090000
9003.2900390000 -7.7905640000 1.1895900000
9003.9501950000 -7.7961120000 1.1883120000
9004.5996090000 -7.8016930000 1.1870540000
9005.2500000000 -7.8074210000 1.1857930000
9005.9101560000 -7.8133790000 1.1845150000
9006.5595700000 -7.8193920000 1.1832570000
9007.2197270000 -7.8256600000 1.1819790000
9007.8701170000 -7.8319970000 1.1807190000
9008.5302730000 -7.8386060000 1.1794400000
9009.1796880000 -7.8452710000 1.1781840000
9009.8398440000 -7.8522240000 1.1769060000
9010.4902340000 -7.8592620000 1.1756470000
9011.1503910000 -7.8665960000 1.1743700000
9011.7998050000 -7.8740110000 1.1731140000
9012.4599610000 -7.8817550000 1.1718370000
9013.1103520000 -7.8896000000 1.1705790000
9013.7695310000 -7.8977750000 1.1693040000
9014.4199220000 -7.9060740000 1.1680460000
9015.0800780000 -7.9147520000 1.1667680000
9015.7304690000 -7.9235430000 1.1655110000
9016.3896480000 -7.9327160000 1.1642370000
9017.0400390000 -7.9420440000 1.1629800000
9017.7001950000 -7.9517990000 1.1617040000
9018.3496090000 -7.9616980000 1.1604490000
9019.0097660000 -7.9720750000 1.1591740000
9019.6699220000 -7.9827890000 1.1578990000
9020.3203130000 -7.9936940000 1.1566430000
9020.9804690000 -8.0051460000 1.1553660000
9021.6396480000 -8.0169550000 1.1540940000
9022.2900390000 -8.0290160000 1.1528380000
9022.9501950000 -8.0416860000 1.1515640000
9023.6103520000 -8.0548190000 1.1502900000
9024.2597660000 -8.0682200000 1.1490350000
9024.9199220000 -8.0823540000 1.1477610000
9025.5800780000 -8.0970610000 1.1464860000
9026.2304690000 -8.1121130000 1.1452310000
9026.8896480000 -8.1279850000 1.1439600000
9027.5498050000 -8.1445540000 1.1426870000
9028.2099610000 -8.1618450000 1.1414140000
9028.8603520000 -8.1796470000 1.1401600000
9029.5195310000 -8.1985160000 1.1388880000
9030.1796880000 -8.2183480000 1.1376140000
9030.8398440000 -8.2391370000 1.1363420000
9031.4902340000 -8.2606760000 1.1350880000
9032.1503910000 -8.2836990000 1.1338170000
9032.8095700000 -8.3079760000 1.1325460000
9033.4697270000 -8.3337500000 1.1312720000
9034.1298830000 -8.3610700000 1.1300010000
9034.7802730000 -8.3897210000 1.1287480000
9035.4404300000 -8.4207590000 1.1274770000
9036.0996090000 -8.4539890000 1.1262070000
9036.7597660000 -8.4898200000 1.1249370000
9037.4199220000 -8.5286550000 1.1236640000
9038.0800780000 -8.5708630000 1.1223940000
9038.7402340000 -8.6171110000 1.1211230000
9039.4003910000 -8.6681940000 1.1198530000
9040.0498050000 -8.7242060000 1.1186030000
9040.7099610000 -8.7883760000 1.1173330000
9041.3701170000 -8.8619950000 1.1160610000
9042.0302730000 -8.9478780000 1.1147920000
9042.6904300000 -9.0509040000 1.1135230000
9043.3496090000 -9.1790990000 1.1122550000
9044.0097660000 -9.3492050000 1.1109840000
9044.6699220000 -9.5995750000 1.1097150000
9045.3300780000 -10.0796910000 1.1084460000
9045.9902340000 -10.5815270000 2.8405370000
9046.6503910000 -9.7514580000 2.8392070000
9047.3095700000 -9.4313960000 2.8378750000
9047.9697270000 -9.2283600000 2.8365450000
9048.6298830000 -9.0789000000 2.8352150000
9049.2900390000 -8.9603090000 2.8338840000
9049.9501950000 -8.8616900000 2.8325530000
9050.6103520000 -8.7773610000 2.8312230000
9051.2695310000 -8.7036220000 2.8298950000
9051.9296880000 -8.6378670000 2.8285650000
9052.5996090000 -8.5776530000 2.8272140000
9053.2597660000 -8.5236560000 2.8258850000
9053.9199220000 -8.4739980000 2.8245560000
9054.5800780000 -8.4280010000 2.8232270000
9055.2402340000 -8.3850770000 2.8218960000
9055.9003910000 -8.3449220000 2.8205670000
9056.5595700000 -8.3071860000 2.8192410000
9057.2197270000 -8.2714770000 2.8179120000
9057.8896480000 -8.2370930000 2.8165630000
9058.5498050000 -8.2049120000 2.8152340000
9059.2099610000 -8.1742150000 2.8139070000
9059.8701170000 -8.1448600000 2.8125790000
9060.5302730000 -8.1166850000 2.8112490000
9061.2001950000 -8.0892790000 2.8099020000
9061.8603520000 -8.0632910000 2.8085750000
9062.5195310000 -8.0382730000 2.8072500000
9063.1796880000 -8.0140490000 2.8059210000
9063.8496090000 -7.9903260000 2.8045740000
9064.5097660000 -7.9676900000 2.8032470000
9065.1699220000 -7.9457120000 2.8019190000
9065.8300780000 -7.9244110000 2.8005920000
9066.5000000000 -7.9034180000 2.7992470000
9067.1601560000 -7.8832640000 2.7979180000
9067.8203130000 -7.8636690000 2.7965930000
9068.4902340000 -7.8443010000 2.7952470000
9069.1503910000 -7.8256830000 2.7939210000
9069.8095700000 -7.8075090000 2.7925960000
9070.4804690000 -7.7894760000 2.7912490000
9071.1396480000 -7.7721520000 2.7899270000
9071.7998050000 -7.7551560000 2.7885990000
9072.4697270000 -7.7383050000 2.7872540000
9073.1298830000 -7.7220380000 2.7859300000
9073.7998050000 -7.7058450000 2.7845840000
9074.4599610000 -7.6902180000 2.7832590000
9075.1201170000 -7.6748870000 2.7819350000
9075.7900390000 -7.6596020000 2.7805900000
9076.4501950000 -7.6448280000 2.7792650000
9077.1201170000 -7.6301050000 2.7779230000
9077.2021480000 -7.6283190000 2.7777580000
9077.7802730000 -7.6158210000 2.7765960000
9078.4501950000 -7.6015950000 2.7752530000
9079.1103520000 -7.5878020000 2.7739300000
9079.7802730000 -7.5740150000 2.7725860000
9080.4404300000 -7.5606570000 2.7712620000
9081.1103520000 -7.5473120000 2.7699200000
9081.7695310000 -7.5343560000 2.7685970000
9082.4404300000 -7.5213860000 2.7672530000
9083.0996090000 -7.5088210000 2.7659320000
9083.7695310000 -7.4962180000 2.7645890000
9084.4296880000 -7.4839820000 2.7632670000
9085.0996090000 -7.4717370000 2.7619250000
9085.7597660000 -7.4598100000 2.7606010000
9086.4296880000 -7.4478850000 2.7592600000
9087.0996090000 -7.4360950000 2.7579170000
9087.7597660000 -7.4246350000 2.7565960000
9088.4296880000 -7.4131510000 2.7552550000
9089.0898440000 -7.4019680000 2.7539340000
9089.7597660000 -7.3907400000 2.7525910000
9090.4296880000 -7.3796600000 2.7512510000
9091.0898440000 -7.3688470000 2.7499280000
9091.7597660000 -7.3580160000 2.7485890000
9092.4296880000 -7.3472890000 2.7472470000
9093.0898440000 -7.3368450000 2.7459270000
9093.7597660000 -7.3263620000 2.7445870000
9094.4296880000 -7.3159750000 2.7432460000
9095.0996090000 -7.3057100000 2.7419070000
9095.7597660000 -7.2956940000 2.7405870000
9096.4296880000 -7.2856200000 2.7392460000
9097.0996090000 -7.2756600000 2.7379070000
9097.7695310000 -7.2657830000 2.7365670000
9098.4296880000 -7.2561520000 2.7352480000
9099.0996090000 -7.2464740000 2.7339100000
9099.7695310000 -7.2368720000 2.7325700000
9100.4404300000 -7.2273580000 2.7312300000
9101.0996090000 -7.2180770000 2.7299110000
9101.7695310000 -7.2087450000 2.7285740000
9102.4404300000 -7.1994680000 2.7272320000
9103.1103520000 -7.1902970000 2.7258950000
9103.7802730000 -7.1811920000 2.7245560000
9104.4501950000 -7.1721760000 2.7232190000
9105.1103520000 -7.1633610000 2.7219010000
9105.7802730000 -7.1544790000 2.7205630000
9106.4501950000 -7.1456810000 2.7192260000
9107.1201170000 -7.1369410000 2.7178880000
9107.7900390000 -7.1282820000 2.7165520000
9108.4599610000 -7.1196770000 2.7152140000
9109.1298830000 -7.1111500000 2.7138780000
9109.7998050000 -7.1026880000 2.7125420000
9110.4697270000 -7.0942770000 2.7112040000
9111.1396480000 -7.0859390000 2.7098680000
9111.8095700000 -7.0776510000 2.7085310000
9112.4804690000 -7.0694220000 2.7071940000
9113.1503910000 -7.0612510000 2.7058570000
9113.8203130000 -7.0531500000 2.7045220000
9114.4902340000 -7.0450930000 2.7031860000
9115.1601560000 -7.0371020000 2.7018510000
9115.8300780000 -7.0291540000 2.7005150000
9116.5000000000 -7.0212710000 2.6991810000
9117.1699220000 -7.0134290000 2.6978450000
9117.8398440000 -7.0056490000 2.6965100000
9118.5097660000 -6.9979190000 2.6951760000
9119.1796880000 -6.9902270000 2.6938410000
9119.8496090000 -6.9825950000 2.6925080000
9120.5195310000 -6.9750000000 2.6911720000
9121.1904300000 -6.9674520000 2.6898370000
9121.8603520000 -6.9599500000 2.6885010000
9122.5302730000 -6.9525050000 2.6871690000
9123.2001950000 -6.9450930000 2.6858340000
9123.8798830000 -6.9376310000 2.6844830000
9124.5498050000 -6.9303060000 2.6831480000
9125.2197270000 -6.9230360000 2.6818160000
9125.8896480000 -6.9157960000 2.6804820000
9126.5595700000 -6.9086070000 2.6791500000
9127.2304690000 -6.9014390000 2.6778140000
9127.9101560000 -6.8942200000 2.6764610000
9128.5800780000 -6.8871520000 2.6751300000
9129.2500000000 -6.8801220000 2.6737990000
9129.9199220000 -6.8731200000 2.6724650000
9130.5898440000 -6.8661660000 2.6711340000
9131.2695310000 -6.8591400000 2.6697820000
9131.9404300000 -6.8522410000 2.6684470000
9132.6103520000 -6.8453960000 2.6671170000
9133.2900390000 -6.8384800000 2.6657650000
9133.9599610000 -6.8317070000 2.6644340000
9134.6298830000 -6.8249570000 2.6631030000
9135.2998050000 -6.8182510000 2.6617730000
9135.9804690000 -6.8114650000 2.6604190000
9136.6503910000 -6.8048250000 2.6590900000
9137.3203130000 -6.7982090000 2.6577590000
9138.0000000000 -6.7915410000 2.6564100000
9138.6699220000 -6.7849890000 2.6550790000
9139.3398440000 -6.7784770000 2.6537490000
9140.0195310000 -6.7718950000 2.6524000000
9140.6904300000 -6.7654260000 2.6510670000
9141.3701170000 -6.7589140000 2.6497190000
9142.0400390000 -6.7525150000 2.6483890000
9142.7099610000 -6.7461530000 2.6470600000
9143.3896480000 -6.7397220000 2.6457110000
9144.0595700000 -6.7334180000 2.6443830000
9144.7402340000 -6.7270350000 2.6430320000
9145.4101560000 -6.7207780000 2.6417030000
9146.0898440000 -6.7144690000 2.6403560000
9146.7597660000 -6.7082670000 2.6390270000
9147.4404300000 -6.7020040000 2.6376780000
9148.1103520000 -6.6958550000 2.6363500000
9148.7900390000 -6.6896460000 2.6350010000
9149.4599610000 -6.6835580000 2.6336750000
9150.1396480000 -6.6774010000 2.6323270000
9254.6845700000 -5.9281740000 2.4269530000
9435.6367190000 -5.0465880000 2.0798650000
9620.1269530000 -4.3771820000 1.7366410000
9808.2246090000 -3.8274610000 1.3974430000
10000.0000000000 -3.3601940000 1.0624440000
10195.5253900000 -2.9522340000 0.7316070000
10394.8730500000 -2.5972980000 0.4048440000
10598.1191400000 -2.2842620000 0.0827140000
10805.3388700000 -2.0071280000 9.7654220000
11016.6103500000 -1.7613930000 9.4531690000
11232.0127000000 -1.6403100000 9.1528530000
11451.6259800000 -1.4521380000 8.8712720000
11675.5341800000 -1.2836890000 8.5968150000
11903.8203100000 -1.1535790000 8.3318610000
12136.5693400000 -1.0201740000 8.0756560000
12373.8701200000 -0.9003770000 7.8266370000
12615.8105500000 -0.7930680000 7.5846290000
12862.4814500000 -0.6970800000 7.3494580000
13113.9746100000 -0.6113900000 7.1209550000
13370.3857400000 -0.5350910000 6.8989520000
13631.8105500000 -0.4673800000 6.6832880000
13898.3466800000 -0.4075350000 6.4738020000
14170.0937500000 -0.3549120000 6.2703390000
14447.1543000000 -0.3089260000 6.0727430000
14729.6328100000 -0.2690500000 5.8808670000
15017.6337900000 -0.2348060000 5.6945620000
15311.2666000000 -0.2057580000 5.5136850000
15610.6396500000 -0.1860560000 5.3381460000
15915.8671900000 -0.1662870000 5.1681950000
16227.0615200000 -0.1505750000 5.0032620000
16544.3418000000 -0.1386140000 4.8432130000
16867.8242200000 -0.1301240000 4.6879160000
17197.6328100000 -0.1292280000 4.5372930000
17533.8906300000 -0.1269800000 4.3915920000
17876.7207000000 -0.1274440000 4.2502710000
18226.2558600000 -0.1319830000 4.1132740000
18582.6250000000 -0.1373240000 3.9805250000
18945.9628900000 -0.1448030000 3.8518080000
19316.4023400000 -0.1542610000 3.7270100000
19694.0878900000 -0.1655510000 3.6060180000
20079.1562500000 -0.1785370000 3.4887260000
20471.7539100000 -0.1930940000 3.3750290000
20872.0273400000 -0.2091090000 3.2648240000
21280.1289100000 -0.2264760000 3.1580090000
21696.2070300000 -0.2450970000 3.0544900000
22120.4238300000 -0.2648850000 2.9541700000
22552.9335900000 -0.2857600000 2.8569570000
22993.8984400000 -0.3076500000 2.7627630000
23443.4882800000 -0.3304890000 2.6714980000
23901.8671900000 -0.3542220000 2.5830780000
24369.2070300000 -0.3787980000 2.4974210000
24845.6875000000 -0.4041770000 2.4144440000
25331.4824200000 -0.4303260000 2.3340710000
25826.7753900000 -0.4572270000 2.2562250000
26331.7539100000 -0.4848820000 2.1808300000
26846.6054700000 -0.5130600000 2.1080040000
27371.5234400000 -0.5411770000 2.0379630000
27906.7070300000 -0.5698420000 1.9701570000
28452.3515600000 -0.5990310000 1.9045200000
29008.6660200000 -0.6286650000 1.8409830000
29575.8593800000 -0.6588740000 1.7794810000
30154.1406300000 -0.6896160000 1.7199530000
30743.7304700000 -0.7209070000 1.6623370000
31344.8476600000 -0.7527710000 1.6065740000
31957.7168000000 -0.7852400000 1.5526080000
32582.5703100000 -0.8183540000 1.5003820000
33219.6406300000 -0.8521650000 1.4498420000
33869.1679700000 -0.8871870000 1.4009400000
34531.3945300000 -0.9226100000 1.3536450000
35206.5703100000 -0.9589480000 1.3078860000
35894.9492200000 -0.9965730000 1.2636150000
36596.7851600000 -1.0350930000 1.2207910000
37312.3437500000 -1.0758100000 1.1793710000
38041.8906300000 -1.1171290000 1.1393470000
38785.7070300000 -1.1601470000 1.1006320000
39544.0625000000 -1.2067560000 1.0632220000
40317.2500000000 -1.2540460000 1.0270870000
41105.5546900000 -1.3039990000 0.9921440000
41909.2695300000 -1.3571040000 0.9583540000
42728.6992200000 -1.4139760000 0.9256810000
43564.1523400000 -1.4754020000 0.8940880000
44415.9414100000 -1.5424110000 0.8635400000
45284.3867200000 -1.6163940000 0.8340040000
46169.8085900000 -1.6992410000 0.8054470000
47072.5429700000 -1.7936550000 0.7778370000
47992.9296900000 -1.9036680000 0.7511440000
48931.3125000000 -2.0356560000 0.7253380000
49888.0429700000 -2.2005510000 0.7003900000
50834.1015600000 -2.4117970000 0.6769800000
50854.8984400000 -2.4172090000 0.6764790000
50863.4765600000 -2.4194530000 0.6762730000
50875.8007800000 -2.4226900000 0.6759760000
50896.6992200000 -2.4282120000 0.6754740000
50917.6015600000 -2.4337780000 0.6749720000
50938.5000000000 -2.4393850000 0.6744700000
50959.5000000000 -2.4450630000 0.6739670000
50980.3984400000 -2.4507590000 0.6734670000
51001.3984400000 -2.4565270000 0.6729650000
51022.3984400000 -2.4623410000 0.6724630000
51043.3984400000 -2.4682030000 0.6719620000
51064.3984400000 -2.4741110000 0.6714620000
51085.3984400000 -2.4800680000 0.6709620000
51106.5000000000 -2.4861030000 0.6704600000
51127.6015600000 -2.4921890000 0.6699590000
51148.6992200000 -2.4983260000 0.6694590000
51169.8007800000 -2.5045140000 0.6689590000
51190.8984400000 -2.5107550000 0.6684590000
51212.0000000000 -2.5170510000 0.6679600000
51233.1992200000 -2.5234310000 0.6674600000
51254.3984400000 -2.5298670000 0.6669600000
51275.6015600000 -2.5363620000 0.6664600000
51296.8007800000 -2.5429150000 0.6659610000
51318.0000000000 -2.5495250000 0.6654630000
51339.3007800000 -2.5562290000 0.6649630000
51360.5000000000 -2.5629610000 0.6644660000
51381.8007800000 -2.5697900000 0.6639670000
51403.1015600000 -2.5766820000 0.6634680000
51424.3984400000 -2.5836390000 0.6629710000
51445.8007800000 -2.5906960000 0.6624710000
51467.1015600000 -2.5977890000 0.6619740000
51488.5000000000 -2.6049830000 0.6614760000
51509.8984400000 -2.6122490000 0.6609780000
51531.3007800000 -2.6195880000 0.6604810000
51552.6992200000 -2.6270010000 0.6599840000
51574.1992200000 -2.6345240000 0.6594850000
51595.6015600000 -2.6420900000 0.6589900000
51617.1015600000 -2.6497700000 0.6584920000
51638.6015600000 -2.6575320000 0.6579960000
51660.1015600000 -2.6653750000 0.6574990000
51681.6992200000 -2.6733380000 0.6570010000
51703.1992200000 -2.6813510000 0.6565060000
51724.8007800000 -2.6894920000 0.6560090000
51746.3984400000 -2.6977220000 0.6555130000
51768.0000000000 -2.7060450000 0.6550170000
51789.6015600000 -2.7144620000 0.6545220000
51811.3007800000 -2.7230170000 0.6540260000
51832.8984400000 -2.7316280000 0.6535320000
51854.6015600000 -2.7403850000 0.6530360000
51857.9843800000 -2.7417580000 0.6529590000
51876.3007800000 -2.7492440000 0.6525410000
51898.0000000000 -2.7582090000 0.6520460000
51919.6992200000 -2.7672860000 0.6515520000
51941.5000000000 -2.7765170000 0.6510570000
51963.3007800000 -2.7858630000 0.6505610000
51985.0000000000 -2.7952840000 0.6500690000
52006.8984400000 -2.8049120000 0.6495730000
52028.6992200000 -2.8146240000 0.6490800000
52050.5000000000 -2.8244630000 0.6485870000
52072.3984400000 -2.8344790000 0.6480920000
52094.3007800000 -2.8446310000 0.6475980000
52116.1992200000 -2.8549230000 0.6471050000
52138.1015600000 -2.8653570000 0.6466120000
52160.0000000000 -2.8759390000 0.6461200000
52182.0000000000 -2.8867210000 0.6456260000
52203.8984400000 -2.8976100000 0.6451350000
52225.8984400000 -2.9087090000 0.6446420000
52247.8984400000 -2.9199740000 0.6441500000
52270.0000000000 -2.9314640000 0.6436560000
52292.0000000000 -2.9430770000 0.6431650000
52314.1015600000 -2.9549260000 0.6426720000
52336.1992200000 -2.9669620000 0.6421800000
52358.3007800000 -2.9791930000 0.6416880000
52380.3984400000 -2.9916240000 0.6411970000
52402.5000000000 -3.0042640000 0.6407070000
52424.6992200000 -3.0171740000 0.6402150000
52446.8007800000 -3.0302500000 0.6397250000
52469.0000000000 -3.0436150000 0.6392340000
52491.3007800000 -3.0572800000 0.6387420000
52513.5000000000 -3.0711290000 0.6382520000
52535.6992200000 -3.0852330000 0.6377630000
52558.0000000000 -3.0996700000 0.6372720000
52580.3007800000 -3.1143850000 0.6367820000
52602.6015600000 -3.1293870000 0.6362920000
52624.8984400000 -3.1446850000 0.6358030000
52647.3007800000 -3.1603700000 0.6353120000
52669.6015600000 -3.1763060000 0.6348240000
52692.0000000000 -3.1926520000 0.6343340000
52714.3984400000 -3.2093490000 0.6338450000
52736.8984400000 -3.2264970000 0.6333550000
52759.3007800000 -3.2439520000 0.6328670000
52781.8007800000 -3.2618890000 0.6323770000
52804.1992200000 -3.2801690000 0.6318910000
52826.6992200000 -3.2989730000 0.6314020000
52849.3007800000 -3.3183310000 0.6309120000
52871.8007800000 -3.3380910000 0.6304250000
52871.9375000000 -3.3382130000 0.6304220000
52894.3007800000 -3.3583670000 0.6299380000
52916.8984400000 -3.3792680000 0.6294500000
52939.5000000000 -3.4007500000 0.6289620000
52962.1015600000 -3.4228360000 0.6284750000
52984.8007800000 -3.4456620000 0.6279870000
53007.3984400000 -3.4690570000 0.6275010000
53030.1015600000 -3.4932880000 0.6270130000
53052.8007800000 -3.5182750000 0.6265260000
53075.5000000000 -3.5440820000 0.6260400000
53098.1992200000 -3.5707530000 0.6255540000
53121.0000000000 -3.5984770000 0.6250670000
53143.6992200000 -3.6270740000 0.6245820000
53166.5000000000 -3.6568670000 0.6240960000
53189.3007800000 -3.6878130000 0.6236100000
53212.1992200000 -3.7201450000 0.6231230000
53235.0000000000 -3.7536860000 0.6226380000
53257.8984400000 -3.7888410000 0.6221520000
53280.8007800000 -3.8256000000 0.6216670000
53303.6992200000 -3.8641110000 0.6211820000
53326.6015600000 -3.9045520000 0.6206980000
53349.5000000000 -3.9470980000 0.6202140000
53372.5000000000 -3.9922070000 0.6197290000
53395.5000000000 -4.0399490000 0.6192440000
53418.5000000000 -4.0906510000 0.6187600000
53441.5000000000 -4.1447040000 0.6182760000
53464.6015600000 -4.2028200000 0.6177910000
53487.6015600000 -4.2650550000 0.6173090000
53510.6992200000 -4.3326580000 0.6168250000
53533.8007800000 -4.4062780000 0.6163410000
53557.0000000000 -4.4873990000 0.6158570000
53580.1015600000 -4.5768710000 0.6153740000
53603.3007800000 -4.6775170000 0.6148910000
53626.3984400000 -4.7913360000 0.6144100000
53649.6992200000 -4.9241980000 0.6139250000
53672.8984400000 -5.0811070000 0.6134430000
53696.1015600000 -5.2737770000 0.6129610000
53719.3984400000 -5.5241960000 0.6124780000
53742.6992200000 -5.8795670000 0.6119960000
53766.0000000000 -6.4953910000 0.6115140000
53789.3007800000 -9.4135450000 3.3523240000
53812.6015600000 -6.4351390000 3.3500950000
53836.0000000000 -5.8399910000 3.3478590000
53859.3984400000 -5.4875790000 3.3456260000
53882.8007800000 -5.2359650000 3.3433940000
53905.7187500000 -5.0436160000 3.3412100000
53906.1992200000 -5.0399940000 3.3411640000
53929.6992200000 -4.8787030000 3.3389270000
53953.1992200000 -4.7420160000 3.3366920000
53976.6015600000 -4.6238100000 3.3344680000
54000.1015600000 -4.5188710000 3.3322370000
54023.6992200000 -4.4244650000 3.3299990000
54047.1992200000 -4.3392890000 3.3277720000
54070.8007800000 -4.2610680000 3.3255380000
54094.3984400000 -4.1890280000 3.3233060000
54118.0000000000 -4.1222300000 3.3210750000
54141.6015600000 -4.0599630000 3.3188470000
54165.3007800000 -4.0014050000 3.3166110000
54189.0000000000 -3.9463520000 3.3143780000
54212.6992200000 -3.8943860000 3.3121460000
54236.3984400000 -3.8451890000 3.3099170000
54260.1015600000 -3.7984540000 3.3076900000
54283.8984400000 -3.7537890000 3.3054550000
54307.6015600000 -3.7113280000 3.3032320000
54331.3984400000 -3.6705630000 3.3010020000
54355.3007800000 -3.6313300000 3.2987640000
54379.1015600000 -3.5938350000 3.2965370000
54403.0000000000 -3.5576350000 3.2943030000
54426.8007800000 -3.5229210000 3.2920810000
54450.6992200000 -3.4893060000 3.2898520000
54474.6992200000 -3.4567130000 3.2876150000
54498.6015600000 -3.4253430000 3.2853890000
54522.6015600000 -3.3948530000 3.2831560000
54546.6015600000 -3.3653200000 3.2809260000
54570.6015600000 -3.3366780000 3.2786970000
54594.6015600000 -3.3088810000 3.2764710000
54618.6992200000 -3.2817650000 3.2742370000
54642.6992200000 -3.2555060000 3.2720150000
54666.8007800000 -3.2298490000 3.2697850000
54690.8984400000 -3.2048700000 3.2675580000
54715.1015600000 -3.1804240000 3.2653230000
54739.1992200000 -3.1566930000 3.2631000000
54763.3984400000 -3.1334440000 3.2608700000
54787.6015600000 -3.1107410000 3.2586410000
54811.8007800000 -3.0885690000 3.2564150000
54836.1015600000 -3.0668130000 3.2541820000
54860.3007800000 -3.0456250000 3.2519600000
54884.6015600000 -3.0248130000 3.2497310000
54908.8984400000 -3.0044470000 3.2475040000
54933.1992200000 -2.9844990000 3.2452790000
54957.6015600000 -2.9648780000 3.2430460000
54959.7109400000 -2.9632040000 3.2428540000
54982.0000000000 -2.9456570000 3.2408170000
55006.3984400000 -2.9268100000 3.2385890000
55030.8007800000 -2.9083230000 3.2363630000
55055.1992200000 -2.8901880000 3.2341390000
55079.6992200000 -2.8723140000 3.2319090000
55104.1992200000 -2.8547700000 3.2296800000
55128.6992200000 -2.8375370000 3.2274540000
55153.1992200000 -2.8206100000 3.2252300000
55177.6992200000 -2.8039730000 3.2230070000
55202.3007800000 -2.7875530000 3.2207780000
55226.8984400000 -2.7714100000 3.2185510000
55251.5000000000 -2.7555320000 3.2163260000
55276.1015600000 -2.7399110000 3.2141030000
55300.8007800000 -2.7244770000 3.2118730000
55325.5000000000 -2.7092870000 3.2096450000
55350.1992200000 -2.6943330000 3.2074190000
55374.8984400000 -2.6796090000 3.2051960000
55399.6015600000 -2.6651020000 3.2029740000
55424.3984400000 -2.6507550000 3.2007460000
55449.1992200000 -2.6366190000 3.1985200000
55474.0000000000 -2.6226870000 3.1962960000
55498.8007800000 -2.6089510000 3.1940740000
55523.6992200000 -2.5953560000 3.1918450000
55548.5000000000 -2.5820030000 3.1896280000
55573.3984400000 -2.5687800000 3.1874030000
55598.3984400000 -2.5556830000 3.1851720000
55623.3007800000 -2.5428120000 3.1829510000
55648.3007800000 -2.5300620000 3.1807240000
55673.3007800000 -2.5174760000 3.1784990000
55698.3007800000 -2.5050550000 3.1762770000
55723.3007800000 -2.4927900000 3.1740560000
55748.3984400000 -2.4806330000 3.1718290000
55773.3984400000 -2.4686730000 3.1696120000
55798.5000000000 -2.4568120000 3.1673890000
55823.6992200000 -2.4450500000 3.1651590000
55848.8007800000 -2.4334750000 3.1629400000
55874.0000000000 -2.4219930000 3.1607140000
55899.1992200000 -2.4106470000 3.1584910000
55924.3984400000 -2.3994320000 3.1562700000
55949.6015600000 -2.3883470000 3.1540500000
55974.8984400000 -2.3773450000 3.1518240000
56000.1992200000 -2.3664670000 3.1496010000
56025.5000000000 -2.3557100000 3.1473790000
56034.3085900000 -2.3519930000 3.1466060000
56050.8007800000 -2.3450730000 3.1451600000
56076.1015600000 -2.3345520000 3.1429420000
56101.5000000000 -2.3241050000 3.1407180000
56126.8984400000 -2.3137710000 3.1384970000
56152.3007800000 -2.3035450000 3.1362770000
56177.8007800000 -2.2933890000 3.1340510000
56203.1992200000 -2.2833790000 3.1318360000
56228.6992200000 -2.2734320000 3.1296140000
56254.1992200000 -2.2635880000 3.1273940000
56279.8007800000 -2.2538060000 3.1251680000
56305.3007800000 -2.2441610000 3.1229520000
56330.8984400000 -2.2345770000 3.1207300000
56356.5000000000 -2.2250870000 3.1185100000
56382.1015600000 -2.2156900000 3.1162920000
56407.8007800000 -2.2063560000 3.1140680000
56433.5000000000 -2.1972750000 3.1118470000
56459.1992200000 -2.1879070000 3.1096270000
56484.8984400000 -2.1788420000 3.1074090000
56510.6015600000 -2.1698540000 3.1051930000
56536.3984400000 -2.1609150000 3.1029720000
56562.1992200000 -2.1520590000 3.1007520000
56588.0000000000 -2.1432830000 3.0985340000
56613.8984400000 -2.1345550000 3.0963100000
56639.6992200000 -2.1259400000 3.0940970000
56665.6015600000 -2.1173680000 3.0918770000
56691.5000000000 -2.1088730000 3.0896590000
56717.3984400000 -2.1004540000 3.0874440000
56743.3984400000 -2.0920780000 3.0852230000
56769.3984400000 -2.0837740000 3.0830030000
56795.3984400000 -2.0755420000 3.0807860000
56821.3984400000 -2.0673820000 3.0785700000
56847.5000000000 -2.0592600000 3.0763490000
56873.6015600000 -2.0512080000 3.0741300000
56899.6992200000 -2.0432240000 3.0719120000
56925.8007800000 -2.0353070000 3.0696970000
56951.8984400000 -2.0274570000 3.0674850000
56978.1015600000 -2.0196400000 3.0652650000
57004.3007800000 -2.0118890000 3.0630490000
57030.5000000000 -2.0042020000 3.0608340000
57056.8007800000 -1.9965470000 3.0586130000
57083.0000000000 -1.9889830000 3.0564030000
57109.3007800000 -1.9814510000 3.0541860000
57129.9218800000 -1.9755890000 3.0524500000
57135.6015600000 -1.9739800000 3.0519720000
57162.0000000000 -1.9665400000 3.0497510000
57188.3984400000 -1.9591580000 3.0475330000
57214.6992200000 -1.9518630000 3.0453250000
57241.1992200000 -1.9445680000 3.0431030000
57267.6015600000 -1.9373570000 3.0408910000
57294.1015600000 -1.9301750000 3.0386720000
57320.5000000000 -1.9230760000 3.0364650000
57347.1015600000 -1.9159750000 3.0342430000
57373.6015600000 -1.9089570000 3.0320320000
57400.1992200000 -1.9019640000 3.0298140000
58246.9531300000 -1.7033530000 2.9603660000
59385.8281300000 -1.4912300000 2.8703360000
60546.9687500000 -1.3187610000 2.7823400000
61730.8125000000 -1.1746760000 2.6963570000
62937.8046900000 -1.0520690000 2.6123670000
64168.3984400000 -0.9463760000 2.5303480000
65423.0507800000 -0.8544090000 2.4502780000
66702.2343800000 -0.7738480000 2.3721340000
68006.4296900000 -0.7029420000 2.2958930000
69336.1250000000 -0.6403380000 2.2215310000
70691.8203100000 -0.5963910000 2.1502670000
72074.0234400000 -0.5478950000 2.0819750000
73483.2500000000 -0.5046970000 2.0156890000
74920.0312500000 -0.4661820000 1.9513570000
76384.9062500000 -0.4318300000 1.8889260000
77878.4218800000 -0.4011980000 1.8283430000
79401.1406300000 -0.3739030000 1.7695610000
80953.6328100000 -0.3495740000 1.7125980000
82536.4765600000 -0.3279330000 1.6573730000
84150.2734400000 -0.3087530000 1.6037940000
85795.6250000000 -0.2918090000 1.5518180000
87473.1406300000 -0.2769010000 1.5014020000
89183.4609400000 -0.2638500000 1.4525000000
90927.2187500000 -0.2524950000 1.4050740000
92705.0781300000 -0.2426910000 1.3590810000
94517.6953100000 -0.2343090000 1.3144830000
96365.7500000000 -0.2272290000 1.2712410000
98249.9453100000 -0.2213440000 1.2293180000
100170.9766000000 -0.2165540000 1.1886760000
102129.5703000000 -0.2127720000 1.1492800000
104126.4609000000 -0.2099140000 1.1110950000
106162.3906000000 -0.2079050000 1.0740870000
108238.1328000000 -0.2094650000 1.0383170000
110354.4609000000 -0.2090420000 1.0038730000
112512.1641000000 -0.2092480000 0.9705250000
114712.0547000000 -0.2100250000 0.9382390000
116954.9688000000 -0.2113250000 0.9069820000
119241.7266000000 -0.2131010000 0.8767230000
121573.2031000000 -0.2153090000 0.8474330000
123950.2656000000 -0.2179100000 0.8190800000
126373.8047000000 -0.2208670000 0.7916380000
128844.7266000000 -0.2241460000 0.7650770000
131363.9688000000 -0.2277160000 0.7393700000
133932.4531000000 -0.2315480000 0.7144920000
136551.1719000000 -0.2356150000 0.6904160000
139221.0938000000 -0.2398910000 0.6671190000
141943.2188000000 -0.2443540000 0.6445750000
144718.5625000000 -0.2489830000 0.6227620000
147548.1719000000 -0.2537570000 0.6016580000
150433.1094000000 -0.2586580000 0.5812390000
153374.4531000000 -0.2636690000 0.5614850000
156373.2969000000 -0.2687740000 0.5423750000
159430.7969000000 -0.2739590000 0.5238890000
162548.0625000000 -0.2792090000 0.5060080000
165726.2813000000 -0.2845130000 0.4887120000
168966.6406000000 -0.2898580000 0.4719840000
172270.3750000000 -0.2952350000 0.4558050000
175638.6875000000 -0.3006320000 0.4401580000
179072.8594000000 -0.3060410000 0.4250270000
182574.1875000000 -0.3114540000 0.4103950000
186143.9688000000 -0.3168620000 0.3962460000
189783.5469000000 -0.3222590000 0.3825660000
193494.2969000000 -0.3276360000 0.3693390000
197277.5938000000 -0.3329910000 0.3565510000
201134.8594000000 -0.3383150000 0.3441890000
205067.5469000000 -0.3436040000 0.3322380000
209077.1406000000 -0.3488530000 0.3206850000
213165.1250000000 -0.3540590000 0.3095180000
217333.0313000000 -0.3592170000 0.2987240000
221582.4375000000 -0.3643240000 0.2882920000
225914.9219000000 -0.3693760000 0.2782100000
230332.1250000000 -0.3743710000 0.2684670000
234835.7031000000 -0.3854640000 0.2591900000
239427.3281000000 -0.3903010000 0.2504470000
244108.7344000000 -0.3950580000 0.2420030000
248881.6719000000 -0.3997330000 0.2338490000
253747.9219000000 -0.4043250000 0.2259730000
258709.3281000000 -0.4088350000 0.2183660000
263767.7500000000 -0.4132600000 0.2110200000
268925.0625000000 -0.4176020000 0.2039250000
274183.2188000000 -0.4218610000 0.1970710000
279544.1875000000 -0.4260360000 0.1904520000
285010.0000000000 -0.4301280000 0.1840580000
290582.6563000000 -0.4341360000 0.1778830000
296264.2500000000 -0.4380620000 0.1719180000
302056.9688000000 -0.4419070000 0.1661560000
307962.9375000000 -0.4456690000 0.1605910000
313984.3750000000 -0.4493510000 0.1552150000
320123.5625000000 -0.4529530000 0.1500210000
326382.7813000000 -0.4564760000 0.1450050000
332764.3750000000 -0.4599210000 0.1401580000
339270.7500000000 -0.4632890000 0.1354770000
345904.3438000000 -0.4665800000 0.1309540000
352667.6563000000 -0.4697950000 0.1265850000
359563.1875000000 -0.4729370000 0.1223640000
366593.5625000000 -0.4760050000 0.1182870000
373761.3750000000 -0.4790010000 0.1143470000
381069.3438000000 -0.4819260000 0.1105410000
388520.2188000000 -0.4847810000 0.1068640000
396116.7500000000 -0.4875680000 0.1033110000
403861.8125000000 -0.4902870000 0.0998790000
411758.3438000000 -0.4929390000 0.0965620000
419809.2500000000 -0.4955270000 0.0933580000
428017.5625000000 -0.4980500000 0.0902620000
436386.3750000000 -0.5005110000 0.0872700000
444918.8125000000 -0.5029100000 0.0843790000
453618.0938000000 -0.5052480000 0.0815860000
462487.4688000000 -0.5075280000 0.0788870000
471530.2500000000 -0.5097490000 0.0762790000
480749.8438000000 -0.5119140000 0.0737590000
490149.7188000000 -0.5140220000 0.0713240000
499733.3750000000 -0.5160770000 0.0689700000
509504.4063000000 -0.5180780000 0.0666960000
519466.5000000000 -0.5200270000 0.0644980000
529623.3750000000 -0.5219240000 0.0623740000
539978.8125000000 -0.5237720000 0.0603220000
550536.7500000000 -0.5255710000 0.0583380000
561301.1250000000 -0.5273220000 0.0564210000
572276.0000000000 -0.5290270000 0.0545680000
583465.4375000000 -0.5306850000 0.0527770000
594873.6250000000 -0.5323000000 0.0510460000
606504.8750000000 -0.5338710000 0.0493730000
618363.5625000000 -0.5353990000 0.0477560000
630454.1250000000 -0.5368860000 0.0461930000
642781.1250000000 -0.5383320000 0.0446830000
655349.0625000000 -0.5397390000 0.0432230000
668162.8125000000 -0.5411070000 0.0418110000
681227.0625000000 -0.5424370000 0.0404470000
694546.7500000000 -0.5437310000 0.0391280000
