30.0000000000 -64.4242780000 4.7439540000
30.5865750000 -58.2155950000 2.7713810000
31.1846200000 -54.6710820000 0.9967730000
31.7943570000 -52.3226590000 9.3994830000
32.4160160000 -50.6676410000 7.9612120000
33.0498310000 -49.4656450000 6.6657030000
33.6960370000 -48.5807880000 5.4985470000
34.3548770000 -47.9276920000 4.4469070000
35.0266040000 -47.4490390000 3.4993740000
35.7114600000 -47.1044390000 2.6458030000
36.4097100000 -46.8644140000 1.8771410000
37.1216090000 -46.7068940000 1.1853260000
37.8474310000 -46.6149940000 0.5631560000
38.5874440000 -46.5756110000 0.0042070000
39.3419230000 -46.5784420000 9.5027440000
40.1111560000 -46.6153070000 9.0536320000
40.8954320000 -46.6796570000 8.6522890000
41.6950380000 -46.7662240000 8.2946130000
42.5102810000 -46.8707390000 7.9769290000
43.3414650000 -46.9897380000 7.6959550000
44.1888960000 -47.1203990000 7.4487510000
45.0529020000 -47.2604260000 7.2326830000
45.9338000000 -47.4079320000 7.0453980000
46.8319210000 -47.5613980000 6.8847890000
47.7476010000 -47.7195700000 6.7489720000
48.6811870000 -47.8814430000 6.6362660000
49.6330260000 -48.0462840000 6.5451680000
50.6034740000 -48.2131810000 6.4743410000
51.5928990000 -48.3818930000 6.4225940000
52.6016690000 -48.5519290000 6.3888710000
53.6301650000 -48.7230000000 6.3722360000
54.6787680000 -48.8949090000 6.3718660000
55.7478750000 -49.0675510000 6.3870350000
56.8378870000 -49.2409290000 6.4171130000
57.9492070000 -49.4151690000 6.4615510000
59.0822600000 -49.5906070000 6.5198780000
60.2374690000 -49.7759170000 6.6225390000
61.4152600000 -49.9349750000 6.7091900000
62.6160810000 -50.1007420000 6.8087860000
63.8403850000 -50.2680660000 6.9211110000
65.0886230000 -50.4360430000 7.0460010000
66.3612670000 -50.6043550000 7.1833420000
67.6587980000 -50.7728810000 7.3330650000
68.9816970000 -50.9415780000 7.4951460000
70.3304600000 -51.1104240000 7.6696000000
71.7055970000 -51.2794340000 7.8564880000
73.1076200000 -51.4486200000 8.0559020000
74.5370640000 -51.6180110000 8.2679720000
75.9944460000 -51.7876280000 8.4928650000
77.4803310000 -51.9574930000 8.7307820000
78.9952620000 -52.1276280000 8.9819560000
80.5398180000 -52.2980160000 9.2466530000
82.1145710000 -46.7065540000 9.3789780000
83.7201160000 -46.6364400000 9.4906790000
85.3570560000 -46.5617680000 9.6030150000
87.0260010000 -46.4826580000 9.7157280000
88.7275770000 -46.3992540000 9.8285660000
90.4624250000 -46.3116910000 9.9412850000
92.2311940000 -46.2201230000 0.0536530000
94.0345380000 -46.1247180000 0.1654400000
95.8731540000 -46.0256460000 0.2764270000
97.7477110000 -45.9231000000 0.3864010000
99.6589200000 -45.8172800000 0.4951560000
101.6075060000 -45.7084010000 0.6024920000
103.5941850000 -45.5966990000 0.7082140000
105.6197130000 -45.4824300000 0.8121350000
107.6848450000 -45.3658680000 0.9140730000
109.7903520000 -45.2473140000 1.0138520000
111.9370270000 -45.1270940000 1.1113020000
114.1256790000 -45.0055770000 1.2062600000
116.3571170000 -44.8831630000 1.2985650000
118.6321950000 -44.7002110000 1.3866210000
120.9517520000 -44.5770840000 1.4699540000
123.3166580000 -44.4546740000 1.5501790000
125.7278060000 -44.3336410000 1.6271550000
128.1860960000 -44.2147370000 1.7007490000
130.6924590000 -44.0988540000 1.7708330000
133.2478330000 -43.9870490000 1.8372850000
135.8531490000 -43.8805960000 1.8999890000
138.5094300000 -43.7810520000 1.9588370000
141.2176360000 -43.6903420000 2.0137230000
143.9787900000 -43.6109280000 2.0645520000
146.7939300000 -43.5459860000 2.1112320000
149.6641240000 -43.4997410000 2.1536780000
152.5904390000 -43.4779660000 2.1918130000
155.5739590000 -43.4888310000 2.2255650000
158.6158140000 -43.5443270000 2.2548680000
161.7171480000 -43.6629870000 2.2796650000
164.8791350000 -43.8752020000 2.2999050000
168.1029360000 -46.7520100000 6.6046540000
171.3897710000 -43.6859550000 6.2391010000
174.7408600000 -42.7480510000 5.9109160000
178.1574860000 -42.8798750000 8.3394970000
181.6409150000 -41.1017190000 7.8435630000
185.1924440000 -40.1168790000 7.3958490000
188.8134160000 -39.4097560000 6.9900440000
192.5051880000 -38.8574070000 6.6206650000
196.2691500000 -38.4057540000 6.2829480000
200.1067050000 -38.0250050000 5.9727560000
204.0192870000 -37.6966820000 5.6864830000
208.0083770000 -37.4084890000 5.4209860000
212.0754700000 -37.1518710000 5.1735220000
216.2220760000 -36.9206810000 4.9417020000
220.4497530000 -36.7104190000 4.7234360000
224.7601010000 -36.5177380000 4.5169010000
229.1547240000 -36.3401570000 4.3205060000
233.6352690000 -36.1758230000 4.1328610000
238.2034300000 -36.0233800000 3.9527540000
242.8609010000 -35.9183500000 3.7806560000
247.6094360000 -35.7879830000 3.6146160000
252.4508210000 -35.6674390000 3.4534240000
257.3868710000 -35.5565910000 3.2963880000
262.4194340000 -35.4555440000 3.1429090000
267.5503850000 -35.3646320000 2.9924770000
272.7816770000 -35.2844510000 2.8446530000
278.1152340000 -35.2159190000 2.6990680000
283.5530700000 -35.1603390000 2.5554150000
289.0972600000 -35.1195560000 2.4134360000
294.7498170000 -35.0962520000 2.2729290000
300.5129390000 -35.0943300000 2.1337320000
306.3887020000 -35.1197780000 1.9957280000
312.3793640000 -35.1822780000 1.8588320000
318.4871830000 -35.2986870000 1.7229990000
324.7143860000 -35.4397090000 2.7805960000
331.0633850000 -35.0818370000 2.6649160000
337.5364990000 -34.8774680000 2.5501390000
344.1361690000 -34.7351230000 2.4363200000
350.8648990000 -34.6320110000 2.3235370000
357.7251890000 -34.5609550000 2.2118950000
364.7196040000 -34.5219540000 2.1015260000
371.8508000000 -34.4968030000 2.3249650000
379.1213990000 -34.3538320000 2.2255060000
386.5341800000 -34.2619740000 2.1278860000
394.0918880000 -34.1971240000 2.0323300000
401.7973630000 -34.1530460000 1.9390930000
409.6535340000 -34.1277500000 1.8484580000
417.6632690000 -34.1211130000 1.7607410000
425.8296200000 -34.1343540000 1.6762910000
434.1556700000 -34.1702120000 1.5954920000
442.6445010000 -34.2338030000 1.5187730000
451.2993160000 -34.5494840000 1.9682130000
460.1233520000 -34.3072090000 1.9055820000
469.1199040000 -34.2443470000 1.8484440000
478.2923890000 -34.2301710000 1.7974280000
487.6441960000 -34.2454450000 1.7532370000
497.1788640000 -34.2838020000 1.7166510000
506.8999330000 -34.3426090000 1.6885370000
516.8110960000 -34.4207760000 1.6698630000
526.9160770000 -34.5179860000 1.6617090000
537.2185670000 -34.6343690000 1.6652850000
547.7225340000 -34.7703740000 1.6819510000
558.4318850000 -34.5816840000 1.7072680000
569.3506470000 -34.7506100000 1.7444280000
580.4828490000 -34.9416010000 1.7993970000
591.8327640000 -35.1558230000 1.8743490000
603.4046020000 -35.3945960000 1.9717460000
615.2026370000 -35.6593930000 2.0943880000
627.2313840000 -35.9518390000 2.2454610000
639.4953610000 -36.2737350000 2.4286030000
651.9990840000 -36.6270450000 2.6479700000
664.7473140000 -37.0139160000 2.9083270000
677.7447510000 -32.1098980000 3.0552620000
690.9963990000 -32.1735690000 3.0988920000
704.5070800000 -32.2548520000 3.1573270000
718.2819820000 -28.8698370000 3.0784070000
732.3261720000 -28.7402570000 2.9647130000
746.6450200000 -28.6186790000 2.8454210000
761.2437740000 -28.5057870000 2.7205640000
776.1279910000 -28.4023000000 2.5901930000
791.3032230000 -28.3089940000 2.4543790000
806.7752080000 -28.2266940000 2.3132100000
822.5496830000 -28.1562840000 2.1667980000
838.6325680000 -28.0987190000 2.0152660000
855.0299680000 -28.0550310000 1.8587640000
871.7479250000 -28.0263400000 1.6974510000
888.7927860000 -28.0138850000 1.5315070000
906.1708980000 -28.0190280000 1.3611280000
923.8888550000 -28.0432910000 1.1865240000
941.9531860000 -28.0884020000 1.0079210000
960.3707280000 -28.1563360000 0.8255560000
979.1483760000 -28.2494010000 0.6396780000
998.2931520000 -28.3703580000 0.4505470000
1017.8123170000 -28.5463920000 0.2883220000
1037.7131350000 -28.7543770000 0.1289990000
1058.0029300000 -28.9954700000 9.9698760000
1078.6895750000 -29.2742100000 9.8110100000
1099.7806400000 -29.5962680000 9.6524580000
1121.2841800000 -29.9688610000 9.4942770000
1143.2080080000 -30.4016840000 9.3365300000
1165.5606690000 -30.9068530000 9.1792650000
1188.3502200000 -31.5022180000 9.0225400000
1211.5854490000 -32.2134930000 8.8664050000
1235.2750240000 -33.0804330000 8.7109130000
1259.4277340000 -34.1692850000 8.5561160000
1284.0527340000 -35.6144790000 8.4021810000
1309.1591800000 -37.6424980000 8.2496790000
1334.7564700000 -40.8812030000 8.0981130000
1360.8542480000 -47.2547070000 7.9475290000
1387.4624020000 -66.2337720000 7.7979700000
1414.5908200000 -95.8662720000 2.5906830000
1442.2495120000 -35.5903890000 2.9623110000
1470.4492190000 5.0436540000 6.3618010000
1499.2000730000 8.5473880000 2.8099370000
1528.5131840000 -2.2663640000 3.5605830000
1558.3995360000 -11.2329380000 5.7828650000
1588.8701170000 -18.0258940000 2.3011590000
1619.9365230000 -23.5546400000 0.6303990000
1651.6103520000 -28.6020180000 9.8459900000
1683.9034420000 -33.8247950000 9.6131990000
1716.8280030000 -39.9276920000 9.8835240000
1750.3962400000 -47.9300650000 0.8523990000
1784.6208500000 -59.7772830000 3.1240770000
1819.5146480000 -78.6870800000 2.9957900000
1855.0908200000 -40.7778400000 6.9391170000
1891.3624270000 -17.5472720000 0.0683020000
1928.3432620000 -16.5732380000 9.1162200000
1966.0472410000 -16.1370790000 8.2171460000
2004.4884030000 -17.3916850000 7.3682310000
2043.6811520000 -14.6414560000 8.3855290000
2083.6401370000 -13.6878760000 7.5334910000
2124.3806150000 -13.0600790000 6.7408370000
2165.9174800000 -12.6918180000 6.0044650000
2208.2666020000 -13.3288830000 6.5041870000
2251.4438480000 -11.6446900000 5.8527790000
2295.4653320000 -10.9882440000 5.2552910000
2340.3474120000 -10.4825640000 4.7115540000
2386.1069340000 -9.3073890000 4.1249030000
2432.7612300000 -8.8640300000 3.5228270000
2480.3278810000 -8.4701560000 2.9485170000
2528.8244630000 -8.1164600000 2.4020210000
2578.2692870000 -7.7960200000 1.8836780000
2628.6809080000 -7.1278800000 1.3637030000
2680.0783690000 -6.8184790000 0.8199920000
2732.4804690000 -6.5353390000 0.2904610000
2785.9074710000 -6.2765080000 9.7748030000
2840.3789060000 -5.9169270000 9.2674920000
2895.9152830000 -5.6433300000 8.7597690000
2952.5378420000 -5.3788780000 8.2516540000
3010.2673340000 -5.2093470000 7.7542800000
3069.1254880000 -5.0300450000 7.2745690000
3129.1347660000 -4.8666300000 6.8058970000
3190.3171390000 -4.7209540000 6.3481270000
3252.6958010000 -4.5871990000 5.9010730000
3316.2941890000 -4.4665360000 5.4645180000
3381.1359860000 -4.3626240000 5.0383880000
3447.2456050000 -4.2665400000 4.6224030000
3514.6479490000 -4.1814390000 4.2163620000
3583.3681640000 -4.1067380000 3.8200730000
3653.4318850000 -4.0479080000 3.4336160000
3724.8657230000 -3.9929250000 3.0569720000
3797.6960450000 -3.9467890000 2.6896090000
3871.9506840000 -3.9090730000 2.3313350000
3947.6569820000 -3.8793890000 1.9819650000
4024.8435060000 -3.8649550000 1.6414490000
4103.5390630000 -3.8507110000 1.3101880000
4183.7739260000 -3.8434520000 0.9873550000
4265.5771480000 -3.8429080000 0.6727710000
4348.9794920000 -3.8488380000 0.3662600000
4434.0131840000 -3.8644720000 0.0677250000
4520.7089840000 -3.8828820000 9.7772050000
4609.1005860000 -3.9071860000 9.4942520000
4699.2197270000 -3.9372560000 9.2187040000
4791.1015630000 -3.9729940000 8.9503870000
4884.7792970000 -4.0143340000 8.6891390000
4980.2890630000 -4.0612410000 8.4347980000
5077.6660160000 -4.1137170000 8.1872040000
5176.9472660000 -4.1718000000 7.9462000000
5278.1694340000 -4.2355710000 7.7116330000
5381.3710940000 -4.3051560000 7.4833540000
5486.5903320000 -4.3807330000 7.2612110000
5593.8666990000 -4.4625370000 7.0450620000
5703.2412110000 -4.5508760000 6.8347620000
5814.7534180000 -4.6461340000 6.6301730000
5928.4467770000 -4.7487920000 6.4311570000
6044.3627930000 -4.8640210000 6.2376180000
6162.5449220000 -4.9906860000 6.0496790000
6283.0380860000 -5.1196160000 5.8671300000
6405.8872070000 -5.2669570000 5.6900070000
6531.1386720000 -5.4186990000 5.5178280000
6658.8383790000 -5.5843930000 5.3504190000
6789.0356450000 -5.7663440000 5.1876560000
6921.7783200000 -5.9718250000 5.0294670000
7057.1162110000 -6.1962880000 4.8757760000
7195.1005860000 -6.4494540000 4.7263880000
7335.7827150000 -6.7390420000 4.5811930000
7479.2158200000 -7.0764880000 4.4400840000
7625.4531250000 -7.4797700000 4.3029580000
7774.5498050000 -7.9796680000 4.1697090000
7926.5620120000 -8.6472830000 4.0405640000
8081.5458980000 -9.6044360000 3.9154300000
8239.5605470000 -11.4113850000 3.7938770000
8282.7402340000 -12.3789380000 3.7616670000
8283.2900390000 -12.3945990000 3.7612600000
8283.8496090000 -12.4106800000 3.7608450000
8284.4003910000 -12.4266060000 3.7604370000
8284.9501950000 -12.4426540000 3.7600300000
8285.5097660000 -12.4591050000 3.7596150000
8286.0595700000 -12.4753720000 3.7592080000
8286.6201170000 -12.4921090000 3.7587930000
8287.1699220000 -12.5086340000 3.7583870000
8287.7197270000 -12.5253170000 3.7579800000
8288.2802730000 -12.5424560000 3.7575650000
8288.8300780000 -12.5593790000 3.7571580000
8289.3896480000 -12.5767660000 3.7567440000
8289.9404300000 -12.5940280000 3.7563370000
8290.4902340000 -12.6113700000 3.7559300000
8291.0498050000 -12.6291910000 3.7555170000
8291.5996090000 -12.6468250000 3.7551110000
8292.1601560000 -12.6649790000 3.7546960000
8292.7099610000 -12.6829460000 3.7542900000
8293.2695310000 -12.7013510000 3.7538770000
8293.8203130000 -12.7196630000 3.7534690000
8294.3798830000 -12.7384220000 3.7530560000
8294.9296880000 -12.7569930000 3.7526500000
8295.4902340000 -12.7761210000 3.7522370000
8296.0400390000 -12.7950270000 3.7518310000
8296.5996090000 -12.8144690000 3.7514180000
8297.1503910000 -12.8337900000 3.7510110000
8297.7099610000 -12.8535920000 3.7505980000
8298.2597660000 -12.8732050000 3.7501930000
8298.8203130000 -12.8934160000 3.7497790000
8299.3701170000 -12.9134040000 3.7493740000
8299.9296880000 -12.9339680000 3.7489610000
8300.4804690000 -12.9544130000 3.7485550000
8301.0400390000 -12.9753460000 3.7481430000
8301.5996090000 -12.9965220000 3.7477310000
8302.1503910000 -13.0175830000 3.7473240000
8302.7099610000 -13.0391510000 3.7469130000
8303.2597660000 -13.0606050000 3.7465080000
8303.8203130000 -13.0826920000 3.7460940000
8304.3798830000 -13.1049370000 3.7456830000
8304.9296880000 -13.1270690000 3.7452780000
8305.4902340000 -13.1498630000 3.7448650000
8306.0498050000 -13.1728270000 3.7444540000
8306.5996090000 -13.1956830000 3.7440490000
8307.1601560000 -13.2192310000 3.7436370000
8307.7197270000 -13.2430020000 3.7432250000
8308.2695310000 -13.2665890000 3.7428210000
8308.8300780000 -13.2909410000 3.7424090000
8309.3896480000 -13.3155340000 3.7419970000
8309.9404300000 -13.3399880000 3.7415920000
8310.5000000000 -13.3651580000 3.7411810000
8311.0595700000 -13.3906310000 3.7407700000
8311.6103520000 -13.4159700000 3.7403650000
8312.1699220000 -13.4420630000 3.7399540000
8312.7304690000 -13.4685250000 3.7395420000
8313.2900390000 -13.4952300000 3.7391320000
8313.8398440000 -13.5218550000 3.7387280000
8314.4003910000 -13.5493370000 3.7383160000
8314.9599610000 -13.5770830000 3.7379060000
8315.5195310000 -13.6052440000 3.7374950000
8316.0703130000 -13.6333430000 3.7370910000
8316.6298830000 -13.6622140000 3.7366810000
8317.1904300000 -13.6915830000 3.7362690000
8317.7500000000 -13.7213130000 3.7358590000
8318.3095700000 -13.7514630000 3.7354490000
8318.8603520000 -13.7815230000 3.7350450000
8319.4199220000 -13.8125450000 3.7346350000
8319.9804690000 -13.8440790000 3.7342240000
8320.5400390000 -13.8760340000 3.7338140000
8321.0996090000 -13.9084190000 3.7334040000
8321.6601560000 -13.9414170000 3.7329930000
8322.2099610000 -13.9743030000 3.7325900000
8322.7695310000 -14.0082290000 3.7321810000
8323.3300780000 -14.0428230000 3.7317710000
8323.8896480000 -14.0779280000 3.7313610000
8324.4501950000 -14.1136810000 3.7309510000
8325.0097660000 -14.1499200000 3.7305410000
8325.5703130000 -14.1869110000 3.7301310000
8326.1298830000 -14.2244910000 3.7297220000
8326.6904300000 -14.2628110000 3.7293120000
8327.2402340000 -14.3010270000 3.7289100000
8327.7998050000 -14.3406910000 3.7285010000
8328.3603520000 -14.3811750000 3.7280910000
8328.9199220000 -14.4223710000 3.7276820000
8329.4804690000 -14.4643760000 3.7272730000
8330.0400390000 -14.5072250000 3.7268640000
8330.5996090000 -14.5509500000 3.7264540000
8331.1601560000 -14.5956660000 3.7260450000
8331.7197270000 -14.6411790000 3.7256370000
8332.2802730000 -14.6878430000 3.7252270000
8332.8398440000 -14.7354670000 3.7248190000
8333.4003910000 -14.7842580000 3.7244100000
8333.9599610000 -14.8340160000 3.7240020000
8334.5195310000 -14.8850460000 3.7235930000
8335.0800780000 -14.9374120000 3.7231840000
8335.6396480000 -14.9909990000 3.7227760000
8336.2001950000 -15.0459610000 3.7223680000
8336.7597660000 -15.1023690000 3.7219590000
8337.3203130000 -15.1604030000 3.7215500000
8337.8798830000 -15.2199490000 3.7211430000
8338.4501950000 -15.2823590000 3.7207270000
8339.0097660000 -15.3454400000 3.7203190000
8339.5703130000 -15.4104320000 3.7199110000
8340.1298830000 -15.4774520000 3.7195030000
8340.6904300000 -15.5467530000 3.7190950000
8341.2500000000 -15.6182400000 3.7186870000
8341.8095700000 -15.6920600000 3.7182800000
8342.3701170000 -15.7687710000 3.7178720000
8342.9296880000 -15.8481830000 3.7174650000
8343.5000000000 -15.9322150000 3.7170500000
8344.0595700000 -16.0180230000 3.7166420000
8344.6201170000 -16.1073930000 3.7162350000
8345.1796880000 -16.2006340000 3.7158280000
8345.7402340000 -16.2982650000 3.7154200000
8346.2998050000 -16.4003520000 3.7150130000
8346.8701170000 -16.5095770000 3.7145990000
8347.4296880000 -16.6222570000 3.7141920000
8347.9902340000 -16.7415680000 3.7137850000
8348.5498050000 -16.8676410000 3.7133780000
8349.1103520000 -17.0017700000 3.7129710000
8349.6796880000 -17.1470450000 3.7125570000
8350.2402340000 -17.3003620000 3.7121500000
8350.7998050000 -17.4648040000 3.7117440000
8351.3603520000 -17.6434150000 3.7113370000
8351.9296880000 -17.8412250000 3.7109240000
8352.4902340000 -18.0554890000 3.7105170000
8353.0498050000 -18.2928680000 3.7101110000
8353.6103520000 -18.5594770000 3.7097050000
8354.1796880000 -18.8690850000 3.7092920000
8354.7402340000 -19.2244220000 3.7088850000
8355.2998050000 -19.6487180000 3.7084790000
8355.8701170000 -20.1877160000 3.7080660000
8356.4296880000 -20.8904230000 3.7076600000
8356.9902340000 -21.9348720000 3.7072540000
8357.5595700000 -24.0767480000 3.7068410000
8358.1201170000 -25.0792350000 0.5844770000
8358.6796880000 -22.3080830000 0.5825650000
8359.2500000000 -21.1043620000 0.5806190000
8359.8095700000 -20.3430040000 0.5787100000
8360.3701170000 -19.7784080000 0.5768020000
8360.9404300000 -19.3217850000 0.5748600000
8361.5000000000 -18.9500850000 0.5729550000
8362.0703130000 -18.6265110000 0.5710150000
8362.6298830000 -18.3492160000 0.5691140000
8363.1904300000 -18.1024680000 0.5672100000
8363.7597660000 -17.8772770000 0.5652790000
8364.3203130000 -17.6758440000 0.5633780000
8364.8896480000 -17.4885080000 0.5614500000
8365.4501950000 -17.3185730000 0.5595550000
8366.0195310000 -17.1581520000 0.5576300000
8366.5800780000 -17.0107400000 0.5557350000
8367.1396480000 -16.8727470000 0.5538440000
8367.7099610000 -16.7404730000 0.5519210000
8368.2695310000 -16.6178740000 0.5500340000
8368.8398440000 -16.4995750000 0.5481120000
8369.4003910000 -16.3892750000 0.5462270000
8369.9697270000 -16.2824460000 0.5443120000
8370.5302730000 -16.1820220000 0.5424280000
8371.0996090000 -16.0845030000 0.5405160000
8371.6601560000 -15.9924640000 0.5386340000
8372.2304690000 -15.9026130000 0.5367220000
8372.7900390000 -15.8178110000 0.5348460000
8373.3603520000 -15.7346240000 0.5329370000
8373.9296880000 -15.6545700000 0.5310330000
8374.4902340000 -15.5785700000 0.5291610000
8375.0595700000 -15.5038530000 0.5272600000
8375.6201170000 -15.4326370000 0.5253890000
8376.1904300000 -15.3624760000 0.5234860000
8376.7500000000 -15.2956960000 0.5216210000
8377.3203130000 -15.2296660000 0.5197220000
8377.8896480000 -15.1656470000 0.5178280000
8378.4501950000 -15.1043440000 0.5159640000
8379.0195310000 -15.0437880000 0.5140720000
8379.5898440000 -14.9847400000 0.5121790000
8380.1503910000 -14.9281710000 0.5103200000
8380.7197270000 -14.8721720000 0.5084320000
8381.2802730000 -14.8184560000 0.5065780000
8381.8496090000 -14.7651240000 0.5046950000
8382.4199220000 -14.7129570000 0.5028090000
8382.9804690000 -14.6628320000 0.5009570000
8383.5498050000 -14.6130710000 0.4990770000
8384.1201170000 -14.5643220000 0.4971950000
8384.6904300000 -14.5166200000 0.4953160000
8385.2500000000 -14.4707730000 0.4934720000
8385.8203130000 -14.4250210000 0.4915940000
8386.3896480000 -14.3802690000 0.4897220000
8386.9501950000 -14.3370580000 0.4878800000
8387.5195310000 -14.2940310000 0.4860110000
8388.0898440000 -14.2517540000 0.4841390000
8388.6601560000 -14.2102690000 0.4822700000
8389.2197270000 -14.1703580000 0.4804390000
8389.7900390000 -14.1303580000 0.4785730000
8390.3603520000 -14.0910680000 0.4767070000
8390.9296880000 -14.0525290000 0.4748470000
8391.5000000000 -14.0145250000 0.4729810000
8392.0595700000 -13.9779670000 0.4711580000
8392.6298830000 -13.9412750000 0.4692980000
8393.2001950000 -13.9051830000 0.4674410000
8393.7695310000 -13.8697300000 0.4655880000
8394.3398440000 -13.8347800000 0.4637330000
8394.9003910000 -13.8009470000 0.4619100000
8395.4697270000 -13.7671180000 0.4600610000
8396.0400390000 -13.7337470000 0.4582100000
8396.6103520000 -13.7008740000 0.4563610000
8397.1796880000 -13.6685390000 0.4545160000
8397.7500000000 -13.6366190000 0.4526700000
8398.3203130000 -13.6051560000 0.4508250000
8398.8896480000 -13.5741880000 0.4489850000
8399.4501950000 -13.5441080000 0.4471740000
8400.0195310000 -13.5139850000 0.4453360000
8400.5898440000 -13.4842200000 0.4434970000
8400.6640630000 -13.4803670000 0.4432570000
8401.1601560000 -13.4548520000 0.4416600000
8401.7304690000 -13.4258750000 0.4398230000
8402.2998050000 -13.3973220000 0.4379920000
8402.8701170000 -13.3690900000 0.4361580000
8403.4404300000 -13.3412180000 0.4343260000
8404.0097660000 -13.3137440000 0.4324990000
8404.5800780000 -13.2865640000 0.4306700000
8405.1503910000 -13.2597190000 0.4288430000
8405.7197270000 -13.2332440000 0.4270190000
8406.2900390000 -13.2070430000 0.4251950000
8406.8603520000 -13.1811530000 0.4233710000
8407.4296880000 -13.1556100000 0.4215530000
8408.0000000000 -13.1303220000 0.4197320000
8408.5703130000 -13.1053230000 0.4179130000
8409.1396480000 -13.0806500000 0.4160990000
8409.7099610000 -13.0562130000 0.4142830000
8410.2802730000 -13.0320490000 0.4124680000
8410.8496090000 -13.0081900000 0.4106580000
8411.4199220000 -12.9845520000 0.4088460000
8411.9902340000 -12.9611690000 0.4070360000
8412.5595700000 -12.9380740000 0.4052310000
8413.1298830000 -12.9151850000 0.4034220000
8413.7001950000 -12.8925350000 0.4016160000
8414.2802730000 -12.8697480000 0.3997810000
8414.8496090000 -12.8476050000 0.3979820000
8415.4199220000 -12.8256500000 0.3961790000
8415.9902340000 -12.8039170000 0.3943800000
8416.5595700000 -12.7824350000 0.3925830000
8417.1298830000 -12.7611320000 0.3907860000
8417.7001950000 -12.7400370000 0.3889890000
8418.2695310000 -12.7191820000 0.3871970000
8418.8496090000 -12.6981140000 0.3853710000
8419.4199220000 -12.6776260000 0.3835800000
8419.9902340000 -12.6573310000 0.3817890000
8420.5595700000 -12.6372610000 0.3800030000
8421.1298830000 -12.6173450000 0.3782160000
8421.7099610000 -12.5972830000 0.3764000000
8422.2802730000 -12.5777330000 0.3746150000
8422.8496090000 -12.5583930000 0.3728340000
8423.4199220000 -12.5391950000 0.3710530000
8423.9902340000 -12.5201670000 0.3692720000
8424.5703130000 -12.5009950000 0.3674630000
8425.1396480000 -12.4823360000 0.3656880000
8425.7099610000 -12.4638080000 0.3639130000
8426.2802730000 -12.4454400000 0.3621370000
8426.8603520000 -12.4268960000 0.3603320000
8427.4296880000 -12.4088740000 0.3585620000
8428.0000000000 -12.3909740000 0.3567910000
8428.5800780000 -12.3729280000 0.3549930000
8429.1503910000 -12.3553280000 0.3532250000
8429.7197270000 -12.3379010000 0.3514610000
8430.2900390000 -12.3205880000 0.3496960000
8430.8701170000 -12.3031290000 0.3479030000
8431.4404300000 -12.2860970000 0.3461410000
8432.0097660000 -12.2692260000 0.3443830000
8432.5898440000 -12.2521730000 0.3425940000
8433.1601560000 -12.2354630000 0.3408360000
8433.7402340000 -12.2217110000 0.3390470000
8434.3095700000 -12.2053310000 0.3372960000
8434.8798830000 -12.1890840000 0.3355420000
8435.4599610000 -12.1727000000 0.3337600000
8436.0302730000 -12.1567120000 0.3320090000
8436.5996090000 -12.1408710000 0.3302630000
8437.1796880000 -12.1248630000 0.3284850000
8437.7500000000 -12.1092370000 0.3267390000
8438.3300780000 -12.0934690000 0.3249650000
8438.9003910000 -12.0780750000 0.3232210000
8439.4804690000 -12.0625160000 0.3214460000
8440.0498050000 -12.0473750000 0.3197090000
8564.9189450000 -10.1226070000 9.9702790000
8732.3837890000 -9.1325120000 9.5914570000
8903.1240230000 -8.7781510000 9.2964740000
9077.2021480000 -8.8733350000 9.0137000000
9164.3398440000 -9.3036680000 8.8754440000
9165.0195310000 -9.3092490000 8.8743740000
9165.6904300000 -9.3148040000 8.8733200000
9166.3701170000 -9.3204920000 8.8722500000
9167.0498050000 -9.3262240000 8.8711810000
9167.7304690000 -9.3320280000 8.8701100000
9168.4101560000 -9.3378800000 8.8690400000
9169.0800780000 -9.3436970000 8.8679870000
9169.7597660000 -9.3496620000 8.8669180000
9170.4404300000 -9.3556920000 8.8658470000
9171.1201170000 -9.3617650000 8.8647790000
9171.7998050000 -9.3679060000 8.8637100000
9172.4697270000 -9.3740200000 8.8626570000
9173.1503910000 -9.3802800000 8.8615880000
9173.8300780000 -9.3866040000 8.8605190000
9174.5097660000 -9.3929920000 8.8594500000
9175.1904300000 -9.3994430000 8.8583820000
9175.8701170000 -9.4059590000 8.8573140000
9176.5498050000 -9.4125400000 8.8562460000
9177.2304690000 -9.4191990000 8.8551760000
9177.9101560000 -9.4259060000 8.8541100000
9178.5898440000 -9.4326930000 8.8530430000
9179.2695310000 -9.4395480000 8.8519740000
9179.9501950000 -9.4464760000 8.8509070000
9180.6298830000 -9.4534760000 8.8498400000
9181.3095700000 -9.4605480000 8.8487730000
9181.9902340000 -9.4677070000 8.8477050000
9182.6699220000 -9.4749200000 8.8466400000
9183.3496090000 -9.4822210000 8.8455720000
9184.0302730000 -9.4896110000 8.8445040000
9184.7099610000 -9.4970590000 8.8434390000
9185.3896480000 -9.5045990000 8.8423730000
9186.0703130000 -9.5122320000 8.8413050000
9186.7500000000 -9.5199380000 8.8402400000
9187.4296880000 -9.5277180000 8.8391740000
9188.1103520000 -9.5356070000 8.8381070000
9188.7900390000 -9.5435730000 8.8370420000
9189.4697270000 -9.5516190000 8.8359780000
9190.1503910000 -9.5597770000 8.8349100000
9190.8300780000 -9.5680180000 8.8338450000
9191.5097660000 -9.5763530000 8.8327800000
9192.2001950000 -9.5849160000 8.8316980000
9192.8798830000 -9.5934360000 8.8306350000
9193.5595700000 -9.6020680000 8.8295710000
9194.2402340000 -9.6108140000 8.8285050000
9194.9199220000 -9.6196400000 8.8274410000
9195.6103520000 -9.6287230000 8.8263610000
9196.2900390000 -9.6377770000 8.8252960000
9196.9697270000 -9.6469410000 8.8242320000
9197.6503910000 -9.6562190000 8.8231680000
9198.3300780000 -9.6656100000 8.8221040000
9199.0195310000 -9.6752530000 8.8210260000
9199.7001950000 -9.6848960000 8.8199610000
9200.3798830000 -9.6946500000 8.8188970000
9201.0595700000 -9.7045130000 8.8178350000
9201.7500000000 -9.7146720000 8.8167550000
9202.4296880000 -9.7248090000 8.8156930000
9203.1103520000 -9.7350920000 8.8146290000
9203.7998050000 -9.7456450000 8.8135500000
9204.4804690000 -9.7561910000 8.8124880000
9205.1601560000 -9.7668800000 8.8114250000
9205.8496090000 -9.7778670000 8.8103480000
9206.5302730000 -9.7888670000 8.8092840000
9207.2099610000 -9.7999890000 8.8082240000
9207.9003910000 -9.8114580000 8.8071450000
9208.5800780000 -9.8229130000 8.8060840000
9209.2695310000 -9.8346960000 8.8050070000
9209.9501950000 -9.8465010000 8.8039440000
9210.6298830000 -9.8584450000 8.8028830000
9211.3203130000 -9.8707710000 8.8018050000
9212.0000000000 -9.8830920000 8.8007450000
9212.6904300000 -9.8957920000 8.7996670000
9213.3701170000 -9.9084920000 8.7986060000
9214.0595700000 -9.9215690000 8.7975300000
9214.7402340000 -9.9346680000 8.7964700000
9215.4296880000 -9.9481610000 8.7953940000
9216.1103520000 -9.9617000000 8.7943330000
9216.7998050000 -9.9756340000 8.7932570000
9217.4804690000 -9.9896190000 8.7921950000
9218.1699220000 -10.0040190000 8.7911210000
9218.8496090000 -10.0184370000 8.7900620000
9219.5400390000 -10.0333500000 8.7889860000
9220.2197270000 -10.0482910000 8.7879270000
9220.9101560000 -10.0637290000 8.7868510000
9221.5898440000 -10.0792040000 8.7857910000
9222.2802730000 -10.0952010000 8.7847160000
9222.9697270000 -10.1114700000 8.7836420000
9223.6503910000 -10.1278140000 8.7825830000
9224.3398440000 -10.1446990000 8.7815090000
9225.0302730000 -10.1619340000 8.7804340000
9225.7099610000 -10.1792370000 8.7793750000
9226.4003910000 -10.1971560000 8.7783000000
9227.0898440000 -10.2154110000 8.7772270000
9227.7695310000 -10.2337830000 8.7761700000
9228.4599610000 -10.2528250000 8.7750950000
9229.1503910000 -10.2722730000 8.7740210000
9229.8300780000 -10.2918100000 8.7729640000
9230.5195310000 -10.3120830000 8.7718920000
9231.2099610000 -10.3328400000 8.7708180000
9231.8896480000 -10.3537470000 8.7697610000
9232.5800780000 -10.3754690000 8.7686870000
9233.2695310000 -10.3976780000 8.7676150000
9233.9599610000 -10.4204590000 8.7665410000
9234.6503910000 -10.4438050000 8.7654690000
9235.3300780000 -10.4673410000 8.7644140000
9236.0195310000 -10.4918570000 8.7633420000
9236.7099610000 -10.5170560000 8.7622690000
9237.4003910000 -10.5429400000 8.7611970000
9238.0898440000 -10.5695060000 8.7601250000
9238.7695310000 -10.5964450000 8.7590690000
9239.4599610000 -10.6245930000 8.7579980000
9240.1503910000 -10.6535840000 8.7569260000
9240.8398440000 -10.6834270000 8.7558550000
9241.5302730000 -10.7142560000 8.7547830000
9242.2197270000 -10.7460450000 8.7537130000
9242.9101560000 -10.7789450000 8.7526410000
9243.5996090000 -10.8129350000 8.7515720000
9244.2802730000 -10.8476420000 8.7505160000
9244.9697270000 -10.8841230000 8.7494470000
9245.6601560000 -10.9220460000 8.7483760000
9246.3496090000 -10.9614120000 8.7473060000
9247.0400390000 -11.0024490000 8.7462360000
9247.7304690000 -11.0452330000 8.7451650000
9248.4199220000 -11.0898500000 8.7440960000
9249.1103520000 -11.1365950000 8.7430260000
9249.7998050000 -11.1855260000 8.7419570000
9250.4902340000 -11.2370010000 8.7408870000
9251.1796880000 -11.2911320000 8.7398190000
9251.8701170000 -11.3483630000 8.7387490000
9252.5595700000 -11.4088790000 8.7376800000
9253.2500000000 -11.4732600000 8.7366100000
9253.9404300000 -11.5419100000 8.7355410000
9254.6298830000 -11.6153150000 8.7344730000
9254.6845700000 -11.6213280000 8.7343890000
9255.3300780000 -11.6955340000 8.7333900000
9256.0195310000 -11.7810620000 8.7323220000
9256.7099610000 -11.8743220000 8.7312530000
9257.4003910000 -11.9766530000 8.7301850000
9258.0898440000 -12.0898070000 8.7291170000
9258.7802730000 -12.2166890000 8.7280480000
9259.4697270000 -12.3605780000 8.7269820000
9260.1601560000 -12.5271950000 8.7259140000
9260.8603520000 -12.7276160000 8.7248310000
9261.5498050000 -12.9700770000 8.7237640000
9262.2402340000 -13.2839300000 8.7226960000
9262.9296880000 -13.7271900000 8.7216300000
9263.6201170000 -14.4907940000 8.7205630000
9264.3203130000 -18.3717190000 2.1634040000
9265.0097660000 -14.4581600000 2.1616990000
9265.7001950000 -13.7106990000 2.1599930000
9266.3896480000 -13.2693720000 2.1582900000
9267.0898440000 -12.9503370000 2.1565610000
9267.7802730000 -12.7056880000 2.1548560000
9268.4697270000 -12.5053640000 2.1531530000
9269.1601560000 -12.3352570000 2.1514490000
9269.8603520000 -12.1856230000 2.1497220000
9270.5498050000 -12.0554040000 2.1480210000
9271.2402340000 -11.9384830000 2.1463170000
9271.9404300000 -11.8310940000 2.1445910000
9272.6298830000 -11.7343790000 2.1428920000
9273.3203130000 -11.6451030000 2.1411900000
9274.0195310000 -11.5612940000 2.1394670000
9274.7099610000 -11.4841180000 2.1377660000
9275.4101560000 -11.4108230000 2.1360430000
9276.0996090000 -11.3429080000 2.1343440000
9276.7900390000 -11.2786720000 2.1326450000
9277.4902340000 -11.2169060000 2.1309190000
9278.1796880000 -11.1591870000 2.1292230000
9278.8798830000 -11.1033740000 2.1275010000
9279.5703130000 -11.0508130000 2.1258030000
9280.2695310000 -10.9998950000 2.1240840000
9280.9599610000 -10.9516780000 2.1223870000
9281.6503910000 -10.9053580000 2.1206890000
9282.3496090000 -10.8602440000 2.1189720000
9283.0400390000 -10.8173080000 2.1172760000
9283.7402340000 -10.7753110000 2.1155570000
9284.4296880000 -10.7353450000 2.1138640000
9285.1298830000 -10.6960950000 2.1121450000
9285.8300780000 -10.6580450000 2.1104250000
9286.5195310000 -10.6217580000 2.1087330000
9287.2197270000 -10.5860100000 2.1070170000
9287.9101560000 -10.5517610000 2.1053230000
9288.6103520000 -10.5180030000 2.1036070000
9289.2998050000 -10.4856510000 2.1019170000
9290.0000000000 -10.4536670000 2.1002020000
9290.7001950000 -10.4225050000 2.0984870000
9291.3896480000 -10.3925730000 2.0967980000
9292.0898440000 -10.3629210000 2.0950830000
9292.7900390000 -10.3339330000 2.0933680000
9293.4804690000 -10.3060360000 2.0916780000
9294.1796880000 -10.2784250000 2.0899670000
9294.8798830000 -10.2513860000 2.0882540000
9295.5703130000 -10.2252860000 2.0865650000
9296.2695310000 -10.1994120000 2.0848560000
9296.9697270000 -10.1740370000 2.0831440000
9297.6601560000 -10.1495080000 2.0814570000
9298.3603520000 -10.1250930000 2.0797440000
9299.0595700000 -10.1012150000 2.0780360000
9299.7597660000 -10.0777560000 2.0763260000
9300.4501950000 -10.0550420000 2.0746400000
9301.1503910000 -10.0324300000 2.0729320000
9301.8496090000 -10.0102490000 2.0712260000
9302.5498050000 -9.9884260000 2.0695180000
9303.2402340000 -9.9672670000 2.0678330000
9303.9404300000 -9.9461450000 2.0661240000
9304.6396480000 -9.9254280000 2.0644190000
9305.3398440000 -9.9050210000 2.0627130000
9306.0400390000 -9.8849380000 2.0610070000
9306.7402340000 -9.8651700000 2.0593010000
9307.4404300000 -9.8456810000 2.0575930000
9308.1298830000 -9.8267980000 2.0559150000
9308.8300780000 -9.8079120000 2.0542110000
9309.5302730000 -9.7893030000 2.0525060000
9310.2304690000 -9.7709620000 2.0508030000
9310.9296880000 -9.7529070000 2.0491020000
9311.6298830000 -9.7350550000 2.0473970000
9312.3300780000 -9.7174740000 2.0456940000
9313.0302730000 -9.7001320000 2.0439930000
9313.7304690000 -9.6830220000 2.0422910000
9314.4296880000 -9.6661620000 2.0405920000
9315.1298830000 -9.6494730000 2.0388890000
9315.8300780000 -9.6330220000 2.0371890000
9316.5302730000 -9.6167800000 2.0354890000
9317.2304690000 -9.6007390000 2.0337900000
9317.9296880000 -9.5849180000 2.0320930000
9318.6298830000 -9.5692460000 2.0303920000
9319.3300780000 -9.5537830000 2.0286940000
9320.0302730000 -9.5385040000 2.0269960000
9320.7304690000 -9.5234030000 2.0252980000
9321.4296880000 -9.5084960000 2.0236030000
9322.1298830000 -9.4937190000 2.0219050000
9322.8300780000 -9.4791280000 2.0202080000
9323.5302730000 -9.4646990000 2.0185130000
9324.2304690000 -9.4504290000 2.0168170000
9324.9404300000 -9.4361040000 2.0150970000
9325.6396480000 -9.4221610000 2.0134050000
9326.3398440000 -9.4083470000 2.0117110000
9327.0400390000 -9.3946790000 2.0100160000
9327.7402340000 -9.3811330000 2.0083210000
9328.4404300000 -9.3677450000 2.0066280000
9329.1503910000 -9.3543140000 2.0049120000
9329.8496090000 -9.3412140000 2.0032220000
9330.5498050000 -9.3282090000 2.0015290000
9331.2500000000 -9.3153490000 1.9998380000
9331.9501950000 -9.3026140000 1.9981460000
9332.6601560000 -9.2898310000 1.9964330000
9333.3603520000 -9.2773240000 1.9947400000
9334.0595700000 -9.2649680000 1.9930530000
9334.7597660000 -9.2527100000 1.9913640000
9335.4697270000 -9.2403850000 1.9896500000
9336.1699220000 -9.2283540000 1.9879610000
9336.8701170000 -9.2164320000 1.9862730000
9337.5800780000 -9.2044560000 1.9845620000
9338.2802730000 -9.1927310000 1.9828730000
9338.9804690000 -9.1811260000 1.9811860000
9339.6904300000 -9.1694650000 1.9794760000
9340.3896480000 -9.1580770000 1.9777930000
9341.0898440000 -9.1467560000 1.9761050000
9341.7998050000 -9.1353940000 1.9743970000
9342.5000000000 -9.1242800000 1.9727120000
9343.2099610000 -9.1130940000 1.9710020000
9343.9101560000 -9.1021650000 1.9693170000
9344.6103520000 -9.0913260000 1.9676340000
9345.3203130000 -9.0804140000 1.9659260000
9346.0195310000 -9.0697650000 1.9642450000
9346.7304690000 -9.0590290000 1.9625380000
9347.4296880000 -9.0485510000 1.9608570000
9348.1396480000 -9.0379840000 1.9591510000
9348.8398440000 -9.0276560000 1.9574700000
9349.5498050000 -9.0172550000 1.9557640000
9350.2500000000 -9.0070860000 1.9540830000
9350.9599610000 -8.9968590000 1.9523800000
9351.6601560000 -8.9868450000 1.9507010000
9352.3701170000 -8.9767580000 1.9489970000
9353.0703130000 -8.9668940000 1.9473180000
9353.7802730000 -8.9569580000 1.9456140000
9354.4902340000 -8.9471080000 1.9439130000
9355.1904300000 -8.9374620000 1.9422360000
9355.9003910000 -8.9277430000 1.9405340000
9356.5996090000 -8.9182490000 1.9388590000
9357.3095700000 -8.9086820000 1.9371600000
9435.6367190000 -8.1381440000 1.7520630000
9620.1269530000 -7.3843340000 1.3347130000
9649.3398440000 -7.3754880000 1.2709130000
9650.0898440000 -7.3758730000 1.2692810000
9650.8398440000 -7.3762930000 1.2676530000
9651.5898440000 -7.3767480000 1.2660250000
9652.3398440000 -7.3772400000 1.2643950000
9653.0898440000 -7.3777690000 1.2627670000
9653.8496090000 -7.3783420000 1.2611170000
9654.5996090000 -7.3789450000 1.2594900000
9655.3496090000 -7.3795870000 1.2578620000
9656.0996090000 -7.3802670000 1.2562360000
9656.8496090000 -7.3809870000 1.2546080000
9657.6103520000 -7.3817560000 1.2529600000
9658.3603520000 -7.3825560000 1.2513330000
9659.1103520000 -7.3833960000 1.2497090000
9659.8603520000 -7.3842780000 1.2480830000
9660.6201170000 -7.3852130000 1.2464390000
9661.3701170000 -7.3861800000 1.2448130000
9662.1201170000 -7.3871890000 1.2431910000
9662.8701170000 -7.3882430000 1.2415660000
9663.6298830000 -7.3893540000 1.2399230000
9664.3798830000 -7.3904980000 1.2382990000
9665.1298830000 -7.3916850000 1.2366780000
9665.8896480000 -7.3929370000 1.2350350000
9666.6396480000 -7.3942190000 1.2334150000
9667.4003910000 -7.3955690000 1.2317700000
9668.1503910000 -7.3969480000 1.2301500000
9668.9003910000 -7.3983770000 1.2285290000
9669.6601560000 -7.3998770000 1.2268870000
9670.4101560000 -7.4014060000 1.2252680000
9671.1699220000 -7.4030100000 1.2236280000
9671.9199220000 -7.4046450000 1.2220100000
9672.6699220000 -7.4063350000 1.2203900000
9673.4296880000 -7.4081000000 1.2187530000
9674.1796880000 -7.4099010000 1.2171340000
9674.9404300000 -7.4117830000 1.2154960000
9675.6904300000 -7.4136980000 1.2138780000
9676.4501950000 -7.4156960000 1.2122420000
9677.2001950000 -7.4177300000 1.2106250000
9677.9599610000 -7.4198520000 1.2089880000
9678.7197270000 -7.4220350000 1.2073540000
9679.4697270000 -7.4242560000 1.2057370000
9680.2304690000 -7.4265720000 1.2041020000
9680.9804690000 -7.4289240000 1.2024860000
9681.7402340000 -7.4313710000 1.2008530000
9682.4902340000 -7.4338590000 1.1992390000
9683.2500000000 -7.4364490000 1.1976050000
9684.0097660000 -7.4391090000 1.1959720000
9684.7597660000 -7.4418110000 1.1943600000
9685.5195310000 -7.4446200000 1.1927290000
9686.2802730000 -7.4475130000 1.1910930000
9687.0302730000 -7.4504400000 1.1894840000
9687.7900390000 -7.4534890000 1.1878520000
9688.5498050000 -7.4566210000 1.1862200000
9689.2998050000 -7.4597920000 1.1846110000
9690.0595700000 -7.4630940000 1.1829810000
9690.8203130000 -7.4664880000 1.1813490000
9691.5800780000 -7.4699650000 1.1797200000
9692.3300780000 -7.4734940000 1.1781110000
9693.0898440000 -7.4771570000 1.1764840000
9693.8496090000 -7.4809220000 1.1748550000
9694.6103520000 -7.4847920000 1.1732240000
9695.3701170000 -7.4887550000 1.1715980000
9696.1201170000 -7.4927760000 1.1699910000
9696.8798830000 -7.4969560000 1.1683650000
9697.6396480000 -7.5012410000 1.1667390000
9698.4003910000 -7.5056510000 1.1651120000
9699.1601560000 -7.5101720000 1.1634850000
9699.9199220000 -7.5148090000 1.1618610000
9700.6796880000 -7.5195740000 1.1602360000
9701.4404300000 -7.5244730000 1.1586090000
9702.1904300000 -7.5294270000 1.1570070000
9702.9501950000 -7.5345850000 1.1553830000
9703.7099610000 -7.5398750000 1.1537620000
9704.4697270000 -7.5453150000 1.1521390000
9705.2304690000 -7.5509100000 1.1505140000
9705.9902340000 -7.5566430000 1.1488930000
9706.7500000000 -7.5625420000 1.1472710000
9707.5097660000 -7.5686040000 1.1456490000
9708.2695310000 -7.5748270000 1.1440300000
9709.0302730000 -7.5812410000 1.1424060000
9709.7900390000 -7.5878270000 1.1407860000
9710.5498050000 -7.5945920000 1.1391690000
9711.3095700000 -7.6015590000 1.1375480000
9712.0703130000 -7.6087370000 1.1359270000
9712.8398440000 -7.6162100000 1.1342880000
9713.5996090000 -7.6238010000 1.1326710000
9714.3603520000 -7.6316370000 1.1310510000
9715.1201170000 -7.6397000000 1.1294340000
9715.8798830000 -7.6480000000 1.1278180000
9716.6396480000 -7.6565690000 1.1262020000
9717.4003910000 -7.6654220000 1.1245820000
9718.1601560000 -7.6745560000 1.1229670000
9718.9296880000 -7.6841270000 1.1213320000
9719.6904300000 -7.6940890000 1.1197150000
9720.4501950000 -7.7021510000 1.1181000000
9721.2099610000 -7.7137340000 1.1164880000
9721.9697270000 -7.7245670000 1.1148730000
9722.7402340000 -7.7358500000 1.1132370000
9723.5000000000 -7.7473490000 1.1116240000
9724.2597660000 -7.7592360000 1.1100130000
9725.0302730000 -7.7717410000 1.1083780000
9725.7900390000 -7.7845370000 1.1067660000
9726.5498050000 -7.7978200000 1.1051540000
9727.3095700000 -7.8116020000 1.1035440000
9728.0800780000 -7.8261550000 1.1019120000
9728.8398440000 -7.8411020000 1.1003010000
9729.5996090000 -7.8566770000 1.0986900000
9730.3701170000 -7.8731550000 1.0970580000
9731.1298830000 -7.8901150000 1.0954500000
9731.9003910000 -7.9081270000 1.0938200000
9732.6601560000 -7.9267410000 1.0922110000
9733.4199220000 -7.9462670000 1.0906030000
9734.1904300000 -7.9670470000 1.0889740000
9734.9501950000 -7.9886590000 1.0873670000
9735.7197270000 -8.0117490000 1.0857390000
9736.4804690000 -8.0358970000 1.0841300000
9737.2500000000 -8.0617880000 1.0825040000
9738.0097660000 -8.0889360000 1.0809000000
9738.7695310000 -8.1179090000 1.0792950000
9739.5400390000 -8.1493420000 1.0776670000
9740.3095700000 -8.1830840000 1.0760420000
9741.0703130000 -8.2190930000 1.0744360000
9741.8398440000 -8.2585450000 1.0728140000
9742.5996090000 -8.3011140000 1.0712100000
9743.3701170000 -8.3485500000 1.0695850000
9744.1298830000 -8.4004150000 1.0679830000
9744.9003910000 -8.4593090000 1.0663580000
9745.6601560000 -8.5251240000 1.0647570000
9746.4296880000 -8.6020600000 1.0631360000
9747.2001950000 -8.6929400000 1.0615130000
9747.9599610000 -8.8017980000 1.0599120000
9748.7304690000 -8.9419030000 1.0582900000
9749.5000000000 -9.1332350000 1.0566690000
9750.2597660000 -9.4294630000 1.0550710000
9751.0302730000 -10.1637070000 1.0534500000
9751.7998050000 -9.8279990000 2.7715000000
9752.5595700000 -9.3186650000 2.7698360000
9753.3300780000 -9.0542050000 2.7681490000
9754.0996090000 -8.8750830000 2.7664660000
9754.8701170000 -8.7388230000 2.7647810000
9755.6298830000 -8.6301720000 2.7631210000
9756.4003910000 -8.5373430000 2.7614360000
9757.1699220000 -8.4572530000 2.7597530000
9757.9404300000 -8.3865800000 2.7580700000
9758.7001950000 -8.3241530000 2.7564090000
9759.4697270000 -8.2668580000 2.7547280000
9760.2402340000 -8.2143860000 2.7530450000
9761.0097660000 -8.1660590000 2.7513650000
9761.7802730000 -8.1211320000 2.7496820000
9762.5498050000 -8.0792780000 2.7480050000
9763.3203130000 -8.0398970000 2.7463240000
9764.0800780000 -8.0032660000 2.7446660000
9764.8496090000 -7.9681560000 2.7429880000
9765.6201170000 -7.9347800000 2.7413070000
9766.3896480000 -7.9030340000 2.7396300000
9767.1601560000 -7.8726820000 2.7379500000
9767.9296880000 -7.8436630000 2.7362740000
9768.7001950000 -7.8157890000 2.7345950000
9769.4697270000 -7.7890600000 2.7329210000
9770.2402340000 -7.7632520000 2.7312430000
9771.0097660000 -7.7383870000 2.7295680000
9771.7802730000 -7.7143310000 2.7278910000
9772.5498050000 -7.6910840000 2.7262160000
9773.3203130000 -7.6685330000 2.7245400000
9774.0898440000 -7.6466830000 2.7228660000
9774.8603520000 -7.6254360000 2.7211900000
9775.6298830000 -7.6048050000 2.7195180000
9776.4003910000 -7.5847020000 2.7178420000
9777.1699220000 -7.5651420000 2.7161700000
9777.9501950000 -7.5458150000 2.7144760000
9778.7197270000 -7.5272120000 2.7128040000
9779.4902340000 -7.5090220000 2.7111310000
9780.2597660000 -7.4912680000 2.7094600000
9781.0302730000 -7.4738830000 2.7077880000
9781.7998050000 -7.4568900000 2.7061180000
9782.5703130000 -7.4402500000 2.7044480000
9783.3496090000 -7.4237270000 2.7027560000
9784.1201170000 -7.4077270000 2.7010850000
9784.8896480000 -7.3920730000 2.6994180000
9785.6601560000 -7.3766700000 2.6977480000
9786.4296880000 -7.3615670000 2.6960800000
9787.2099610000 -7.3465290000 2.6943900000
9787.9804690000 -7.3319330000 2.6927210000
9788.7500000000 -7.3175990000 2.6910540000
9789.5302730000 -7.3033110000 2.6893650000
9790.2998050000 -7.2894420000 2.6876990000
9791.0703130000 -7.2757730000 2.6860320000
9791.8496090000 -7.2621650000 2.6843460000
9792.6201170000 -7.2489090000 2.6826800000
9793.3896480000 -7.2358640000 2.6810150000
9794.1699220000 -7.2228160000 2.6793270000
9794.9404300000 -7.2101400000 2.6776630000
9795.7099610000 -7.1976390000 2.6760000000
9796.4902340000 -7.1851230000 2.6743130000
9797.2597660000 -7.1729700000 2.6726520000
9798.0400390000 -7.1607820000 2.6709650000
9798.8095700000 -7.1489250000 2.6693040000
9799.5800780000 -7.1372160000 2.6676430000
9800.3603520000 -7.1254780000 2.6659560000
9801.1298830000 -7.1140520000 2.6642960000
9801.9101560000 -7.1026070000 2.6626130000
9802.6796880000 -7.0914470000 2.6609540000
9803.4599610000 -7.0802650000 2.6592710000
9804.2304690000 -7.0693420000 2.6576100000
9805.0097660000 -7.0584200000 2.6559310000
9805.7802730000 -7.0477350000 2.6542710000
9806.5595700000 -7.0370460000 2.6525930000
9807.3398440000 -7.0264570000 2.6509120000
9808.1103520000 -7.0161050000 2.6492530000
9808.2246090000 -7.0145760000 2.6490070000
9808.8896480000 -7.0057430000 2.6475750000
9809.6601560000 -6.9955980000 2.6459170000
9810.4404300000 -6.9854280000 2.6442380000
9811.2197270000 -6.9753570000 2.6425600000
9811.9902340000 -6.9655160000 2.6409050000
9812.7695310000 -6.9556340000 2.6392280000
9813.5498050000 -6.9458440000 2.6375500000
9814.3203130000 -6.9362610000 2.6358950000
9815.0996090000 -6.9266590000 2.6342200000
9815.8798830000 -6.9171300000 2.6325450000
9816.6503910000 -6.9077990000 2.6308890000
9817.4296880000 -6.8984460000 2.6292160000
9818.2099610000 -6.8891610000 2.6275420000
9818.9902340000 -6.8799420000 2.6258650000
9819.7597660000 -6.8709440000 2.6242150000
9820.5400390000 -6.8618760000 2.6225400000
9821.3203130000 -6.8528910000 2.6208670000
9822.0996090000 -6.8439880000 2.6191960000
9822.8798830000 -6.8351450000 2.6175230000
9823.6503910000 -6.8264770000 2.6158710000
9824.4296880000 -6.8177790000 2.6142020000
9825.2099610000 -6.8091360000 2.6125310000
9825.9902340000 -6.8005470000 2.6108580000
9826.7695310000 -6.7920420000 2.6091890000
9827.5498050000 -6.7835880000 2.6075190000
9828.3300780000 -6.7751960000 2.6058490000
9829.1103520000 -6.7668620000 2.6041790000
9829.8896480000 -6.7585970000 2.6025130000
9830.6601560000 -6.7504800000 2.6008640000
9831.4404300000 -6.7423180000 2.5991960000
9832.2197270000 -6.7342100000 2.5975280000
9833.0000000000 -6.7261580000 2.5958600000
9833.7802730000 -6.7181580000 2.5941930000
9834.5595700000 -6.7102210000 2.5925290000
9835.3398440000 -6.7023250000 2.5908620000
9836.1201170000 -6.6944790000 2.5891960000
9836.9003910000 -6.6866740000 2.5875290000
9837.6904300000 -6.6788330000 2.5858430000
9838.4697270000 -6.6711440000 2.5841810000
9839.2500000000 -6.6634920000 2.5825160000
9840.0302730000 -6.6558780000 2.5808500000
9840.8095700000 -6.6483280000 2.5791880000
9841.5898440000 -6.6408130000 2.5775250000
9842.3701170000 -6.6333420000 2.5758620000
9843.1503910000 -6.6259150000 2.5742000000
9843.9296880000 -6.6185390000 2.5725390000
9844.7197270000 -6.6110990000 2.5708550000
9845.5000000000 -6.6037980000 2.5691940000
9846.2802730000 -6.5965380000 2.5675330000
9847.0595700000 -6.5893270000 2.5658740000
9847.8398440000 -6.5821380000 2.5642120000
9848.6298830000 -6.5749100000 2.5625310000
9849.4101560000 -6.5678070000 2.5608720000
9850.1904300000 -6.5607420000 2.5592130000
9850.9697270000 -6.5537230000 2.5575560000
9851.7597660000 -6.5466380000 2.5558750000
9852.5400390000 -6.5396840000 2.5542170000
9853.3203130000 -6.5327660000 2.5525600000
9854.0996090000 -6.5258900000 2.5509040000
9854.8896480000 -6.5189500000 2.5492250000
9855.6699220000 -6.5121360000 2.5475680000
9856.4501950000 -6.5053550000 2.5459130000
9857.2402340000 -6.4985170000 2.5442340000
9858.0195310000 -6.4918110000 2.5425810000
9858.8095700000 -6.4850470000 2.5409060000
9859.5898440000 -6.4783970000 2.5392510000
9860.3701170000 -6.4717790000 2.5375970000
9861.1601560000 -6.4651040000 2.5359210000
9861.9404300000 -6.4585480000 2.5342670000
9862.7304690000 -6.4519420000 2.5325940000
9863.5097660000 -6.4454460000 2.5309410000
10000.0000000000 -5.5827270000 2.2474370000
10195.5253900000 -4.7647790000 1.8600170000
10394.8730500000 -4.1477650000 1.4860810000
10598.1191400000 -3.6483280000 1.1250470000
10805.3388700000 -3.2304740000 0.7764050000
11016.6103500000 -2.9623840000 0.4519340000
11232.0127000000 -2.6583590000 0.1453690000
11451.6259800000 -2.3913300000 9.8514730000
11675.5341800000 -2.1546160000 9.5696690000
11903.8203100000 -1.9430770000 9.2994420000
12136.5693400000 -1.6092080000 9.0292510000
12373.8701200000 -1.4280850000 8.7506150000
12615.8105500000 -1.2661210000 8.4791080000
12862.4814500000 -1.1433110000 8.2177740000
13113.9746100000 -1.0152180000 7.9648060000
13370.3857400000 -0.9008450000 7.7190280000
13631.8105500000 -0.7982400000 7.4802630000
13898.3466800000 -0.7065870000 7.2483230000
14170.0937500000 -0.6248940000 7.0230360000
14447.1543000000 -0.5522790000 6.8042270000
14729.6328100000 -0.4879590000 6.5917280000
15017.6337900000 -0.4312340000 6.3853750000
15311.2666000000 -0.3814750000 6.1850080000
15610.6396500000 -0.3381160000 5.9904690000
15915.8671900000 -0.3006440000 5.8016030000
16227.0615200000 -0.2685930000 5.6182620000
16544.3418000000 -0.2415400000 5.4402980000
16867.8242200000 -0.2187220000 5.2675500000
17197.6328100000 -0.2005370000 5.0998730000
17533.8906300000 -0.1862910000 4.9371530000
17876.7207000000 -0.1756850000 4.7792580000
18226.2558600000 -0.1684480000 4.6260550000
18582.6250000000 -0.1682400000 4.4774820000
18945.9628900000 -0.1670540000 4.3337090000
19316.4023400000 -0.1685030000 4.1942630000
19694.0878900000 -0.1735480000 4.0590830000
20079.1562500000 -0.1797230000 3.9280560000
20471.7539100000 -0.1879780000 3.8010080000
20872.0273400000 -0.1981590000 3.6778270000
21280.1289100000 -0.2101230000 3.5584020000
21696.2070300000 -0.2237400000 3.4426270000
22120.4238300000 -0.2388880000 3.3303980000
22552.9335900000 -0.2554580000 3.2216160000
22993.8984400000 -0.2733470000 3.1161800000
23443.4882800000 -0.2924640000 3.0139940000
23901.8671900000 -0.3127240000 2.9149670000
24369.2070300000 -0.3340520000 2.8190060000
24845.6875000000 -0.3563800000 2.7260230000
25331.4824200000 -0.3796500000 2.6359310000
25826.7753900000 -0.4038130000 2.5486480000
26331.7539100000 -0.4288430000 2.4640890000
26846.6054700000 -0.4545690000 2.3823710000
27371.5234400000 -0.4804780000 2.3037150000
27906.7070300000 -0.5070060000 2.2275520000
28452.3515600000 -0.5341200000 2.1538060000
29008.6660200000 -0.5617960000 2.0824040000
29575.8593800000 -0.5900160000 2.0132730000
30154.1406300000 -0.6188040000 1.9463460000
30743.7304700000 -0.6480850000 1.8815550000
31344.8476600000 -0.6779170000 1.8188350000
31957.7168000000 -0.7082560000 1.7581210000
32582.5703100000 -0.7391370000 1.6993520000
33219.6406300000 -0.7705820000 1.6424690000
33869.1679700000 -0.8026160000 1.5874120000
34531.3945300000 -0.8352770000 1.5341260000
35206.5703100000 -0.8686080000 1.4825550000
35894.9492200000 -0.9026650000 1.4326470000
36596.7851600000 -0.9380660000 1.3843680000
37312.3437500000 -0.9738030000 1.3376660000
38041.8906300000 -1.0105100000 1.2924770000
38785.7070300000 -1.0485270000 1.2487550000
39544.0625000000 -1.0875460000 1.2064580000
40317.2500000000 -1.1289940000 1.1655500000
41105.5546900000 -1.1709990000 1.1260230000
41909.2695300000 -1.2148240000 1.0877870000
42728.6992200000 -1.2620650000 1.0508460000
43564.1523400000 -1.3113800000 1.0151700000
44415.9414100000 -1.3627050000 0.9806680000
45284.3867200000 -1.4174770000 0.9473030000
46169.8085900000 -1.4763950000 0.9150380000
47072.5429700000 -1.5402040000 0.8838380000
47992.9296900000 -1.6104180000 0.8536640000
48931.3125000000 -1.6885140000 0.8244860000
49888.0429700000 -1.7767730000 0.7962740000
50863.4765600000 -1.8785270000 0.7689960000
51857.9843800000 -1.9989060000 0.7426210000
52871.9375000000 -2.1463710000 0.7171210000
53905.7187500000 -2.3363450000 0.6924680000
53929.6992200000 -2.3414090000 0.6919110000
53953.1992200000 -2.3464070000 0.6913660000
53976.6015600000 -2.3514200000 0.6908250000
54000.1015600000 -2.3564890000 0.6902810000
54023.6992200000 -2.3616150000 0.6897360000
54047.1992200000 -2.3667560000 0.6891940000
54070.8007800000 -2.3719580000 0.6886500000
54094.3984400000 -2.3771960000 0.6881070000
54118.0000000000 -2.3824730000 0.6875650000
54141.6015600000 -2.3877900000 0.6870230000
54165.3007800000 -2.3931690000 0.6864790000
54189.0000000000 -2.3985880000 0.6859370000
54212.6992200000 -2.4040490000 0.6853940000
54236.3984400000 -2.4095510000 0.6848530000
54260.1015600000 -2.4150970000 0.6843120000
54283.8984400000 -2.4207080000 0.6837690000
54307.6015600000 -2.4263420000 0.6832300000
54331.3984400000 -2.4320410000 0.6826890000
54355.3007800000 -2.4378130000 0.6821460000
54379.1015600000 -2.4436050000 0.6816060000
54403.0000000000 -2.4494690000 0.6810640000
54426.8007800000 -2.4553570000 0.6805260000
54450.6992200000 -2.4613180000 0.6799860000
54474.6992200000 -2.4673550000 0.6794440000
54498.6015600000 -2.4734170000 0.6789050000
54522.6015600000 -2.4795560000 0.6783640000
54546.6015600000 -2.4857470000 0.6778240000
54570.6015600000 -2.4919930000 0.6772850000
54594.6015600000 -2.4982930000 0.6767470000
54618.6992200000 -2.5046740000 0.6762070000
54642.6992200000 -2.5110860000 0.6756690000
54666.8007800000 -2.5175830000 0.6751300000
54690.8984400000 -2.5241380000 0.6745920000
54715.1015600000 -2.5307820000 0.6740520000
54739.1992200000 -2.5374580000 0.6735150000
54763.3984400000 -2.5442240000 0.6729770000
54787.6015600000 -2.5510560000 0.6724390000
54811.8007800000 -2.5579520000 0.6719020000
54836.1015600000 -2.5649440000 0.6713630000
54860.3007800000 -2.5719740000 0.6708270000
54884.6015600000 -2.5791020000 0.6702900000
54908.8984400000 -2.5863000000 0.6697530000
54933.1992200000 -2.5935720000 0.6692170000
54957.6015600000 -2.6009480000 0.6686790000
54959.7109400000 -2.6015880000 0.6686330000
54982.0000000000 -2.6083970000 0.6681430000
55006.3984400000 -2.6159240000 0.6676060000
55030.8007800000 -2.6235320000 0.6670700000
55055.1992200000 -2.6312180000 0.6665350000
55079.6992200000 -2.6390190000 0.6659990000
55104.1992200000 -2.6469040000 0.6654630000
55128.6992200000 -2.6548760000 0.6649280000
55153.1992200000 -2.6629350000 0.6643930000
55177.6992200000 -2.6710850000 0.6638590000
55202.3007800000 -2.6793610000 0.6633240000
55226.8984400000 -2.6877300000 0.6627890000
55251.5000000000 -2.6961970000 0.6622550000
55276.1015600000 -2.7047630000 0.6617210000
55300.8007800000 -2.7134660000 0.6611860000
55325.5000000000 -2.7222730000 0.6606520000
55350.1992200000 -2.7311880000 0.6601180000
55374.8984400000 -2.7402100000 0.6595850000
55399.6015600000 -2.7493480000 0.6590520000
55424.3984400000 -2.7586370000 0.6585180000
55449.1992200000 -2.7680440000 0.6579850000
55474.0000000000 -2.7775730000 0.6574520000
55498.8007800000 -2.7872290000 0.6569200000
55523.6992200000 -2.7970500000 0.6563870000
55548.5000000000 -2.8069640000 0.6558560000
55573.3984400000 -2.8170530000 0.6553240000
55598.3984400000 -2.8273250000 0.6547910000
55623.3007800000 -2.8376990000 0.6542600000
55648.3007800000 -2.8482620000 0.6537270000
55673.3007800000 -2.8589790000 0.6531960000
55698.3007800000 -2.8698510000 0.6526650000
55723.3007800000 -2.8808870000 0.6521340000
55748.3984400000 -2.8921310000 0.6516030000
55773.3984400000 -2.9035050000 0.6510740000
55798.5000000000 -2.9151010000 0.6505430000
55823.6992200000 -2.9269280000 0.6500110000
55848.8007800000 -2.9388970000 0.6494820000
55874.0000000000 -2.9511090000 0.6489510000
55899.1992200000 -2.9635250000 0.6484210000
55924.3984400000 -2.9761500000 0.6478920000
55949.6015600000 -2.9889910000 0.6473630000
55974.8984400000 -3.0021070000 0.6468330000
56000.1992200000 -3.0154570000 0.6463040000
56025.5000000000 -3.0290500000 0.6457750000
56034.3085900000 -3.0338400000 0.6455910000
56050.8007800000 -3.0428910000 0.6452470000
56076.1015600000 -3.0569930000 0.6447190000
56101.5000000000 -3.0714180000 0.6441900000
56126.8984400000 -3.0861240000 0.6436620000
56152.3007800000 -3.1011230000 0.6431350000
56177.8007800000 -3.1164840000 0.6426060000
56203.1992200000 -3.1321010000 0.6420790000
56228.6992200000 -3.1481110000 0.6415520000
56254.1992200000 -3.1644660000 0.6410250000
56279.8007800000 -3.1812450000 0.6404960000
56305.3007800000 -3.1983340000 0.6399700000
56330.8984400000 -3.2158810000 0.6394430000
56356.5000000000 -3.2338420000 0.6389170000
56382.1015600000 -3.2522380000 0.6383910000
56407.8007800000 -3.2711570000 0.6378640000
56433.5000000000 -3.2905500000 0.6373370000
56459.1992200000 -3.3104480000 0.6368110000
56484.8984400000 -3.3308730000 0.6362860000
56510.6015600000 -3.3518570000 0.6357610000
56536.3984400000 -3.3735080000 0.6352350000
56562.1992200000 -3.3957810000 0.6347100000
56588.0000000000 -3.4187160000 0.6341850000
56613.8984400000 -3.4424370000 0.6336600000
56639.6992200000 -3.4668090000 0.6331360000
56665.6015600000 -3.4920680000 0.6326120000
56691.5000000000 -3.5181720000 0.6320870000
56717.3984400000 -3.5451710000 0.6315640000
56743.3984400000 -3.5732430000 0.6310390000
56769.3984400000 -3.6023580000 0.6305150000
56795.3984400000 -3.6325910000 0.6299920000
56821.3984400000 -3.6640280000 0.6294690000
56847.5000000000 -3.6968950000 0.6289450000
56873.6015600000 -3.7311830000 0.6284210000
56899.6992200000 -3.7670170000 0.6278990000
56925.8007800000 -3.8045410000 0.6273770000
56951.8984400000 -3.8439100000 0.6268550000
56978.1015600000 -3.8854900000 0.6263320000
57004.3007800000 -3.9293380000 0.6258100000
57030.5000000000 -3.9757150000 0.6252890000
57056.8007800000 -4.0251240000 0.6247660000
57083.0000000000 -4.0775360000 0.6242460000
57109.3007800000 -4.1338000000 0.6237240000
57129.9218800000 -4.1808010000 0.6233160000
57135.6015600000 -4.1942410000 0.6232030000
57162.0000000000 -4.2597790000 0.6226810000
57188.3984400000 -4.3310410000 0.6221600000
57214.6992200000 -4.4087670000 0.6216410000
57241.1992200000 -4.4953000000 0.6211190000
57267.6015600000 -4.5915890000 0.6205990000
57294.1015600000 -4.7009920000 0.6200780000
57320.5000000000 -4.8264660000 0.6195600000
57347.1015600000 -4.9754490000 0.6190390000
57373.6015600000 -5.1559430000 0.6185200000
57400.1992200000 -5.3870300000 0.6180000000
57426.6992200000 -5.7045930000 0.6174820000
57453.3984400000 -6.2226740000 0.6169610000
57480.0000000000 -7.7376960000 0.6164430000
57506.6992200000 -6.5794330000 3.3251170000
57533.3007800000 -5.8744380000 3.3227670000
57560.0000000000 -5.4885090000 3.3204100000
57586.8007800000 -5.2205460000 3.3180470000
57613.5000000000 -5.0160230000 3.3156950000
57640.3007800000 -4.8494230000 3.3133360000
57667.1015600000 -4.7091890000 3.3109800000
57694.0000000000 -4.5876420000 3.3086170000
57720.8007800000 -4.4810110000 3.3062650000
57747.6992200000 -4.3853960000 3.3039070000
57774.6015600000 -4.2989600000 3.3015510000
57801.6015600000 -4.2198050000 3.2991890000
57828.5000000000 -4.1472880000 3.2968380000
57855.5000000000 -4.0798940000 3.2944800000
57882.5000000000 -4.0171510000 3.2921240000
57909.5000000000 -3.9584510000 3.2897710000
57936.6015600000 -3.9031000000 3.2874110000
57963.6992200000 -3.8509050000 3.2850540000
57990.8007800000 -3.8015210000 3.2826990000
58017.8984400000 -3.7546560000 3.2803460000
58045.1015600000 -3.7098950000 3.2779860000
58072.3007800000 -3.6672120000 3.2756300000
58099.5000000000 -3.6264140000 3.2732750000
58126.6992200000 -3.5873380000 3.2709230000
58154.0000000000 -3.5497050000 3.2685640000
58181.3007800000 -3.5135370000 3.2662070000
58208.6015600000 -3.4787230000 3.2638530000
58236.0000000000 -3.4450490000 3.2614930000
58246.9531300000 -3.4319210000 3.2605500000
58263.3007800000 -3.4126600000 3.2591430000
58290.6992200000 -3.3812500000 3.2567880000
58318.1015600000 -3.3508570000 3.2544340000
58345.6015600000 -3.3213140000 3.2520750000
58373.0000000000 -3.2927770000 3.2497260000
58400.5000000000 -3.2649830000 3.2473710000
58428.1015600000 -3.2378930000 3.2450090000
58455.6015600000 -3.2116550000 3.2426590000
58483.1992200000 -3.1860380000 3.2403020000
58510.8007800000 -3.1610990000 3.2379480000
58538.3984400000 -3.1368030000 3.2355960000
58566.1015600000 -3.1130300000 3.2332380000
58593.6992200000 -3.0899260000 3.2308900000
58621.3984400000 -3.0672930000 3.2285370000
58649.1992200000 -3.0451080000 3.2261770000
58676.8984400000 -3.0235110000 3.2238280000
58704.6992200000 -3.0023180000 3.2214730000
58732.5000000000 -2.9815920000 3.2191200000
58760.3984400000 -2.9612340000 3.2167610000
58788.1992200000 -2.9413750000 3.2144130000
58816.1015600000 -2.9218540000 3.2120590000
58844.0000000000 -2.9027250000 3.2097070000
58872.0000000000 -2.8839090000 3.2073490000
58899.8984400000 -2.8655250000 3.2050020000
58927.8984400000 -2.8474250000 3.2026480000
58955.8984400000 -2.8296620000 3.2002970000
58984.0000000000 -2.8121610000 3.1979400000
59012.1015600000 -2.7949780000 3.1955850000
59040.1992200000 -2.7781000000 3.1932330000
59068.3007800000 -2.7615140000 3.1908830000
59096.3984400000 -2.7452160000 3.1885360000
59124.6015600000 -2.7291300000 3.1861820000
59152.8007800000 -2.7133140000 3.1838310000
59181.1015600000 -2.6977010000 3.1814730000
59209.3007800000 -2.6823950000 3.1791270000
59237.6015600000 -2.6672760000 3.1767740000
59265.8984400000 -2.6523950000 3.1744240000
59294.3007800000 -2.6376900000 3.1720680000
59322.6992200000 -2.6232080000 3.1697140000
59351.1015600000 -2.6089430000 3.1673630000
59379.5000000000 -2.5948880000 3.1650140000
59385.8281300000 -2.5917850000 3.1644910000
59407.8984400000 -2.5810400000 3.1626680000
59436.3984400000 -2.5673400000 3.1603150000
59464.8984400000 -2.5538340000 3.1579650000
59493.3984400000 -2.5405180000 3.1556170000
59522.0000000000 -2.5273370000 3.1532630000
59550.6015600000 -2.5143360000 3.1509120000
59579.1992200000 -2.5015120000 3.1485630000
59607.8984400000 -2.4888150000 3.1462080000
59636.5000000000 -2.4763260000 3.1438640000
59665.1992200000 -2.4639580000 3.1415140000
59694.0000000000 -2.4517050000 3.1391580000
59722.6992200000 -2.4396500000 3.1368130000
59751.5000000000 -2.4277040000 3.1344620000
59780.3007800000 -2.4159060000 3.1321130000
59809.1015600000 -2.4042530000 3.1297670000
59838.0000000000 -2.3927010000 3.1274150000
59866.8984400000 -2.3812900000 3.1250650000
59895.8007800000 -2.3700110000 3.1227180000
59924.8007800000 -2.3588270000 3.1203650000
59953.6992200000 -2.3478120000 3.1180220000
59982.6992200000 -2.3368860000 3.1156740000
60011.8007800000 -2.3260460000 3.1133200000
60040.8007800000 -2.3153660000 3.1109770000
60069.8984400000 -2.3047700000 3.1086280000
60099.1015600000 -2.2942530000 3.1062730000
60128.1992200000 -2.2838880000 3.1039290000
60157.3984400000 -2.2736010000 3.1015790000
60186.6015600000 -2.2634240000 3.0992310000
60215.8007800000 -2.2533540000 3.0968860000
60245.1015600000 -2.2433570000 3.0945360000
60274.3984400000 -2.2334640000 3.0921870000
60303.6992200000 -2.2236630000 3.0898410000
60333.0000000000 -2.2140010000 3.0874980000
60362.3984400000 -2.2043720000 3.0851490000
60391.8007800000 -2.1948450000 3.0828020000
60421.1992200000 -2.1854150000 3.0804580000
60450.6992200000 -2.1760470000 3.0781080000
60480.1992200000 -2.1667720000 3.0757610000
60509.6992200000 -2.1575860000 3.0734160000
60539.1992200000 -2.1484900000 3.0710730000
60546.9687500000 -2.1461090000 3.0704570000
60568.8007800000 -2.1394500000 3.0687250000
60598.3984400000 -2.1304980000 3.0663800000
60628.0000000000 -2.1216310000 3.0640360000
60657.6992200000 -2.1128160000 3.0616880000
60687.3984400000 -2.1040850000 3.0593420000
60717.1015600000 -2.0954320000 3.0569970000
60746.8984400000 -2.0868330000 3.0546480000
60776.6015600000 -2.0783380000 3.0523090000
60806.3984400000 -2.0698930000 3.0499650000
60836.3007800000 -2.0614960000 3.0476150000
60866.1015600000 -2.0532010000 3.0452750000
60896.0000000000 -2.0449530000 3.0429310000
60926.0000000000 -2.0367500000 3.0405810000
60955.8984400000 -2.0286460000 3.0382400000
60985.8984400000 -2.0205850000 3.0358950000
61015.8984400000 -2.0125920000 3.0335520000
61046.0000000000 -2.0046420000 3.0312030000
61076.0000000000 -1.9967870000 3.0288650000
61106.1015600000 -1.9889710000 3.0265220000
61136.3007800000 -1.9811960000 3.0241730000
61166.3984400000 -1.9735120000 3.0218350000
61196.6015600000 -1.9658630000 3.0194910000
61226.8007800000 -1.9582800000 3.0171490000
61257.1015600000 -1.9507330000 3.0148020000
61287.3984400000 -1.9432480000 3.0124590000
61317.6992200000 -1.9358240000 3.0101170000
61348.0000000000 -1.9284590000 3.0077770000
61378.3984400000 -1.9211280000 3.0054330000
61730.8125000000 -1.8401910000 2.9784330000
62937.8046900000 -1.6080690000 2.8884050000
64168.3984400000 -1.4222960000 2.8003570000
65423.0507800000 -1.2686850000 2.7142720000
66702.2343800000 -1.1388940000 2.6301340000
68006.4296900000 -1.0275720000 2.5479230000
69336.1250000000 -0.9310630000 2.4676220000
70691.8203100000 -0.8467530000 2.3892110000
72074.0234400000 -0.7726950000 2.3126710000
73483.2500000000 -0.7074020000 2.2379790000
74920.0312500000 -0.6621410000 2.1654330000
76384.9062500000 -0.6118920000 2.0969510000
77878.4218800000 -0.5671250000 2.0304960000
79401.1406300000 -0.5272190000 1.9660110000
80953.6328100000 -0.4915560000 1.9034940000
82536.4765600000 -0.4596660000 1.8428440000
84150.2734400000 -0.4312200000 1.7839730000
85795.6250000000 -0.4058750000 1.7268340000
87473.1406300000 -0.3833290000 1.6713800000
89183.4609400000 -0.3633180000 1.6175660000
90927.2187500000 -0.3456100000 1.5653500000
92705.0781300000 -0.3299970000 1.5146860000
94517.6953100000 -0.3162940000 1.4655350000
96365.7500000000 -0.3043370000 1.4178550000
98249.9453100000 -0.2939750000 1.3716050000
100170.9766000000 -0.2850750000 1.3267480000
102129.5703000000 -0.2775150000 1.2832450000
104126.4609000000 -0.2711830000 1.2410590000
106162.3906000000 -0.2659800000 1.2001540000
108238.1328000000 -0.2618130000 1.1604950000
110354.4609000000 -0.2585980000 1.1220460000
112512.1641000000 -0.2562580000 1.0847760000
114712.0547000000 -0.2547220000 1.0486500000
116954.9688000000 -0.2578940000 1.0140100000
119241.7266000000 -0.2578380000 0.9805130000
121573.2031000000 -0.2583670000 0.9480800000
123950.2656000000 -0.2594290000 0.9166760000
126373.8047000000 -0.2609770000 0.8862710000
128844.7266000000 -0.2629680000 0.8568350000
131363.9688000000 -0.2653620000 0.8283380000
133932.4531000000 -0.2681200000 0.8007510000
136551.1719000000 -0.2712090000 0.7740460000
139221.0938000000 -0.2745970000 0.7481960000
141943.2188000000 -0.2782550000 0.7231760000
144718.5625000000 -0.2821540000 0.6989590000
147548.1719000000 -0.2862700000 0.6755220000
150433.1094000000 -0.2905800000 0.6528390000
153374.4531000000 -0.2950610000 0.6308880000
156373.2969000000 -0.2996930000 0.6096460000
159430.7969000000 -0.3044580000 0.5890910000
162548.0625000000 -0.3093390000 0.5692020000
165726.2813000000 -0.3143190000 0.5499580000
168966.6406000000 -0.3193830000 0.5313390000
172270.3750000000 -0.3245180000 0.5133260000
175638.6875000000 -0.3297110000 0.4959000000
179072.8594000000 -0.3349510000 0.4790420000
182574.1875000000 -0.3402250000 0.4627350000
186143.9688000000 -0.3455250000 0.4469610000
189783.5469000000 -0.3508400000 0.4317040000
193494.2969000000 -0.3561630000 0.4169480000
197277.5938000000 -0.3614860000 0.4026770000
201134.8594000000 -0.3667990000 0.3888750000
205067.5469000000 -0.3720980000 0.3755280000
209077.1406000000 -0.3773760000 0.3626210000
213165.1250000000 -0.3826270000 0.3501400000
217333.0313000000 -0.3878470000 0.3380730000
221582.4375000000 -0.3930300000 0.3264060000
225914.9219000000 -0.3981720000 0.3151260000
230332.1250000000 -0.4032690000 0.3042200000
234835.7031000000 -0.4083170000 0.2936780000
239427.3281000000 -0.4133140000 0.2834870000
244108.7344000000 -0.4182560000 0.2736360000
248881.6719000000 -0.4231380000 0.2641140000
253747.9219000000 -0.4342530000 0.2552610000
258709.3281000000 -0.4389710000 0.2467260000
263767.7500000000 -0.4436100000 0.2384820000
268925.0625000000 -0.4481670000 0.2305190000
274183.2188000000 -0.4526420000 0.2228260000
279544.1875000000 -0.4570350000 0.2153950000
285010.0000000000 -0.4613460000 0.2082170000
290582.6563000000 -0.4655740000 0.2012820000
296264.2500000000 -0.4697200000 0.1945830000
302056.9688000000 -0.4737840000 0.1881110000
307962.9375000000 -0.4777650000 0.1818580000
313984.3750000000 -0.4816650000 0.1758180000
320123.5625000000 -0.4854840000 0.1699820000
326382.7813000000 -0.4892230000 0.1643430000
332764.3750000000 -0.4928820000 0.1588950000
339270.7500000000 -0.4964610000 0.1536320000
345904.3438000000 -0.4999630000 0.1485460000
352667.6563000000 -0.5033860000 0.1436320000
359563.1875000000 -0.5067340000 0.1388840000
366593.5625000000 -0.5100050000 0.1342960000
373761.3750000000 -0.5132020000 0.1298630000
381069.3438000000 -0.5163260000 0.1255790000
388520.2188000000 -0.5193770000 0.1214390000
396116.7500000000 -0.5223560000 0.1174390000
403861.8125000000 -0.5252650000 0.1135730000
411758.3438000000 -0.5281050000 0.1098370000
419809.2500000000 -0.5308760000 0.1062270000
428017.5625000000 -0.5335810000 0.1027380000
436386.3750000000 -0.5362200000 0.0993650000
444918.8125000000 -0.5387940000 0.0961070000
453618.0938000000 -0.5413050000 0.0929570000
462487.4688000000 -0.5437530000 0.0899130000
471530.2500000000 -0.5461400000 0.0869700000
480749.8438000000 -0.5484680000 0.0841270000
490149.7188000000 -0.5507360000 0.0813780000
499733.3750000000 -0.5529470000 0.0787210000
509504.4063000000 -0.5551010000 0.0761530000
519466.5000000000 -0.5572010000 0.0736700000
529623.3750000000 -0.5592460000 0.0712710000
539978.8125000000 -0.5612380000 0.0689510000
550536.7500000000 -0.5631780000 0.0667090000
561301.1250000000 -0.5650670000 0.0645410000
572276.0000000000 -0.5669070000 0.0624460000
583465.4375000000 -0.5686980000 0.0604200000
594873.6250000000 -0.5704420000 0.0584610000
606504.8750000000 -0.5721400000 0.0565680000
618363.5625000000 -0.5737920000 0.0547370000
630454.1250000000 -0.5754000000 0.0529670000
642781.1250000000 -0.5769640000 0.0512560000
655349.0625000000 -0.5784870000 0.0496010000
668162.8125000000 -0.5799680000 0.0480010000
681227.0625000000 -0.5814090000 0.0464550000
694546.7500000000 -0.5828100000 0.0449590000
