30.0000000000 -39.3603900000 5.9397700000
30.5865750000 -39.3504790000 5.7104950000
31.1846200000 -39.3532260000 5.5004850000
31.7943570000 -39.3667070000 5.3084340000
32.4160160000 -39.3893130000 5.1331450000
33.0498310000 -39.4196890000 4.9735190000
33.6960370000 -39.4567030000 4.8285510000
34.3548770000 -39.4994050000 4.6973200000
35.0266040000 -39.5470240000 4.5789800000
35.7114600000 -39.5989840000 4.4727580000
36.4097100000 -39.6547890000 4.3779450000
37.1216090000 -39.7143060000 4.2938930000
37.8474310000 -39.7813220000 4.2424550000
38.5874440000 -39.8343280000 4.1798460000
39.3419230000 -39.8927270000 4.1264530000
40.1111560000 -39.9533690000 4.0818250000
40.8954320000 -40.0154270000 4.0455480000
41.6950380000 -40.0784760000 4.0172470000
42.5102810000 -40.1422270000 3.9965800000
43.3414650000 -40.2064780000 3.9832360000
44.1888960000 -40.2710570000 3.9769330000
45.0529020000 -40.3358380000 3.9774150000
45.9338000000 -40.4007110000 3.9844520000
46.8319210000 -40.4655910000 3.9978370000
47.7476010000 -40.5304030000 4.0173840000
48.6811870000 -40.5950970000 4.0429260000
49.6330260000 -40.6596220000 4.0743180000
50.6034740000 -40.7239490000 4.1114290000
51.5928990000 -40.7880480000 4.1541450000
52.6016690000 -40.8519020000 4.2023700000
53.6301650000 -40.9155040000 4.2560190000
54.6787680000 -40.9788480000 4.3150220000
55.7478750000 -41.0419350000 4.3793230000
56.8378870000 -39.0983350000 4.4219170000
57.9492070000 -39.0866390000 4.4349780000
59.0822600000 -39.0738910000 4.4490790000
60.2374690000 -39.0601920000 4.4640580000
61.4152600000 -39.0456620000 4.4797630000
62.6160810000 -39.0304180000 4.4960440000
63.8403850000 -39.0145990000 4.5127620000
65.0886230000 -38.9983600000 4.5297820000
66.3612670000 -38.9818650000 4.5469750000
67.6587980000 -38.9652980000 4.5642190000
68.9816970000 -38.9488600000 4.5813940000
70.3304600000 -38.9327770000 4.5983890000
71.7055970000 -38.9172940000 4.6150950000
73.1076200000 -38.9026790000 4.6314100000
74.5370640000 -38.8892440000 4.6472350000
75.9944460000 -38.8773270000 4.6624770000
77.4803310000 -38.8673130000 4.6770460000
78.9952620000 -38.8596340000 4.6908570000
80.5398180000 -38.8547820000 4.7038280000
82.1145710000 -38.8533290000 4.7158840000
83.7201160000 -38.8559190000 4.7269520000
85.3570560000 -38.8573910000 4.7367780000
87.0260010000 -38.8703460000 4.7453410000
88.7275770000 -38.8900600000 4.7527080000
90.4624250000 -38.9178010000 4.7588230000
92.2311940000 -38.9550970000 4.7636330000
94.0345380000 -39.0038300000 4.7670880000
95.8731540000 -39.0663380000 4.7691450000
97.7477110000 -39.1455760000 4.7697600000
99.6589200000 -39.2453350000 4.7688980000
101.6075060000 -39.3705940000 4.7665250000
103.5941850000 -39.5280190000 4.7626100000
105.6197130000 -39.7267680000 4.7571300000
107.6848450000 -39.9798130000 4.7500600000
109.7903520000 -40.3061830000 4.7413840000
111.9370270000 -40.7350080000 4.7310860000
114.1256790000 -41.3133430000 4.7191570000
116.3571170000 -42.1225130000 4.7055890000
118.6321950000 -45.2658350000 8.1674770000
120.9517520000 -39.4579580000 6.3830620000
123.3166580000 -36.9133340000 4.8656630000
125.7278060000 -35.4354670000 3.5707450000
128.1860960000 -34.4992290000 2.4616780000
130.6924590000 -33.8844300000 1.5082680000
133.2478330000 -33.4759710000 0.6855590000
135.8531490000 -33.2061350000 9.9728870000
138.5094300000 -33.0321390000 9.3530620000
141.2176360000 -32.9256710000 8.8117800000
143.9787900000 -32.8673970000 8.3371050000
146.7939300000 -32.8438260000 7.9190430000
149.6641240000 -32.8454130000 7.5492170000
152.5904390000 -32.9325490000 7.2237500000
155.5739590000 -32.9672620000 6.9340780000
158.6158140000 -33.0117760000 6.6747790000
161.7171480000 -33.0636140000 6.4416080000
164.8791350000 -33.1210750000 6.2309690000
168.1029360000 -33.1830060000 6.0398090000
171.3897710000 -33.2487140000 5.8655300000
174.7408600000 -33.3178330000 5.7059230000
178.1574860000 -33.3902930000 5.5590980000
181.6409150000 -33.4662550000 5.4234470000
185.1924440000 -33.5461010000 5.2975920000
188.8134160000 -33.6304360000 5.1803600000
192.5051880000 -33.7201080000 5.0707460000
196.2691500000 -33.8162570000 4.9678890000
200.1067050000 -33.9203910000 4.8710610000
204.0192870000 -34.0345650000 4.7796360000
208.0083770000 -34.1616210000 4.6930880000
212.0754700000 -34.3056680000 4.6109670000
216.2220760000 -34.4729350000 4.5329010000
220.4497530000 -34.6735150000 4.4585780000
224.7601010000 -35.9938700000 5.3895230000
229.1547240000 -35.0304450000 5.3384040000
233.6352690000 -34.9183270000 5.2902940000
238.2034300000 -34.9038470000 5.2450590000
242.8609010000 -34.9421460000 5.2026040000
247.6094360000 -34.9784930000 5.4928270000
252.4508210000 -34.9287950000 5.4627330000
257.3868710000 -34.9243280000 5.4353490000
262.4194340000 -34.9437480000 5.4107070000
267.5503850000 -34.9805260000 5.3888740000
272.7816770000 -35.0320130000 5.3699430000
278.1152340000 -35.0971950000 5.3540450000
283.5530700000 -35.1760030000 5.3413480000
289.0972600000 -35.2690960000 5.3320530000
294.7498170000 -35.3778760000 5.3264060000
300.5129390000 -35.5047070000 5.3246970000
306.3887020000 -35.6534730000 5.3272680000
312.3793640000 -35.8307690000 5.3345140000
318.4871830000 -36.1068420000 5.8725490000
324.7143860000 -36.0603030000 5.8945030000
331.0633850000 -36.1176070000 5.9226090000
337.5364990000 -36.2163620000 5.9575770000
344.1361690000 -36.3435360000 6.0002290000
350.8648990000 -36.4948500000 6.0515160000
357.7251890000 -36.6689640000 6.1125400000
364.7196040000 -36.8658750000 6.1845760000
371.8508000000 -37.0863530000 6.2691060000
379.1213990000 -37.3317110000 6.3678550000
386.5341800000 -37.6036680000 6.4828300000
394.0918880000 -37.9043620000 6.6163720000
401.7973630000 -37.9146690000 6.7644330000
409.6535340000 -38.2733880000 6.9340620000
417.6632690000 -38.6695440000 7.1315840000
425.8296200000 -39.1069410000 7.3614230000
434.1556700000 -39.5899090000 7.6288020000
442.6445010000 -40.1233630000 7.9398990000
451.2993160000 -40.7128830000 8.3020410000
460.1233520000 -41.3648030000 8.7239430000
469.1199040000 -42.0863040000 9.2159860000
478.2923890000 -32.3852040000 9.2853180000
487.6441960000 -32.2822150000 9.3001250000
497.1788640000 -32.1824840000 9.3099400000
506.8999330000 -32.0865520000 9.3146300000
516.8110960000 -31.9950220000 9.3140730000
526.9160770000 -31.9085270000 9.3081640000
537.2185670000 -31.8277610000 9.2968120000
547.7225340000 -31.7534640000 9.2799430000
558.4318850000 -31.6864380000 9.2574980000
569.3506470000 -31.6275480000 9.2294360000
580.4828490000 -31.5777300000 9.1957300000
591.8327640000 -31.5380000000 9.1563750000
603.4046020000 -31.5094640000 9.1113780000
615.2026370000 -31.4933340000 9.0607640000
627.2313840000 -31.4909380000 9.0045800000
639.4953610000 -31.5037520000 8.9428820000
651.9990840000 -31.5334050000 8.8757470000
664.7473140000 -31.5817300000 8.8032680000
677.7447510000 -31.6507870000 8.7255540000
690.9963990000 -31.7429240000 8.6427270000
704.5070800000 -31.8912030000 8.5549460000
718.2819820000 -32.0379870000 8.4632100000
732.3261720000 -32.2172580000 8.3668110000
746.6450200000 -32.4332920000 8.2659250000
761.2437740000 -32.6912040000 8.1607440000
776.1279910000 -32.9971890000 8.0514610000
791.3032230000 -33.3588290000 7.9382890000
806.7752080000 -33.7855610000 7.8214420000
822.5496830000 -34.2893030000 7.7011470000
838.6325680000 -34.8853840000 7.5776370000
855.0299680000 -35.5939560000 7.4511470000
871.7479250000 -36.4420740000 7.3219210000
888.7927860000 -37.4671020000 7.1902050000
906.1708980000 -38.7652630000 7.0572690000
923.8888550000 -40.3298910000 6.9236580000
941.9531860000 -42.3251150000 6.7883620000
960.3707280000 -44.9510650000 6.6516240000
979.1483760000 -64.8935930000 6.2607780000
998.2931520000 -49.0582890000 5.4697340000
1017.8123170000 -32.4037170000 9.9869770000
1037.7131350000 -10.9359620000 2.6621700000
1058.0029300000 -7.7855560000 2.1250760000
1078.6895750000 -8.9434890000 0.3537030000
1099.7806400000 -10.9510950000 3.3019790000
1121.2841800000 -12.8671920000 8.8701880000
1143.2080080000 -14.4786580000 5.9380050000
1165.5606690000 -15.8011090000 3.8912580000
1188.3502200000 -16.9100300000 2.3842950000
1211.5854490000 -17.8954600000 1.2174970000
1235.2750240000 -18.8607650000 0.2728060000
1259.4277340000 -19.9689620000 9.4788090000
1284.0527340000 -21.7883220000 8.7916370000
1309.1591800000 -22.2312600000 2.5138870000
1334.7564700000 -21.0457500000 1.7531740000
1360.8542480000 -20.9291500000 1.0787330000
1387.4624020000 -21.4532090000 0.4813390000
1414.5908200000 -21.7131630000 1.7595180000
1442.2495120000 -21.3456590000 1.2255190000
1470.4492190000 -21.5868870000 0.7796610000
1499.2000730000 -22.1734620000 0.4297770000
1528.5131840000 -23.1150530000 0.1915890000
1558.3995360000 -24.5873780000 0.0925730000
1588.8701170000 -26.1746180000 1.3448160000
1619.9365230000 -27.8090690000 1.6759340000
1651.6103520000 -30.4796300000 2.3980480000
1683.9034420000 -33.9493450000 3.6904450000
1716.8280030000 -9.9271070000 3.4834210000
1750.3962400000 -9.4732800000 2.9291040000
1784.6208500000 -9.0617430000 2.3972170000
1819.5146480000 -8.6848660000 1.8881340000
1855.0908200000 -8.0227740000 1.3486750000
1891.3624270000 -7.6711960000 0.8147470000
1928.3432620000 -7.3463680000 0.2926250000
1966.0472410000 -7.0458470000 9.7821710000
2004.4884030000 -6.7675450000 9.2832430000
2043.6811520000 -6.5096310000 8.7957100000
2083.6401370000 -6.2265990000 8.3118320000
2124.3806150000 -6.0018630000 7.8368930000
2165.9174800000 -5.7943660000 7.3716070000
2208.2666020000 -5.7072000000 6.9159720000
2251.4438480000 -5.5306670000 6.4726310000
2295.4653320000 -5.3683150000 6.0385090000
2340.3474120000 -5.2194810000 5.6134660000
2386.1069340000 -5.0834670000 5.1973760000
2432.7612300000 -4.9596290000 4.7901050000
2480.3278810000 -4.8473750000 4.3915210000
2528.8244630000 -4.7461660000 4.0014940000
2578.2692870000 -4.6555010000 3.6199000000
2628.6809080000 -4.5972600000 3.2481990000
2680.0783690000 -4.5269310000 2.8855560000
2732.4804690000 -4.4656860000 2.5310730000
2785.9074710000 -4.4131760000 2.1846100000
2840.3789060000 -4.3819360000 1.8469050000
2895.9152830000 -4.3464420000 1.5175110000
2952.5378420000 -4.3189390000 1.1958060000
3010.2673340000 -4.2994360000 0.8820210000
3069.1254880000 -4.2864610000 0.5775330000
3129.1347660000 -4.2800700000 0.2805710000
3190.3171390000 -4.2806200000 9.9910240000
3252.6958010000 -4.2869580000 9.7087540000
3316.2941890000 -4.2993130000 9.4335950000
3381.1359860000 -4.3175490000 9.1654010000
3447.2456050000 -4.3415570000 8.9040240000
3514.6479490000 -4.3712570000 8.6493210000
3583.3681640000 -4.4065980000 8.4011480000
3653.4318850000 -4.4475580000 8.1593660000
3724.8657230000 -4.4941520000 7.9238360000
3797.6960450000 -4.5464270000 7.6944200000
3871.9506840000 -4.6044740000 7.4709850000
3947.6569820000 -4.6736460000 7.2535330000
4024.8435060000 -4.7493920000 7.0420530000
4103.5390630000 -4.8260020000 6.8363780000
4183.7739260000 -4.9091830000 6.6361780000
4265.5771480000 -5.0004840000 6.4413500000
4348.9794920000 -5.0980780000 6.2517580000
4434.0131840000 -5.2036800000 6.0672620000
4520.7089840000 -5.3180020000 5.8877420000
4609.1005860000 -5.4433870000 5.7130920000
4699.2197270000 -5.5780360000 5.5432060000
4791.1015630000 -5.7247200000 5.3779390000
4884.7792970000 -5.8851240000 5.2171820000
4980.2890630000 -6.0613850000 5.0608230000
5077.6660160000 -6.2562510000 4.9087530000
5176.9472660000 -6.4733240000 4.7608660000
5278.1694340000 -6.7174270000 4.6170570000
5381.3710940000 -6.9952160000 4.4772270000
5486.5903320000 -7.3162340000 4.3412750000
5593.8666990000 -7.6948340000 4.2091040000
5703.2412110000 -8.1627590000 4.0809910000
5814.7534180000 -8.7437110000 3.9566070000
5928.4467770000 -9.5314530000 3.8357280000
6044.3627930000 -10.7502370000 3.7182910000
6162.5449220000 -13.6323510000 3.6044700000
6165.6098630000 -13.7887340000 3.6015940000
6165.9199220000 -13.8051760000 3.6013030000
6166.2299800000 -13.8217640000 3.6010120000
6166.5297850000 -13.8378840000 3.6007310000
6166.8398440000 -13.8547170000 3.6004400000
6167.1499020000 -13.8716540000 3.6001500000
6167.4501950000 -13.8881910000 3.5998680000
6167.7597660000 -13.9053570000 3.5995780000
6168.0698240000 -13.9226840000 3.5992880000
6168.3798830000 -13.9401450000 3.5989970000
6168.6801760000 -13.9572000000 3.5987160000
6168.9902340000 -13.9749360000 3.5984250000
6169.2998050000 -13.9927850000 3.5981350000
6169.6000980000 -14.0102480000 3.5978540000
6169.9101560000 -14.0284110000 3.5975640000
6170.2202150000 -14.0467520000 3.5972730000
6170.5200200000 -14.0645880000 3.5969930000
6170.8300780000 -14.0832290000 3.5967020000
6171.1401370000 -14.1019980000 3.5964120000
6171.4501950000 -14.1209270000 3.5961220000
6171.7500000000 -14.1393980000 3.5958420000
6172.0600590000 -14.1586480000 3.5955520000
6172.3701170000 -14.1780650000 3.5952620000
6172.6699220000 -14.1970180000 3.5949810000
6172.9799800000 -14.2167730000 3.5946910000
6173.2900390000 -14.2367360000 3.5944010000
6173.6000980000 -14.2568480000 3.5941110000
6173.8999020000 -14.2764840000 3.5938310000
6174.2099610000 -14.2969600000 3.5935410000
6174.5200200000 -14.3176250000 3.5932510000
6174.8300780000 -14.3384830000 3.5929620000
6175.1298830000 -14.3588540000 3.5926820000
6175.4399410000 -14.3801040000 3.5923920000
6175.7500000000 -14.4015570000 3.5921030000
6176.0600590000 -14.4232520000 3.5918120000
6176.3598630000 -14.4443830000 3.5915330000
6176.6699220000 -14.4665000000 3.5912430000
6176.9799800000 -14.4888060000 3.5909540000
6177.2900390000 -14.5113350000 3.5906640000
6177.6000980000 -14.5340960000 3.5903750000
6177.8999020000 -14.5563440000 3.5900950000
6178.2099610000 -14.5795700000 3.5898060000
6178.5200200000 -14.6030770000 3.5895160000
6178.8300780000 -14.6267980000 3.5892270000
6179.1401370000 -14.6507730000 3.5889380000
6179.4399410000 -14.6742220000 3.5886580000
6179.7500000000 -14.6987150000 3.5883690000
6180.0600590000 -14.7234810000 3.5880800000
6180.3701170000 -14.7485640000 3.5877900000
6180.6801760000 -14.7738910000 3.5875010000
6180.9799800000 -14.7986780000 3.5872220000
6181.2900390000 -14.8245860000 3.5869330000
6181.6000980000 -14.8507980000 3.5866440000
6181.9101560000 -14.8773210000 3.5863550000
6182.2202150000 -14.9041630000 3.5860660000
6182.5200200000 -14.9304490000 3.5857870000
6182.8300780000 -14.9579430000 3.5854980000
6183.1401370000 -14.9858230000 3.5852090000
6183.4501950000 -15.0140110000 3.5849200000
6183.7597660000 -15.0425170000 3.5846320000
6184.0698240000 -15.0714350000 3.5843440000
6184.3701170000 -15.0998270000 3.5840640000
6184.6801760000 -15.1295030000 3.5837760000
6184.9902340000 -15.1596260000 3.5834870000
6185.2998050000 -15.1900660000 3.5831990000
6185.6098630000 -15.2209770000 3.5829100000
6185.9199220000 -15.2523200000 3.5826220000
6186.2299800000 -15.2841600000 3.5823330000
6186.5297850000 -15.3153110000 3.5820550000
6186.8398440000 -15.3480690000 3.5817660000
6187.1499020000 -15.3812640000 3.5814780000
6187.4599610000 -15.4149600000 3.5811890000
6187.7700200000 -15.4491720000 3.5809010000
6188.0800780000 -15.4839710000 3.5806130000
6188.3901370000 -15.5192660000 3.5803250000
6188.7001950000 -15.5551280000 3.5800370000
6189.0097660000 -15.5915190000 3.5797490000
6189.3100590000 -15.6274220000 3.5794700000
6189.6201170000 -15.6650800000 3.5791820000
6189.9301760000 -15.7033830000 3.5788940000
6190.2402340000 -15.7424160000 3.5786060000
6190.5498050000 -15.7820210000 3.5783180000
6190.8598630000 -15.8224030000 3.5780310000
6191.1699220000 -15.8635280000 3.5777430000
6191.4799800000 -15.9054910000 3.5774550000
6191.7900390000 -15.9481910000 3.5771670000
6192.1000980000 -15.9917220000 3.5768800000
6192.4101560000 -16.0361190000 3.5765920000
6192.7099610000 -16.0799390000 3.5763130000
6193.0200200000 -16.1261430000 3.5760260000
6193.3300780000 -16.1733970000 3.5757380000
6193.6401370000 -16.2215960000 3.5754510000
6193.9501950000 -16.2708570000 3.5751630000
6194.2597660000 -16.3211520000 3.5748760000
6194.5698240000 -16.3726840000 3.5745890000
6194.8798830000 -16.4255140000 3.5743010000
6195.1899410000 -16.4795400000 3.5740140000
6195.5000000000 -16.5349030000 3.5737270000
6195.8100590000 -16.5916710000 3.5734390000
6196.1201170000 -16.6500110000 3.5731520000
6196.4301760000 -16.7098200000 3.5728650000
6196.7402340000 -16.7712710000 3.5725770000
6197.0498050000 -16.8343600000 3.5722910000
6197.3598630000 -16.8994850000 3.5720030000
6197.6699220000 -16.9664550000 3.5717160000
6197.9799800000 -17.0354940000 3.5714290000
6198.2900390000 -17.1067310000 3.5711420000
6198.6000980000 -17.1804260000 3.5708550000
6198.9101560000 -17.2565100000 3.5705680000
6199.2202150000 -17.3352700000 3.5702820000
6199.5297850000 -17.4167750000 3.5699950000
6199.8398440000 -17.5016250000 3.5697080000
6200.1499020000 -17.5896800000 3.5694210000
6200.4599610000 -17.6813370000 3.5691350000
6200.7700200000 -17.7769050000 3.5688480000
6201.0800780000 -17.8767320000 3.5685610000
6201.3901370000 -17.9813790000 3.5682740000
6201.7001950000 -18.0909810000 3.5679880000
6202.0097660000 -18.2060340000 3.5677020000
6202.3198240000 -18.3275050000 3.5674150000
6202.6298830000 -18.4561370000 3.5671280000
6202.9399410000 -18.5923820000 3.5668420000
6203.2500000000 -18.7374380000 3.5665560000
6203.5600590000 -18.8925270000 3.5662690000
6203.8701170000 -19.0593970000 3.5659830000
6204.1801760000 -19.2393880000 3.5656960000
6204.4902340000 -19.4350740000 3.5654100000
6204.7998050000 -19.6491070000 3.5651250000
6205.1098630000 -19.8864710000 3.5648380000
6205.4199220000 -20.1514680000 3.5645520000
6205.7299800000 -20.4519420000 3.5642660000
6206.0400390000 -20.7988610000 3.5639800000
6206.3500980000 -21.2099270000 3.5636930000
6206.6699220000 -21.7298070000 3.5633980000
6206.9799800000 -22.3835930000 3.5631120000
6207.2900390000 -23.3104970000 3.5628260000
6207.6000980000 -24.9097190000 3.5625400000
6207.9101560000 -32.6407130000 0.6687680000
6208.2202150000 -24.8026180000 0.6676160000
6208.5297850000 -23.2690070000 0.6664650000
6208.8398440000 -22.3626400000 0.6653140000
6209.1499020000 -21.7168160000 0.6641630000
6209.4599610000 -21.2146490000 0.6630120000
6209.7700200000 -20.8030950000 0.6618600000
6210.0800780000 -20.4552820000 0.6607090000
6210.3999020000 -20.1445940000 0.6595220000
6210.7099610000 -19.8793740000 0.6583720000
6211.0200200000 -19.6418760000 0.6572230000
6211.3300780000 -19.4268400000 0.6560740000
6211.6401370000 -19.2300890000 0.6549230000
6211.9501950000 -19.0492630000 0.6537740000
6212.2597660000 -18.8819940000 0.6526280000
6212.5698240000 -18.7259390000 0.6514800000
6212.8901370000 -18.5751080000 0.6502930000
6213.2001950000 -18.4381390000 0.6491460000
6213.5097660000 -18.3091280000 0.6480000000
6213.8198240000 -18.1866630000 0.6468520000
6214.1298830000 -18.0706140000 0.6457040000
6214.4399410000 -17.9601880000 0.6445580000
6214.7500000000 -17.8548600000 0.6434120000
6215.0698240000 -17.7510030000 0.6422290000
6215.3798830000 -17.6547130000 0.6410830000
6215.6899410000 -17.5621830000 0.6399350000
6216.0000000000 -17.4733940000 0.6387900000
6216.3100590000 -17.3879320000 0.6376460000
6216.6201170000 -17.3055530000 0.6365010000
6216.9399410000 -17.2235220000 0.6353200000
6217.2500000000 -17.1467740000 0.6341750000
6217.5600590000 -17.0724120000 0.6330300000
6217.8701170000 -17.0005050000 0.6318860000
6218.1801760000 -16.9307960000 0.6307430000
6218.4902340000 -16.8631500000 0.6296000000
6218.8100590000 -16.7953620000 0.6284200000
6219.1201170000 -16.7315620000 0.6272770000
6219.4301760000 -16.6694950000 0.6261350000
6219.7402340000 -16.6089800000 0.6249910000
6220.0498050000 -16.5502090000 0.6238510000
6220.3701170000 -16.4909080000 0.6226710000
6220.6801760000 -16.4349780000 0.6215300000
6220.9902340000 -16.3803880000 0.6203890000
6221.2998050000 -16.3271540000 0.6192490000
6221.6201170000 -16.2733120000 0.6180710000
6221.9301760000 -16.2224140000 0.6169300000
6222.2402340000 -16.1725520000 0.6157880000
6222.5498050000 -16.1239050000 0.6146510000
6222.8598630000 -16.0762000000 0.6135110000
6223.1801760000 -16.0279100000 0.6123330000
6223.4902340000 -15.9821540000 0.6111950000
6223.7998050000 -15.9373660000 0.6100580000
6224.1098630000 -15.8933740000 0.6089190000
6224.4301760000 -15.8487700000 0.6077420000
6224.7402340000 -15.8064400000 0.6066050000
6225.0498050000 -15.7648840000 0.6054670000
6225.3598630000 -15.7240720000 0.6043300000
6225.6801760000 -15.6826320000 0.6031540000
6225.9902340000 -15.6432550000 0.6020170000
6226.2998050000 -15.6046070000 0.6008830000
6226.6098630000 -15.5665450000 0.5997460000
6226.9301760000 -15.5278550000 0.5985720000
6227.2402340000 -15.4910460000 0.5974360000
6227.5498050000 -15.4548230000 0.5963000000
6227.8701170000 -15.4180250000 0.5951280000
6228.1801760000 -15.3828850000 0.5939910000
6228.4902340000 -15.3483320000 0.5928560000
6228.7998050000 -15.3143490000 0.5917240000
6229.1201170000 -15.2796890000 0.5905510000
6229.4301760000 -15.2466590000 0.5894170000
6229.7402340000 -15.2141040000 0.5882840000
6230.0600590000 -15.1809790000 0.5871130000
6230.3701170000 -15.1493440000 0.5859800000
6230.6801760000 -15.1181450000 0.5848470000
6231.0000000000 -15.0863820000 0.5836780000
6231.3100590000 -15.0560310000 0.5825460000
6231.6201170000 -15.0260360000 0.5814120000
6231.9301760000 -14.9964770000 0.5802800000
6232.2500000000 -14.9663630000 0.5791120000
6232.5600590000 -14.9375680000 0.5779800000
6232.8701170000 -14.9091340000 0.5768490000
6233.1899410000 -14.8801520000 0.5756820000
6233.5000000000 -14.8524260000 0.5745520000
6233.8100590000 -14.8250350000 0.5734210000
6234.1298830000 -14.7971040000 0.5722540000
6234.4399410000 -14.7703710000 0.5711240000
6234.7597660000 -14.7431030000 0.5699590000
6235.0698240000 -14.7169980000 0.5688300000
6235.3798830000 -14.6911920000 0.5677000000
6235.7001950000 -14.6648180000 0.5665330000
6236.0097660000 -14.6396360000 0.5654060000
6236.3198240000 -14.6146560000 0.5642770000
6236.6401370000 -14.5891950000 0.5631110000
6236.9501950000 -14.5647640000 0.5619820000
6237.2597660000 -14.5406690000 0.5608570000
6237.5800780000 -14.5159890000 0.5596910000
6237.8901370000 -14.4923720000 0.5585640000
6238.2099610000 -14.4682840000 0.5574030000
6238.5200200000 -14.4451240000 0.5562740000
6238.8300780000 -14.4222350000 0.5551480000
6239.1499020000 -14.3988480000 0.5539860000
6239.4599610000 -14.3764220000 0.5528600000
6239.7797850000 -14.3535040000 0.5516990000
6240.0898440000 -14.3315250000 0.5505730000
6240.3999020000 -14.3097580000 0.5494480000
6240.7202150000 -14.2874750000 0.5482850000
6241.0297850000 -14.2661620000 0.5471630000
6241.3500980000 -14.2443060000 0.5460000000
6241.6601560000 -14.2233650000 0.5448770000
6241.9702150000 -14.2026190000 0.5437540000
6242.2900390000 -14.1814020000 0.5425940000
6242.6000980000 -14.1610390000 0.5414710000
6242.9199220000 -14.1402110000 0.5403120000
6243.2299800000 -14.1202170000 0.5391880000
6243.5498050000 -14.0997650000 0.5380310000
6243.8598630000 -14.0801280000 0.5369080000
6244.1801760000 -14.0600070000 0.5357480000
6244.4902340000 -14.0407160000 0.5346270000
6244.7998050000 -14.0216200000 0.5335070000
6245.1201170000 -14.0020170000 0.5323490000
6245.4301760000 -13.9832180000 0.5312270000
6245.7500000000 -13.9639780000 0.5300700000
6246.0600590000 -13.9454970000 0.5289510000
6246.3798830000 -13.9265780000 0.5277940000
6246.6899410000 -13.9084030000 0.5266740000
6247.0097660000 -13.8897960000 0.5255180000
6247.3198240000 -13.8719190000 0.5244000000
6247.6401370000 -13.8535850000 0.5232430000
6247.9501950000 -13.8359960000 0.5221240000
6248.2700200000 -13.8179830000 0.5209690000
6248.5800780000 -13.8006720000 0.5198510000
6248.8999020000 -13.7829430000 0.5186970000
6249.2099610000 -13.7659020000 0.5175790000
6249.5297850000 -13.7484470000 0.5164260000
6249.8398440000 -13.7316690000 0.5153080000
6250.1601560000 -13.7144560000 0.5141530000
6250.4702150000 -13.6979330000 0.5130370000
6250.7900390000 -13.6810050000 0.5118850000
6251.1000980000 -13.6647290000 0.5107680000
6251.4199220000 -13.6480520000 0.5096170000
6251.7299800000 -13.6320160000 0.5085010000
6252.0498050000 -13.6155840000 0.5073490000
6252.3598630000 -13.5997820000 0.5062340000
6283.0380860000 -12.4263170000 0.3970900000
6405.8872070000 -10.4535790000 9.9833410000
6531.1386720000 -9.8457020000 9.5967310000
6658.8383790000 -10.3216480000 9.2352370000
6673.3598630000 -10.5460780000 9.1960580000
6673.7202150000 -10.5527750000 9.1950900000
6674.0800780000 -10.5595210000 9.1941250000
6674.4399410000 -10.5663410000 9.1931590000
6674.7998050000 -10.5732290000 9.1921930000
6675.1601560000 -10.5801850000 9.1912280000
6675.5200200000 -10.5872110000 9.1902620000
6675.8701170000 -10.5941090000 9.1893240000
6676.2299800000 -10.6012740000 9.1883590000
6676.5898440000 -10.6085130000 9.1873940000
6676.9501950000 -10.6158250000 9.1864300000
6677.3100590000 -10.6232130000 9.1854660000
6677.6699220000 -10.6306760000 9.1845020000
6678.0297850000 -10.6382170000 9.1835380000
6678.3901370000 -10.6458370000 9.1825740000
6678.7500000000 -10.6535370000 9.1816110000
6679.1098630000 -10.6613180000 9.1806480000
6679.4702150000 -10.6691820000 9.1796860000
6679.8300780000 -10.6771300000 9.1787220000
6680.1899410000 -10.6851630000 9.1777600000
6680.5498050000 -10.6932730000 9.1768000000
6680.9101560000 -10.7014930000 9.1758370000
6681.2700200000 -10.7097920000 9.1748740000
6681.6298830000 -10.7181710000 9.1739140000
6681.9902340000 -10.7266660000 9.1729520000
6682.3500980000 -10.7352460000 9.1719900000
6682.7099610000 -10.7439210000 9.1710300000
6683.0698240000 -10.7526840000 9.1700710000
6683.4301760000 -10.7615700000 9.1691090000
6683.7900390000 -10.7705470000 9.1681490000
6684.1499020000 -10.7796150000 9.1671910000
6684.5097660000 -10.7888020000 9.1662310000
6684.8701170000 -10.7981100000 9.1652700000
6685.2299800000 -10.8075030000 9.1643120000
6685.5898440000 -10.8170200000 9.1633530000
6685.9501950000 -10.8266650000 9.1623940000
6686.3198240000 -10.8366750000 9.1614090000
6686.6801760000 -10.8465600000 9.1604500000
6687.0400390000 -10.8565410000 9.1594930000
6687.3999020000 -10.8666580000 9.1585360000
6687.7597660000 -10.8769040000 9.1575780000
6688.1201170000 -10.8872790000 9.1566210000
6688.4799800000 -10.8977860000 9.1556630000
6688.8398440000 -10.9084290000 9.1547070000
6689.2001950000 -10.9192250000 9.1537490000
6689.5600590000 -10.9301330000 9.1527940000
6689.9199220000 -10.9412000000 9.1518370000
6690.2797850000 -10.9524150000 9.1508820000
6690.6499020000 -10.9641000000 9.1498990000
6691.0097660000 -10.9756250000 9.1489440000
6691.3701170000 -10.9873090000 9.1479880000
6691.7299800000 -10.9991560000 9.1470340000
6692.0898440000 -11.0111680000 9.1460780000
6692.4501950000 -11.0233510000 9.1451230000
6692.8100590000 -11.0357080000 9.1441700000
6693.1699220000 -11.0482440000 9.1432150000
6693.5297850000 -11.0609470000 9.1422620000
6693.8999020000 -11.0742340000 9.1412810000
6694.2597660000 -11.0873230000 9.1403290000
6694.6201170000 -11.1006450000 9.1393750000
6694.9799800000 -11.1141540000 9.1384220000
6695.3398440000 -11.1278520000 9.1374700000
6695.7001950000 -11.1418040000 9.1365170000
6696.0698240000 -11.1563350000 9.1355390000
6696.4301760000 -11.1707410000 9.1345850000
6696.7900390000 -11.1853620000 9.1336340000
6697.1499020000 -11.2002030000 9.1326830000
6697.5097660000 -11.2153120000 9.1317320000
6697.8701170000 -11.2306980000 9.1307790000
6698.2402340000 -11.2467640000 9.1298020000
6698.6000980000 -11.2626710000 9.1288510000
6698.9599610000 -11.2788360000 9.1279020000
6699.3198240000 -11.2953130000 9.1269520000
6699.6801760000 -11.3121090000 9.1260000000
6700.0498050000 -11.3296490000 9.1250260000
6700.4101560000 -11.3470830000 9.1240750000
6700.7700200000 -11.3648000000 9.1231260000
6701.1298830000 -11.3828830000 9.1221770000
6701.4902340000 -11.4013440000 9.1212270000
6701.8598630000 -11.4206500000 9.1202540000
6702.2202150000 -11.4398700000 9.1193040000
6702.5800780000 -11.4594330000 9.1183570000
6702.9399410000 -11.4794300000 9.1174090000
6703.3100590000 -11.5004290000 9.1164350000
6703.6699220000 -11.5213090000 9.1154870000
6704.0297850000 -11.5426220000 9.1145410000
6704.3901370000 -11.5644710000 9.1135930000
6704.7597660000 -11.5873930000 9.1126200000
6705.1201170000 -11.6102830000 9.1116720000
6705.4799800000 -11.6336910000 9.1107260000
6705.8398440000 -11.6576370000 9.1097810000
6706.2099610000 -11.6829380000 9.1088080000
6706.5698240000 -11.7081250000 9.1078630000
6706.9301760000 -11.7340370000 9.1069160000
6707.2900390000 -11.7606070000 9.1059710000
6707.6601560000 -11.7886720000 9.1050000000
6708.0200200000 -11.8167540000 9.1040550000
6708.3798830000 -11.8456040000 9.1031120000
6708.7500000000 -11.8761830000 9.1021410000
6709.1098630000 -11.9068480000 9.1011970000
6709.4702150000 -11.9385110000 9.1002520000
6709.8398440000 -11.9720250000 9.0992830000
6710.2001950000 -12.0058110000 9.0983390000
6710.5600590000 -12.0406540000 9.0973970000
6710.9301760000 -12.0778390000 9.0964260000
6711.2900390000 -12.1152520000 9.0954850000
6711.6499020000 -12.1541190000 9.0945430000
6712.0200200000 -12.1956420000 9.0935740000
6712.3798830000 -12.2376960000 9.0926310000
6712.7402340000 -12.2815710000 9.0916880000
6713.1098630000 -12.3285400000 9.0907220000
6713.4702150000 -12.3764060000 9.0897800000
6713.8300780000 -12.4265460000 9.0888390000
6714.2001950000 -12.4806810000 9.0878720000
6714.5600590000 -12.5361400000 9.0869310000
6714.9199220000 -12.5946450000 9.0859910000
6715.2900390000 -12.6583120000 9.0850240000
6715.6499020000 -12.7241120000 9.0840850000
6716.0097660000 -12.7941040000 9.0831450000
6716.3798830000 -12.8713210000 9.0821780000
6716.7402340000 -12.9520300000 9.0812390000
6717.1098630000 -13.0416320000 9.0802750000
6717.4702150000 -13.1367700000 9.0793350000
6717.8300780000 -13.2408480000 9.0783960000
6718.2001950000 -13.3592370000 9.0774320000
6718.5600590000 -13.4881220000 9.0764930000
6718.9301760000 -13.6384420000 9.0755290000
6719.2900390000 -13.8073650000 9.0745920000
6719.6499020000 -14.0064190000 9.0736550000
6720.0200200000 -14.2569360000 9.0726910000
6720.3798830000 -14.5703270000 9.0717540000
6720.7500000000 -15.0219720000 9.0707910000
6721.1098630000 -15.7596390000 9.0698550000
6721.4799800000 -19.1158080000 9.0688920000
6721.8398440000 -15.9312770000 2.6328630000
6722.2001950000 -15.1086910000 2.6314610000
6722.5698240000 -14.6256670000 2.6300240000
6722.9301760000 -14.2944390000 2.6286250000
6723.2998050000 -14.0311730000 2.6271870000
6723.6601560000 -13.8222420000 2.6257880000
6724.0297850000 -13.6407540000 2.6243510000
6724.3901370000 -13.4878060000 2.6229530000
6724.7597660000 -13.3492510000 2.6215180000
6725.1201170000 -13.2282810000 2.6201200000
6725.4902340000 -13.1158710000 2.6186840000
6725.8500980000 -13.0159420000 2.6172880000
6726.2202150000 -12.9213630000 2.6158520000
6726.5800780000 -12.8360810000 2.6144570000
6726.9501950000 -12.7543860000 2.6130230000
6727.3100590000 -12.6799520000 2.6116280000
6727.6801760000 -12.6080030000 2.6101940000
6728.0400390000 -12.5419270000 2.6088000000
6728.4101560000 -12.4776110000 2.6073680000
6728.7700200000 -12.4181740000 2.6059740000
6729.1401370000 -12.3599950000 2.6045420000
6729.5000000000 -12.3060290000 2.6031510000
6729.8701170000 -12.2528250000 2.6017180000
6730.2299800000 -12.2033340000 2.6003270000
6730.6000980000 -12.1544160000 2.5988980000
6730.9599610000 -12.1086350000 2.5975070000
6731.3300780000 -12.0633000000 2.5960760000
6731.6899410000 -12.0207460000 2.5946860000
6732.0600590000 -11.9784910000 2.5932570000
6732.4301760000 -11.9376380000 2.5918280000
6732.7900390000 -11.8991480000 2.5904390000
6733.1601560000 -11.8607960000 2.5890110000
6733.5200200000 -11.8245860000 2.5876220000
6733.8901370000 -11.7884370000 2.5861950000
6734.2500000000 -11.7542450000 2.5848070000
6734.6201170000 -11.7200510000 2.5833810000
6734.9902340000 -11.6867660000 2.5819550000
6735.3500980000 -11.6552080000 2.5805670000
6735.7202150000 -11.6235760000 2.5791430000
6736.0800780000 -11.5935450000 2.5777560000
6736.4501950000 -11.5634060000 2.5763320000
6736.8198240000 -11.5340040000 2.5749090000
6737.1801760000 -11.5059660000 2.5735230000
6737.5498050000 -11.4778520000 2.5721010000
6737.9101560000 -11.4510120000 2.5707140000
6738.2797850000 -11.4240700000 2.5692940000
6738.6499020000 -11.3976520000 2.5678710000
6739.0097660000 -11.3724600000 2.5664880000
6739.3798830000 -11.3470730000 2.5650660000
6739.7402340000 -11.3228130000 2.5636820000
6740.1098630000 -11.2984080000 2.5622630000
6740.4799800000 -11.2744250000 2.5608430000
6740.8398440000 -11.2515100000 2.5594610000
6741.2099610000 -11.2283720000 2.5580420000
6741.5800780000 -11.2056390000 2.5566220000
6741.9399410000 -11.1838950000 2.5552420000
6742.3100590000 -11.1619190000 2.5538230000
6742.6801760000 -11.1403060000 2.5524040000
6743.0400390000 -11.1196150000 2.5510250000
6743.4101560000 -11.0986820000 2.5496070000
6743.7797850000 -11.0781050000 2.5481920000
6744.1401370000 -11.0583370000 2.5468120000
6744.5097660000 -11.0383760000 2.5453980000
6744.8798830000 -11.0186860000 2.5439820000
6745.2402340000 -10.9997830000 2.5426030000
6745.6098630000 -10.9806790000 2.5411890000
6745.9799800000 -10.9618220000 2.5397740000
6746.3500980000 -10.9432050000 2.5383580000
6746.7099610000 -10.9253850000 2.5369830000
6747.0800780000 -10.9072890000 2.5355700000
6747.4501950000 -10.8894120000 2.5341550000
6747.8100590000 -10.8722900000 2.5327820000
6748.1801760000 -10.8548700000 2.5313670000
6748.5498050000 -10.8377180000 2.5299570000
6748.9199220000 -10.8207600000 2.5285440000
6749.2797850000 -10.8044620000 2.5271710000
6749.6499020000 -10.7879150000 2.5257600000
6750.0200200000 -10.7715670000 2.5243490000
6750.3901370000 -10.7554150000 2.5229390000
6750.7500000000 -10.7398820000 2.5215660000
6751.1201170000 -10.7240990000 2.5201570000
6751.4902340000 -10.7084970000 2.5187470000
6751.8598630000 -10.6930920000 2.5173410000
6752.2202150000 -10.6782300000 2.5159680000
6752.5898440000 -10.6631610000 2.5145620000
6752.9599610000 -10.6482370000 2.5131540000
6753.3300780000 -10.6334540000 2.5117440000
6753.7001950000 -10.6188480000 2.5103370000
6754.0600590000 -10.6047840000 2.5089680000
6754.4301760000 -10.5904770000 2.5075620000
6754.7998050000 -10.5763350000 2.5061580000
6755.1699220000 -10.5623190000 2.5047520000
6755.5400390000 -10.5484430000 2.5033460000
6755.8999020000 -10.5350750000 2.5019800000
6756.2700200000 -10.5214680000 2.5005750000
6756.6401370000 -10.5079930000 2.4991710000
6757.0097660000 -10.4946470000 2.4977670000
6757.3798830000 -10.4814280000 2.4963640000
6757.7402340000 -10.4686860000 2.4949980000
6758.1098630000 -10.4557100000 2.4935950000
6758.4799800000 -10.4428530000 2.4921930000
6758.8500980000 -10.4301140000 2.4907910000
6759.2202150000 -10.4174880000 2.4893890000
6759.5898440000 -10.4049920000 2.4879890000
6759.9599610000 -10.3925740000 2.4865880000
6760.3198240000 -10.3806280000 2.4852270000
6760.6899410000 -10.3684370000 2.4838260000
6761.0600590000 -10.3563360000 2.4824250000
6761.4301760000 -10.3443530000 2.4810250000
6761.7998050000 -10.3324860000 2.4796280000
6762.1699220000 -10.3207030000 2.4782290000
6762.5400390000 -10.3090160000 2.4768300000
6762.9101560000 -10.2974110000 2.4754300000
6763.2700200000 -10.2862390000 2.4740720000
6763.6401370000 -10.2748320000 2.4726750000
6764.0097660000 -10.2635150000 2.4712780000
6764.3798830000 -10.2522890000 2.4698820000
6764.7500000000 -10.2411490000 2.4684850000
6765.1201170000 -10.2300960000 2.4670900000
6765.4902340000 -10.2191280000 2.4656940000
6765.8598630000 -10.2082420000 2.4642990000
6766.2299800000 -10.1974400000 2.4629040000
6766.6000980000 -10.1867180000 2.4615100000
6766.9702150000 -10.1760750000 2.4601150000
6767.3300780000 -10.1657960000 2.4587590000
6767.7001950000 -10.1553070000 2.4573660000
6768.0698240000 -10.1449070000 2.4559760000
6768.4399410000 -10.1345680000 2.4545820000
6768.8100590000 -10.1242900000 2.4531890000
6769.1801760000 -10.1140980000 2.4517970000
6769.5498050000 -10.1039890000 2.4504070000
6769.9199220000 -10.0939380000 2.4490160000
6770.2900390000 -10.0839570000 2.4476250000
6770.6601560000 -10.0740430000 2.4462350000
6771.0297850000 -10.0641980000 2.4448440000
6771.3999020000 -10.0544180000 2.4434550000
6771.7700200000 -10.0447030000 2.4420650000
6772.1401370000 -10.0350530000 2.4406770000
6772.5097660000 -10.0254790000 2.4392900000
6772.8798830000 -10.0159440000 2.4379000000
6773.2500000000 -10.0064820000 2.4365120000
6773.6201170000 -9.9970820000 2.4351240000
6773.9902340000 -9.9877410000 2.4337380000
6774.3598630000 -9.9784720000 2.4323520000
6774.7299800000 -9.9692360000 2.4309640000
6775.1000980000 -9.9600720000 2.4295780000
6789.0356450000 -9.6507700000 2.3776400000
6921.7783200000 -8.1505160000 1.9075650000
7057.1162110000 -7.7533440000 1.4704930000
7073.1000980000 -7.8055210000 1.4214620000
7073.5000000000 -7.8074250000 1.4202410000
7073.9101560000 -7.8094130000 1.4189910000
7074.3100590000 -7.8113860000 1.4177720000
7074.7099610000 -7.8133960000 1.4165530000
7075.1201170000 -7.8154950000 1.4153030000
7075.5200200000 -7.8175800000 1.4140840000
7075.9199220000 -7.8197020000 1.4128670000
7076.3300780000 -7.8219170000 1.4116170000
7076.7299800000 -7.8241140000 1.4104010000
7077.1401370000 -7.8264120000 1.4091520000
7077.5400390000 -7.8286890000 1.4079360000
7077.9399410000 -7.8310090000 1.4067190000
7078.3500980000 -7.8334300000 1.4054720000
7078.7500000000 -7.8358340000 1.4042560000
7079.1601560000 -7.8383410000 1.4030090000
7079.5600590000 -7.8408320000 1.4017940000
7079.9599610000 -7.8433630000 1.4005800000
7080.3701170000 -7.8460060000 1.3993350000
7080.7700200000 -7.8486310000 1.3981200000
7081.1801760000 -7.8513700000 1.3968750000
7081.5800780000 -7.8540890000 1.3956620000
7081.9902340000 -7.8569250000 1.3944180000
7082.3901370000 -7.8597420000 1.3932050000
7082.7998050000 -7.8626760000 1.3919630000
7083.2001950000 -7.8655930000 1.3907500000
7083.6098630000 -7.8686360000 1.3895070000
7084.0097660000 -7.8716540000 1.3882970000
7084.4101560000 -7.8747320000 1.3870840000
7084.8198240000 -7.8779360000 1.3858440000
7085.2202150000 -7.8811250000 1.3846310000
7085.6298830000 -7.8844440000 1.3833920000
7086.0297850000 -7.8877440000 1.3821820000
7086.4399410000 -7.8911870000 1.3809410000
7086.8398440000 -7.8946010000 1.3797330000
7087.2500000000 -7.8981730000 1.3784920000
7087.6499020000 -7.9017110000 1.3772850000
7088.0600590000 -7.9054090000 1.3760460000
7088.4702150000 -7.9091740000 1.3748070000
7088.8701170000 -7.9129130000 1.3735990000
7089.2797850000 -7.9168120000 1.3723630000
7089.6801760000 -7.9206930000 1.3711540000
7090.0898440000 -7.9247360000 1.3699180000
7090.4902340000 -7.9287610000 1.3687110000
7090.8999020000 -7.9329540000 1.3674750000
7091.2998050000 -7.9371250000 1.3662690000
7091.7099610000 -7.9414800000 1.3650330000
7092.1098630000 -7.9458030000 1.3638290000
7092.5200200000 -7.9503270000 1.3625930000
7092.9301760000 -7.9549330000 1.3613580000
7093.3300780000 -7.9595070000 1.3601540000
7093.7402340000 -7.9642940000 1.3589190000
7094.1401370000 -7.9690440000 1.3577170000
7094.5498050000 -7.9740070000 1.3564840000
7094.9599610000 -7.9790730000 1.3552510000
7095.3598630000 -7.9841110000 1.3540490000
7095.7700200000 -7.9893770000 1.3528160000
7096.1699220000 -7.9946160000 1.3516140000
7096.5800780000 -8.0000930000 1.3503820000
7096.9902340000 -8.0056820000 1.3491510000
7097.3901370000 -8.0112440000 1.3479490000
7097.7998050000 -8.0170550000 1.3467200000
7098.2001950000 -8.0228530000 1.3455180000
7098.6098630000 -8.0289050000 1.3442890000
7099.0200200000 -8.0350920000 1.3430590000
7099.4199220000 -8.0412550000 1.3418600000
7099.8300780000 -8.0477070000 1.3406310000
7100.2402340000 -8.0542980000 1.3394010000
7100.6401370000 -8.0608680000 1.3382020000
7101.0498050000 -8.0677410000 1.3369760000
7101.4599610000 -8.0747760000 1.3357480000
7101.8598630000 -8.0817920000 1.3345510000
7102.2700200000 -8.0891470000 1.3333230000
7102.6801760000 -8.0966700000 1.3320960000
7103.0800780000 -8.1041790000 1.3309000000
7103.4902340000 -8.1120570000 1.3296740000
7103.8999020000 -8.1201130000 1.3284490000
7104.3100590000 -8.1283740000 1.3272240000
7104.7099610000 -8.1366290000 1.3260280000
7105.1201170000 -8.1452980000 1.3248030000
7105.5297850000 -8.1541760000 1.3235800000
7105.9301760000 -8.1630760000 1.3223850000
7106.3398440000 -8.1724120000 1.3211620000
7106.7500000000 -8.1820050000 1.3199390000
7107.1601560000 -8.1918550000 1.3187150000
7107.5600590000 -8.2017230000 1.3175220000
7107.9702150000 -8.2121150000 1.3162990000
7108.3798830000 -8.2227870000 1.3150790000
7108.7900390000 -8.2337780000 1.3138570000
7109.1899410000 -8.2448090000 1.3126650000
7109.6000980000 -8.2564500000 1.3114430000
7110.0097660000 -8.2684300000 1.3102250000
7110.4199220000 -8.2807950000 1.3090040000
7110.8198240000 -8.2932360000 1.3078140000
7111.2299800000 -8.3063950000 1.3065930000
7111.6401370000 -8.3199900000 1.3053740000
7112.0498050000 -8.3340290000 1.3041560000
7112.4599610000 -8.3485890000 1.3029360000
7112.8598630000 -8.3632590000 1.3017480000
7113.2700200000 -8.3788570000 1.3005290000
7113.6801760000 -8.3950600000 1.2993110000
7114.0898440000 -8.4118490000 1.2980940000
7114.5000000000 -8.4293270000 1.2968770000
7114.9101560000 -8.4475230000 1.2956600000
7115.3100590000 -8.4660170000 1.2944730000
7115.7202150000 -8.4857950000 1.2932570000
7116.1298830000 -8.5064460000 1.2920430000
7116.5400390000 -8.5280940000 1.2908270000
7116.9501950000 -8.5508020000 1.2896120000
7117.3598630000 -8.5746400000 1.2883980000
7117.7597660000 -8.5991460000 1.2872120000
7118.1699220000 -8.6256460000 1.2859980000
7118.5800780000 -8.6536930000 1.2847840000
7118.9902340000 -8.6834990000 1.2835690000
7119.3999020000 -8.7151640000 1.2823570000
7119.8100590000 -8.7490440000 1.2811440000
7120.2202150000 -8.7854010000 1.2799320000
7120.6298830000 -8.8245530000 1.2787210000
7121.0400390000 -8.8670420000 1.2775090000
7121.4399410000 -8.9122100000 1.2763270000
7121.8500980000 -8.9630310000 1.2751160000
7122.2597660000 -9.0193080000 1.2739060000
7122.6699220000 -9.0824570000 1.2726960000
7123.0800780000 -9.1542980000 1.2714830000
7123.4902340000 -9.2372800000 1.2702730000
7123.8999020000 -9.3353760000 1.2690650000
7124.3100590000 -9.4554690000 1.2678560000
7124.7202150000 -9.6097360000 1.2666460000
7125.1298830000 -9.8246990000 1.2654400000
7125.5400390000 -10.1818590000 1.2642300000
7125.9501950000 -11.4336020000 1.2630210000
7126.3598630000 -10.3193050000 3.0337100000
7126.7700200000 -9.8882060000 3.0324540000
7127.1801760000 -9.6452020000 3.0311990000
7127.5898440000 -9.4749520000 3.0299460000
7127.9902340000 -9.3460590000 3.0287210000
7128.3999020000 -9.2383080000 3.0274690000
7128.8100590000 -9.1471370000 3.0262150000
7129.2202150000 -9.0681110000 3.0249610000
7129.6298830000 -8.9983120000 3.0237080000
7130.0400390000 -8.9357600000 3.0224550000
7130.4501950000 -8.8790530000 3.0212030000
7130.8598630000 -8.8272160000 3.0199530000
7131.2700200000 -8.7793490000 3.0187010000
7131.6899410000 -8.7338650000 3.0174190000
7132.1000980000 -8.6924450000 3.0161680000
7132.5097660000 -8.6536250000 3.0149180000
7132.9199220000 -8.6170050000 3.0136680000
7133.3300780000 -8.5823720000 3.0124180000
7133.7402340000 -8.5494720000 3.0111670000
7134.1499020000 -8.5182340000 3.0099180000
7134.5600590000 -8.4883920000 3.0086690000
7134.9702150000 -8.4598480000 3.0074210000
7135.3798830000 -8.4325180000 3.0061730000
7135.7900390000 -8.4062380000 3.0049250000
7136.2001950000 -8.3809200000 3.0036750000
7136.6098630000 -8.3565760000 3.0024300000
7137.0200200000 -8.3330480000 3.0011830000
7137.4301760000 -8.3103050000 2.9999350000
7137.8398440000 -8.2883150000 2.9986900000
7138.2500000000 -8.2669770000 2.9974440000
7138.6699220000 -8.2457780000 2.9961670000
7139.0800780000 -8.2256840000 2.9949220000
7139.4902340000 -8.2061480000 2.9936760000
7139.8999020000 -8.1871570000 2.9924330000
7140.3100590000 -8.1686150000 2.9911860000
7140.7202150000 -8.1505610000 2.9899420000
7141.1298830000 -8.1329680000 2.9886990000
7141.5400390000 -8.1157700000 2.9874550000
7141.9599610000 -8.0985610000 2.9861820000
7142.3701170000 -8.0821430000 2.9849390000
7142.7797850000 -8.0660990000 2.9836970000
7143.1899410000 -8.0503750000 2.9824540000
7143.6000980000 -8.0349740000 2.9812130000
7144.0097660000 -8.0198990000 2.9799720000
7144.4199220000 -8.0050840000 2.9787290000
7144.8398440000 -7.9902340000 2.9774590000
7145.2500000000 -7.9759940000 2.9762180000
7145.6601560000 -7.9620110000 2.9749770000
7146.0698240000 -7.9482770000 2.9737370000
7146.4799800000 -7.9347800000 2.9724970000
7146.8999020000 -7.9212050000 2.9712290000
7147.3100590000 -7.9081450000 2.9699880000
7147.7202150000 -7.8953120000 2.9687490000
7148.1298830000 -7.8826960000 2.9675110000
7148.5400390000 -7.8702610000 2.9662730000
7148.9599610000 -7.8577180000 2.9650050000
7149.3701170000 -7.8456580000 2.9637670000
7149.7797850000 -7.8337880000 2.9625310000
7150.1899410000 -7.8220730000 2.9612940000
7150.6098630000 -7.8102430000 2.9600270000
7151.0200200000 -7.7988550000 2.9587910000
7151.4301760000 -7.7876210000 2.9575550000
7151.8398440000 -7.7765480000 2.9563200000
7152.2597660000 -7.7653400000 2.9550540000
7152.6699220000 -7.7545410000 2.9538190000
7153.0800780000 -7.7438770000 2.9525840000
7153.4902340000 -7.7333450000 2.9513490000
7153.9101560000 -7.7226870000 2.9500850000
7154.3198240000 -7.7124210000 2.9488530000
7154.7299800000 -7.7022620000 2.9476180000
7155.1401370000 -7.6922210000 2.9463850000
7155.5600590000 -7.6820520000 2.9451230000
7155.9702150000 -7.6722370000 2.9438900000
7156.3798830000 -7.6625410000 2.9426580000
7156.7998050000 -7.6527050000 2.9413970000
7157.2099610000 -7.6432070000 2.9401650000
7157.6201170000 -7.6338080000 2.9389330000
7158.0400390000 -7.6242790000 2.9376730000
7158.4501950000 -7.6150740000 2.9364410000
7158.8598630000 -7.6059700000 2.9352120000
7159.2797850000 -7.5967260000 2.9339520000
7159.6899410000 -7.5877920000 2.9327220000
7160.1000980000 -7.5789420000 2.9314930000
7160.5200200000 -7.5699630000 2.9302340000
7160.9301760000 -7.5612810000 2.9290050000
7161.3398440000 -7.5526880000 2.9277770000
7161.7597660000 -7.5439550000 2.9265190000
7162.1699220000 -7.5355080000 2.9252910000
7162.5800780000 -7.5271350000 2.9240640000
7163.0000000000 -7.5186330000 2.9228060000
7163.4101560000 -7.5104050000 2.9215790000
7163.8300780000 -7.5020480000 2.9203220000
7164.2402340000 -7.4939600000 2.9190960000
7164.6499020000 -7.4859480000 2.9178710000
7165.0698240000 -7.4777980000 2.9166150000
7165.4799800000 -7.4699070000 2.9153900000
7165.8999020000 -7.4618970000 2.9141370000
7166.3100590000 -7.4541320000 2.9129110000
7166.7299800000 -7.4462390000 2.9116570000
7167.1401370000 -7.4385930000 2.9104330000
7167.5498050000 -7.4310150000 2.9092100000
7167.9702150000 -7.4232920000 2.9079560000
7168.3798830000 -7.4158270000 2.9067340000
7168.7998050000 -7.4082270000 2.9054810000
7169.2099610000 -7.4008630000 2.9042590000
7169.6298830000 -7.3933730000 2.9030070000
7170.0400390000 -7.3861150000 2.9017840000
7170.4599610000 -7.3787390000 2.9005340000
7170.8701170000 -7.3715730000 2.8993110000
7171.2797850000 -7.3644730000 2.8980910000
7171.7001950000 -7.3572400000 2.8968410000
7172.1098630000 -7.3502280000 2.8956200000
7172.5297850000 -7.3431000000 2.8943720000
7172.9399410000 -7.3361810000 2.8931520000
7173.3598630000 -7.3291390000 2.8919030000
7173.7700200000 -7.3223090000 2.8906840000
7174.1899410000 -7.3153570000 2.8894350000
7174.6000980000 -7.3086140000 2.8882160000
7175.0200200000 -7.3017500000 2.8869690000
7175.4399410000 -7.2949370000 2.8857220000
7175.8500980000 -7.2883190000 2.8845040000
7176.2700200000 -7.2815810000 2.8832580000
7176.6801760000 -7.2750440000 2.8820400000
7177.1000980000 -7.2683870000 2.8807940000
7177.5097660000 -7.2619340000 2.8795790000
7177.9301760000 -7.2553480000 2.8783320000
7178.3398440000 -7.2489710000 2.8771170000
7178.7597660000 -7.2424750000 2.8758740000
7179.1699220000 -7.2361560000 2.8746570000
7179.5898440000 -7.2297330000 2.8734140000
7180.0097660000 -7.2233400000 2.8721690000
7180.4199220000 -7.2171340000 2.8709550000
7180.8398440000 -7.2108100000 2.8697120000
7181.2500000000 -7.2046720000 2.8684990000
7181.6699220000 -7.1984240000 2.8672570000
7182.0898440000 -7.1922030000 2.8660140000
7182.5000000000 -7.1861620000 2.8648010000
7182.9199220000 -7.1800070000 2.8635600000
7183.3300780000 -7.1740300000 2.8623480000
7183.7500000000 -7.1679380000 2.8611070000
7184.1699220000 -7.1618840000 2.8598670000
7184.5800780000 -7.1559990000 2.8586560000
7185.0000000000 -7.1499990000 2.8574150000
7185.4199220000 -7.1440310000 2.8561750000
7185.8300780000 -7.1382320000 2.8549650000
7186.2500000000 -7.1323220000 2.8537250000
7186.6601560000 -7.1265810000 2.8525160000
7187.0800780000 -7.1207340000 2.8512790000
7187.5000000000 -7.1149090000 2.8500400000
7195.1005860000 -7.0140240000 2.8276880000
7335.7827150000 -5.8186780000 2.4321360000
7479.2158200000 -5.0645010000 2.0617410000
7625.4531250000 -4.4857770000 1.7147490000
7774.5498050000 -4.0124710000 1.3895780000
7926.5620120000 -3.6116950000 1.0848060000
8081.5458980000 -3.0370610000 0.7959490000
8239.5605470000 -2.7150530000 0.4811710000
8400.6640630000 -2.4311210000 0.1784930000
8564.9189450000 -2.1790920000 9.8874020000
8732.3837890000 -1.9547050000 9.6074340000
8903.1240230000 -1.6127370000 9.3113970000
9077.2021480000 -1.4226300000 9.0267860000
9254.6845700000 -1.2520760000 8.7501090000
9435.6367190000 -1.0994390000 8.4812630000
9620.1269530000 -0.9621450000 8.2200270000
9808.2246090000 -0.8388580000 7.9662070000
10000.0000000000 -0.7282750000 7.7196150000
10195.5253900000 -0.6292200000 7.4800690000
10394.8730500000 -0.5406540000 7.2473880000
10598.1191400000 -0.4616590000 7.0213970000
10805.3388700000 -0.3914180000 6.8019230000
11016.6103500000 -0.3291960000 6.5887990000
11232.0127000000 -0.2743370000 6.3818590000
11451.6259800000 -0.2262450000 6.1809440000
11675.5341800000 -0.1843810000 5.9858930000
11903.8203100000 -0.1482580000 5.7965540000
12136.5693400000 -0.1174280000 5.6127760000
12373.8701200000 -0.0914850000 5.4344110000
12615.8105500000 -0.0721160000 5.2614960000
12862.4814500000 -0.0548910000 5.0937540000
13113.9746100000 -0.0415040000 4.9310080000
13370.3857400000 -0.0316660000 4.7731220000
13631.8105500000 -0.0277150000 4.6201630000
13898.3466800000 -0.0242190000 4.4718810000
14170.0937500000 -0.0235080000 4.3280750000
14447.1543000000 -0.0261060000 4.1886710000
14729.6328100000 -0.0303750000 4.0535200000
15017.6337900000 -0.0368450000 3.9224800000
15311.2666000000 -0.0453490000 3.7954340000
15610.6396500000 -0.0557360000 3.6722710000
15915.8671900000 -0.0678650000 3.5528780000
16227.0615200000 -0.0816060000 3.4371500000
16544.3418000000 -0.0968390000 3.3249800000
16867.8242200000 -0.1134520000 3.2162680000
17197.6328100000 -0.1313630000 3.1109130000
17533.8906300000 -0.1504410000 3.0088200000
17876.7207000000 -0.1706200000 2.9098930000
18226.2558600000 -0.1918190000 2.8140400000
18582.6250000000 -0.2142410000 2.7211790000
18945.9628900000 -0.2376960000 2.6312230000
19316.4023400000 -0.2615380000 2.5440880000
19694.0878900000 -0.2861540000 2.4596820000
20079.1562500000 -0.3115000000 2.3779270000
20471.7539100000 -0.3375360000 2.2987430000
20872.0273400000 -0.3642270000 2.2220560000
21280.1289100000 -0.3915460000 2.1477900000
21696.2070300000 -0.4194710000 2.0758750000
22120.4238300000 -0.4479870000 2.0062390000
22552.9335900000 -0.4770840000 1.9388170000
22993.8984400000 -0.5067630000 1.8735410000
23443.4882800000 -0.5370300000 1.8103470000
23901.8671900000 -0.5679010000 1.7491730000
24369.2070300000 -0.5994070000 1.6899570000
24845.6875000000 -0.6315970000 1.6326410000
25331.4824200000 -0.6645480000 1.5771680000
25826.7753900000 -0.6984050000 1.5234820000
26331.7539100000 -0.7335310000 1.4715270000
26846.6054700000 -0.7704400000 1.4214070000
27371.5234400000 -0.8054770000 1.3733020000
27906.7070300000 -0.8413930000 1.3267690000
28452.3515600000 -0.8781920000 1.2817600000
29008.6660200000 -0.9160210000 1.2382240000
29575.8593800000 -0.9553180000 1.1961290000
30154.1406300000 -0.9958490000 1.1554270000
30743.7304700000 -1.0377120000 1.1160700000
31344.8476600000 -1.0818510000 1.0780380000
31957.7168000000 -1.1274600000 1.0412770000
32582.5703100000 -1.1753660000 1.0057380000
33219.6406300000 -1.2259660000 0.9713820000
33869.1679700000 -1.2795600000 0.9381680000
34531.3945300000 -1.3371360000 0.9060580000
35206.5703100000 -1.3993080000 0.8750180000
35894.9492200000 -1.4671060000 0.8450130000
36596.7851600000 -1.5419030000 0.8160090000
37312.3437500000 -1.6255840000 0.7879740000
38041.8906300000 -1.7208210000 0.7608750000
38785.7070300000 -1.8315770000 0.7346830000
39544.0625000000 -1.9640660000 0.7093660000
40317.2500000000 -2.1288280000 0.6848980000
41105.5546900000 -2.3458680000 0.6612490000
41480.1992200000 -2.4764730000 0.6504430000
41494.1015600000 -2.4817870000 0.6500470000
41508.0000000000 -2.4871370000 0.6496520000
41521.8984400000 -2.4925270000 0.6492570000
41535.8007800000 -2.4979550000 0.6488620000
41549.6992200000 -2.5034220000 0.6484680000
41563.6015600000 -2.5089310000 0.6480740000
41577.6015600000 -2.5145190000 0.6476780000
41591.5000000000 -2.5201080000 0.6472840000
41605.5000000000 -2.5257800000 0.6468890000
41619.5000000000 -2.5314960000 0.6464930000
41633.3984400000 -2.5372140000 0.6461010000
41647.3984400000 -2.5430170000 0.6457070000
41661.3984400000 -2.5488650000 0.6453130000
41675.3984400000 -2.5547580000 0.6449190000
41689.3984400000 -2.5606980000 0.6445250000
41703.3984400000 -2.5666850000 0.6441320000
41717.5000000000 -2.5727630000 0.6437370000
41731.5000000000 -2.5788470000 0.6433440000
41745.6015600000 -2.5850260000 0.6429490000
41759.6015600000 -2.5912090000 0.6425580000
41773.6992200000 -2.5974880000 0.6421640000
41787.8007800000 -2.6038190000 0.6417700000
41801.8984400000 -2.6102040000 0.6413770000
41816.0000000000 -2.6166450000 0.6409840000
41830.1015600000 -2.6231390000 0.6405910000
41844.1992200000 -2.6296890000 0.6401990000
41858.3007800000 -2.6362960000 0.6398070000
41872.5000000000 -2.6430100000 0.6394130000
41886.6015600000 -2.6497340000 0.6390220000
41900.8007800000 -2.6565680000 0.6386280000
41909.2695300000 -2.6606720000 0.6383940000
41914.8984400000 -2.6634120000 0.6382380000
41929.1015600000 -2.6703700000 0.6378450000
41943.3007800000 -2.6773930000 0.6374520000
41957.5000000000 -2.6844790000 0.6370600000
41971.6992200000 -2.6916310000 0.6366690000
41985.8984400000 -2.6988510000 0.6362770000
42000.1015600000 -2.7061440000 0.6358860000
42014.3007800000 -2.7135030000 0.6354960000
42028.6015600000 -2.7209880000 0.6351030000
42042.8007800000 -2.7284920000 0.6347130000
42057.1015600000 -2.7361250000 0.6343200000
42071.3984400000 -2.7438340000 0.6339290000
42085.6992200000 -2.7516220000 0.6335370000
42099.8984400000 -2.7594340000 0.6331490000
42114.1992200000 -2.7673830000 0.6327580000
42128.6015600000 -2.7754710000 0.6323650000
42142.8984400000 -2.7835870000 0.6319750000
42157.1992200000 -2.7917910000 0.6315850000
42171.5000000000 -2.8000840000 0.6311960000
42185.8984400000 -2.8085230000 0.6308040000
42200.3007800000 -2.8170600000 0.6304130000
42214.6015600000 -2.8256300000 0.6300240000
42229.0000000000 -2.8343550000 0.6296340000
42243.3984400000 -2.8431790000 0.6292440000
42257.8007800000 -2.8521090000 0.6288540000
42272.1992200000 -2.8611400000 0.6284640000
42286.6015600000 -2.8702810000 0.6280750000
42301.0000000000 -2.8795270000 0.6276870000
42315.5000000000 -2.8889520000 0.6272950000
42329.8984400000 -2.8984260000 0.6269070000
42344.3984400000 -2.9080840000 0.6265170000
42358.8007800000 -2.9177960000 0.6261300000
42373.3007800000 -2.9277020000 0.6257400000
42387.8007800000 -2.9377320000 0.6253510000
42402.3007800000 -2.9478940000 0.6249620000
42416.8007800000 -2.9581890000 0.6245740000
42431.3007800000 -2.9686210000 0.6241850000
42445.8984400000 -2.9792680000 0.6237950000
42460.3984400000 -2.9899870000 0.6234080000
42474.8984400000 -3.0008550000 0.6230210000
42489.5000000000 -3.0119520000 0.6226310000
42504.1015600000 -3.0232110000 0.6222420000
42518.6015600000 -3.0345530000 0.6218560000
42533.1992200000 -3.0461390000 0.6214680000
42547.8007800000 -3.0579020000 0.6210800000
42562.3984400000 -3.0698370000 0.6206930000
42577.0000000000 -3.0819610000 0.6203060000
42591.6992200000 -3.0943560000 0.6199160000
42606.3007800000 -3.1068660000 0.6195300000
42621.0000000000 -3.1196600000 0.6191410000
42635.6015600000 -3.1325790000 0.6187560000
42650.3007800000 -3.1457990000 0.6183680000
42664.8984400000 -3.1591510000 0.6179830000
42679.6015600000 -3.1728280000 0.6175950000
42694.3007800000 -3.1867440000 0.6172090000
42709.0000000000 -3.2009040000 0.6168220000
42723.8007800000 -3.2154210000 0.6164330000
42728.6992200000 -3.2202840000 0.6163050000
42738.5000000000 -3.2301040000 0.6160480000
42753.1992200000 -3.2450650000 0.6156620000
42768.0000000000 -3.2604160000 0.6152750000
42782.6992200000 -3.2759560000 0.6148900000
42797.5000000000 -3.2919150000 0.6145030000
42812.3007800000 -3.3081970000 0.6141170000
42827.1015600000 -3.3248160000 0.6137310000
42841.8984400000 -3.3417810000 0.6133450000
42856.6992200000 -3.3591140000 0.6129600000
42871.5000000000 -3.3768230000 0.6125750000
42886.3007800000 -3.3949340000 0.6121900000
42901.1992200000 -3.4135840000 0.6118030000
42916.0000000000 -3.4325450000 0.6114190000
42930.8984400000 -3.4520850000 0.6110330000
42945.6992200000 -3.4719770000 0.6106500000
42960.6015600000 -3.4925110000 0.6102640000
42975.5000000000 -3.5135640000 0.6098790000
42990.3984400000 -3.5351800000 0.6094950000
43005.3007800000 -3.5573870000 0.6091100000
43020.1992200000 -3.5802020000 0.6087260000
43035.1992200000 -3.6038340000 0.6083400000
43050.1015600000 -3.6280080000 0.6079570000
43065.1015600000 -3.6530750000 0.6075720000
43080.0000000000 -3.6787540000 0.6071890000
43095.0000000000 -3.7054360000 0.6068040000
43110.0000000000 -3.7330070000 0.6064200000
43125.0000000000 -3.7615270000 0.6060360000
43140.0000000000 -3.7910610000 0.6056530000
43155.0000000000 -3.8216810000 0.6052700000
43170.0000000000 -3.8534700000 0.6048870000
43185.1015600000 -3.8867470000 0.6045020000
43200.1015600000 -3.9211620000 0.6041200000
43215.1992200000 -3.9572920000 0.6037350000
43230.1992200000 -3.9947920000 0.6033540000
43245.3007800000 -4.0343170000 0.6029710000
43260.3984400000 -4.0757740000 0.6025870000
43275.5000000000 -4.1193800000 0.6022050000
43290.6015600000 -4.1653400000 0.6018220000
43305.6992200000 -4.2139310000 0.6014400000
43320.8984400000 -4.2658260000 0.6010560000
43336.0000000000 -4.3206970000 0.6006750000
43351.1992200000 -4.3797450000 0.6002910000
43366.3007800000 -4.4427330000 0.5999110000
43381.5000000000 -4.5111510000 0.5995280000
43396.6992200000 -4.5854730000 0.5991460000
43411.8984400000 -4.6668140000 0.5987640000
43427.1015600000 -4.7565910000 0.5983820000
43442.3007800000 -4.8566970000 0.5980010000
43457.5000000000 -4.9698410000 0.5976200000
43472.8007800000 -5.1007530000 0.5972370000
43488.0000000000 -5.2535650000 0.5968570000
43503.3007800000 -5.4400110000 0.5964750000
43518.5000000000 -5.6749110000 0.5960950000
43533.8007800000 -5.9979900000 0.5957140000
43549.1015600000 -6.5104150000 0.5953320000
43564.1523400000 -7.7913310000 0.5949580000
43564.3984400000 -7.8394930000 0.5949520000
43579.6992200000 -7.0575210000 3.4250410000
43595.1015600000 -6.2558570000 3.4231880000
43610.3984400000 -5.8387940000 3.4213490000
43625.6992200000 -5.5534860000 3.4195100000
43641.1015600000 -5.3349100000 3.4176600000
43656.5000000000 -5.1584630000 3.4158120000
43671.8007800000 -5.0112750000 3.4139780000
43687.1992200000 -4.8835700000 3.4121330000
43702.6015600000 -4.7712710000 3.4102890000
43718.0000000000 -4.6711190000 3.4084470000
43733.5000000000 -4.5800800000 3.4065930000
43748.8984400000 -4.4976650000 3.4047540000
43764.3007800000 -4.4218740000 3.4029150000
43779.8007800000 -4.3513200000 3.4010660000
43795.1992200000 -4.2860900000 3.3992300000
43810.6992200000 -4.2246950000 3.3973840000
43826.1992200000 -4.1670430000 3.3955390000
43841.6992200000 -4.1126960000 3.3936950000
43857.1992200000 -4.0612790000 3.3918520000
43872.6992200000 -4.0125100000 3.3900120000
43888.3007800000 -3.9658140000 3.3881600000
43903.8007800000 -3.9215830000 3.3863220000
43919.3984400000 -3.8790420000 3.3844730000
43934.8984400000 -3.8385640000 3.3826370000
43950.5000000000 -3.7994720000 3.3807910000
43966.1015600000 -3.7619070000 3.3789460000
43981.6992200000 -3.7257630000 3.3771030000
43997.3007800000 -3.6909250000 3.3752610000
44012.8984400000 -3.6573010000 3.3734200000
44028.5000000000 -3.6248000000 3.3715810000
44044.1992200000 -3.5931580000 3.3697310000
44059.8007800000 -3.5627150000 3.3678940000
44075.5000000000 -3.5330070000 3.3660470000
44091.1992200000 -3.5041870000 3.3642020000
44106.8007800000 -3.4763640000 3.3623690000
44122.5000000000 -3.4491450000 3.3605250000
44138.1992200000 -3.4226720000 3.3586840000
44154.0000000000 -3.3967310000 3.3568320000
44169.6992200000 -3.3716190000 3.3549930000
44185.3984400000 -3.3471410000 3.3531550000
44201.1992200000 -3.3231060000 3.3513070000
44217.0000000000 -3.2996470000 3.3494610000
44232.6992200000 -3.2768780000 3.3476270000
44248.5000000000 -3.2544860000 3.3457830000
44264.3007800000 -3.2325940000 3.3439410000
44280.1015600000 -3.2111790000 3.3420990000
44295.8984400000 -3.1902250000 3.3402600000
44311.8007800000 -3.1695710000 3.3384100000
44327.6015600000 -3.1494710000 3.3365720000
44343.5000000000 -3.1296540000 3.3347260000
44359.3007800000 -3.1103390000 3.3328910000
44375.1992200000 -3.0912850000 3.3310470000
44391.1015600000 -3.0725840000 3.3292030000
44407.0000000000 -3.0542340000 3.3273610000
44415.9414100000 -3.0440620000 3.3263260000
44422.8984400000 -3.0362220000 3.3255210000
44438.8007800000 -3.0185240000 3.3236820000
44454.8007800000 -3.0010340000 3.3218330000
44470.6992200000 -2.9839520000 3.3199960000
44486.6992200000 -2.9670570000 3.3181500000
44502.6015600000 -2.9505420000 3.3163160000
44518.6015600000 -2.9342010000 3.3144720000
44534.6015600000 -2.9181210000 3.3126290000
44550.6015600000 -2.9023010000 3.3107890000
44566.6015600000 -2.8867280000 3.3089490000
44582.6015600000 -2.8713930000 3.3071100000
44598.6992200000 -2.8562040000 3.3052630000
44614.6992200000 -2.8413290000 3.3034270000
44630.8007800000 -2.8265820000 3.3015810000
44646.8984400000 -2.8120540000 3.2997370000
44662.8984400000 -2.7978230000 3.2979060000
44679.0000000000 -2.7837020000 3.2960640000
44695.1015600000 -2.7697780000 3.2942240000
44711.3007800000 -2.7559660000 3.2923740000
44727.3984400000 -2.7424250000 3.2905360000
44743.5000000000 -2.7290630000 3.2887000000
44759.6992200000 -2.7157970000 3.2868540000
44775.8984400000 -2.7027070000 3.2850100000
44792.0000000000 -2.6898630000 3.2831780000
44808.1992200000 -2.6771040000 3.2813360000
44824.3984400000 -2.6645100000 3.2794960000
44840.6015600000 -2.6520660000 3.2776560000
44856.8984400000 -2.6397070000 3.2758070000
44873.1015600000 -2.6275690000 3.2739710000
44889.3007800000 -2.6155780000 3.2721360000
44905.6015600000 -2.6036560000 3.2702910000
44921.8984400000 -2.5918780000 3.2684480000
44938.1015600000 -2.5803020000 3.2666170000
44954.3984400000 -2.5687950000 3.2647760000
44970.6992200000 -2.5574150000 3.2629370000
44987.1015600000 -2.5460940000 3.2610870000
45003.3984400000 -2.5349710000 3.2592510000
45019.6992200000 -2.5239690000 3.2574160000
45036.1015600000 -2.5130180000 3.2555710000
45052.5000000000 -2.5021880000 3.2537270000
45068.8007800000 -2.4915390000 3.2518960000
45085.1992200000 -2.4809410000 3.2500560000
45101.6015600000 -2.4704480000 3.2482160000
45118.0000000000 -2.4600680000 3.2463780000
45134.5000000000 -2.4497330000 3.2445310000
45150.8984400000 -2.4395640000 3.2426960000
45167.3007800000 -2.4294960000 3.2408610000
45183.8007800000 -2.4194710000 3.2390180000
45200.3007800000 -2.4095430000 3.2371750000
45216.8007800000 -2.3997140000 3.2353350000
45233.3007800000 -2.3899820000 3.2334960000
45249.8007800000 -2.3803420000 3.2316570000
45266.3007800000 -2.3707960000 3.2298210000
45282.8007800000 -2.3613380000 3.2279850000
45284.3867200000 -2.3604350000 3.2278090000
45299.3984400000 -2.3519150000 3.2261410000
45315.8984400000 -2.3426360000 3.2243090000
45332.5000000000 -2.3333860000 3.2224660000
45349.1015600000 -2.3242200000 3.2206260000
45365.6992200000 -2.3151400000 3.2187860000
45382.3007800000 -2.3061400000 3.2169490000
45398.8984400000 -2.2972230000 3.2151120000
45415.5000000000 -2.2883830000 3.2132770000
45432.1992200000 -2.2795700000 3.2114330000
45448.8007800000 -2.2708850000 3.2096000000
45465.5000000000 -2.2622230000 3.2077580000
45482.1992200000 -2.2536360000 3.2059180000
45498.8007800000 -2.2451730000 3.2040900000
45515.5000000000 -2.2367340000 3.2022520000
45532.3007800000 -2.2283140000 3.2004050000
45549.0000000000 -2.2200140000 3.1985700000
45565.6992200000 -2.2117830000 3.1967370000
45582.5000000000 -2.2035720000 3.1948940000
45599.1992200000 -2.1954770000 3.1930640000
45616.0000000000 -2.1873970000 3.1912230000
45632.8007800000 -2.1793850000 3.1893850000
45649.6015600000 -2.1714380000 3.1875470000
45666.3984400000 -2.1635570000 3.1857120000
45683.3007800000 -2.1556930000 3.1838660000
45700.1015600000 -2.1479550000 3.1820330000
45716.8984400000 -2.1400500000 3.1802020000
45733.8007800000 -2.1324950000 3.1783610000
45750.6992200000 -2.1248800000 3.1765210000
46169.8085900000 -1.9524700000 3.1313520000
47072.5429700000 -1.6608440000 3.0369420000
47992.9296900000 -1.4349350000 2.9445660000
48931.3125000000 -1.2518540000 2.8542110000
49888.0429700000 -1.0992030000 2.7658620000
50863.4765600000 -0.9694610000 2.6795020000
51857.9843800000 -0.8576970000 2.5951160000
52871.9375000000 -0.7604890000 2.5126860000
53905.7187500000 -0.6753720000 2.4321930000
54959.7109400000 -0.6004480000 2.3536190000
56034.3085900000 -0.5342970000 2.2769440000
57129.9218800000 -0.4884720000 2.2032450000
58246.9531300000 -0.4373060000 2.1329570000
59385.8281300000 -0.3917150000 2.0647330000
60546.9687500000 -0.3510520000 1.9985190000
61730.8125000000 -0.3147670000 1.9342610000
62937.8046900000 -0.2823960000 1.8719070000
64168.3984400000 -0.2535350000 1.8114050000
65423.0507800000 -0.2278360000 1.7527070000
66702.2343800000 -0.2049950000 1.6957620000
68006.4296900000 -0.1847430000 1.6405240000
69336.1250000000 -0.1668450000 1.5869470000
70691.8203100000 -0.1510880000 1.5349850000
72074.0234400000 -0.1372860000 1.4845940000
73483.2500000000 -0.1252670000 1.4357310000
74920.0312500000 -0.1148810000 1.3883530000
76384.9062500000 -0.1059890000 1.3424210000
77878.4218800000 -0.0984660000 1.2978930000
79401.1406300000 -0.0921990000 1.2547310000
80953.6328100000 -0.0870380000 1.2129530000
82536.4765600000 -0.0829030000 1.1724990000
84150.2734400000 -0.0797360000 1.1332950000
85795.6250000000 -0.0774560000 1.0953070000
87473.1406300000 -0.0767490000 1.0585150000
89183.4609400000 -0.0761700000 1.0229530000
90927.2187500000 -0.0762610000 0.9885330000
92705.0781300000 -0.0769630000 0.9552180000
94517.6953100000 -0.0782230000 0.9229760000
96365.7500000000 -0.0799900000 0.8917730000
98249.9453100000 -0.0822190000 0.8615780000
100170.9766000000 -0.0848660000 0.8323600000
102129.5703000000 -0.0878940000 0.8040880000
104126.4609000000 -0.0912640000 0.7767340000
106162.3906000000 -0.0949450000 0.7502690000
108238.1328000000 -0.0989040000 0.7246660000
110354.4609000000 -0.1031140000 0.6998980000
112512.1641000000 -0.1075470000 0.6759390000
114712.0547000000 -0.1121790000 0.6527640000
116954.9688000000 -0.1169880000 0.6303480000
119241.7266000000 -0.1219510000 0.6086690000
121573.2031000000 -0.1270490000 0.5877020000
123950.2656000000 -0.1322650000 0.5674260000
126373.8047000000 -0.1375810000 0.5478180000
128844.7266000000 -0.1429820000 0.5288590000
131363.9688000000 -0.1484530000 0.5105270000
133932.4531000000 -0.1539810000 0.4928020000
136551.1719000000 -0.1595530000 0.4756670000
139221.0938000000 -0.1651590000 0.4591010000
141943.2188000000 -0.1707880000 0.4430870000
144718.5625000000 -0.1764290000 0.4276080000
147548.1719000000 -0.1820740000 0.4126460000
150433.1094000000 -0.1877150000 0.3981850000
153374.4531000000 -0.1933430000 0.3842080000
156373.2969000000 -0.1989520000 0.3707020000
159430.7969000000 -0.2045360000 0.3576500000
162548.0625000000 -0.2100890000 0.3450370000
165726.2813000000 -0.2156040000 0.3328510000
168966.6406000000 -0.2210780000 0.3210760000
172270.3750000000 -0.2265060000 0.3097010000
175638.6875000000 -0.2318840000 0.2987110000
179072.8594000000 -0.2372070000 0.2880950000
182574.1875000000 -0.2424730000 0.2778400000
186143.9688000000 -0.2476790000 0.2679340000
189783.5469000000 -0.2583470000 0.2584540000
193494.2969000000 -0.2633910000 0.2495330000
197277.5938000000 -0.2683510000 0.2409220000
201134.8594000000 -0.2732260000 0.2326100000
205067.5469000000 -0.2780170000 0.2245850000
209077.1406000000 -0.2827220000 0.2168390000
213165.1250000000 -0.2873420000 0.2093600000
217333.0313000000 -0.2918750000 0.2021420000
221582.4375000000 -0.2963220000 0.1951730000
225914.9219000000 -0.3006830000 0.1884450000
230332.1250000000 -0.3049580000 0.1819510000
234835.7031000000 -0.3091470000 0.1756810000
239427.3281000000 -0.3132500000 0.1696290000
244108.7344000000 -0.3172690000 0.1637860000
248881.6719000000 -0.3212030000 0.1581450000
253747.9219000000 -0.3250530000 0.1527000000
258709.3281000000 -0.3288210000 0.1474430000
263767.7500000000 -0.3325060000 0.1423680000
268925.0625000000 -0.3361100000 0.1374680000
274183.2188000000 -0.3396330000 0.1327380000
279544.1875000000 -0.3430780000 0.1281720000
285010.0000000000 -0.3464430000 0.1237630000
290582.6563000000 -0.3497320000 0.1195080000
296264.2500000000 -0.3529440000 0.1153990000
302056.9688000000 -0.3560810000 0.1114320000
307962.9375000000 -0.3591430000 0.1076020000
313984.3750000000 -0.3621330000 0.1039050000
320123.5625000000 -0.3650520000 0.1003360000
326382.7813000000 -0.3678990000 0.0968890000
332764.3750000000 -0.3706780000 0.0935620000
339270.7500000000 -0.3733880000 0.0903500000
345904.3438000000 -0.3760320000 0.0872490000
352667.6563000000 -0.3786100000 0.0842550000
359563.1875000000 -0.3811240000 0.0813640000
366593.5625000000 -0.3835740000 0.0785730000
373761.3750000000 -0.3859620000 0.0758790000
381069.3438000000 -0.3882900000 0.0732770000
388520.2188000000 -0.3905580000 0.0707660000
396116.7500000000 -0.3927690000 0.0683410000
403861.8125000000 -0.3949210000 0.0659990000
411758.3438000000 -0.3970190000 0.0637390000
419809.2500000000 -0.3990610000 0.0615560000
428017.5625000000 -0.4010500000 0.0594490000
436386.3750000000 -0.4029860000 0.0574140000
444918.8125000000 -0.4048720000 0.0554490000
453618.0938000000 -0.4067070000 0.0535530000
462487.4688000000 -0.4084930000 0.0517210000
471530.2500000000 -0.4102320000 0.0499530000
480749.8438000000 -0.4119240000 0.0482460000
490149.7188000000 -0.4135700000 0.0465970000
499733.3750000000 -0.4151720000 0.0450050000
509504.4063000000 -0.4167300000 0.0434680000
519466.5000000000 -0.4182450000 0.0419840000
529623.3750000000 -0.4197190000 0.0405510000
539978.8125000000 -0.4211530000 0.0391680000
550536.7500000000 -0.4225470000 0.0378320000
561301.1250000000 -0.4239030000 0.0365420000
572276.0000000000 -0.4252210000 0.0352960000
583465.4375000000 -0.4265020000 0.0340930000
594873.6250000000 -0.4277480000 0.0329320000
606504.8750000000 -0.4289580000 0.0318100000
618363.5625000000 -0.4301350000 0.0307270000
630454.1250000000 -0.4312780000 0.0296820000
642781.1250000000 -0.4323900000 0.0286720000
655349.0625000000 -0.4334690000 0.0276970000
668162.8125000000 -0.4345180000 0.0267550000
681227.0625000000 -0.4355380000 0.0258460000
694546.7500000000 -0.4365280000 0.0249680000
