30.0000000000 -43.6821100000 6.8049760000
30.5865750000 -43.6598430000 6.5282670000
31.1846200000 -43.6524620000 6.2749040000
31.7943570000 -43.6575160000 6.0432100000
32.4160160000 -43.6729700000 5.8316500000
33.0498310000 -43.6970900000 5.6388130000
33.6960370000 -43.7284390000 5.4634090000
34.3548770000 -43.7658120000 5.3042480000
35.0266040000 -43.8082160000 5.1602360000
35.7114600000 -43.8548660000 5.0303710000
36.4097100000 -43.9051740000 4.9137290000
37.1216090000 -43.9588510000 4.8094600000
37.8474310000 -44.0171200000 4.7399100000
38.5874440000 -44.0637890000 4.6596400000
39.3419230000 -44.1143800000 4.5896500000
40.1111560000 -44.1663360000 4.5293270000
40.8954320000 -44.2188300000 4.4781060000
41.6950380000 -44.2713890000 4.4354670000
42.5102810000 -44.3236850000 4.4009250000
43.3414650000 -44.3754580000 4.3740360000
44.1888960000 -44.4265100000 4.3543870000
45.0529020000 -44.4766690000 4.3415960000
45.9338000000 -44.5257950000 4.3353070000
46.8319210000 -44.5737760000 4.3351920000
47.7476010000 -44.6205060000 4.3409450000
48.6811870000 -44.6659160000 4.3522830000
49.6330260000 -44.7099300000 4.3689400000
50.6034740000 -44.7524990000 4.3906720000
51.5928990000 -44.7935790000 4.4172470000
52.6016690000 -44.8331380000 4.4484520000
53.6301650000 -44.8711470000 4.4840850000
54.6787680000 -44.9075890000 4.5239590000
55.7478750000 -44.9424590000 4.5678960000
56.8378870000 -44.9757460000 4.6157330000
57.9492070000 -45.0074580000 4.6673110000
59.0822600000 -45.0376010000 4.7224850000
60.2374690000 -45.0661890000 4.7811140000
61.4152600000 -45.0932430000 4.8430680000
62.6160810000 -45.1187900000 4.9082220000
63.8403850000 -45.1428600000 4.9764570000
65.0886230000 -45.1654890000 5.0476590000
66.3612670000 -45.1867290000 5.1217210000
67.6587980000 -45.2066310000 5.1985390000
68.9816970000 -45.2252540000 5.2780150000
70.3304600000 -45.2426680000 5.3600520000
71.7055970000 -45.2589530000 5.4445600000
73.1076200000 -45.2742000000 5.5314490000
74.5370640000 -45.2885130000 5.6206330000
75.9944460000 -45.3020100000 5.7120290000
77.4803310000 -45.3148270000 5.8055560000
78.9952620000 -45.3271180000 5.9011350000
80.5398180000 -45.3390580000 5.9986890000
82.1145710000 -45.3508490000 6.0981430000
83.7201160000 -45.3627240000 6.1994220000
85.3570560000 -45.3695680000 6.3024260000
87.0260010000 -45.3823360000 6.4068470000
88.7275770000 -45.3961410000 6.5128670000
90.4624250000 -45.4114040000 6.6204180000
92.2311940000 -45.4286310000 6.7294310000
94.0345380000 -45.4484180000 6.8398380000
95.8731540000 -45.4714700000 6.9515710000
97.7477110000 -45.4986460000 7.0645650000
99.6589200000 -45.5309910000 7.1787530000
101.6075060000 -45.5697750000 7.2940710000
103.5941850000 -43.0715100000 7.3987940000
105.6197130000 -43.0573460000 7.4394040000
107.6848450000 -43.0565870000 7.4771920000
109.7903520000 -43.0726970000 7.5120750000
111.9370270000 -43.1101680000 7.5439730000
114.1256790000 -43.1750450000 7.5728150000
116.3571170000 -43.2756230000 7.5985320000
118.6321950000 -43.4236950000 7.6210630000
120.9517520000 -43.6366420000 7.6403530000
123.3166580000 -43.9412610000 7.6563530000
125.7278060000 -44.3812290000 7.6690190000
128.1860960000 -45.0330700000 7.6783150000
130.6924590000 -46.0986440000 8.0545730000
133.2478330000 -42.2772790000 6.8528330000
135.8531490000 -40.3643800000 5.8138860000
138.5094300000 -39.1621360000 4.9124990000
141.2176360000 -38.3378410000 4.1275870000
143.9787900000 -37.7451970000 3.4414760000
146.7939300000 -37.3055270000 2.8393130000
149.6641240000 -37.0228120000 2.3086540000
152.5904390000 -36.7657590000 1.8416260000
155.5739590000 -36.5636100000 1.4267000000
158.6158140000 -36.4021610000 1.0563170000
161.7171480000 -36.2713170000 0.7240630000
164.8791350000 -36.1638110000 0.4244850000
168.1029360000 -36.0743520000 0.1529440000
171.3897710000 -35.9990840000 9.9054790000
174.7408600000 -35.9351960000 9.6787120000
178.1574860000 -35.8806610000 9.4697510000
181.6409150000 -35.8340490000 9.2761220000
185.1924440000 -35.7943880000 9.0957070000
188.8134160000 -35.7610700000 8.9266930000
192.5051880000 -35.7337840000 8.7675220000
196.2691500000 -35.7124670000 8.6168630000
200.1067050000 -35.6972850000 8.4735760000
204.0192870000 -35.6886060000 8.3366850000
208.0083770000 -35.6870270000 8.2053600000
212.0754700000 -35.6933940000 8.0788940000
216.2220760000 -35.7088430000 7.9566860000
220.4497530000 -35.7349550000 7.8382330000
224.7601010000 -35.7738040000 7.7231130000
229.1547240000 -35.8283730000 7.6109760000
233.6352690000 -35.9029620000 7.5015400000
238.2034300000 -36.0041280000 7.3945770000
242.8609010000 -36.1425400000 7.2899120000
247.6094360000 -37.4024770000 8.2415230000
252.4508210000 -36.3757320000 8.1580570000
257.3868710000 -36.1933140000 8.0764920000
262.4194340000 -36.1164170000 7.9967990000
267.5503850000 -36.1847610000 8.2493950000
272.7816770000 -35.9989050000 8.1806330000
278.1152340000 -35.9082410000 8.1138680000
283.5530700000 -35.8524590000 8.0491940000
289.0972600000 -35.8193630000 7.9867320000
294.7498170000 -35.8043170000 7.9266350000
300.5129390000 -35.8052830000 7.8690850000
306.3887020000 -35.8215070000 7.8142960000
312.3793640000 -35.8530460000 7.7625190000
318.4871830000 -35.9006770000 7.7140380000
324.7143860000 -35.9659160000 7.6691810000
331.0633850000 -36.0513530000 7.6283170000
337.5364990000 -36.1612820000 7.5918660000
344.1361690000 -36.3031920000 7.5603010000
350.8648990000 -36.4602090000 8.0640110000
357.7251890000 -36.4097710000 8.0478730000
364.7196040000 -36.4371910000 8.0383040000
371.8508000000 -36.5022700000 8.0360770000
379.1213990000 -36.5948520000 8.0420720000
386.5341800000 -36.7113610000 8.0572880000
394.0918880000 -36.8505940000 8.0828660000
401.7973630000 -36.6891940000 8.1178900000
409.6535340000 -36.8668100000 8.1585760000
417.6632690000 -37.0686800000 8.2137330000
425.8296200000 -37.2962340000 8.2853120000
434.1556700000 -37.5511930000 8.3755680000
442.6445010000 -37.8356090000 8.4871110000
451.2993160000 -38.1518400000 8.6229630000
460.1233520000 -38.5025860000 8.7866380000
469.1199040000 -38.8909000000 8.9822320000
478.2923890000 -39.3202320000 9.2145260000
487.6441960000 -39.7944640000 9.4891150000
497.1788640000 -40.3179590000 9.8125630000
506.8999330000 -40.8956260000 0.1925910000
516.8110960000 -32.1601640000 0.5976610000
526.9160770000 -32.0347630000 0.5731670000
537.2185670000 -31.9132960000 0.5440550000
547.7225340000 -31.7962630000 0.5102090000
558.4318850000 -31.6842040000 0.4715280000
569.3506470000 -31.5777050000 0.4279220000
580.4828490000 -31.4774000000 0.3793200000
591.8327640000 -31.3839610000 0.3256650000
603.4046020000 -31.2981240000 0.2669150000
615.2026370000 -31.2206750000 0.2030460000
627.2313840000 -31.1524620000 0.1340490000
639.4953610000 -31.0944120000 0.0599340000
651.9990840000 -31.0475230000 9.9807240000
664.7473140000 -31.0128900000 9.8964620000
677.7447510000 -30.9917070000 9.8072080000
690.9963990000 -30.9852960000 9.7130340000
704.5070800000 -31.0283160000 9.6141900000
718.2819820000 -31.0560440000 9.5114390000
732.3261720000 -31.1034560000 9.4040860000
746.6450200000 -31.1726470000 9.2922640000
761.2437740000 -31.2660220000 9.1761240000
776.1279910000 -31.3863680000 9.0558280000
791.3032230000 -31.5369640000 8.9315520000
806.7752080000 -31.7217160000 8.8034820000
822.5496830000 -31.9453490000 8.6718160000
838.6325680000 -32.2136960000 8.5367620000
855.0299680000 -32.5341000000 8.3985360000
871.7479250000 -32.9160580000 8.2573610000
888.7927860000 -33.3722310000 8.1134700000
906.1708980000 -33.9201430000 7.9671000000
923.8888550000 -34.5852280000 7.8184890000
941.9531860000 -35.4065700000 7.6678860000
960.3707280000 -36.4487840000 7.5155360000
979.1483760000 -37.8288150000 7.3616880000
998.2931520000 -39.8286440000 7.2076640000
1017.8123170000 -42.9103390000 7.0973970000
1037.7131350000 -48.7598340000 6.9910060000
1058.0029300000 -64.2611470000 6.8843710000
1078.6895750000 -200.2444760000 6.7776440000
1099.7806400000 -50.9930500000 5.8133090000
1121.2841800000 15.0487000000 2.9886250000
1143.2080080000 12.0201470000 3.3685610000
1165.5606690000 -1.3831060000 2.8055570000
1188.3502200000 -11.4957940000 4.7887190000
1211.5854490000 -18.8084700000 1.3064410000
1235.2750240000 -24.5643480000 9.6736520000
1259.4277340000 -29.6818080000 8.9146430000
1284.0527340000 -34.8666000000 8.6761290000
1309.1591800000 -40.8222500000 8.8909660000
1334.7564700000 -48.5046500000 9.7186540000
1360.8542480000 -59.5596240000 1.6848670000
1387.4624020000 -77.3293530000 6.2004180000
1414.5908200000 -47.4930190000 2.5954170000
1442.2495120000 -20.6146620000 0.1564080000
1470.4492190000 -18.9164410000 9.2290290000
1499.2000730000 -17.9534930000 8.3490520000
1528.5131840000 -17.6731300000 7.5135770000
1558.3995360000 -16.5898380000 8.5409050000
1588.8701170000 -15.3262000000 7.7000030000
1619.9365230000 -14.5036400000 6.9123400000
1651.6103520000 -13.9028840000 6.1749190000
1683.9034420000 -13.5056950000 5.4853590000
1716.8280030000 -13.6639670000 4.8418250000
1750.3962400000 -12.6049230000 5.4079570000
1784.6208500000 -11.8797000000 4.8358570000
1819.5146480000 -11.3335180000 4.3088670000
1855.0908200000 -10.3218560000 3.7990630000
1891.3624270000 -9.8584180000 3.2431260000
1928.3432620000 -9.4423040000 2.7126960000
1966.0472410000 -9.0638480000 2.2078380000
2004.4884030000 -8.3985820000 1.7263200000
2043.6811520000 -8.0391960000 1.2049200000
2083.6401370000 -7.7063140000 0.6967770000
2124.3806150000 -7.3971290000 0.2015510000
2165.9174800000 -6.9238360000 9.7163160000
2208.2666020000 -6.6525990000 9.2259560000
2251.4438480000 -6.2383220000 8.7335490000
2295.4653320000 -5.9992210000 8.2439800000
2340.3474120000 -5.7786970000 7.7641350000
2386.1069340000 -5.5756360000 7.2939260000
2432.7612300000 -5.5014720000 6.8339730000
2480.3278810000 -5.3293580000 6.3859730000
2528.8244630000 -5.1852660000 5.9473220000
2578.2692870000 -5.0411140000 5.5178670000
2628.6809080000 -4.9101160000 5.0974260000
2680.0783690000 -4.7916590000 4.6858920000
2732.4804690000 -4.6851910000 4.2831490000
2785.9074710000 -4.5902320000 3.8890840000
2840.3789060000 -4.5242400000 3.5036090000
2895.9152830000 -4.4519070000 3.1285150000
2952.5378420000 -4.3905930000 2.7618440000
3010.2673340000 -4.3411530000 2.4044170000
3069.1254880000 -4.2966400000 2.0598070000
3129.1347660000 -4.2610970000 1.7236720000
3190.3171390000 -4.2325680000 1.3958690000
3252.6958010000 -4.2113030000 1.0762150000
3316.2941890000 -4.1970150000 0.7645400000
3381.1359860000 -4.1894480000 0.4606770000
3447.2456050000 -4.1896990000 0.1644660000
3514.6479490000 -4.1950870000 9.8758960000
3583.3681640000 -4.2065750000 9.5946880000
3653.4318850000 -4.2240120000 9.3206810000
3724.8657230000 -4.2472740000 9.0537180000
3797.6960450000 -4.2762670000 8.7936440000
3871.9506840000 -4.3109260000 8.5403070000
3947.6569820000 -4.3512190000 8.2935590000
4024.8435060000 -4.3971450000 8.0532490000
4103.5390630000 -4.4487400000 7.8192370000
4183.7739260000 -4.5060800000 7.5913740000
4265.5771480000 -4.5692830000 7.3695250000
4348.9794920000 -4.6385170000 7.1535510000
4434.0131840000 -4.7140060000 6.9433130000
4520.7089840000 -4.7960370000 6.7386820000
4609.1005860000 -4.8849720000 6.5395240000
4699.2197270000 -4.9875220000 6.3457980000
4791.1015630000 -5.0915680000 6.1575140000
4884.7792970000 -5.2095520000 5.9746100000
4980.2890630000 -5.3317710000 5.7966820000
5077.6660160000 -5.4666010000 5.6236590000
5176.9472660000 -5.6110420000 5.4553700000
5278.1694340000 -5.7688390000 5.2916950000
5381.3710940000 -5.9420450000 5.1325190000
5486.5903320000 -6.1333000000 4.9777300000
5593.8666990000 -6.3460600000 4.8272190000
5703.2412110000 -6.5849520000 4.6808770000
5814.7534180000 -6.8563450000 4.5386020000
5928.4467770000 -7.1693570000 4.4002900000
6044.3627930000 -7.5376590000 4.2658410000
6162.5449220000 -7.9926380000 4.1352050000
6283.0380860000 -8.5539820000 4.0087440000
6405.8872070000 -9.3097370000 3.8858600000
6531.1386720000 -10.4683950000 3.7664700000
6658.8383790000 -13.0604990000 3.6505050000
6666.1801760000 -13.3632240000 3.6440060000
6666.5400390000 -13.3791940000 3.6436870000
6666.8999020000 -13.3952600000 3.6433700000
6667.2597660000 -13.4114650000 3.6430520000
6667.6201170000 -13.4278120000 3.6427330000
6667.9799800000 -13.4442590000 3.6424150000
6668.3300780000 -13.4603670000 3.6421060000
6668.6899410000 -13.4770380000 3.6417880000
6669.0498050000 -13.4938590000 3.6414700000
6669.4101560000 -13.5108310000 3.6411520000
6669.7700200000 -13.5279130000 3.6408340000
6670.1298830000 -13.5451050000 3.6405170000
6670.4902340000 -13.5624790000 3.6401990000
6670.8500980000 -13.5799670000 3.6398810000
6671.2001950000 -13.5971030000 3.6395720000
6671.5600590000 -13.6148700000 3.6392540000
6671.9199220000 -13.6327580000 3.6389370000
6672.2797850000 -13.6508160000 3.6386200000
6672.6401370000 -13.6690470000 3.6383020000
6673.0000000000 -13.6873830000 3.6379850000
6673.3598630000 -13.7058960000 3.6376670000
6673.7202150000 -13.7245910000 3.6373500000
6674.0800780000 -13.7433980000 3.6370330000
6674.4399410000 -13.7623910000 3.6367150000
6674.7998050000 -13.7815490000 3.6363980000
6675.1601560000 -13.8008790000 3.6360810000
6675.5200200000 -13.8203800000 3.6357640000
6675.8701170000 -13.8395130000 3.6354550000
6676.2299800000 -13.8594040000 3.6351380000
6676.5898440000 -13.8870190000 3.6348220000
6676.9501950000 -13.9073630000 3.6345060000
6677.3100590000 -13.9277740000 3.6341900000
6677.6699220000 -13.9483660000 3.6338750000
6678.0297850000 -13.9691490000 3.6335590000
6678.3901370000 -13.9901280000 3.6332430000
6678.7500000000 -14.0113080000 3.6329280000
6679.1098630000 -14.0326920000 3.6326120000
6679.4702150000 -14.0542870000 3.6322970000
6679.8300780000 -14.0760950000 3.6319820000
6680.1899410000 -14.0981200000 3.6316660000
6680.5498050000 -14.1203380000 3.6313510000
6680.9101560000 -14.1428420000 3.6310360000
6681.2700200000 -14.1655480000 3.6307210000
6681.6298830000 -14.1884600000 3.6304060000
6681.9902340000 -14.2116760000 3.6300900000
6682.3500980000 -14.2351060000 3.6297750000
6682.7099610000 -14.2587880000 3.6294600000
6683.0698240000 -14.2826960000 3.6291460000
6683.4301760000 -14.3069300000 3.6288300000
6683.7900390000 -14.3314010000 3.6285150000
6684.1499020000 -14.3561130000 3.6282010000
6684.5097660000 -14.3811400000 3.6278860000
6684.8701170000 -14.4064870000 3.6275710000
6685.2299800000 -14.4320610000 3.6272560000
6685.5898440000 -14.4579710000 3.6269420000
6685.9501950000 -14.4842220000 3.6266270000
6686.3198240000 -14.5114620000 3.6263040000
6686.6801760000 -14.5383630000 3.6259890000
6687.0400390000 -14.5655220000 3.6256750000
6687.3999020000 -14.5930590000 3.6253600000
6687.7597660000 -14.6209420000 3.6250460000
6688.1201170000 -14.6491830000 3.6247310000
6688.4799800000 -14.6777900000 3.6244170000
6688.8398440000 -14.7067730000 3.6241030000
6689.2001950000 -14.7361810000 3.6237880000
6689.5600590000 -14.7659070000 3.6234740000
6689.9199220000 -14.7960800000 3.6231600000
6690.2797850000 -14.8266710000 3.6228460000
6690.6499020000 -14.8585610000 3.6225230000
6691.0097660000 -14.8900360000 3.6222090000
6691.3701170000 -14.9219680000 3.6218950000
6691.7299800000 -14.9543670000 3.6215810000
6692.0898440000 -14.9872490000 3.6212670000
6692.4501950000 -15.0206300000 3.6209530000
6692.8100590000 -15.0545220000 3.6206390000
6693.1699220000 -15.0889430000 3.6203250000
6693.5297850000 -15.1238620000 3.6200120000
6693.8999020000 -15.1604340000 3.6196890000
6694.2597660000 -15.1965110000 3.6193760000
6694.6201170000 -15.2332860000 3.6190620000
6694.9799800000 -15.2706340000 3.6187480000
6695.3398440000 -15.3085740000 3.6184350000
6695.7001950000 -15.3472800000 3.6181210000
6696.0698240000 -15.3876740000 3.6178000000
6696.4301760000 -15.4278030000 3.6174860000
6696.7900390000 -15.4686200000 3.6171720000
6697.1499020000 -15.5101490000 3.6168590000
6697.5097660000 -15.5525300000 3.6165460000
6697.8701170000 -15.5957980000 3.6162320000
6698.2402340000 -15.6411090000 3.6159100000
6698.6000980000 -15.6861020000 3.6155970000
6698.9599610000 -15.7319690000 3.6152840000
6699.3198240000 -15.7788700000 3.6149710000
6699.6801760000 -15.8268510000 3.6146580000
6700.0498050000 -15.8771420000 3.6143370000
6700.4101560000 -15.9273270000 3.6140230000
6700.7700200000 -15.9785390000 3.6137110000
6701.1298830000 -16.0310340000 3.6133980000
6701.4902340000 -16.0848770000 3.6130850000
6701.8598630000 -16.1414660000 3.6127640000
6702.2202150000 -16.1980990000 3.6124500000
6702.5800780000 -16.2560600000 3.6121380000
6702.9399410000 -16.3156600000 3.6118250000
6703.3100590000 -16.3786350000 3.6115040000
6703.6699220000 -16.4416730000 3.6111920000
6704.0297850000 -16.5064700000 3.6108790000
6704.3901370000 -16.5733970000 3.6105670000
6704.7597660000 -16.6441710000 3.6102460000
6705.1201170000 -16.7154560000 3.6099330000
6705.4799800000 -16.7890110000 3.6096210000
6705.8398440000 -16.8649850000 3.6093090000
6706.2099610000 -16.9460960000 3.6089870000
6706.5698240000 -17.0277480000 3.6086750000
6706.9301760000 -17.1127470000 3.6083630000
6707.2900390000 -17.2010120000 3.6080510000
6707.6601560000 -17.2955420000 3.6077300000
6708.0200200000 -17.3915420000 3.6074180000
6708.3798830000 -17.4917450000 3.6071060000
6708.7500000000 -17.5998170000 3.6067860000
6709.1098630000 -17.7102620000 3.6064730000
6709.4702150000 -17.8266390000 3.6061610000
6709.8398440000 -17.9526210000 3.6058410000
6710.2001950000 -18.0827960000 3.6055290000
6710.5600590000 -18.2206840000 3.6052170000
6710.9301760000 -18.3723240000 3.6048970000
6711.2900390000 -18.5300620000 3.6045850000
6711.6499020000 -18.7000620000 3.6042740000
6712.0200200000 -18.8894620000 3.6039530000
6712.3798830000 -19.0906030000 3.6036420000
6712.7402340000 -19.3120190000 3.6033300000
6713.1098630000 -19.5644130000 3.6030100000
6713.4702150000 -19.8412320000 3.6026990000
6713.8300780000 -20.1573260000 3.6023870000
6714.2001950000 -20.5368500000 3.6020670000
6714.5600590000 -20.9806580000 3.6017560000
6714.9199220000 -21.5350570000 3.6014450000
6715.2900390000 -22.2985100000 3.6011250000
6715.6499020000 -23.4256780000 3.6008140000
6716.0097660000 -25.8011250000 3.6005030000
6716.3798830000 -25.9683170000 0.6599180000
6716.7402340000 -23.4996590000 0.6586310000
6717.1098630000 -22.3268800000 0.6573110000
6717.4702150000 -21.5754470000 0.6560240000
6717.8300780000 -21.0134530000 0.6547380000
6718.2001950000 -20.5525700000 0.6534190000
6718.5600590000 -20.1795390000 0.6521340000
6718.9301760000 -19.8511700000 0.6508140000
6719.2900390000 -19.5718020000 0.6495290000
6719.6499020000 -19.3234900000 0.6482480000
6720.0200200000 -19.0935460000 0.6469290000
6720.3798830000 -18.8902240000 0.6456460000
6720.7500000000 -18.6986870000 0.6443280000
6721.1098630000 -18.5266900000 0.6430450000
6721.4799800000 -18.3625430000 0.6417280000
6721.8398440000 -18.2134930000 0.6404470000
6722.2001950000 -18.0734600000 0.6391640000
6722.5698240000 -17.9383530000 0.6378490000
6722.9301760000 -17.8140430000 0.6365690000
6723.2998050000 -17.6930010000 0.6352530000
6723.6601560000 -17.5811210000 0.6339730000
6724.0297850000 -17.4716010000 0.6326580000
6724.3901370000 -17.3698880000 0.6313790000
6724.7597660000 -17.2700140000 0.6300660000
6725.1201170000 -17.1766430000 0.6287860000
6725.4902340000 -17.0846350000 0.6274730000
6725.8500980000 -16.9985540000 0.6261950000
6726.2202150000 -16.9133550000 0.6248820000
6726.5800780000 -16.8334160000 0.6236050000
6726.9501950000 -16.7540840000 0.6222930000
6727.3100590000 -16.6794680000 0.6210160000
6727.6801760000 -16.6052470000 0.6197040000
6728.0400390000 -16.5352900000 0.6184280000
6728.4101560000 -16.4655630000 0.6171180000
6728.7700200000 -16.3997140000 0.6158430000
6729.1401370000 -16.3339630000 0.6145320000
6729.5000000000 -16.2718510000 0.6132590000
6729.8701170000 -16.2095700000 0.6119480000
6730.2299800000 -16.1507210000 0.6106760000
6730.6000980000 -16.0917050000 0.6093670000
6730.9599610000 -16.0357190000 0.6080940000
6731.3300780000 -15.9795790000 0.6067860000
6731.6899410000 -15.9262580000 0.6055140000
6732.0600590000 -15.8727260000 0.6042060000
6732.4301760000 -15.8204260000 0.6029000000
6732.7900390000 -15.7706720000 0.6016280000
6733.1601560000 -15.7206430000 0.6003220000
6733.5200200000 -15.6730040000 0.5990510000
6733.8901370000 -15.6250580000 0.5977450000
6734.2500000000 -15.5793620000 0.5964750000
6734.6201170000 -15.5333330000 0.5951700000
6734.9902340000 -15.4882180000 0.5938650000
6735.3500980000 -15.4451680000 0.5925960000
6735.7202150000 -15.4017560000 0.5912920000
6736.0800780000 -15.3603000000 0.5900240000
6736.4501950000 -15.3184650000 0.5887200000
6736.8198240000 -15.2774400000 0.5874200000
6737.1801760000 -15.2381230000 0.5861500000
6737.5498050000 -15.1985130000 0.5848490000
6737.9101560000 -15.1605290000 0.5835810000
6738.2797850000 -15.1222390000 0.5822810000
6738.6499020000 -15.0845380000 0.5809800000
6739.0097660000 -15.0484480000 0.5797140000
6739.3798830000 -15.0119440000 0.5784140000
6739.7402340000 -14.9769370000 0.5771470000
6740.1098630000 -14.9416030000 0.5758490000
6740.4799800000 -14.9067670000 0.5745500000
6740.8398440000 -14.8733810000 0.5732850000
6741.2099610000 -14.8395710000 0.5719860000
6741.5800780000 -14.8062580000 0.5706880000
6741.9399410000 -14.7743120000 0.5694250000
6742.3100590000 -14.7419400000 0.5681270000
6742.6801760000 -14.7100240000 0.5668300000
6743.0400390000 -14.6793990000 0.5655680000
6743.4101560000 -14.6483480000 0.5642710000
6743.7797850000 -14.6177570000 0.5629760000
6744.1401370000 -14.5883090000 0.5617130000
6744.5097660000 -14.5585160000 0.5604190000
6744.8798830000 -14.5290720000 0.5591240000
6745.2402340000 -14.5007510000 0.5578620000
6745.6098630000 -14.4720830000 0.5565690000
6745.9799800000 -14.4437390000 0.5552750000
6746.3500980000 -14.4157100000 0.5539790000
6746.7099610000 -14.3888400000 0.5527220000
6747.0800780000 -14.3615160000 0.5514290000
6747.4501950000 -14.3344860000 0.5501340000
6747.8100590000 -14.3085610000 0.5488780000
6748.1801760000 -14.2821550000 0.5475840000
6748.5498050000 -14.2561220000 0.5462930000
6748.9199220000 -14.2303520000 0.5450020000
6749.2797850000 -14.2055610000 0.5437450000
6749.6499020000 -14.1803620000 0.5424550000
6750.0200200000 -14.1554410000 0.5411630000
6750.3901370000 -14.1307950000 0.5398730000
6750.7500000000 -14.1070720000 0.5386180000
6751.1201170000 -14.0829480000 0.5373290000
6751.4902340000 -14.0590790000 0.5360390000
6751.8598630000 -14.0354930000 0.5347520000
6752.2202150000 -14.0127210000 0.5334970000
6752.5898440000 -13.9896140000 0.5322100000
6752.9599610000 -13.9667150000 0.5309230000
6753.3300780000 -13.9440170000 0.5296340000
6753.7001950000 -13.9215760000 0.5283460000
6754.0600590000 -13.8999570000 0.5270940000
6754.4301760000 -13.8779520000 0.5258070000
6754.7998050000 -13.8561880000 0.5245230000
6755.1699220000 -13.8346070000 0.5232370000
6755.5400390000 -13.8132320000 0.5219520000
6755.8999020000 -13.7926310000 0.5207010000
6756.2700200000 -13.7716520000 0.5194160000
6756.6401370000 -13.7508690000 0.5181310000
6757.0097660000 -13.7302780000 0.5168480000
6757.3798830000 -13.7098750000 0.5155640000
6757.7402340000 -13.6902020000 0.5143150000
6758.1098630000 -13.6701610000 0.5130320000
6758.4799800000 -13.6502990000 0.5117490000
6758.8500980000 -13.6306120000 0.5104670000
6759.2202150000 -13.6110990000 0.5091850000
6759.5898440000 -13.5917800000 0.5079040000
6759.9599610000 -13.5725780000 0.5066210000
6760.3198240000 -13.5541020000 0.5053770000
6760.6899410000 -13.5352460000 0.5040960000
6761.0600590000 -13.5165250000 0.5028130000
6761.4301760000 -13.4979850000 0.5015340000
6761.7998050000 -13.4796220000 0.5002560000
6762.1699220000 -13.4613860000 0.4989760000
6762.5400390000 -13.4432990000 0.4976970000
6762.9101560000 -13.4253360000 0.4964160000
6763.2700200000 -13.4080430000 0.4951740000
6763.6401370000 -13.3903860000 0.4938960000
6764.0097660000 -13.3728690000 0.4926190000
6764.3798830000 -13.3554890000 0.4913420000
6764.7500000000 -13.3382440000 0.4900640000
6765.1201170000 -13.3211350000 0.4887880000
6765.4902340000 -13.3041560000 0.4875110000
6765.8598630000 -13.2873080000 0.4862350000
6766.2299800000 -13.2705870000 0.4849600000
6766.6000980000 -13.2539920000 0.4836840000
6766.9702150000 -13.2375220000 0.4824090000
6767.3300780000 -13.2216150000 0.4811690000
6767.7001950000 -13.2053840000 0.4798950000
6789.0356450000 -12.4296740000 0.4069830000
6921.7783200000 -10.2676150000 9.9772660000
7057.1162110000 -9.5408770000 9.5780170000
7195.1005860000 -9.6338620000 9.2067910000
7255.2099610000 -10.1795710000 9.0553500000
7255.6401370000 -10.1863330000 9.0542880000
7256.0600590000 -10.1930000000 9.0532500000
7256.4902340000 -10.1998950000 9.0521890000
7256.9101560000 -10.2066950000 9.0511520000
7257.3398440000 -10.2137180000 9.0500920000
7257.7597660000 -10.2206480000 9.0490570000
7258.1899410000 -10.2278290000 9.0479960000
7258.6098630000 -10.2348980000 9.0469610000
7259.0400390000 -10.2422170000 9.0459000000
7259.4599610000 -10.2494390000 9.0448660000
7259.8901370000 -10.2569090000 9.0438060000
7260.3100590000 -10.2642810000 9.0427710000
7260.7402340000 -10.2719080000 9.0417130000
7261.1601560000 -10.2794340000 9.0406790000
7261.5898440000 -10.2872120000 9.0396210000
7262.0097660000 -10.2948890000 9.0385890000
7262.4399410000 -10.3028420000 9.0375320000
7262.8598630000 -10.3106940000 9.0364990000
7263.2900390000 -10.3188180000 9.0354410000
7263.7099610000 -10.3268400000 9.0344100000
7264.1401370000 -10.3351430000 9.0333530000
7264.5698240000 -10.3435300000 9.0322980000
7264.9902340000 -10.3518300000 9.0312650000
7265.4199220000 -10.3604030000 9.0302100000
7265.8398440000 -10.3688790000 9.0291810000
7266.2700200000 -10.3776570000 9.0281250000
7266.6899410000 -10.3863170000 9.0270960000
7267.1201170000 -10.3952960000 9.0260410000
7267.5498050000 -10.4043800000 9.0249870000
7267.9702150000 -10.4133560000 9.0239580000
7268.3999020000 -10.4226430000 9.0229050000
7268.8198240000 -10.4318300000 9.0218760000
7269.2500000000 -10.4413490000 9.0208230000
7269.6801760000 -10.4509840000 9.0197710000
7270.1000980000 -10.4605070000 9.0187430000
7270.5297850000 -10.4703660000 9.0176920000
7270.9599610000 -10.4803590000 9.0166400000
7271.3798830000 -10.4902390000 9.0156130000
7271.8100590000 -10.5004820000 9.0145620000
7272.2402340000 -10.5108550000 9.0135110000
7272.6601560000 -10.5211150000 9.0124850000
7273.0898440000 -10.5317430000 9.0114350000
7273.5200200000 -10.5425220000 9.0103850000
7273.9399410000 -10.5531870000 9.0093590000
7274.3701170000 -10.5642510000 9.0083090000
7274.7998050000 -10.5754510000 9.0072610000
7275.2202150000 -10.5865610000 9.0062360000
7275.6499020000 -10.5980650000 9.0051880000
7276.0800780000 -10.6097410000 9.0041400000
7276.5000000000 -10.6213040000 9.0031170000
7276.9301760000 -10.6333070000 9.0020690000
7277.3598630000 -10.6454670000 9.0010220000
7277.7797850000 -10.6575140000 9.0000000000
7278.2099610000 -10.6700530000 8.9989520000
7278.6401370000 -10.6827630000 8.9979060000
7279.0698240000 -10.6956470000 8.9968610000
7279.4902340000 -10.7084480000 8.9958370000
7279.9199220000 -10.7217220000 8.9947930000
7280.3500980000 -10.7352150000 8.9937480000
7280.7797850000 -10.7489020000 8.9927030000
7281.2001950000 -10.7625100000 8.9916810000
7281.6298830000 -10.7766310000 8.9906380000
7282.0600590000 -10.7909960000 8.9895940000
7282.4902340000 -10.8055950000 8.9885490000
7282.9101560000 -10.8200880000 8.9875300000
7283.3398440000 -10.8351560000 8.9864870000
7283.7700200000 -10.8504970000 8.9854440000
7284.2001950000 -10.8661020000 8.9844020000
7284.6298830000 -10.8819630000 8.9833600000
7285.0498050000 -10.8977430000 8.9823420000
7285.4799800000 -10.9141860000 8.9813000000
7285.9101560000 -10.9309280000 8.9802580000
7286.3398440000 -10.9479620000 8.9792180000
7286.7700200000 -10.9653340000 8.9781770000
7287.2001950000 -10.9830370000 8.9771360000
7287.6201170000 -11.0006600000 8.9761190000
7288.0498050000 -11.0190320000 8.9750800000
7288.4799800000 -11.0377940000 8.9740400000
7288.9101560000 -11.0569570000 8.9730000000
7289.3398440000 -11.0764750000 8.9719610000
7289.7700200000 -11.0964240000 8.9709220000
7290.1899410000 -11.1163000000 8.9699090000
7290.6201170000 -11.1371340000 8.9688680000
7291.0498050000 -11.1583830000 8.9678320000
7291.4799800000 -11.1801380000 8.9667930000
7291.9101560000 -11.2023940000 8.9657550000
7292.3398440000 -11.2251500000 8.9647200000
7292.7700200000 -11.2484790000 8.9636820000
7293.2001950000 -11.2723790000 8.9626460000
7293.6298830000 -11.2968510000 8.9616100000
7294.0498050000 -11.3213860000 8.9605980000
7294.4799800000 -11.3471570000 8.9595610000
7294.9101560000 -11.3736170000 8.9585260000
7295.3398440000 -11.4008050000 8.9574910000
7295.7700200000 -11.4287580000 8.9564550000
7296.2001950000 -11.4575170000 8.9554200000
7296.6298830000 -11.4870950000 8.9543870000
7297.0600590000 -11.5176060000 8.9533530000
7297.4902340000 -11.5490700000 8.9523190000
7297.9199220000 -11.5815110000 8.9512860000
7298.3500980000 -11.6151000000 8.9502520000
7298.7797850000 -11.6497580000 8.9492200000
7299.2099610000 -11.6856780000 8.9481870000
7299.6401370000 -11.7229050000 8.9471540000
7300.0698240000 -11.7614910000 8.9461230000
7300.5000000000 -11.8016240000 8.9450910000
7300.9301760000 -11.8433810000 8.9440590000
7301.3598630000 -11.8868430000 8.9430280000
7301.7900390000 -11.9323050000 8.9419970000
7302.2202150000 -11.9797870000 8.9409660000
7302.6499020000 -12.0294710000 8.9399370000
7303.0800780000 -12.0816870000 8.9389060000
7303.5097660000 -12.1365660000 8.9378770000
7303.9399410000 -12.1945230000 8.9368480000
7304.3701170000 -12.2558360000 8.9358180000
7304.7998050000 -12.3209090000 8.9347890000
7305.2299800000 -12.3902160000 8.9337600000
7305.6601560000 -12.4643320000 8.9327320000
7306.0898440000 -12.5438640000 8.9317050000
7306.5200200000 -12.6298530000 8.9306760000
7306.9501950000 -12.7232960000 8.9296480000
7307.3798830000 -12.8254610000 8.9286220000
7307.8100590000 -12.9383870000 8.9275950000
7308.2402340000 -13.0645480000 8.9265670000
7308.6699220000 -13.2068800000 8.9255420000
7309.1000980000 -13.3707080000 8.9245150000
7309.5400390000 -13.5682370000 8.9234660000
7309.9702150000 -13.8029740000 8.9224400000
7310.3999020000 -14.1010020000 8.9214150000
7310.8300780000 -14.5103660000 8.9203900000
7311.2597660000 -15.1640300000 8.9193660000
7311.6899410000 -16.9436000000 8.9183420000
7312.1201170000 -15.7683110000 2.4488970000
7312.5498050000 -14.8088900000 2.4473460000
7312.9799800000 -14.2964010000 2.4457910000
7313.4199220000 -13.9382260000 2.4442040000
7313.8500980000 -13.6713930000 2.4426530000
7314.2797850000 -13.4554340000 2.4411030000
7314.7099610000 -13.2734020000 2.4395500000
7315.1401370000 -13.1164470000 2.4380000000
7315.5698240000 -12.9784570000 2.4364520000
7316.0097660000 -12.8523350000 2.4348660000
7316.4399410000 -12.7410550000 2.4333170000
7316.8701170000 -12.6394950000 2.4317680000
7317.2998050000 -12.5461700000 2.4302230000
7317.7299800000 -12.4596500000 2.4286750000
7318.1601560000 -12.3790740000 2.4271280000
7318.6000980000 -12.3019670000 2.4255460000
7319.0297850000 -12.2312660000 2.4240020000
7319.4599610000 -12.1644820000 2.4224560000
7319.8901370000 -12.1012610000 2.4209110000
7320.3198240000 -12.0412980000 2.4193680000
7320.7597660000 -11.9828480000 2.4177880000
7321.1899410000 -11.9283650000 2.4162450000
7321.6201170000 -11.8762520000 2.4147010000
7322.0498050000 -11.8263630000 2.4131600000
7322.4902340000 -11.7772610000 2.4115800000
7322.9199220000 -11.7312320000 2.4100410000
7323.3500980000 -11.6868430000 2.4085000000
7323.7797850000 -11.6440700000 2.4069600000
7324.2202150000 -11.6017150000 2.4053820000
7324.6499020000 -11.5617870000 2.4038450000
7325.0800780000 -11.5230810000 2.4023060000
7325.5200200000 -11.4847030000 2.4007310000
7325.9501950000 -11.4483240000 2.3991930000
7326.3798830000 -11.4130320000 2.3976560000
7326.8100590000 -11.3786840000 2.3961190000
7327.2500000000 -11.3445010000 2.3945470000
7327.6801760000 -11.3119840000 2.3930100000
7328.1098630000 -11.2803340000 2.3914770000
7328.5498050000 -11.2487260000 2.3899050000
7328.9799800000 -11.2185950000 2.3883710000
7329.4101560000 -11.1891740000 2.3868360000
7329.8500980000 -11.1597690000 2.3852660000
7330.2797850000 -11.1317180000 2.3837350000
7330.7099610000 -11.1042490000 2.3822010000
7331.1499020000 -11.0767490000 2.3806330000
7331.5800780000 -11.0504430000 2.3791020000
7332.0097660000 -11.0247030000 2.3775720000
7332.4501950000 -10.9988390000 2.3760030000
7332.8798830000 -10.9741180000 2.3744750000
7333.3100590000 -10.9498430000 2.3729450000
7333.7500000000 -10.9255000000 2.3713810000
7334.1801760000 -10.9021020000 2.3698500000
7334.6201170000 -10.8786460000 2.3682880000
7335.0498050000 -10.8561330000 2.3667610000
7335.4799800000 -10.8339600000 2.3652320000
7335.7827150000 -10.8186190000 2.3641590000
7335.9199220000 -10.8117090000 2.3636710000
7336.3500980000 -10.7903090000 2.3621440000
7336.7900390000 -10.7687720000 2.3605830000
7337.2202150000 -10.7480680000 2.3590570000
7337.6499020000 -10.7277130000 2.3575330000
7338.0898440000 -10.7071880000 2.3559730000
7338.5200200000 -10.6874390000 2.3544490000
7338.9599610000 -10.6675370000 2.3528900000
7339.3901370000 -10.6483770000 2.3513670000
7339.8300780000 -10.6290810000 2.3498110000
7340.2597660000 -10.6104960000 2.3482890000
7340.7001950000 -10.5917070000 2.3467310000
7341.1298830000 -10.5736430000 2.3452110000
7341.5600590000 -10.5558040000 2.3436900000
7342.0000000000 -10.5377990000 2.3421340000
7342.4301760000 -10.5204370000 2.3406140000
7342.8701170000 -10.5029070000 2.3390600000
7343.2998050000 -10.4860150000 2.3375430000
7343.7402340000 -10.4689150000 2.3359870000
7344.1699220000 -10.4524510000 2.3344710000
7344.6098630000 -10.4358120000 2.3329190000
7345.0400390000 -10.4197340000 2.3314030000
7345.4799800000 -10.4034810000 2.3298500000
7345.9101560000 -10.3877870000 2.3283350000
7346.3500980000 -10.3719180000 2.3267840000
7346.7900390000 -10.3562520000 2.3252350000
7347.2202150000 -10.3410850000 2.3237190000
7347.6601560000 -10.3257750000 2.3221710000
7348.0898440000 -10.3109820000 2.3206590000
7348.5297850000 -10.2959940000 2.3191110000
7348.9599610000 -10.2815070000 2.3175970000
7349.3999020000 -10.2668440000 2.3160510000
7349.8300780000 -10.2526660000 2.3145390000
7350.2700200000 -10.2383280000 2.3129940000
7350.7099610000 -10.2241250000 2.3114480000
7351.1401370000 -10.2103880000 2.3099370000
7351.5800780000 -10.1964740000 2.3083930000
7352.0097660000 -10.1830290000 2.3068850000
7352.4501950000 -10.1693780000 2.3053390000
7352.8798830000 -10.1561980000 2.3038320000
7353.3198240000 -10.1428410000 2.3022910000
7353.7597660000 -10.1296010000 2.3007490000
7354.1899410000 -10.1167850000 2.2992410000
7354.6298830000 -10.1037940000 2.2977000000
7355.0698240000 -10.0909400000 2.2961610000
7355.5000000000 -10.0784670000 2.2946530000
7355.9399410000 -10.0658490000 2.2931150000
7356.3701170000 -10.0536160000 2.2916110000
7356.8100590000 -10.0412090000 2.2900710000
7357.2500000000 -10.0289140000 2.2885320000
7357.6801760000 -10.0170060000 2.2870290000
7358.1201170000 -10.0049380000 2.2854930000
7358.5600590000 -9.9929630000 2.2839570000
7358.9902340000 -9.9813590000 2.2824540000
7359.4301760000 -9.9695860000 2.2809180000
7359.8701170000 -9.9579270000 2.2793840000
7360.3100590000 -9.9463510000 2.2778490000
7360.7402340000 -9.9351320000 2.2763490000
7361.1801760000 -9.9237460000 2.2748150000
7361.6201170000 -9.9124650000 2.2732830000
7362.0498050000 -9.9015280000 2.2717860000
7362.4902340000 -9.8904020000 2.2702510000
7362.9301760000 -9.8793760000 2.2687190000
7363.3701170000 -9.8684490000 2.2671890000
7363.7998050000 -9.8578540000 2.2656940000
7364.2402340000 -9.8470710000 2.2641610000
7364.6801760000 -9.8363820000 2.2626310000
7365.1098630000 -9.8260270000 2.2611380000
7365.5498050000 -9.8154980000 2.2596080000
7365.9902340000 -9.8050480000 2.2580800000
7366.4301760000 -9.7946760000 2.2565510000
7366.8701170000 -9.7843910000 2.2550250000
7367.2998050000 -9.7744030000 2.2535310000
7367.7402340000 -9.7642560000 2.2520050000
7368.1801760000 -9.7541800000 2.2504780000
7368.6201170000 -9.7441880000 2.2489540000
7369.0498050000 -9.7344820000 2.2474630000
7369.4902340000 -9.7246180000 2.2459380000
7369.9301760000 -9.7148240000 2.2444130000
7370.3701170000 -9.7051070000 2.2428910000
7370.8100590000 -9.6954470000 2.2413670000
7371.2500000000 -9.6858530000 2.2398440000
7371.6801760000 -9.6765400000 2.2383570000
7372.1201170000 -9.6670850000 2.2368350000
7372.5600590000 -9.6576810000 2.2353140000
7373.0000000000 -9.6483400000 2.2337920000
7373.4399410000 -9.6390710000 2.2322740000
7373.8798830000 -9.6298530000 2.2307530000
7374.3100590000 -9.6209020000 2.2292680000
7374.7500000000 -9.6118010000 2.2277490000
7375.1899410000 -9.6027680000 2.2262320000
7375.6298830000 -9.5937830000 2.2247130000
7479.2158200000 -8.3134340000 1.8804270000
7625.4531250000 -7.6553520000 1.4357440000
7682.2797850000 -7.7309100000 1.2748710000
7682.7597660000 -7.7332950000 1.2735390000
7683.2299800000 -7.7356760000 1.2722340000
7683.7099610000 -7.7381550000 1.2709030000
7684.1899410000 -7.7406800000 1.2695730000
7684.6601560000 -7.7432020000 1.2682700000
7685.1401370000 -7.7458270000 1.2669390000
7685.6201170000 -7.7485040000 1.2656100000
7686.0898440000 -7.7511720000 1.2643090000
7686.5698240000 -7.7539480000 1.2629810000
7687.0400390000 -7.7567210000 1.2616810000
7687.5200200000 -7.7596080000 1.2603530000
7688.0000000000 -7.7625500000 1.2590260000
7688.4702150000 -7.7654860000 1.2577260000
7688.9501950000 -7.7685380000 1.2564000000
7689.4301760000 -7.7716530000 1.2550740000
7689.9101560000 -7.7748240000 1.2537490000
7690.3798830000 -7.7779910000 1.2524510000
7690.8598630000 -7.7812840000 1.2511270000
7691.3398440000 -7.7846440000 1.2498040000
7691.8100590000 -7.7879970000 1.2485070000
7692.2900390000 -7.7914820000 1.2471840000
7692.7700200000 -7.7950400000 1.2458610000
7693.2500000000 -7.7986660000 1.2445380000
7693.7202150000 -7.8022840000 1.2432430000
7694.2001950000 -7.8060470000 1.2419220000
7694.6801760000 -7.8098870000 1.2406020000
7695.1601560000 -7.8138030000 1.2392800000
7695.6298830000 -7.8177070000 1.2379880000
7696.1098630000 -7.8217720000 1.2366700000
7696.5898440000 -7.8259210000 1.2353500000
7697.0698240000 -7.8301480000 1.2340320000
7697.5400390000 -7.8343720000 1.2327400000
7698.0200200000 -7.8387720000 1.2314210000
7698.5000000000 -7.8432590000 1.2301030000
7698.9799800000 -7.8478330000 1.2287870000
7699.4599610000 -7.8525030000 1.2274700000
7699.9301760000 -7.8571680000 1.2261810000
7700.4101560000 -7.8620280000 1.2248650000
7700.8901370000 -7.8669830000 1.2235500000
7701.3701170000 -7.8720460000 1.2222350000
7701.8500980000 -7.8772070000 1.2209210000
7702.3300780000 -7.8824830000 1.2196060000
7702.7998050000 -7.8877500000 1.2183210000
7703.2797850000 -7.8932470000 1.2170080000
7703.7597660000 -7.8988560000 1.2156950000
7704.2402340000 -7.9045960000 1.2143810000
7704.7202150000 -7.9104490000 1.2130700000
7705.2001950000 -7.9164350000 1.2117580000
7705.6801760000 -7.9225520000 1.2104460000
7706.1601560000 -7.9287990000 1.2091370000
7706.6401370000 -7.9351910000 1.2078270000
7707.1098630000 -7.9415830000 1.2065450000
7707.5898440000 -7.9482580000 1.2052360000
7708.0698240000 -7.9550930000 1.2039270000
7708.5498050000 -7.9620860000 1.2026180000
7709.0297850000 -7.9692360000 1.2013110000
7709.5097660000 -7.9765630000 1.2000030000
7709.9902340000 -7.9840640000 1.1986950000
7710.4702150000 -7.9917470000 1.1973880000
7710.9501950000 -7.9996190000 1.1960810000
7711.4301760000 -8.0076770000 1.1947770000
7711.9101560000 -8.0159460000 1.1934700000
7712.3901370000 -8.0244170000 1.1921660000
7712.8701170000 -8.0331140000 1.1908610000
7713.3500980000 -8.0420400000 1.1895560000
7713.8300780000 -8.0511920000 1.1882530000
7714.3100590000 -8.0606000000 1.1869500000
7714.7900390000 -8.0702550000 1.1856480000
7715.2700200000 -8.0801890000 1.1843450000
7715.7500000000 -8.0904020000 1.1830430000
7716.2299800000 -8.1008980000 1.1817420000
7716.7099610000 -8.1117110000 1.1804400000
7717.1899410000 -8.1228340000 1.1791400000
7717.6699220000 -8.1343070000 1.1778400000
7718.1499020000 -8.1461330000 1.1765390000
7718.6298830000 -8.1583200000 1.1752410000
7719.1098630000 -8.1709120000 1.1739420000
7719.5898440000 -8.1839050000 1.1726440000
7720.0698240000 -8.1973480000 1.1713460000
7720.5498050000 -8.2112400000 1.1700490000
7721.0297850000 -8.2256360000 1.1687510000
7721.5097660000 -8.2405530000 1.1674540000
7721.9902340000 -8.2560230000 1.1661570000
7722.4799800000 -8.2724090000 1.1648350000
7722.9599610000 -8.2891140000 1.1635390000
7723.4399410000 -8.3064940000 1.1622430000
7723.9199220000 -8.3245800000 1.1609500000
7724.3999020000 -8.3434640000 1.1596550000
7724.8798830000 -8.3631700000 1.1583610000
7725.3598630000 -8.3838040000 1.1570680000
7725.8398440000 -8.4054050000 1.1557760000
7726.3300780000 -8.4286130000 1.1544540000
7726.8100590000 -8.4524920000 1.1531630000
7727.2900390000 -8.4776900000 1.1518720000
7727.7700200000 -8.5042900000 1.1505800000
7728.2500000000 -8.5325020000 1.1492900000
7728.7299800000 -8.5624840000 1.1479990000
7729.2202150000 -8.5951400000 1.1466820000
7729.7001950000 -8.6293690000 1.1453920000
7730.1801760000 -8.6661970000 1.1441030000
7730.6601560000 -8.7059380000 1.1428160000
7731.1401370000 -8.7491510000 1.1415270000
7731.6298830000 -8.7973930000 1.1402130000
7732.1098630000 -8.8495860000 1.1389260000
7732.5898440000 -8.9076190000 1.1376390000
7733.0698240000 -8.9730340000 1.1363530000
7733.5498050000 -9.0477230000 1.1350670000
7734.0400390000 -9.1369040000 1.1337530000
7734.5200200000 -9.2414200000 1.1324680000
7735.0000000000 -9.3714230000 1.1311830000
7735.4799800000 -9.5425510000 1.1299000000
7735.9702150000 -9.7999110000 1.1285890000
7736.4501950000 -10.2810970000 1.1273040000
7736.9301760000 -10.8379150000 2.8877910000
7737.4199220000 -9.9602870000 2.8864230000
7737.8999020000 -9.6365100000 2.8850850000
7738.3798830000 -9.4309620000 2.8837450000
7738.8598630000 -9.2799160000 2.8824080000
7739.3500980000 -9.1576880000 2.8810400000
7739.8300780000 -9.0587010000 2.8797040000
7740.3100590000 -8.9738760000 2.8783660000
7740.7998050000 -8.8982670000 2.8770020000
7741.2797850000 -8.8324320000 2.8756660000
7741.7597660000 -8.7730140000 2.8743300000
7742.2500000000 -8.7178020000 2.8729660000
7742.7299800000 -8.6681430000 2.8716300000
7743.2099610000 -8.6222220000 2.8702960000
7743.7001950000 -8.5785500000 2.8689340000
7744.1801760000 -8.5385270000 2.8675990000
7744.6699220000 -8.5001620000 2.8662390000
7745.1499020000 -8.4646620000 2.8649040000
7745.6298830000 -8.4310540000 2.8635730000
7746.1201170000 -8.3984260000 2.8622120000
7746.6000980000 -8.3679740000 2.8608800000
7747.0800780000 -8.3389020000 2.8595500000
7747.5698240000 -8.3104600000 2.8581910000
7748.0498050000 -8.2837550000 2.8568600000
7748.5400390000 -8.2575240000 2.8555020000
7749.0200200000 -8.2327800000 2.8541720000
7749.5097660000 -8.2084410000 2.8528160000
7749.9902340000 -8.1853640000 2.8514840000
7750.4702150000 -8.1630790000 2.8501570000
7750.9599610000 -8.1410450000 2.8488020000
7751.4399410000 -8.1200930000 2.8474730000
7751.9301760000 -8.0993310000 2.8461180000
7752.4101560000 -8.0795860000 2.8447920000
7752.8999020000 -8.0599580000 2.8434370000
7753.3798830000 -8.0412580000 2.8421130000
7753.8701170000 -8.0226350000 2.8407580000
7754.3500980000 -8.0048460000 2.8394330000
7754.8398440000 -7.9871360000 2.8380810000
7755.3198240000 -7.9701930000 2.8367580000
7755.8100590000 -7.9532550000 2.8354040000
7756.2900390000 -7.9370590000 2.8340820000
7756.7797850000 -7.9208780000 2.8327310000
7757.2597660000 -7.9053420000 2.8314090000
7757.7500000000 -7.8898030000 2.8300580000
7758.2299800000 -7.8748820000 2.8287350000
7758.7202150000 -7.8599420000 2.8273860000
7759.2099610000 -7.8453000000 2.8260370000
7759.6899410000 -7.8312190000 2.8247180000
7760.1801760000 -7.8170880000 2.8233700000
7760.6601560000 -7.8034860000 2.8220490000
7761.1499020000 -7.7898510000 2.8207040000
7761.6298830000 -7.7767040000 2.8193840000
7762.1201170000 -7.7635020000 2.8180370000
7762.6098630000 -7.7505250000 2.8166920000
7763.0898440000 -7.7380110000 2.8153750000
7763.5800780000 -7.7254190000 2.8140300000
7764.0600590000 -7.7132680000 2.8127120000
7764.5498050000 -7.7010580000 2.8113690000
7765.0400390000 -7.6890140000 2.8100250000
7765.5200200000 -7.6773820000 2.8087080000
7766.0097660000 -7.6656820000 2.8073660000
7766.5000000000 -7.6541320000 2.8060240000
7766.9799800000 -7.6429670000 2.8047080000
7767.4702150000 -7.6317190000 2.8033670000
7767.9599610000 -7.6206270000 2.8020270000
7768.4399410000 -7.6098990000 2.8007140000
7768.9301760000 -7.5990710000 2.7993730000
7769.4199220000 -7.5883760000 2.7980330000
7769.8999020000 -7.5780350000 2.7967210000
7770.3901370000 -7.5675920000 2.7953820000
7770.8798830000 -7.5572810000 2.7940440000
7771.3598630000 -7.5472840000 2.7927330000
7771.8500980000 -7.5371940000 2.7913940000
7772.3398440000 -7.5272250000 2.7900580000
7772.8300780000 -7.5173550000 2.7887200000
7773.3100590000 -7.5077900000 2.7874110000
7773.7998050000 -7.4981370000 2.7860760000
7774.2900390000 -7.4885750000 2.7847390000
7774.5498050000 -7.4835450000 2.7840310000
7774.7797850000 -7.4791200000 2.7834050000
7775.2597660000 -7.4699430000 2.7820970000
7775.7500000000 -7.4606660000 2.7807620000
7776.2402340000 -7.4514800000 2.7794280000
7776.7299800000 -7.4423920000 2.7780940000
7777.2099610000 -7.4335730000 2.7767900000
7777.7001950000 -7.4246370000 2.7754550000
7778.1899410000 -7.4158020000 2.7741230000
7778.6801760000 -7.4070380000 2.7727910000
7779.1699220000 -7.3983620000 2.7714610000
7779.6499020000 -7.3899370000 2.7701570000
7780.1401370000 -7.3814040000 2.7688260000
7780.6298830000 -7.3729440000 2.7674950000
7781.1201170000 -7.3645570000 2.7661650000
7781.6098630000 -7.3562480000 2.7648360000
7782.1000980000 -7.3480010000 2.7635070000
7782.5800780000 -7.3399950000 2.7622060000
7783.0698240000 -7.3318890000 2.7608790000
7783.5600590000 -7.3238310000 2.7595490000
7784.0498050000 -7.3158530000 2.7582230000
7784.5400390000 -7.3079300000 2.7568950000
7785.0297850000 -7.3000750000 2.7555690000
7785.5200200000 -7.2922730000 2.7542430000
7786.0097660000 -7.2845370000 2.7529180000
7786.4902340000 -7.2770000000 2.7516170000
7786.9799800000 -7.2693780000 2.7502940000
7787.4702150000 -7.2618040000 2.7489690000
7787.9599610000 -7.2542910000 2.7476450000
7788.4501950000 -7.2468250000 2.7463220000
7788.9399410000 -7.2394180000 2.7449990000
7789.4301760000 -7.2320560000 2.7436760000
7789.9199220000 -7.2247510000 2.7423540000
7790.4101560000 -7.2174900000 2.7410320000
7790.8999020000 -7.2102840000 2.7397110000
7791.3901370000 -7.2031190000 2.7383890000
7791.8798830000 -7.1960090000 2.7370690000
7792.3701170000 -7.1889310000 2.7357470000
7792.8598630000 -7.1819120000 2.7344280000
7793.3500980000 -7.1749320000 2.7331090000
7793.8398440000 -7.1680020000 2.7317900000
7794.3300780000 -7.1611090000 2.7304710000
7794.8198240000 -7.1542660000 2.7291540000
7795.3100590000 -7.1474580000 2.7278350000
7795.7998050000 -7.1406970000 2.7265190000
7796.2900390000 -7.1339720000 2.7252010000
7796.7797850000 -7.1272920000 2.7238850000
7797.2700200000 -7.1206460000 2.7225690000
7797.7597660000 -7.1140440000 2.7212530000
7798.2500000000 -7.1074680000 2.7199360000
7798.7402340000 -7.1009360000 2.7186200000
7799.2299800000 -7.0944480000 2.7173070000
7799.7202150000 -7.0879900000 2.7159920000
7800.2099610000 -7.0815740000 2.7146800000
7800.7001950000 -7.0751870000 2.7133660000
7801.1899410000 -7.0688420000 2.7120530000
7801.6801760000 -7.0625240000 2.7107400000
7802.1699220000 -7.0562470000 2.7094290000
7802.6601560000 -7.0499970000 2.7081170000
7803.1601560000 -7.0436530000 2.7067790000
7803.6499020000 -7.0374760000 2.7054680000
7804.1401370000 -7.0313240000 2.7041580000
7804.6298830000 -7.0252100000 2.7028480000
7805.1201170000 -7.0191220000 2.7015380000
7805.6098630000 -7.0130700000 2.7002300000
7806.1000980000 -7.0070420000 2.6989200000
7806.6000980000 -7.0009220000 2.6975850000
7807.0898440000 -6.9949600000 2.6962780000
7807.5800780000 -6.9890220000 2.6949690000
7808.0698240000 -6.9831190000 2.6936630000
7808.5600590000 -6.9772370000 2.6923560000
7809.0498050000 -6.9713900000 2.6910510000
7809.5498050000 -6.9654460000 2.6897170000
7810.0400390000 -6.9596490000 2.6884110000
7810.5297850000 -6.9538840000 2.6871070000
7811.0200200000 -6.9481400000 2.6858020000
7811.5097660000 -6.9424280000 2.6844980000
7812.0097660000 -6.9366210000 2.6831670000
7812.5000000000 -6.9309550000 2.6818630000
7812.9902340000 -6.9253160000 2.6805590000
7813.4799800000 -6.9197060000 2.6792570000
7813.9799800000 -6.9140020000 2.6779280000
7814.4702150000 -6.9084380000 2.6766260000
7814.9599610000 -6.9029020000 2.6753250000
7815.4501950000 -6.8973850000 2.6740240000
7815.9501950000 -6.8917800000 2.6726960000
7816.4399410000 -6.8863160000 2.6713960000
7816.9301760000 -6.8808690000 2.6700960000
7817.4199220000 -6.8754510000 2.6687970000
7926.5620120000 -5.9897410000 2.3891900000
8081.5458980000 -5.1855650000 2.0235530000
8239.5605470000 -4.5846320000 1.6849750000
8400.6640630000 -4.0957860000 1.3715620000
8564.9189450000 -3.6782830000 1.0816520000
8732.3837890000 -3.0453710000 0.8133740000
8903.1240230000 -2.6792430000 0.5115880000
9077.2021480000 -2.3746700000 0.1940230000
9254.6845700000 -2.1047150000 9.8848710000
9435.6367190000 -1.8644150000 9.5839570000
9620.1269530000 -1.6542380000 9.2916340000
9808.2246090000 -1.4632430000 9.0078130000
10000.0000000000 -1.2919900000 8.7320370000
10195.5253900000 -1.1371000000 8.4639340000
10394.8730500000 -0.9990340000 8.2033520000
10598.1191400000 -0.8751430000 7.9501600000
10805.3388700000 -0.7640560000 7.7041700000
11016.6103500000 -0.6645730000 7.4651990000
11232.0127000000 -0.5756430000 7.2330680000
11451.6259800000 -0.4963360000 7.0076000000
11675.5341800000 -0.4258220000 6.7886210000
11903.8203100000 -0.3633630000 6.5759650000
12136.5693400000 -0.3082950000 6.3694670000
12373.8701200000 -0.2600170000 6.1689650000
12615.8105500000 -0.2179890000 5.9743030000
12862.4814500000 -0.1817190000 5.7853260000
13113.9746100000 -0.1507600000 5.6018840000
13370.3857400000 -0.1247010000 5.4238290000
13631.8105500000 -0.1067250000 5.2513070000
13898.3466800000 -0.0894020000 5.0839830000
14170.0937500000 -0.0759180000 4.9216290000
14447.1543000000 -0.0659830000 4.7641080000
14729.6328100000 -0.0598100000 4.6113070000
15017.6337900000 -0.0562040000 4.4631100000
15311.2666000000 -0.0554080000 4.3193580000
15610.6396500000 -0.0604030000 4.1800840000
15915.8671900000 -0.0647020000 4.0452090000
16227.0615200000 -0.0712040000 3.9144340000
16544.3418000000 -0.0797450000 3.7876420000
16867.8242200000 -0.0901720000 3.6647220000
17197.6328100000 -0.1023590000 3.5455640000
17533.8906300000 -0.1161490000 3.4300590000
17876.7207000000 -0.1314350000 3.3181050000
18226.2558600000 -0.1481080000 3.2095990000
18582.6250000000 -0.1660650000 3.1044420000
18945.9628900000 -0.1852150000 3.0025370000
19316.4023400000 -0.2054710000 2.9037930000
19694.0878900000 -0.2267580000 2.8081150000
20079.1562500000 -0.2490030000 2.7154150000
20471.7539100000 -0.2721430000 2.6256080000
20872.0273400000 -0.2961230000 2.5386080000
21280.1289100000 -0.3208920000 2.4543320000
21696.2070300000 -0.3464050000 2.3727030000
22120.4238300000 -0.3726260000 2.2936400000
22552.9335900000 -0.3995240000 2.2170700000
22993.8984400000 -0.4270750000 2.1429180000
23443.4882800000 -0.4554900000 2.0711170000
23901.8671900000 -0.4847050000 2.0016000000
24369.2070300000 -0.5141270000 1.9342950000
24845.6875000000 -0.5441900000 1.8691300000
25331.4824200000 -0.5749180000 1.8060450000
25826.7753900000 -0.6063550000 1.7449750000
26331.7539100000 -0.6385770000 1.6858600000
26846.6054700000 -0.6712580000 1.6288090000
27371.5234400000 -0.7035280000 1.5740160000
27906.7070300000 -0.7364090000 1.5209960000
28452.3515600000 -0.7699460000 1.4696940000
29008.6660200000 -0.8041920000 1.4200560000
29575.8593800000 -0.8394460000 1.3720400000
30154.1406300000 -0.8753560000 1.3255920000
30743.7304700000 -0.9123960000 1.2806630000
31344.8476600000 -0.9503280000 1.2372040000
31957.7168000000 -0.9899660000 1.1951800000
32582.5703100000 -1.0304730000 1.1545530000
33219.6406300000 -1.0728160000 1.1152670000
33869.1679700000 -1.1174330000 1.0773020000
34531.3945300000 -1.1633400000 1.0406160000
35206.5703100000 -1.2116190000 1.0051470000
35894.9492200000 -1.2626850000 0.9708550000
36596.7851600000 -1.3170570000 0.9377030000
37312.3437500000 -1.3750300000 0.9056450000
38041.8906300000 -1.4381380000 0.8746520000
38785.7070300000 -1.5071410000 0.8446890000
39544.0625000000 -1.5835130000 0.8157240000
40317.2500000000 -1.6692950000 0.7877230000
41105.5546900000 -1.7674120000 0.7606560000
41909.2695300000 -1.8822580000 0.7344920000
42728.6992200000 -2.0208570000 0.7092010000
43564.1523400000 -2.1954330000 0.6847550000
44415.9414100000 -2.4301160000 0.6611260000
44454.8007800000 -2.4428280000 0.6600780000
44470.6992200000 -2.4480940000 0.6596500000
44486.6992200000 -2.4534290000 0.6592200000
44502.6015600000 -2.4587720000 0.6587920000
44518.6015600000 -2.4641860000 0.6583630000
44534.6015600000 -2.4696400000 0.6579330000
44550.6015600000 -2.4751340000 0.6575050000
44566.6015600000 -2.4806690000 0.6570760000
44582.6015600000 -2.4862460000 0.6566480000
44598.6992200000 -2.4918980000 0.6562180000
44614.6992200000 -2.4975610000 0.6557910000
44630.8007800000 -2.5033020000 0.6553620000
44646.8984400000 -2.5090870000 0.6549330000
44662.8984400000 -2.5148810000 0.6545070000
44679.0000000000 -2.5207580000 0.6540790000
44695.1015600000 -2.5266810000 0.6536520000
44711.3007800000 -2.5326880000 0.6532220000
44727.3984400000 -2.5387060000 0.6527950000
44743.5000000000 -2.5447750000 0.6523690000
44759.6992200000 -2.5509310000 0.6519400000
44775.8984400000 -2.5571370000 0.6515120000
44792.0000000000 -2.5633570000 0.6510870000
44808.1992200000 -2.5696690000 0.6506600000
44824.3984400000 -2.5760330000 0.6502330000
44840.6015600000 -2.5824540000 0.6498060000
44856.8984400000 -2.5889680000 0.6493780000
44873.1015600000 -2.5955000000 0.6489520000
44889.3007800000 -2.6020890000 0.6485270000
44905.6015600000 -2.6087780000 0.6481000000
44921.8984400000 -2.6155250000 0.6476730000
44938.1015600000 -2.6222950000 0.6472490000
44954.3984400000 -2.6291660000 0.6468230000
44970.6992200000 -2.6361010000 0.6463970000
44987.1015600000 -2.6431460000 0.6459690000
45003.3984400000 -2.6502100000 0.6455450000
45019.6992200000 -2.6573430000 0.6451200000
45036.1015600000 -2.6645900000 0.6446940000
45052.5000000000 -2.6719050000 0.6442680000
45068.8007800000 -2.6792470000 0.6438450000
45085.1992200000 -2.6867050000 0.6434190000
45101.6015600000 -2.6942410000 0.6429950000
45118.0000000000 -2.7018500000 0.6425700000
45134.5000000000 -2.7095840000 0.6421440000
45150.8984400000 -2.7173500000 0.6417200000
45167.3007800000 -2.7251990000 0.6412970000
45183.8007800000 -2.7331760000 0.6408720000
45200.3007800000 -2.7412400000 0.6404470000
45216.8007800000 -2.7493890000 0.6400220000
45233.3007800000 -2.7576260000 0.6395980000
45249.8007800000 -2.7659550000 0.6391750000
45266.3007800000 -2.7743740000 0.6387520000
45282.8007800000 -2.7828900000 0.6383290000
45284.3867200000 -2.7837110000 0.6382880000
45299.3984400000 -2.7915510000 0.6379040000
45315.8984400000 -2.8002600000 0.6374820000
45332.5000000000 -2.8091250000 0.6370580000
45349.1015600000 -2.8180940000 0.6366350000
45365.6992200000 -2.8271670000 0.6362120000
45382.3007800000 -2.8363510000 0.6357890000
45398.8984400000 -2.8456440000 0.6353670000
45415.5000000000 -2.8550550000 0.6349450000
45432.1992200000 -2.8646370000 0.6345210000
45448.8007800000 -2.8742840000 0.6341000000
45465.5000000000 -2.8841130000 0.6336770000
45482.1992200000 -2.8940690000 0.6332540000
45498.8007800000 -2.9040960000 0.6328340000
45515.5000000000 -2.9143140000 0.6324120000
45532.3007800000 -2.9247330000 0.6319880000
45549.0000000000 -2.9352320000 0.6315670000
45565.6992200000 -2.9458760000 0.6311470000
45582.5000000000 -2.9567330000 0.6307240000
45599.1992200000 -2.9676770000 0.6303050000
45616.0000000000 -2.9788500000 0.6298830000
45632.8007800000 -2.9901830000 0.6294610000
45649.6015600000 -3.0016840000 0.6290400000
45666.3984400000 -3.0133560000 0.6286200000
45683.3007800000 -3.0252820000 0.6281970000
45700.1015600000 -3.0373180000 0.6277780000
45716.8984400000 -3.0495440000 0.6273580000
45733.8007800000 -3.0620390000 0.6269370000
45750.6992200000 -3.0747370000 0.6265160000
45767.6015600000 -3.0876480000 0.6260960000
45784.5000000000 -3.1007720000 0.6256760000
45801.3984400000 -3.1141200000 0.6252560000
45818.3007800000 -3.1277030000 0.6248370000
45835.1992200000 -3.1415190000 0.6244190000
45852.1992200000 -3.1556710000 0.6239980000
45869.1992200000 -3.1700800000 0.6235770000
45886.1015600000 -3.1846740000 0.6231600000
45903.1015600000 -3.1996310000 0.6227400000
45920.1015600000 -3.2148750000 0.6223210000
45937.1015600000 -3.2304210000 0.6219030000
45954.1992200000 -3.2463690000 0.6214820000
45971.1992200000 -3.2625480000 0.6210640000
45988.3007800000 -3.2791660000 0.6206450000
46005.3007800000 -3.2960400000 0.6202280000
46022.3984400000 -3.3133770000 0.6198090000
46039.5000000000 -3.3311040000 0.6193900000
46056.6015600000 -3.3492330000 0.6189720000
46073.6992200000 -3.3677790000 0.6185540000
46090.8007800000 -3.3867700000 0.6181370000
46108.0000000000 -3.4063370000 0.6177180000
46125.1015600000 -3.4262750000 0.6173020000
46142.3007800000 -3.4468360000 0.6168830000
46159.5000000000 -3.4679420000 0.6164650000
46169.8085900000 -3.4808590000 0.6162150000
46176.6992200000 -3.4896140000 0.6160480000
46193.8984400000 -3.5118800000 0.6156310000
46211.1015600000 -3.5347860000 0.6152140000
46228.3007800000 -3.5583540000 0.6147980000
46245.6015600000 -3.5827700000 0.6143800000
46262.8007800000 -3.6077950000 0.6139640000
46280.1015600000 -3.6337650000 0.6135470000
46297.3984400000 -3.6605840000 0.6131300000
46314.6992200000 -3.6883260000 0.6127130000
46332.0000000000 -3.7170350000 0.6122970000
46349.3007800000 -3.7467850000 0.6118820000
46366.6015600000 -3.7776540000 0.6114670000
46384.0000000000 -3.8099130000 0.6110490000
46401.3007800000 -3.8432980000 0.6106350000
46418.6992200000 -3.8782770000 0.6102190000
46436.1015600000 -3.9148160000 0.6098030000
46453.5000000000 -3.9530290000 0.6093870000
46470.8984400000 -3.9930840000 0.6089720000
46488.3007800000 -4.0351710000 0.6085580000
46505.8007800000 -4.0797510000 0.6081410000
46523.1992200000 -4.1265550000 0.6077270000
46540.6992200000 -4.1764150000 0.6073120000
46558.1015600000 -4.2291210000 0.6068990000
46575.6015600000 -4.2856610000 0.6064840000
46593.1015600000 -4.3462690000 0.6060700000
46610.6992200000 -4.4119180000 0.6056530000
46628.1992200000 -4.4826640000 0.6052400000
46645.6992200000 -4.5598030000 0.6048270000
46663.3007800000 -4.6451280000 0.6044120000
46680.8984400000 -4.7398750000 0.6039970000
46698.3984400000 -4.8457600000 0.6035850000
46716.0000000000 -4.9672270000 0.6031710000
46733.6015600000 -5.1085790000 0.6027580000
46751.3007800000 -5.2785650000 0.6023430000
46768.8984400000 -5.4885760000 0.6019300000
46786.5000000000 -5.7655980000 0.6015180000
46804.1992200000 -6.1755490000 0.6011040000
46821.8984400000 -6.9656960000 0.6006910000
46839.6015600000 -7.7040370000 3.4003730000
46857.3007800000 -6.4054980000 3.3984220000
46875.0000000000 -5.8955660000 3.3964710000
46892.6992200000 -5.5717490000 3.3945220000
46910.5000000000 -5.3325070000 3.3925630000
46928.1992200000 -5.1442200000 3.3906170000
46946.0000000000 -4.9874080000 3.3886610000
46963.8007800000 -4.8535380000 3.3867070000
46981.6015600000 -4.7367430000 3.3847540000
46999.3984400000 -4.6331250000 3.3828030000
47017.1992200000 -4.5399280000 3.3808530000
47035.0000000000 -4.4552760000 3.3789050000
47052.8984400000 -4.3772860000 3.3769470000
47070.6992200000 -4.3057130000 3.3750020000
47072.5429700000 -4.2985940000 3.3748000000
47088.6015600000 -4.2388710000 3.3730470000
47106.5000000000 -4.1765040000 3.3710940000
47124.3984400000 -4.1180300000 3.3691420000
47142.3007800000 -4.0629740000 3.3671910000
47160.3007800000 -4.0106830000 3.3652320000
47178.1992200000 -3.9614170000 3.3632840000
47196.1992200000 -3.9143410000 3.3613280000
47214.1015600000 -3.8697300000 3.3593830000
47232.1015600000 -3.8268940000 3.3574290000
47250.1015600000 -3.7859080000 3.3554770000
47268.1015600000 -3.7466240000 3.3535260000
47286.1992200000 -3.7086940000 3.3515660000
47304.1992200000 -3.6724030000 3.3496180000
47322.3007800000 -3.6372520000 3.3476610000
47340.3007800000 -3.6035300000 3.3457160000
47358.3984400000 -3.5707850000 3.3437620000
47376.5000000000 -3.5391150000 3.3418090000
47394.6015600000 -3.5084560000 3.3398580000
47412.8007800000 -3.4785850000 3.3378980000
47430.8984400000 -3.4497740000 3.3359500000
47449.0000000000 -3.4217880000 3.3340020000
47467.1992200000 -3.3944550000 3.3320470000
47485.3984400000 -3.3678700000 3.3300930000
47503.6015600000 -3.3419900000 3.3281390000
47521.8007800000 -3.3167900000 3.3261880000
47540.0000000000 -3.2922280000 3.3242380000
47558.1992200000 -3.2682740000 3.3222900000
47576.5000000000 -3.2447700000 3.3203320000
47594.8007800000 -3.2218220000 3.3183760000
47613.0000000000 -3.1995230000 3.3164320000
47631.3007800000 -3.1776010000 3.3144790000
47649.6015600000 -3.1561660000 3.3125270000
47668.0000000000 -3.1350810000 3.3105670000
47686.3007800000 -3.1145470000 3.3086180000
47704.6015600000 -3.0944400000 3.3066710000
47723.0000000000 -3.0746330000 3.3047150000
47741.3984400000 -3.0552190000 3.3027610000
47759.8007800000 -3.0361800000 3.3008070000
47778.1992200000 -3.0175070000 3.2988560000
47796.6015600000 -2.9991800000 3.2969060000
47815.0000000000 -2.9811930000 3.2949570000
47833.5000000000 -2.9634320000 3.2929990000
47851.8984400000 -2.9460840000 3.2910540000
47870.3984400000 -2.9289410000 3.2890990000
47888.8984400000 -2.9120970000 3.2871460000
47907.3984400000 -2.8955330000 3.2851950000
47925.8984400000 -2.8792430000 3.2832440000
47944.3984400000 -2.8632220000 3.2812960000
47963.0000000000 -2.8473670000 3.2793380000
47981.6015600000 -2.8317670000 3.2773820000
47992.9296900000 -2.8223850000 3.2761910000
48000.1015600000 -2.8164920000 3.2754380000
48018.6992200000 -2.8013730000 3.2734850000
48037.3007800000 -2.7864790000 3.2715340000
48055.8984400000 -2.7718100000 3.2695840000
48074.6015600000 -2.7572730000 3.2676250000
48093.1992200000 -2.7430260000 3.2656780000
48111.8984400000 -2.7289080000 3.2637220000
48130.6015600000 -2.7149880000 3.2617680000
48149.3007800000 -2.7012630000 3.2598150000
48168.0000000000 -2.6877250000 3.2578640000
48186.6992200000 -2.6743710000 3.2559150000
48205.3984400000 -2.6611950000 3.2539670000
48224.1992200000 -2.6481230000 3.2520100000
48242.8984400000 -2.6352900000 3.2500650000
48261.6992200000 -2.6225520000 3.2481110000
48280.5000000000 -2.6099790000 3.2461580000
48299.3007800000 -2.5975620000 3.2442070000
48318.1015600000 -2.5853000000 3.2422580000
48337.0000000000 -2.5731230000 3.2403000000
48355.8007800000 -2.5611600000 3.2383540000
48374.6992200000 -2.5492780000 3.2363990000
48393.6015600000 -2.5375340000 3.2344450000
48412.5000000000 -2.5259300000 3.2324940000
48431.3984400000 -2.5144590000 3.2305430000
48450.3007800000 -2.5031190000 3.2285940000
48469.3007800000 -2.4918520000 3.2266370000
48488.1992200000 -2.4807700000 3.2246910000
48507.1992200000 -2.4697510000 3.2227360000
48526.1992200000 -2.4588530000 3.2207830000
48545.1992200000 -2.4480750000 3.2188320000
48564.1992200000 -2.4374150000 3.2168820000
48583.1992200000 -2.4268660000 3.2149340000
48602.3007800000 -2.4163730000 3.2129770000
48621.3007800000 -2.4060480000 3.2110320000
48640.3984400000 -2.3957740000 3.2090780000
48659.5000000000 -2.3856070000 3.2071250000
48678.6015600000 -2.3755420000 3.2051750000
48697.6992200000 -2.3655800000 3.2032250000
48716.8007800000 -2.3557170000 3.2012780000
48736.0000000000 -2.3459010000 3.1993220000
48755.1015600000 -2.3362320000 3.1973770000
48774.3007800000 -2.3266070000 3.1954240000
48793.5000000000 -2.3170750000 3.1934720000
48812.6992200000 -2.3076350000 3.1915220000
48832.0000000000 -2.2982340000 3.1895640000
48851.1992200000 -2.2889710000 3.1876170000
48870.5000000000 -2.2797480000 3.1856620000
48889.6992200000 -2.2706570000 3.1837180000
48909.0000000000 -2.2616010000 3.1817650000
48928.3007800000 -2.2526290000 3.1798150000
48931.3125000000 -2.2512350000 3.1795100000
48947.6015600000 -2.2437370000 3.1778650000
48967.0000000000 -2.2348810000 3.1759080000
48986.3007800000 -2.2261470000 3.1739610000
49005.6992200000 -2.2174470000 3.1720070000
49025.0000000000 -2.2088660000 3.1700640000
49044.3984400000 -2.2003180000 3.1681130000
49063.8007800000 -2.1918410000 3.1661630000
49083.3007800000 -2.1833940000 3.1642040000
49102.6992200000 -2.1750640000 3.1622580000
49122.1992200000 -2.1667580000 3.1603030000
49141.6015600000 -2.1585880000 3.1583590000
49161.1015600000 -2.1504050000 3.1564070000
49180.6015600000 -2.1423060000 3.1544560000
49200.1015600000 -2.1342750000 3.1525080000
49219.6992200000 -2.1262680000 3.1505510000
49239.1992200000 -2.1183660000 3.1486050000
49258.8007800000 -2.1104880000 3.1466510000
49278.3984400000 -2.1026750000 3.1446990000
49297.8984400000 -2.0949610000 3.1427580000
49317.6015600000 -2.0872280000 3.1407980000
49337.1992200000 -2.0795970000 3.1388500000
49356.8007800000 -2.0720250000 3.1369040000
49376.5000000000 -2.0644730000 3.1349500000
49396.1992200000 -2.0569790000 3.1329970000
49888.0429700000 -1.8865230000 3.0847530000
50863.4765600000 -1.6185760000 2.9919170000
51857.9843800000 -1.4079090000 2.9009960000
52871.9375000000 -1.2356030000 2.8119840000
53905.7187500000 -1.0910480000 2.7248730000
54959.7109400000 -0.9676590000 2.6396550000
56034.3085900000 -0.8610460000 2.5563200000
57129.9218800000 -0.7681230000 2.4748560000
58246.9531300000 -0.6866320000 2.3952530000
59385.8281300000 -0.6148700000 2.3174960000
60546.9687500000 -0.5515020000 2.2415730000
61730.8125000000 -0.5102350000 2.1695090000
62937.8046900000 -0.4612980000 2.1003140000
64168.3984400000 -0.4176890000 2.0331550000
65423.0507800000 -0.3787970000 1.9679780000
66702.2343800000 -0.3441020000 1.9047310000
68006.4296900000 -0.3131610000 1.8433600000
69336.1250000000 -0.2855910000 1.7838170000
70691.8203100000 -0.2610600000 1.7260510000
72074.0234400000 -0.2392770000 1.6700130000
73483.2500000000 -0.2199850000 1.6156580000
74920.0312500000 -0.2029570000 1.5629390000
76384.9062500000 -0.1879910000 1.5118110000
77878.4218800000 -0.1749030000 1.4622300000
79401.1406300000 -0.1635320000 1.4141550000
80953.6328100000 -0.1536920000 1.3675970000
82536.4765600000 -0.1452640000 1.3224930000
84150.2734400000 -0.1381530000 1.2787670000
85795.6250000000 -0.1322490000 1.2363810000
87473.1406300000 -0.1274540000 1.1952970000
89183.4609400000 -0.1236750000 1.1554780000
90927.2187500000 -0.1208290000 1.1168910000
92705.0781300000 -0.1188410000 1.0794980000
94517.6953100000 -0.1190660000 1.0433380000
96365.7500000000 -0.1187040000 1.0084050000
98249.9453100000 -0.1189840000 0.9745910000
100170.9766000000 -0.1198510000 0.9418610000
102129.5703000000 -0.1212510000 0.9101810000
104126.4609000000 -0.1231370000 0.8795210000
106162.3906000000 -0.1254650000 0.8498480000
108238.1328000000 -0.1281940000 0.8211320000
110354.4609000000 -0.1312860000 0.7933450000
112512.1641000000 -0.1347070000 0.7664570000
114712.0547000000 -0.1384240000 0.7404400000
116954.9688000000 -0.1424080000 0.7152680000
119241.7266000000 -0.1466300000 0.6909150000
121573.2031000000 -0.1510660000 0.6673550000
123950.2656000000 -0.1556910000 0.6445640000
126373.8047000000 -0.1604840000 0.6225170000
128844.7266000000 -0.1654230000 0.6011920000
131363.9688000000 -0.1704910000 0.5805660000
133932.4531000000 -0.1756700000 0.5606170000
136551.1719000000 -0.1809430000 0.5413240000
139221.0938000000 -0.1862960000 0.5226670000
141943.2188000000 -0.1917140000 0.5046250000
144718.5625000000 -0.1971850000 0.4871790000
147548.1719000000 -0.2026970000 0.4703110000
150433.1094000000 -0.2082390000 0.4540020000
153374.4531000000 -0.2138010000 0.4382340000
156373.2969000000 -0.2193720000 0.4229910000
159430.7969000000 -0.2249460000 0.4082560000
162548.0625000000 -0.2305130000 0.3940120000
165726.2813000000 -0.2360660000 0.3802440000
168966.6406000000 -0.2416000000 0.3669370000
172270.3750000000 -0.2471060000 0.3540760000
175638.6875000000 -0.2525800000 0.3416470000
179072.8594000000 -0.2580170000 0.3296350000
182574.1875000000 -0.2634120000 0.3180290000
186143.9688000000 -0.2687600000 0.3068140000
189783.5469000000 -0.2740570000 0.2959780000
193494.2969000000 -0.2793010000 0.2855090000
197277.5938000000 -0.2844870000 0.2753940000
201134.8594000000 -0.2896150000 0.2656240000
205067.5469000000 -0.3004340000 0.2563650000
209077.1406000000 -0.3053950000 0.2475800000
213165.1250000000 -0.3102720000 0.2390970000
217333.0313000000 -0.3150650000 0.2309080000
221582.4375000000 -0.3197740000 0.2230020000
225914.9219000000 -0.3243980000 0.2153680000
230332.1250000000 -0.3289370000 0.2079980000
234835.7031000000 -0.3333900000 0.2008820000
239427.3281000000 -0.3377580000 0.1940120000
244108.7344000000 -0.3420400000 0.1873780000
248881.6719000000 -0.3462380000 0.1809740000
253747.9219000000 -0.3503500000 0.1747900000
258709.3281000000 -0.3543770000 0.1688190000
263767.7500000000 -0.3583210000 0.1630540000
268925.0625000000 -0.3621810000 0.1574870000
274183.2188000000 -0.3659590000 0.1521120000
279544.1875000000 -0.3696550000 0.1469220000
285010.0000000000 -0.3732690000 0.1419110000
290582.6563000000 -0.3768040000 0.1370720000
296264.2500000000 -0.3802590000 0.1324000000
302056.9688000000 -0.3836360000 0.1278890000
307962.9375000000 -0.3869360000 0.1235320000
313984.3750000000 -0.3901590000 0.1193250000
320123.5625000000 -0.3933080000 0.1152630000
326382.7813000000 -0.3963820000 0.1113410000
332764.3750000000 -0.3993840000 0.1075530000
339270.7500000000 -0.4023140000 0.1038950000
345904.3438000000 -0.4051730000 0.1003630000
352667.6563000000 -0.4079640000 0.0969530000
359563.1875000000 -0.4106860000 0.0936590000
366593.5625000000 -0.4133410000 0.0904780000
373761.3750000000 -0.4159310000 0.0874060000
381069.3438000000 -0.4184560000 0.0844400000
388520.2188000000 -0.4209180000 0.0815760000
396116.7500000000 -0.4233170000 0.0788090000
403861.8125000000 -0.4256570000 0.0761380000
411758.3438000000 -0.4279360000 0.0735570000
419809.2500000000 -0.4301570000 0.0710660000
428017.5625000000 -0.4323210000 0.0686590000
436386.3750000000 -0.4344290000 0.0663350000
444918.8125000000 -0.4364820000 0.0640910000
453618.0938000000 -0.4384820000 0.0619230000
462487.4688000000 -0.4404290000 0.0598300000
471530.2500000000 -0.4423250000 0.0578080000
480749.8438000000 -0.4441710000 0.0558550000
490149.7188000000 -0.4459670000 0.0539690000
499733.3750000000 -0.4477160000 0.0521470000
509504.4063000000 -0.4494180000 0.0503880000
519466.5000000000 -0.4510740000 0.0486880000
529623.3750000000 -0.4526850000 0.0470470000
539978.8125000000 -0.4542530000 0.0454620000
550536.7500000000 -0.4557780000 0.0439300000
561301.1250000000 -0.4572610000 0.0424510000
572276.0000000000 -0.4587040000 0.0410230000
583465.4375000000 -0.4601070000 0.0396430000
594873.6250000000 -0.4614710000 0.0383100000
606504.8750000000 -0.4627980000 0.0370220000
618363.5625000000 -0.4640880000 0.0357790000
630454.1250000000 -0.4653420000 0.0345780000
642781.1250000000 -0.4665610000 0.0334170000
655349.0625000000 -0.4677460000 0.0322960000
668162.8125000000 -0.4688970000 0.0312130000
681227.0625000000 -0.4700170000 0.0301670000
694546.7500000000 -0.4711040000 0.0291570000
