30.0000000000 -62.8082050000 1.4261260000
30.5865750000 -63.8604130000 1.4721270000
31.1846200000 -65.2093890000 1.5196490000
31.7943570000 -67.0078510000 1.5687430000
32.4160160000 -83.2049710000 7.7222460000
33.0498310000 -65.9061130000 5.3674660000
33.6960370000 -60.0656780000 3.2623390000
34.3548770000 -56.6468050000 1.3791870000
35.0266040000 -54.3740840000 9.6936660000
35.7114600000 -52.7794880000 8.1843570000
36.4097100000 -51.6315120000 6.8323380000
37.1216090000 -50.7971610000 5.6209330000
37.8474310000 -50.1917920000 4.5353830000
38.5874440000 -49.7582400000 3.5626490000
39.3419230000 -49.4560810000 2.6911930000
40.1111560000 -49.2557830000 1.9107750000
40.8954320000 -49.1352390000 1.2123300000
41.6950380000 -49.0775790000 0.5878100000
42.5102810000 -49.0697560000 0.0300530000
43.3414650000 -49.1015430000 9.5327130000
44.1888960000 -49.1648670000 9.0901350000
45.0529020000 -49.2533150000 8.6972790000
45.9338000000 -49.3617550000 8.3496710000
46.8319210000 -49.4860760000 8.0433150000
47.7476010000 -49.6229860000 7.7746520000
48.6811870000 -49.7698520000 7.5405080000
49.6330260000 -49.9245910000 7.3380530000
50.6034740000 -50.0855940000 7.1647600000
51.5928990000 -50.2516820000 7.0183770000
52.6016690000 -50.4221340000 6.8968950000
53.6301650000 -50.6043320000 6.8329210000
54.6787680000 -50.7607920000 6.7574680000
55.7478750000 -50.9251020000 6.7021470000
56.8378870000 -51.0915910000 6.6656930000
57.9492070000 -51.2588580000 6.6469860000
59.0822600000 -51.4262500000 6.6450300000
60.2374690000 -51.5933760000 6.6589460000
61.4152600000 -51.7599830000 6.6879580000
62.6160810000 -51.9258960000 6.7313840000
63.8403850000 -52.0910000000 6.7886280000
65.0886230000 -52.2552340000 6.8591720000
66.3612670000 -52.4185520000 6.9425680000
67.6587980000 -52.5809440000 7.0384340000
68.9816970000 -52.7424160000 7.1464450000
70.3304600000 -52.9029850000 7.2663330000
71.7055970000 -53.0626870000 7.3978810000
73.1076200000 -53.2215540000 7.5409150000
74.5370640000 -53.3796350000 7.6953050000
75.9944460000 -53.5369760000 7.8609630000
77.4803310000 -53.6936260000 8.0378380000
78.9952620000 -53.8496320000 8.2259130000
80.5398180000 -54.0050470000 8.4252030000
82.1145710000 -54.1599200000 8.6357580000
83.7201160000 -54.3142890000 8.8576560000
85.3570560000 -54.4681970000 9.0909990000
87.0260010000 -54.6216890000 9.3359230000
88.7275770000 -54.7747960000 9.5925870000
90.4624250000 -54.9275470000 9.8611740000
92.2311940000 -55.0799750000 0.1418920000
94.0345380000 -55.2320940000 0.4349750000
95.8731540000 -55.3839230000 0.7406800000
97.7477110000 -55.5354800000 1.0592830000
99.6589200000 -48.9924660000 1.3775140000
101.6075060000 -48.8747790000 1.5187370000
103.5941850000 -48.7525100000 1.6588070000
105.6197130000 -48.6258740000 1.7974750000
107.6848450000 -48.4951060000 1.9344960000
109.7903520000 -48.3604550000 2.0696330000
111.9370270000 -48.2221980000 2.2026540000
114.1256790000 -48.0806270000 2.3333380000
116.3571170000 -47.9360690000 2.4614670000
118.6321950000 -47.7888760000 2.5868300000
120.9517520000 -47.6394420000 2.7092240000
123.3166580000 -47.4882010000 2.8284510000
125.7278060000 -47.3356320000 2.9443230000
128.1860960000 -47.1822810000 3.0566550000
130.6924590000 -46.9514620000 3.1628270000
133.2478330000 -46.7979350000 3.2634100000
135.8531490000 -46.6458550000 3.3599040000
138.5094300000 -46.4961660000 3.4521520000
141.2176360000 -46.3499870000 3.5399960000
143.9787900000 -46.2086680000 3.6232900000
146.7939300000 -46.0738450000 3.7018930000
149.6641240000 -45.9475630000 3.7756720000
152.5904390000 -45.8324010000 3.8445020000
155.5739590000 -45.7316930000 3.9082670000
158.6158140000 -45.6498680000 3.9668560000
161.7171480000 -45.5929490000 4.0201660000
164.8791350000 -45.5694160000 4.0681070000
168.1029360000 -45.5916560000 4.1105900000
171.3897710000 -45.6786160000 4.1475380000
174.7408600000 -45.8609010000 4.1788850000
178.1574860000 -46.1916390000 4.2045660000
181.6409150000 -47.2404100000 0.7196560000
185.1924440000 -44.5784490000 0.2065940000
188.8134160000 -43.1694870000 9.7435210000
192.5051880000 -42.1942480000 9.3238560000
196.2691500000 -41.4476090000 8.9418740000
200.1067050000 -40.8432080000 8.5925940000
204.0192870000 -40.3356590000 8.2716710000
208.0083770000 -39.8979110000 7.9753110000
212.0754700000 -39.5125200000 7.7001990000
216.2220760000 -39.1804890000 7.4440040000
220.4497530000 -38.8680950000 7.2037830000
224.7601010000 -38.5817220000 6.9772030000
229.1547240000 -38.3168980000 6.7623230000
233.6352690000 -38.0702820000 6.5574490000
238.2034300000 -37.8393780000 6.3610970000
242.8609010000 -37.6223140000 6.1719720000
247.6094360000 -37.4177170000 5.9889420000
252.4508210000 -37.2245900000 5.8110240000
257.3868710000 -37.0422630000 5.6373620000
262.4194340000 -36.8703310000 5.4672140000
267.5503850000 -36.7086220000 5.2999450000
272.7816770000 -36.5571820000 5.1350050000
278.1152340000 -36.4162830000 4.9719280000
283.5530700000 -36.2864230000 4.8103210000
289.0972600000 -36.1683690000 4.6498540000
294.7498170000 -36.0632320000 4.4902580000
300.5129390000 -35.9725650000 4.3313180000
306.3887020000 -35.8985400000 4.1728670000
312.3793640000 -35.8443300000 4.0147790000
318.4871830000 -35.8145900000 3.8569700000
324.7143860000 -35.8166050000 3.6993970000
331.0633850000 -35.8624420000 3.5420450000
337.5364990000 -36.7088130000 4.5837440000
344.1361690000 -35.8406490000 4.4453700000
350.8648990000 -35.5272980000 4.3071580000
357.7251890000 -35.3156320000 4.1691960000
364.7196040000 -35.1553230000 4.0315960000
371.8508000000 -35.0313340000 3.8944950000
379.1213990000 -34.9393620000 3.7580530000
386.5341800000 -35.1387860000 3.9474950000
394.0918880000 -34.7815930000 3.8208970000
401.7973630000 -34.6323510000 3.6956170000
409.6535340000 -34.5235060000 3.5719070000
417.6632690000 -34.4399760000 3.4500470000
425.8296200000 -34.3773380000 3.3303410000
434.1556700000 -34.3343280000 3.2131220000
442.6445010000 -34.3113210000 3.0987560000
451.2993160000 -34.3100930000 2.9876400000
460.1233520000 -34.3342480000 2.8802080000
469.1199040000 -34.3905180000 2.7769360000
478.2923890000 -34.4788860000 3.1994300000
487.6441960000 -34.3417550000 3.1105590000
497.1788640000 -34.2853660000 3.0273910000
506.8999330000 -34.2661400000 2.9506020000
516.8110960000 -34.2730670000 2.8809330000
526.9160770000 -34.3019370000 2.8192040000
537.2185670000 -34.3509180000 2.7663230000
547.7225340000 -34.4192580000 2.7232900000
558.4318850000 -34.5067830000 2.6912210000
569.3506470000 -34.6136780000 2.6713510000
580.4828490000 -34.7403950000 2.6650660000
591.8327640000 -34.8875470000 2.6739060000
603.4046020000 -35.0559270000 2.6996040000
615.2026370000 -34.9014400000 2.7367100000
627.2313840000 -35.1067010000 2.7917120000
639.4953610000 -35.3363040000 2.8697020000
651.9990840000 -35.5915760000 2.9734470000
664.7473140000 -35.8739430000 3.1060820000
677.7447510000 -36.1850430000 3.2711670000
690.9963990000 -36.5266080000 3.4727540000
704.5070800000 -36.9005280000 3.7154640000
718.2819820000 -37.3088650000 4.0045770000
732.3261720000 -28.9116550000 3.8791860000
746.6450200000 -28.7693140000 3.7447410000
761.2437740000 -28.6349950000 3.6050020000
776.1279910000 -28.5093190000 3.4599950000
791.3032230000 -28.3929500000 3.3097730000
806.7752080000 -28.2865920000 3.1544050000
822.5496830000 -28.1909960000 2.9939770000
838.6325680000 -28.1069640000 2.8285970000
855.0299680000 -28.0353510000 2.6583910000
871.7479250000 -27.9770810000 2.4835000000
888.7927860000 -27.9331510000 2.3040880000
906.1708980000 -27.9046400000 2.1203290000
923.8888550000 -27.8927330000 1.9324180000
941.9531860000 -27.8987290000 1.7405630000
960.3707280000 -27.9240700000 1.5449890000
979.1483760000 -27.9703730000 1.3459290000
998.2931520000 -28.0394570000 1.1436350000
1017.8123170000 -28.1869180000 0.9703090000
1037.7131350000 -28.3296780000 0.8000660000
1058.0029300000 -28.4987220000 0.6300620000
1078.6895750000 -28.6970270000 0.4603570000
1099.7806400000 -28.9281940000 0.2910110000
1121.2841800000 -29.1966380000 0.1220870000
1143.2080080000 -29.5078700000 9.9536420000
1165.5606690000 -29.8688810000 9.7857340000
1188.3502200000 -30.2887590000 9.6184250000
1211.5854490000 -30.7796780000 9.4517670000
1235.2750240000 -31.3585000000 9.2858160000
1259.4277340000 -32.0496750000 9.1206290000
1284.0527340000 -32.8907390000 8.9562600000
1309.1591800000 -33.9436300000 8.7927590000
1334.7564700000 -35.3204800000 8.6301800000
1360.8542480000 -37.2666090000 8.4690550000
1387.4624020000 -40.2994080000 8.3094150000
1414.5908200000 -46.1003650000 8.1509330000
1442.2495120000 -62.3673820000 7.9936550000
1470.4492190000 -141.8001250000 7.7127690000
1499.2000730000 -28.5025440000 8.0448380000
1528.5131840000 -2.6592450000 5.2788470000
1558.3995360000 8.6399400000 6.3899800000
1588.8701170000 -1.4882630000 5.2038230000
1619.9365230000 -10.4865000000 6.6508410000
1651.6103520000 -17.3632110000 2.8260800000
1683.9034420000 -22.9344310000 0.9861060000
1716.8280030000 -27.9700890000 0.1058970000
1750.3962400000 -33.1189690000 9.8059740000
1784.6208500000 -39.0625310000 0.0105540000
1819.5146480000 -46.7628900000 0.8840970000
1855.0908200000 -58.0223270000 2.9683300000
1891.3624270000 -76.1265490000 2.3652320000
1928.3432620000 -39.4092600000 6.7710880000
1966.0472410000 -48.2075580000 9.7601680000
2004.4884030000 -16.5869160000 9.2812020000
2043.6811520000 -15.9672650000 8.3895530000
2083.6401370000 -16.3410930000 7.5425800000
2124.3806150000 -14.5771680000 8.5569000000
2165.9174800000 -13.5545220000 7.7065090000
2208.2666020000 -12.8760890000 6.9104210000
2251.4438480000 -12.4324460000 6.1659550000
2295.4653320000 -12.4648040000 5.4710750000
2340.3474120000 -11.5626850000 5.9889810000
2386.1069340000 -10.8164830000 5.3690300000
2432.7612300000 -10.3844540000 4.7987980000
2480.3278810000 -9.2957070000 4.2001950000
2528.8244630000 -8.8394900000 3.5885870000
2578.2692870000 -8.4356630000 3.0038720000
2628.6809080000 -8.0740120000 2.4459670000
2680.0783690000 -7.7472020000 1.9150240000
2732.4804690000 -7.1147230000 1.3920040000
2785.9074710000 -6.8056240000 0.8425220000
2840.3789060000 -6.5232740000 0.3074210000
2895.9152830000 -6.2647850000 9.7863980000
2952.5378420000 -5.9094840000 9.2754630000
3010.2673340000 -5.5988450000 8.7671870000
3069.1254880000 -5.3840520000 8.2625410000
3129.1347660000 -5.1874920000 7.7694530000
3190.3171390000 -5.0080530000 7.2877200000
3252.6958010000 -4.8446180000 6.8171420000
3316.2941890000 -4.6961760000 6.3575170000
3381.1359860000 -4.5721390000 5.9086880000
3447.2456050000 -4.4523230000 5.4707230000
3514.6479490000 -4.3448790000 5.0431910000
3583.3681640000 -4.2491110000 4.6258920000
3653.4318850000 -4.1643750000 4.2186250000
3724.8657230000 -4.0900820000 3.8211950000
3797.6960450000 -4.0324350000 3.4336870000
3871.9506840000 -3.9778860000 3.0561300000
3947.6569820000 -3.9322080000 2.6879200000
4024.8435060000 -3.8949740000 2.3288580000
4103.5390630000 -3.8657920000 1.9787640000
4183.7739260000 -3.8526930000 1.6374840000
4265.5771480000 -3.8389740000 1.3056850000
4348.9794920000 -3.8322490000 0.9823680000
4434.0131840000 -3.8322490000 0.6673390000
4520.7089840000 -3.8387320000 0.3604270000
4609.1005860000 -3.8514860000 0.0614420000
4699.2197270000 -3.8729820000 9.7704870000
4791.1015630000 -3.8978330000 9.4871420000
4884.7792970000 -3.9284700000 9.2112250000
4980.2890630000 -3.9647970000 8.9425680000
5077.6660160000 -4.0067490000 8.6810030000
5176.9472660000 -4.0542970000 8.4263670000
5278.1694340000 -4.1074440000 8.1785000000
5381.3710940000 -4.1662340000 7.9372450000
5486.5903320000 -4.2307510000 7.7024470000
5593.8666990000 -4.3011290000 7.4739550000
5703.2412110000 -4.3775530000 7.2516170000
5814.7534180000 -4.4602690000 7.0352910000
5928.4467770000 -4.5495950000 6.8248300000
6044.3627930000 -4.6459300000 6.6200940000
6162.5449220000 -4.7497730000 6.4209460000
6283.0380860000 -4.8617440000 6.2272490000
6405.8872070000 -4.9953360000 6.0391410000
6531.1386720000 -5.1259200000 5.8565380000
6658.8383790000 -5.2755500000 5.6793300000
6789.0356450000 -5.4294700000 5.5071410000
6921.7783200000 -5.5977330000 5.3397250000
7057.1162110000 -5.7827640000 5.1769650000
7195.1005860000 -5.9877400000 5.0187390000
7335.7827150000 -6.2214930000 4.8650200000
7479.2158200000 -6.4807070000 4.7156570000
7625.4531250000 -6.7783280000 4.5704930000
7774.5498050000 -7.1269090000 4.4294190000
7926.5620120000 -7.5465440000 4.2923310000
8081.5458980000 -8.0725520000 4.1591250000
8239.5605470000 -8.7880660000 4.0300140000
8400.6640630000 -9.8560700000 3.9049480000
8563.0498050000 -12.1186320000 3.7848150000
8563.6396480000 -12.1334080000 3.7843890000
8564.2304690000 -12.1483350000 3.7839620000
8564.8203130000 -12.1633210000 3.7835370000
8564.9189450000 -12.1658300000 3.7834660000
8565.4101560000 -12.1784390000 3.7831100000
8566.0000000000 -12.1936430000 3.7826850000
8566.5996090000 -12.2092290000 3.7822520000
8567.1904300000 -12.2246830000 3.7818260000
8567.7802730000 -12.2402500000 3.7814010000
8568.3701170000 -12.2559080000 3.7809760000
8568.9599610000 -12.2717080000 3.7805500000
8569.5595700000 -12.2878610000 3.7801180000
8570.1503910000 -12.3039310000 3.7796920000
8570.7402340000 -12.3200980000 3.7792660000
8571.3300780000 -12.3363640000 3.7788420000
8571.9296880000 -12.3530490000 3.7784090000
8572.5195310000 -12.3695740000 3.7779850000
8573.1103520000 -12.3862820000 3.7775590000
8573.7001950000 -12.4030690000 3.7771350000
8574.2998050000 -12.4202950000 3.7767030000
8574.8896480000 -12.4373570000 3.7762790000
8575.4804690000 -12.4546150000 3.7758530000
8576.0800780000 -12.4722680000 3.7754210000
8576.6699220000 -12.4897590000 3.7749970000
8577.2597660000 -12.5074250000 3.7745730000
8577.8603520000 -12.5255290000 3.7741410000
8578.4501950000 -12.5434990000 3.7737170000
8579.0400390000 -12.5615940000 3.7732930000
8579.6396480000 -12.5801730000 3.7728620000
8580.2304690000 -12.5986470000 3.7724370000
8580.8300780000 -12.6175260000 3.7720070000
8581.4199220000 -12.6363020000 3.7715820000
8582.0097660000 -12.6552160000 3.7711590000
8582.6103520000 -12.6746740000 3.7707280000
8583.2001950000 -12.6939690000 3.7703040000
8583.7998050000 -12.7137260000 3.7698740000
8584.3896480000 -12.7333840000 3.7694500000
8584.9804690000 -12.7532260000 3.7690260000
8585.5800780000 -12.7735820000 3.7685960000
8586.1699220000 -12.7938100000 3.7681720000
8586.7695310000 -12.8145300000 3.7677430000
8587.3603520000 -12.8351890000 3.7673180000
8587.9599610000 -12.8563570000 3.7668880000
8588.5498050000 -12.8773630000 3.7664660000
8589.1503910000 -12.8989950000 3.7660350000
8589.7402340000 -12.9204340000 3.7656130000
8590.3398440000 -12.9424790000 3.7651830000
8590.9296880000 -12.9644020000 3.7647600000
8591.5302730000 -12.9869150000 3.7643300000
8592.1201170000 -13.0093070000 3.7639070000
8592.7197270000 -13.0323070000 3.7634780000
8593.3095700000 -13.0551510000 3.7630560000
8593.9101560000 -13.0786960000 3.7626260000
8594.5097660000 -13.1024680000 3.7621970000
8595.0996090000 -13.1260900000 3.7617750000
8595.7001950000 -13.1504450000 3.7613450000
8596.2900390000 -13.1746120000 3.7609230000
8596.8896480000 -13.1994960000 3.7604940000
8597.4902340000 -13.2247180000 3.7600650000
8598.0800780000 -13.2497560000 3.7596430000
8598.6796880000 -13.2755480000 3.7592140000
8599.2695310000 -13.3012410000 3.7587920000
8599.8701170000 -13.3276730000 3.7583640000
8600.4697270000 -13.3544400000 3.7579350000
8601.0595700000 -13.3811160000 3.7575140000
8601.6601560000 -13.4085720000 3.7570850000
8602.2597660000 -13.4363910000 3.7566570000
8602.8496090000 -13.4641280000 3.7562350000
8603.4501950000 -13.4926930000 3.7558070000
8604.0498050000 -13.5216470000 3.7553790000
8604.6503910000 -13.5510510000 3.7549500000
8605.2402340000 -13.5802970000 3.7545290000
8605.8398440000 -13.6104860000 3.7541020000
8606.4404300000 -13.6411590000 3.7536730000
8607.0400390000 -13.6722350000 3.7532450000
8607.6298830000 -13.7032180000 3.7528250000
8608.2304690000 -13.7352750000 3.7523970000
8608.8300780000 -13.7677740000 3.7519690000
8609.4296880000 -13.8007250000 3.7515430000
8610.0195310000 -13.8337140000 3.7511220000
8610.6201170000 -13.8678260000 3.7506940000
8611.2197270000 -13.9023840000 3.7502670000
8611.8203130000 -13.9376280000 3.7498400000
8612.4199220000 -13.9734110000 3.7494120000
8613.0097660000 -14.0091650000 3.7489930000
8613.6103520000 -14.0462450000 3.7485650000
8614.2099610000 -14.0839230000 3.7481380000
8614.8095700000 -14.1222840000 3.7477110000
8615.4101560000 -14.1613500000 3.7472850000
8616.0097660000 -14.2011490000 3.7468580000
8616.6103520000 -14.2417730000 3.7464310000
8617.2001950000 -14.2823930000 3.7460120000
8617.7998050000 -14.3245490000 3.7455850000
8618.4003910000 -14.3676270000 3.7451580000
8619.0000000000 -14.4115260000 3.7447320000
8619.5996090000 -14.4562780000 3.7443070000
8620.2001950000 -14.5021400000 3.7438800000
8620.7998050000 -14.5489370000 3.7434540000
8621.4003910000 -14.5968630000 3.7430270000
8622.0000000000 -14.6457360000 3.7426020000
8622.5996090000 -14.6958380000 3.7421760000
8623.2001950000 -14.7472300000 3.7417500000
8623.7998050000 -14.7998080000 3.7413240000
8624.4003910000 -14.8537160000 3.7408980000
8625.0000000000 -14.9090220000 3.7404730000
8625.5996090000 -14.9658020000 3.7400470000
8626.2001950000 -15.0241360000 3.7396220000
8626.7998050000 -15.0841080000 3.7391970000
8627.4003910000 -15.1459160000 3.7387700000
8628.0000000000 -15.2094630000 3.7383450000
8628.5996090000 -15.2748540000 3.7379210000
8629.2001950000 -15.3425280000 3.7374950000
8629.7998050000 -15.4123040000 3.7370700000
8630.4003910000 -15.4845500000 3.7366450000
8631.0000000000 -15.5590810000 3.7362210000
8631.5996090000 -15.6364290000 3.7357960000
8632.2001950000 -15.7168070000 3.7353710000
8632.7998050000 -15.8001860000 3.7349460000
8633.4101560000 -15.8884930000 3.7345140000
8634.0097660000 -15.9788320000 3.7340900000
8634.6103520000 -16.0734560000 3.7336650000
8635.2099610000 -16.1722870000 3.7332410000
8635.8095700000 -16.2758920000 3.7328170000
8636.4101560000 -16.3847540000 3.7323930000
8637.0097660000 -16.4994350000 3.7319690000
8637.6201170000 -16.6227650000 3.7315370000
8638.2197270000 -16.7512890000 3.7311130000
8638.8203130000 -16.8882140000 3.7306890000
8639.4199220000 -17.0339720000 3.7302660000
8640.0195310000 -17.1905840000 3.7298420000
8640.6298830000 -17.3625620000 3.7294110000
8641.2304690000 -17.5464250000 3.7289870000
8641.8300780000 -17.7471140000 3.7285630000
8642.4296880000 -17.9680460000 3.7281410000
8643.0400390000 -18.2192000000 3.7277100000
8643.6396480000 -18.4982550000 3.7272870000
8644.2402340000 -18.8193320000 3.7268630000
8644.8398440000 -19.1959210000 3.7264400000
8645.4501950000 -19.6611080000 3.7260090000
8646.0498050000 -20.2417030000 3.7255870000
8646.6503910000 -21.0404220000 3.7251630000
8647.2597660000 -22.3438890000 3.7247340000
8647.8603520000 -25.9705160000 3.7243100000
8648.4599610000 -23.4358770000 0.5847810000
8649.0595700000 -21.6127620000 0.5820240000
8649.6699220000 -20.6159340000 0.5792190000
8650.2695310000 -19.9427740000 0.5764670000
8650.8798830000 -19.4199730000 0.5736700000
8651.4804690000 -19.0037310000 0.5709220000
8652.0800780000 -18.6542050000 0.5681830000
8652.6904300000 -18.3475890000 0.5653990000
8653.2900390000 -18.0831320000 0.5626730000
8653.8896480000 -17.8465880000 0.5599460000
8654.5000000000 -17.6293410000 0.5571760000
8655.0996090000 -17.4347740000 0.5544580000
8655.7099610000 -17.2529180000 0.5516960000
8656.3095700000 -17.0878980000 0.5489900000
8656.9199220000 -16.9314790000 0.5462370000
8657.5195310000 -16.7878020000 0.5435350000
8658.1201170000 -16.6526580000 0.5408340000
8658.7304690000 -16.5233140000 0.5380940000
8659.3300780000 -16.4031390000 0.5354050000
8659.9404300000 -16.2871990000 0.5326740000
8660.5400390000 -16.1790330000 0.5299980000
8661.1503910000 -16.0739690000 0.5272740000
8661.7500000000 -15.9753440000 0.5246030000
8662.3603520000 -15.8793000000 0.5218880000
8662.9599610000 -15.7887930000 0.5192240000
8663.5703130000 -15.7003440000 0.5165190000
8664.1699220000 -15.6167220000 0.5138640000
8664.7802730000 -15.5347580000 0.5111660000
8665.3896480000 -15.4558370000 0.5084770000
8665.9902340000 -15.3808050000 0.5058350000
8666.5996090000 -15.3070960000 0.5031540000
8667.2001950000 -15.2367520000 0.5005150000
8667.8095700000 -15.1676150000 0.4978430000
8668.4199220000 -15.1004710000 0.4951720000
8669.0195310000 -15.0364090000 0.4925490000
8669.6298830000 -14.9730790000 0.4898850000
8670.2304690000 -14.9124620000 0.4872680000
8670.8398440000 -14.8526340000 0.4846170000
8671.4501950000 -14.7942960000 0.4819660000
8672.0498050000 -14.7385140000 0.4793690000
8672.6601560000 -14.6830830000 0.4767270000
8673.2695310000 -14.6290950000 0.4740920000
8673.8701170000 -14.5771330000 0.4714990000
8674.4804690000 -14.5255750000 0.4688700000
8675.0898440000 -14.4752750000 0.4662490000
8675.6904300000 -14.4267870000 0.4636680000
8676.2998050000 -14.3786770000 0.4610550000
8676.9101560000 -14.3315270000 0.4584410000
8677.5195310000 -14.2854400000 0.4558360000
8678.1201170000 -14.2410040000 0.4532770000
8678.7304690000 -14.1966980000 0.4506760000
8679.3398440000 -14.1533390000 0.4480830000
8679.9501950000 -14.1107590000 0.4454910000
8680.5498050000 -14.0697040000 0.4429470000
8681.1601560000 -14.0287100000 0.4403630000
8681.7695310000 -13.9885360000 0.4377870000
8682.3798830000 -13.9490290000 0.4352120000
8682.9902340000 -13.9102270000 0.4326400000
8683.5898440000 -13.8727550000 0.4301170000
8684.2001950000 -13.8352810000 0.4275540000
8684.8095700000 -13.7985010000 0.4249980000
8685.4199220000 -13.7622800000 0.4224430000
8686.0302730000 -13.7266540000 0.4198920000
8686.6396480000 -13.6916600000 0.4173500000
8687.2402340000 -13.6577060000 0.4148460000
8687.8496090000 -13.6238050000 0.4123130000
8688.4599610000 -13.5903770000 0.4097780000
8689.0703130000 -13.5574600000 0.4072480000
8689.6796880000 -13.5250900000 0.4047250000
8690.2900390000 -13.4931520000 0.4022040000
8690.9003910000 -13.4616820000 0.3996850000
8691.5097660000 -13.4307170000 0.3971750000
8692.1201170000 -13.4001450000 0.3946660000
8692.7304690000 -13.3700050000 0.3921590000
8693.3398440000 -13.3403300000 0.3896620000
8693.9404300000 -13.3115180000 0.3872070000
8694.5498050000 -13.2826410000 0.3847170000
8695.1601560000 -13.2541070000 0.3822280000
8695.7695310000 -13.2259960000 0.3797460000
8696.3798830000 -13.1982090000 0.3772650000
8696.9902340000 -13.1707820000 0.3747870000
8697.5996090000 -13.1437470000 0.3723180000
8698.2099610000 -13.1170140000 0.3698490000
8698.8203130000 -13.0906140000 0.3673840000
8699.4296880000 -13.0645820000 0.3649270000
8700.0498050000 -13.0384270000 0.3624320000
8700.6601560000 -13.0129900000 0.3599790000
8701.2695310000 -12.9878960000 0.3575330000
8701.8798830000 -12.9630600000 0.3550880000
8702.4902340000 -12.9385160000 0.3526480000
8703.0996090000 -12.9142940000 0.3502150000
8703.7099610000 -12.8903130000 0.3477820000
8704.3203130000 -12.8666050000 0.3453530000
8704.9296880000 -12.8432010000 0.3429320000
8705.5400390000 -12.8200210000 0.3405110000
8706.1503910000 -12.7970970000 0.3380950000
8706.7695310000 -12.7740720000 0.3356440000
8707.3798830000 -12.7516480000 0.3332360000
8707.9902340000 -12.7294650000 0.3308310000
8708.5996090000 -12.7075540000 0.3284340000
8709.2099610000 -12.6858390000 0.3260360000
8709.8203130000 -12.6643500000 0.3236440000
8710.4404300000 -12.6427540000 0.3212180000
8711.0498050000 -12.6217420000 0.3188370000
8711.6601560000 -12.6009120000 0.3164560000
8712.2695310000 -12.5803240000 0.3140830000
8712.8798830000 -12.5599100000 0.3117100000
8713.5000000000 -12.5393850000 0.3093040000
8714.1103520000 -12.5193750000 0.3069390000
8714.7197270000 -12.4995920000 0.3045830000
8715.3300780000 -12.4799690000 0.3022250000
8715.9501950000 -12.4602330000 0.2998350000
8716.5595700000 -12.4410160000 0.2974900000
8717.1699220000 -12.4219510000 0.2951450000
8717.7900390000 -12.4027720000 0.2927680000
8718.4003910000 -12.3840650000 0.2904300000
8719.0097660000 -12.3655590000 0.2881000000
8719.6201170000 -12.3471940000 0.2857700000
8720.2402340000 -12.3286850000 0.2834050000
8720.8496090000 -12.3106810000 0.2810880000
8721.4599610000 -12.2928120000 0.2787700000
8722.0800780000 -12.2748260000 0.2764210000
8722.6904300000 -12.2572750000 0.2741110000
8723.3095700000 -12.2396340000 0.2717720000
8723.9199220000 -12.2223900000 0.2694700000
8724.5302730000 -12.2052950000 0.2671730000
8725.1503910000 -12.1880840000 0.2648430000
8725.7597660000 -12.1713090000 0.2625560000
8726.3798830000 -12.1543650000 0.2602310000
8726.9902340000 -12.1378480000 0.2579480000
8727.5996090000 -12.1215210000 0.2556770000
8728.2197270000 -12.1050000000 0.2533640000
8728.8300780000 -12.0888950000 0.2510930000
8729.4501950000 -12.0726720000 0.2487910000
8730.0595700000 -12.0568540000 0.2465310000
8730.6796880000 -12.0408950000 0.2442370000
8731.2900390000 -12.0253110000 0.2419820000
8732.3837890000 -11.9976880000 0.2379500000
8903.1240230000 -9.9052380000 9.7486860000
9077.2021480000 -9.0420430000 9.5007950000
9254.6845700000 -8.6881320000 9.2459280000
9435.6367190000 -8.8454950000 8.9868940000
9516.0302730000 -9.2614470000 8.8722610000
9516.7597660000 -9.2674230000 8.8712220000
9517.4902340000 -9.2734650000 8.8701820000
9518.2197270000 -9.2795590000 8.8691430000
9518.9501950000 -9.2857230000 8.8681030000
9519.6796880000 -9.2919410000 8.8670640000
9520.4101560000 -9.2982290000 8.8660250000
9521.1396480000 -9.3045730000 8.8649860000
9521.8798830000 -9.3110730000 8.8639330000
9522.6103520000 -9.3175560000 8.8628930000
9523.3398440000 -9.3240980000 8.8618550000
9524.0703130000 -9.3307150000 8.8608150000
9524.7998050000 -9.3373840000 8.8597780000
9525.5302730000 -9.3441400000 8.8587380000
9526.2695310000 -9.3510560000 8.8576850000
9527.0000000000 -9.3579560000 8.8566460000
9527.7304690000 -9.3649290000 8.8556060000
9528.4599610000 -9.3719580000 8.8545680000
9529.1904300000 -9.3790800000 8.8535290000
9529.9296880000 -9.3863740000 8.8524760000
9530.6601560000 -9.3936520000 8.8514370000
9531.3896480000 -9.4009900000 8.8504000000
9532.1201170000 -9.4084280000 8.8493600000
9532.8603520000 -9.4160580000 8.8483070000
9533.5898440000 -9.4236530000 8.8472680000
9534.3203130000 -9.4313320000 8.8462310000
9535.0595700000 -9.4392100000 8.8451780000
9535.7900390000 -9.4470750000 8.8441380000
9536.5195310000 -9.4550190000 8.8431010000
9537.2597660000 -9.4631700000 8.8420480000
9537.9902340000 -9.4713100000 8.8410080000
9538.7197270000 -9.4795320000 8.8399710000
9539.4599610000 -9.4879710000 8.8389180000
9540.1904300000 -9.4964010000 8.8378790000
9540.9296880000 -9.5050310000 8.8368270000
9541.6601560000 -9.5136620000 8.8357890000
9542.4003910000 -9.5225130000 8.8347360000
9543.1298830000 -9.5313440000 8.8336980000
9543.8603520000 -9.5402950000 8.8326600000
9544.5996090000 -9.5494620000 8.8316090000
9545.3300780000 -9.5586360000 8.8305690000
9546.0703130000 -9.5680470000 8.8295170000
9546.7998050000 -9.5774410000 8.8284800000
9547.5400390000 -9.5870910000 8.8274280000
9548.2695310000 -9.5967280000 8.8263900000
9549.0097660000 -9.6066300000 8.8253370000
9549.7500000000 -9.6166750000 8.8242850000
9550.4804690000 -9.6267090000 8.8232460000
9551.2197270000 -9.6369950000 8.8221950000
9551.9501950000 -9.6472990000 8.8211570000
9552.6904300000 -9.6578780000 8.8201050000
9553.4199220000 -9.6684490000 8.8190670000
9554.1601560000 -9.6793210000 8.8180150000
9554.9003910000 -9.6903450000 8.8169630000
9555.6298830000 -9.7013650000 8.8159260000
9556.3701170000 -9.7127030000 8.8148740000
9557.1103520000 -9.7242190000 8.8138210000
9557.8398440000 -9.7357060000 8.8127850000
9558.5800780000 -9.7475600000 8.8117320000
9559.3203130000 -9.7595740000 8.8106800000
9560.0498050000 -9.7715950000 8.8096440000
9560.7900390000 -9.7839730000 8.8085920000
9561.5302730000 -9.7965400000 8.8075400000
9562.2695310000 -9.8092870000 8.8064900000
9563.0000000000 -9.8220820000 8.8054510000
9563.7402340000 -9.8352480000 8.8044000000
9564.4804690000 -9.8486430000 8.8033470000
9565.2197270000 -9.8622220000 8.8022970000
9565.9599610000 -9.8760410000 8.8012460000
9566.6904300000 -9.8899100000 8.8002070000
9567.4296880000 -9.9041750000 8.7991570000
9568.1699220000 -9.9187030000 8.7981060000
9568.9101560000 -9.9335020000 8.7970530000
9569.6503910000 -9.9485420000 8.7960020000
9570.3896480000 -9.9638280000 8.7949520000
9571.1201170000 -9.9792080000 8.7939140000
9571.8603520000 -9.9950720000 8.7928630000
9572.5996090000 -10.0112090000 8.7918130000
9573.3398440000 -10.0276720000 8.7907620000
9574.0800780000 -10.0444710000 8.7897100000
9574.8203130000 -10.0615730000 8.7886580000
9575.5595700000 -10.0789900000 8.7876090000
9576.2998050000 -10.0967790000 8.7865580000
9577.0400390000 -10.1149290000 8.7855070000
9577.7802730000 -10.1334790000 8.7844540000
9578.5195310000 -10.1523700000 8.7834050000
9579.2597660000 -10.1716910000 8.7823540000
9580.0000000000 -10.1914330000 8.7813030000
9580.7402340000 -10.2116120000 8.7802520000
9581.4804690000 -10.2322470000 8.7792020000
9582.2197270000 -10.2533580000 8.7781510000
9582.9599610000 -10.2749640000 8.7771010000
9583.7001950000 -10.2970890000 8.7760500000
9584.4404300000 -10.3197530000 8.7749990000
9585.1796880000 -10.3429530000 8.7739500000
9585.9199220000 -10.3668060000 8.7728980000
9586.6699220000 -10.3915690000 8.7718330000
9587.4101560000 -10.4166730000 8.7707830000
9588.1503910000 -10.4424620000 8.7697320000
9588.8896480000 -10.4689720000 8.7686820000
9589.6298830000 -10.4962430000 8.7676320000
9590.3701170000 -10.5243130000 8.7665820000
9591.1201170000 -10.5536090000 8.7655170000
9591.8603520000 -10.5834730000 8.7644660000
9592.5996090000 -10.6142090000 8.7634170000
9593.3398440000 -10.6459930000 8.7623670000
9594.0800780000 -10.6788510000 8.7613160000
9594.8300780000 -10.7133440000 8.7602520000
9595.5703130000 -10.7485850000 8.7592010000
9596.3095700000 -10.7850890000 8.7581530000
9597.0498050000 -10.8230440000 8.7571030000
9597.7998050000 -10.8630810000 8.7560380000
9598.5400390000 -10.9042040000 8.7549880000
9599.2802730000 -10.9470950000 8.7539380000
9600.0302730000 -10.9924960000 8.7528740000
9600.7695310000 -11.0394260000 8.7518240000
9601.5097660000 -11.0886470000 8.7507740000
9602.2597660000 -11.1410680000 8.7497110000
9603.0000000000 -11.1956220000 8.7486620000
9603.7402340000 -11.2533380000 8.7476110000
9604.4902340000 -11.3152370000 8.7465480000
9605.2304690000 -11.3802450000 8.7454980000
9605.9804690000 -11.4506530000 8.7444330000
9606.7197270000 -11.5250160000 8.7433850000
9607.4697270000 -11.6063070000 8.7423220000
9608.2099610000 -11.6933210000 8.7412730000
9608.9501950000 -11.7883780000 8.7402220000
9609.7001950000 -11.8941980000 8.7391590000
9610.4404300000 -12.0102900000 8.7381100000
9611.1904300000 -12.1427210000 8.7370450000
9611.9296880000 -12.2916360000 8.7359970000
9612.6796880000 -12.4675500000 8.7349350000
9613.4296880000 -12.6786300000 8.7338710000
9614.1699220000 -12.9376790000 8.7328210000
9614.9199220000 -13.2849920000 8.7317580000
9615.6601560000 -13.7922450000 8.7307090000
9616.4101560000 -14.8018360000 8.7296450000
9617.1503910000 -15.5491600000 2.1585700000
9617.9003910000 -14.0348920000 2.1568350000
9618.6503910000 -13.4222470000 2.1551020000
9619.3896480000 -13.0353730000 2.1533940000
9620.1269530000 -12.7499170000 2.1516900000
9620.1396480000 -12.7453680000 2.1516590000
9620.8798830000 -12.5185200000 2.1499490000
9621.6298830000 -12.3278890000 2.1482170000
9622.3798830000 -12.1648730000 2.1464830000
9623.1298830000 -12.0227280000 2.1447530000
9623.8701170000 -11.8980530000 2.1430440000
9624.6201170000 -11.7842660000 2.1413120000
9625.3701170000 -11.6809960000 2.1395820000
9626.1103520000 -11.5874880000 2.1378750000
9626.8603520000 -11.4998930000 2.1361430000
9627.6103520000 -11.4186330000 2.1344140000
9628.3603520000 -11.3426590000 2.1326830000
9629.0996090000 -11.2724490000 2.1309800000
9629.8496090000 -11.2053560000 2.1292510000
9630.5996090000 -11.1418640000 2.1275220000
9631.3496090000 -11.0817430000 2.1257940000
9632.0996090000 -11.0245790000 2.1240670000
9632.8398440000 -10.9706960000 2.1223600000
9633.5898440000 -10.9186060000 2.1206340000
9634.3398440000 -10.8686700000 2.1189060000
9635.0898440000 -10.8208290000 2.1171810000
9635.8398440000 -10.7748570000 2.1154560000
9636.5898440000 -10.7305520000 2.1137290000
9637.3398440000 -10.6879000000 2.1120040000
9638.0898440000 -10.6466750000 2.1102770000
9638.8398440000 -10.6068830000 2.1085540000
9639.5898440000 -10.5683270000 2.1068280000
9640.3300780000 -10.5314910000 2.1051260000
9641.0800780000 -10.4953000000 2.1034040000
9641.8300780000 -10.4601260000 2.1016790000
9642.5800780000 -10.4259930000 2.0999570000
9643.3300780000 -10.3928000000 2.0982350000
9644.0800780000 -10.3604550000 2.0965120000
9644.8300780000 -10.3289910000 2.0947900000
9645.5800780000 -10.2982840000 2.0930670000
9646.3398440000 -10.2679950000 2.0913250000
9647.0898440000 -10.2387700000 2.0896020000
9647.8398440000 -10.2102660000 2.0878830000
9648.5898440000 -10.1823760000 2.0861620000
9649.3398440000 -10.1551400000 2.0844420000
9650.0898440000 -10.1284630000 2.0827210000
9650.8398440000 -10.1023840000 2.0810030000
9651.5898440000 -10.0768460000 2.0792850000
9652.3398440000 -10.0517940000 2.0775640000
9653.0898440000 -10.0272690000 2.0758480000
9653.8496090000 -10.0028890000 2.0741060000
9654.5996090000 -9.9793040000 2.0723900000
9655.3496090000 -9.9561300000 2.0706710000
9656.0996090000 -9.9334070000 2.0689540000
9656.8496090000 -9.9110620000 2.0672370000
9657.6103520000 -9.8888340000 2.0654970000
9658.3603520000 -9.8672660000 2.0637800000
9659.1103520000 -9.8460880000 2.0620650000
9659.8603520000 -9.8252360000 2.0603490000
9660.6201170000 -9.8044910000 2.0586130000
9661.3701170000 -9.7843110000 2.0568970000
9662.1201170000 -9.7644740000 2.0551830000
9662.8701170000 -9.7449190000 2.0534680000
9663.6298830000 -9.7254430000 2.0517340000
9664.3798830000 -9.7064770000 2.0500190000
9665.1298830000 -9.6878140000 2.0483060000
9665.8896480000 -9.6691660000 2.0465710000
9666.6396480000 -9.6510380000 2.0448600000
9667.4003910000 -9.6328950000 2.0431220000
9668.1503910000 -9.6152730000 2.0414110000
9668.9003910000 -9.5978680000 2.0397000000
9669.6601560000 -9.5804810000 2.0379660000
9670.4101560000 -9.5635610000 2.0362560000
9671.1699220000 -9.5466300000 2.0345220000
9671.9199220000 -9.5301490000 2.0328130000
9672.6699220000 -9.5138550000 2.0311020000
9673.4296880000 -9.4975820000 2.0293720000
9674.1796880000 -9.4816930000 2.0276620000
9674.9404300000 -9.4657990000 2.0259300000
9675.6904300000 -9.4502940000 2.0242200000
9676.4501950000 -9.4347990000 2.0224920000
9677.2001950000 -9.4196600000 2.0207830000
9677.9599610000 -9.4045060000 2.0190530000
9678.7197270000 -9.3895450000 2.0173250000
9679.4697270000 -9.3749220000 2.0156170000
9680.2304690000 -9.3602790000 2.0138880000
9680.9804690000 -9.3459800000 2.0121800000
9681.7402340000 -9.3316750000 2.0104540000
9682.4902340000 -9.3176840000 2.0087480000
9683.2500000000 -9.3036670000 2.0070200000
9684.0097660000 -9.2898170000 2.0052950000
9684.7597660000 -9.2762660000 2.0035890000
9685.5195310000 -9.2627010000 2.0018640000
9686.2802730000 -9.2492430000 2.0001350000
9687.0302730000 -9.2361200000 1.9984330000
9687.7900390000 -9.2229470000 1.9967070000
9688.5498050000 -9.2099050000 1.9949820000
9689.2998050000 -9.1971680000 1.9932800000
9690.0595700000 -9.1843790000 1.9915550000
9690.8203130000 -9.1716960000 1.9898290000
9691.5800780000 -9.1591660000 1.9881070000
9692.3300780000 -9.1468940000 1.9864040000
9693.0898440000 -9.1345980000 1.9846830000
9693.8496090000 -9.1223990000 1.9829610000
9694.6103520000 -9.1102980000 1.9812360000
9695.3701170000 -9.0983370000 1.9795150000
9696.1201170000 -9.0866170000 1.9778150000
9696.8798830000 -9.0748520000 1.9760920000
9697.6396480000 -9.0632070000 1.9743730000
9698.4003910000 -9.0516340000 1.9726500000
9699.1601560000 -9.0401760000 1.9709290000
9699.9199220000 -9.0288310000 1.9692110000
9700.6796880000 -9.0175690000 1.9674910000
9701.4404300000 -9.0063870000 1.9657690000
9702.1904300000 -8.9954650000 1.9640730000
9702.9501950000 -8.9844820000 1.9623540000
9703.7099610000 -8.9736020000 1.9606370000
9704.4697270000 -8.9627980000 1.9589190000
9705.2304690000 -8.9520680000 1.9571990000
9705.9902340000 -8.9414510000 1.9554830000
9706.7500000000 -8.9309040000 1.9537660000
9707.5097660000 -8.9204420000 1.9520480000
9708.2695310000 -8.9100740000 1.9503340000
9709.0302730000 -8.8997610000 1.9486150000
9709.7900390000 -8.8895410000 1.9468990000
9710.5498050000 -8.8794110000 1.9451860000
9711.3095700000 -8.8693460000 1.9434700000
9712.0703130000 -8.8593440000 1.9417530000
9712.8398440000 -8.8493040000 1.9400170000
9713.5996090000 -8.8394770000 1.9383050000
9714.3603520000 -8.8296970000 1.9365880000
9715.1201170000 -8.8200000000 1.9348750000
9715.8798830000 -8.8103860000 1.9331640000
9716.6396480000 -8.8008290000 1.9314500000
9717.4003910000 -8.7913290000 1.9297350000
9718.1601560000 -8.7819090000 1.9280230000
9718.9296880000 -8.7724490000 1.9262910000
9719.6904300000 -8.7631500000 1.9245780000
9720.4501950000 -8.7539270000 1.9228670000
9721.2099610000 -8.7447800000 1.9211580000
9721.9697270000 -8.7356830000 1.9194470000
9722.7402340000 -8.7265250000 1.9177130000
9723.5000000000 -8.7175530000 1.9160030000
9724.2597660000 -8.7086520000 1.9142950000
9808.2246090000 -7.9807400000 1.7274580000
10000.0000000000 -7.3179660000 1.3152650000
10007.5996100000 -7.3179810000 1.2993320000
10008.4003900000 -7.3181660000 1.2976560000
10009.2002000000 -7.3183860000 1.2959800000
10010.0000000000 -7.3186440000 1.2943060000
10010.7998100000 -7.3189370000 1.2926330000
10011.7002000000 -7.3193140000 1.2907470000
10012.5000000000 -7.3196870000 1.2890750000
10013.2998100000 -7.3201000000 1.2874010000
10014.0996100000 -7.3205520000 1.2857280000
10014.9003900000 -7.3210430000 1.2840550000
10015.7002000000 -7.3215740000 1.2823820000
10016.5000000000 -7.3221460000 1.2807090000
10017.2998100000 -7.3227580000 1.2790390000
10018.0996100000 -7.3234110000 1.2773680000
10018.9003900000 -7.3241080000 1.2756970000
10019.7002000000 -7.3248470000 1.2740250000
10020.5996100000 -7.3257290000 1.2721470000
10021.4003900000 -7.3265610000 1.2704750000
10022.2002000000 -7.3274380000 1.2688060000
10023.0000000000 -7.3283580000 1.2671380000
10023.7998100000 -7.3293260000 1.2654680000
10024.5996100000 -7.3303400000 1.2637990000
10025.4003900000 -7.3314010000 1.2621300000
10026.2002000000 -7.3325110000 1.2604620000
10027.0000000000 -7.3336690000 1.2587940000
10027.9003900000 -7.3350320000 1.2569170000
10028.7002000000 -7.3362950000 1.2552520000
10029.5000000000 -7.3376110000 1.2535850000
10030.2998100000 -7.3389790000 1.2519180000
10031.0996100000 -7.3403980000 1.2502540000
10031.9003900000 -7.3418750000 1.2485860000
10032.7002000000 -7.3434050000 1.2469200000
10033.5000000000 -7.3449880000 1.2452560000
10034.2998100000 -7.3466300000 1.2435910000
10035.2002000000 -7.3485470000 1.2417180000
10036.0000000000 -7.3503130000 1.2400540000
10036.7998100000 -7.3521360000 1.2383920000
10037.5996100000 -7.3540230000 1.2367280000
10038.4003900000 -7.3559740000 1.2350630000
10039.2002000000 -7.3579840000 1.2334010000
10040.0000000000 -7.3600610000 1.2317390000
10040.7998100000 -7.3622040000 1.2300760000
10041.7002000000 -7.3646940000 1.2282070000
10042.5000000000 -7.3669780000 1.2265460000
10043.2998100000 -7.3693350000 1.2248850000
10044.0996100000 -7.3717620000 1.2232240000
10044.9003900000 -7.3742630000 1.2215630000
10045.7002000000 -7.3768380000 1.2199030000
10046.5000000000 -7.3794890000 1.2182430000
10047.4003900000 -7.3825650000 1.2163750000
10048.2002000000 -7.3853820000 1.2147160000
10049.0000000000 -7.3882780000 1.2130580000
10049.7998100000 -7.3912590000 1.2114000000
10050.5996100000 -7.3943260000 1.2097420000
10051.4003900000 -7.3974800000 1.2080830000
10052.2002000000 -7.4007230000 1.2064260000
10053.0996100000 -7.4044760000 1.2045620000
10053.9003900000 -7.4079190000 1.2029040000
10054.7002000000 -7.4114490000 1.2012480000
10055.5000000000 -7.4150820000 1.1995920000
10056.2998100000 -7.4188160000 1.1979360000
10057.0996100000 -7.4226480000 1.1962820000
10057.9003900000 -7.4265950000 1.1946250000
10058.7998100000 -7.4311570000 1.1927640000
10059.5996100000 -7.4353340000 1.1911100000
10060.4003900000 -7.4396270000 1.1894550000
10061.2002000000 -7.4440370000 1.1878010000
10062.0000000000 -7.4485700000 1.1861470000
10062.7998100000 -7.4532220000 1.1844960000
10063.7002000000 -7.4586170000 1.1826350000
10064.5000000000 -7.4635530000 1.1809830000
10065.2998100000 -7.4686260000 1.1793300000
10066.0996100000 -7.4738350000 1.1776800000
10066.9003900000 -7.4792020000 1.1760260000
10067.7998100000 -7.4854070000 1.1741700000
10068.5996100000 -7.4910940000 1.1725190000
10069.4003900000 -7.4969480000 1.1708660000
10070.2002000000 -7.5029550000 1.1692170000
10071.0000000000 -7.5091420000 1.1675670000
10071.7998100000 -7.5155070000 1.1659170000
10072.7002000000 -7.5228900000 1.1640620000
10073.5000000000 -7.5296480000 1.1624150000
10074.2998100000 -7.5366140000 1.1607660000
10075.0996100000 -7.5437870000 1.1591170000
10075.9003900000 -7.5511750000 1.1574690000
10076.7998100000 -7.5597460000 1.1556160000
10077.5996100000 -7.5676210000 1.1539690000
10078.4003900000 -7.5757490000 1.1523200000
10079.2002000000 -7.5841120000 1.1506750000
10080.0000000000 -7.5927490000 1.1490280000
10080.7998100000 -7.6016640000 1.1473820000
10081.7002000000 -7.6120410000 1.1455300000
10082.5000000000 -7.6215870000 1.1438850000
10083.2998100000 -7.6314400000 1.1422410000
10084.0996100000 -7.6416390000 1.1405960000
10084.9003900000 -7.6522030000 1.1389490000
10085.7998100000 -7.6645030000 1.1371010000
10086.5996100000 -7.6758450000 1.1354600000
10087.4003900000 -7.6876220000 1.1338140000
10088.2002000000 -7.6998070000 1.1321710000
10089.0996100000 -7.7139950000 1.1303240000
10089.9003900000 -7.7266570000 1.1286810000
10090.7002000000 -7.7418380000 1.1270390000
10091.5000000000 -7.7557990000 1.1253970000
10092.2998100000 -7.7706280000 1.1237570000
10093.2002000000 -7.7881530000 1.1219110000
10094.0000000000 -7.8044780000 1.1202700000
10094.7998100000 -7.8215540000 1.1186290000
10095.5996100000 -7.8394130000 1.1169910000
10096.4003900000 -7.8581840000 1.1153490000
10097.2998100000 -7.8803850000 1.1135050000
10098.0996100000 -7.9012310000 1.1118670000
10098.9003900000 -7.9232340000 1.1102260000
10099.7002000000 -7.9464230000 1.1085890000
10100.5996100000 -7.9741530000 1.1067480000
10101.4003900000 -8.0004790000 1.1051070000
10102.2002000000 -8.0284830000 1.1034700000
10103.0000000000 -8.0583700000 1.1018340000
10103.9003900000 -8.0946410000 1.0999930000
10104.7002000000 -8.1295310000 1.0983550000
10105.5000000000 -8.1673100000 1.0967190000
10106.2998100000 -8.2084010000 1.0950850000
10107.0996100000 -8.2534970000 1.0934500000
10108.0000000000 -8.3099440000 1.0916090000
10108.7998100000 -8.3663430000 1.0899740000
10109.5996100000 -8.4301130000 1.0883400000
10110.4003900000 -8.5033310000 1.0867050000
10111.2998100000 -8.6008220000 1.0848680000
10112.0996100000 -8.7067440000 1.0832350000
10112.9003900000 -8.8404230000 1.0815990000
10113.7002000000 -9.0201090000 1.0799680000
10114.5996100000 -9.3414980000 1.0781330000
10115.4003900000 -10.0467290000 1.0764980000
10116.2002000000 -9.7678980000 2.7878170000
10117.0000000000 -9.2443880000 2.7861190000
10117.9003900000 -8.9534970000 2.7842030000
10118.7002000000 -8.7813300000 2.7825030000
10119.5000000000 -8.6491610000 2.7808030000
10120.2998100000 -8.5418400000 2.7791050000
10121.2002000000 -8.4406180000 2.7771900000
10122.0000000000 -8.3634140000 2.7754940000
10122.7998100000 -8.2949850000 2.7737940000
10123.7002000000 -8.2262610000 2.7718830000
10124.5000000000 -8.1710640000 2.7701850000
10125.2998100000 -8.1204590000 2.7684880000
10126.0996100000 -8.0735960000 2.7667900000
10127.0000000000 -8.0247230000 2.7648800000
10127.7998100000 -7.9842220000 2.7631840000
10128.5996100000 -7.9461600000 2.7614880000
10129.4003900000 -7.9101170000 2.7597890000
10130.2998100000 -7.8718740000 2.7578830000
10131.0996100000 -7.8396050000 2.7561870000
10131.9003900000 -7.8087790000 2.7544900000
10132.7998100000 -7.7757640000 2.7525840000
10133.5996100000 -7.7477010000 2.7508920000
10134.4003900000 -7.7206680000 2.7491950000
10135.2002000000 -7.6946720000 2.7475000000
10136.0996100000 -7.6665520000 2.7455960000
10136.9003900000 -7.6424320000 2.7439020000
10137.7002000000 -7.6190940000 2.7422090000
10138.5996100000 -7.5937280000 2.7403060000
10139.4003900000 -7.5718480000 2.7386110000
10140.2002000000 -7.5506210000 2.7369190000
10141.0000000000 -7.5300040000 2.7352290000
10141.9003900000 -7.5074350000 2.7333250000
10142.7002000000 -7.4879230000 2.7316340000
10143.5000000000 -7.4688940000 2.7299420000
10144.4003900000 -7.4480280000 2.7280410000
10145.2002000000 -7.4299600000 2.7263520000
10146.0000000000 -7.4122760000 2.7246620000
10146.7998100000 -7.3949760000 2.7229720000
10147.7002000000 -7.3759470000 2.7210700000
10148.5000000000 -7.3594030000 2.7193810000
10149.2998100000 -7.3432060000 2.7176940000
10150.2002000000 -7.3253340000 2.7157950000
10151.0000000000 -7.3097670000 2.7141060000
10151.7998100000 -7.2944840000 2.7124180000
10152.7002000000 -7.2776130000 2.7105190000
10153.5000000000 -7.2629110000 2.7088340000
10154.2998100000 -7.2484400000 2.7071470000
10155.2002000000 -7.2324430000 2.7052490000
10156.0000000000 -7.2184680000 2.7035630000
10156.7998100000 -7.2047110000 2.7018770000
10157.7002000000 -7.1894850000 2.6999800000
10158.5000000000 -7.1761820000 2.6982960000
10159.2998100000 -7.1630580000 2.6966100000
10160.2002000000 -7.1485160000 2.6947150000
10161.0000000000 -7.1357830000 2.6930300000
10161.7998100000 -7.1232390000 2.6913480000
10162.7002000000 -7.1092930000 2.6894520000
10163.5000000000 -7.0970990000 2.6877700000
10164.2998100000 -7.0850470000 2.6860870000
10165.2002000000 -7.0716680000 2.6841940000
10166.0000000000 -7.0599320000 2.6825100000
10166.7998100000 -7.0483520000 2.6808300000
10167.7002000000 -7.0354710000 2.6789380000
10168.5000000000 -7.0241650000 2.6772560000
10169.2998100000 -7.0129870000 2.6755740000
10170.2002000000 -7.0005600000 2.6736830000
10171.0000000000 -6.9896570000 2.6720050000
10171.7998100000 -6.9788580000 2.6703240000
10172.7002000000 -6.9668460000 2.6684330000
10173.5000000000 -6.9562870000 2.6667540000
10174.2998100000 -6.9458370000 2.6650740000
10175.2002000000 -6.9342050000 2.6631850000
10176.0000000000 -6.9239880000 2.6615090000
10176.7998100000 -6.9138570000 2.6598290000
10177.7002000000 -6.9025750000 2.6579410000
10178.5000000000 -6.8926490000 2.6562630000
10179.2998100000 -6.8828260000 2.6545880000
10180.2002000000 -6.8718570000 2.6526990000
10181.0000000000 -6.8622220000 2.6510240000
10181.7998100000 -6.8526610000 2.6493470000
10182.7002000000 -6.8420030000 2.6474610000
10183.5000000000 -6.8326180000 2.6457840000
10184.4003900000 -6.8221530000 2.6438990000
10185.2002000000 -6.8129440000 2.6422260000
10186.0000000000 -6.8038010000 2.6405510000
10186.9003900000 -6.7936020000 2.6386660000
10187.7002000000 -6.7846150000 2.6369920000
10188.5000000000 -6.7756980000 2.6353180000
10189.4003900000 -6.7657480000 2.6334340000
10190.2002000000 -6.7569870000 2.6317630000
10191.0996100000 -6.7472070000 2.6298820000
10191.9003900000 -6.7385650000 2.6282070000
10192.7002000000 -6.7299960000 2.6265340000
10193.5996100000 -6.7204400000 2.6246550000
10194.4003900000 -6.7119920000 2.6229810000
10195.2002000000 -6.7036250000 2.6213110000
10195.5253900000 -6.7002360000 2.6206320000
10196.0996100000 -6.6942780000 2.6194330000
10196.9003900000 -6.6860140000 2.6177600000
10197.7998100000 -6.6768030000 2.6158820000
10198.5996100000 -6.6686660000 2.6142120000
10199.4003900000 -6.6605840000 2.6125420000
10200.2998100000 -6.6515540000 2.6106630000
10201.0996100000 -6.6435930000 2.6089950000
10202.0000000000 -6.6346860000 2.6071180000
10202.7998100000 -6.6268240000 2.6054490000
10203.5996100000 -6.6190100000 2.6037810000
10204.5000000000 -6.6102770000 2.6019030000
10205.2998100000 -6.6025750000 2.6002380000
10206.2002000000 -6.5939450000 2.5983590000
10207.0000000000 -6.5863410000 2.5966940000
10207.7998100000 -6.5787730000 2.5950270000
10208.7002000000 -6.5703110000 2.5931520000
10209.5000000000 -6.5628360000 2.5914860000
10210.4003900000 -6.5544780000 2.5896110000
10211.2002000000 -6.5471020000 2.5879480000
10212.0000000000 -6.5397600000 2.5862820000
10212.9003900000 -6.5315470000 2.5844090000
10213.7002000000 -6.5242900000 2.5827440000
10214.5996100000 -6.5161810000 2.5808730000
10215.4003900000 -6.5089990000 2.5792070000
10216.2002000000 -6.5018730000 2.5775450000
10217.0996100000 -6.4938980000 2.5756750000
10217.9003900000 -6.4868340000 2.5740100000
10218.7998100000 -6.4789470000 2.5721420000
10219.5996100000 -6.4719690000 2.5704780000
10220.5000000000 -6.4641590000 2.5686080000
10221.2998100000 -6.4572550000 2.5669470000
10222.0996100000 -6.4503940000 2.5652870000
10223.0000000000 -6.4427050000 2.5634170000
10223.7998100000 -6.4359070000 2.5617570000
10224.7002000000 -6.4282980000 2.5598880000
10225.5000000000 -6.4215690000 2.5582280000
10226.4003900000 -6.4140370000 2.5563600000
10227.2002000000 -6.4073760000 2.5547000000
10228.0000000000 -6.4007540000 2.5530420000
10228.9003900000 -6.3933320000 2.5511760000
10229.7002000000 -6.3867660000 2.5495180000
10230.5996100000 -6.3794230000 2.5476530000
10231.4003900000 -6.3729130000 2.5459930000
10232.2998100000 -6.3656400000 2.5441290000
10233.0996100000 -6.3592000000 2.5424720000
10234.0000000000 -6.3519870000 2.5406070000
10234.7998100000 -6.3456130000 2.5389530000
10235.5996100000 -6.3392600000 2.5372960000
10236.5000000000 -6.3321440000 2.5354330000
10237.2998100000 -6.3258490000 2.5337760000
10238.2002000000 -6.3187970000 2.5319140000
10394.8730500000 -5.3924410000 2.2133220000
10598.1191400000 -4.5903430000 1.8160370000
10805.3388700000 -3.9776030000 1.4286390000
11016.6103500000 -3.4799400000 1.0510690000
11232.0127000000 -3.0642120000 0.6833260000
11451.6259800000 -2.9285950000 0.3655190000
11675.5341800000 -2.6324120000 0.0628960000
11903.8203100000 -2.3720320000 9.7729270000
12136.5693400000 -2.1410030000 9.4950480000
12373.8701200000 -1.9343340000 9.2287440000
12615.8105500000 -1.6001650000 8.9601080000
12862.4814500000 -1.4225980000 8.6843830000
13113.9746100000 -1.2637410000 8.4157170000
13370.3857400000 -1.1405360000 8.1570920000
13631.8105500000 -1.0145640000 7.9061890000
13898.3466800000 -0.9017490000 7.6623410000
14170.0937500000 -0.8008250000 7.4253740000
14447.1543000000 -0.7106880000 7.1951150000
14729.6328100000 -0.6308140000 6.9713980000
15017.6337900000 -0.5594510000 6.7540620000
15311.2666000000 -0.4962780000 6.5429410000
15610.6396500000 -0.4406090000 6.3378800000
15915.8671900000 -0.3918310000 6.1387210000
16227.0615200000 -0.3493860000 5.9453130000
16544.3418000000 -0.3127740000 5.7575110000
16867.8242200000 -0.2815370000 5.5751680000
17197.6328100000 -0.2552590000 5.3981420000
17533.8906300000 -0.2371730000 5.2265670000
17876.7207000000 -0.2197250000 5.0601510000
18226.2558600000 -0.2061560000 4.8986470000
18582.6250000000 -0.1961770000 4.7419230000
18945.9628900000 -0.1895170000 4.5898500000
19316.4023400000 -0.1902540000 4.4424070000
19694.0878900000 -0.1895660000 4.2997300000
20079.1562500000 -0.1914730000 4.1613420000
20471.7539100000 -0.1972060000 4.0272160000
20872.0273400000 -0.2037760000 3.8972090000
21280.1289100000 -0.2123940000 3.7711460000
21696.2070300000 -0.2229090000 3.6489200000
22120.4238300000 -0.2351800000 3.5304180000
22552.9335900000 -0.2490790000 3.4155390000
22993.8984400000 -0.2644880000 3.3041770000
23443.4882800000 -0.2812990000 3.1962320000
23901.8671900000 -0.2994110000 3.0916080000
24369.2070300000 -0.3189270000 2.9902090000
24845.6875000000 -0.3393800000 2.8919440000
25331.4824200000 -0.3608870000 2.7967210000
25826.7753900000 -0.3833840000 2.7044530000
26331.7539100000 -0.4068120000 2.6150530000
26846.6054700000 -0.4309980000 2.5286280000
27371.5234400000 -0.4556440000 2.4453920000
27906.7070300000 -0.4809740000 2.3647840000
28452.3515600000 -0.5069480000 2.2867270000
29008.6660200000 -0.5335330000 2.2111430000
29575.8593800000 -0.5607010000 2.1379540000
30154.1406300000 -0.5884300000 2.0670910000
30743.7304700000 -0.6167040000 1.9984810000
31344.8476600000 -0.6455510000 1.9320560000
31957.7168000000 -0.6748900000 1.8677500000
32582.5703100000 -0.7047880000 1.8054970000
33219.6406300000 -0.7351930000 1.7452350000
33869.1679700000 -0.7661490000 1.6869020000
34531.3945300000 -0.7976780000 1.6304400000
35206.5703100000 -0.8298080000 1.5757900000
35894.9492200000 -0.8625790000 1.5228950000
36596.7851600000 -0.8960370000 1.4717040000
37312.3437500000 -0.9302420000 1.4221630000
38041.8906300000 -0.9658360000 1.3742460000
38785.7070300000 -1.0017680000 1.3278860000
39544.0625000000 -1.0387000000 1.2830280000
40317.2500000000 -1.0775040000 1.2396270000
41105.5546900000 -1.1168330000 1.1976510000
41909.2695300000 -1.1587220000 1.1570580000
42728.6992200000 -1.2011470000 1.1178350000
43564.1523400000 -1.2454700000 1.0798920000
44415.9414100000 -1.2933750000 1.0432430000
45284.3867200000 -1.3434270000 1.0078420000
46169.8085900000 -1.3956010000 0.9736080000
47072.5429700000 -1.4514070000 0.9405010000
47992.9296900000 -1.5115970000 0.9084840000
48931.3125000000 -1.5771550000 0.8775230000
49888.0429700000 -1.6490990000 0.8475790000
50863.4765600000 -1.7298060000 0.8186210000
51857.9843800000 -1.8215350000 0.7906200000
52871.9375000000 -1.9280650000 0.7635450000
53905.7187500000 -2.0553250000 0.7373660000
54959.7109400000 -2.2133680000 0.7120550000
55623.3007800000 -2.3344610000 0.6967900000
55648.3007800000 -2.3394510000 0.6962250000
55673.3007800000 -2.3444760000 0.6956600000
55698.3007800000 -2.3495360000 0.6950960000
55723.3007800000 -2.3546340000 0.6945330000
55748.3984400000 -2.3597870000 0.6939680000
55773.3984400000 -2.3649580000 0.6934060000
55798.5000000000 -2.3701880000 0.6928430000
55823.6992200000 -2.3754770000 0.6922780000
55848.8007800000 -2.3807840000 0.6917160000
55874.0000000000 -2.3861530000 0.6911520000
55899.1992200000 -2.3915620000 0.6905890000
55924.3984400000 -2.3970120000 0.6900270000
55949.6015600000 -2.4025050000 0.6894660000
55974.8984400000 -2.4080610000 0.6889030000
56000.1992200000 -2.4136610000 0.6883400000
56025.5000000000 -2.4193070000 0.6877790000
56034.3085900000 -2.4212830000 0.6875830000
56050.8007800000 -2.4249960000 0.6872180000
56076.1015600000 -2.4307320000 0.6866580000
56101.5000000000 -2.4365360000 0.6860960000
56126.8984400000 -2.4423880000 0.6855350000
56152.3007800000 -2.4482880000 0.6849740000
56177.8007800000 -2.4542600000 0.6844130000
56203.1992200000 -2.4602590000 0.6838540000
56228.6992200000 -2.4663330000 0.6832930000
56254.1992200000 -2.4724590000 0.6827330000
56279.8007800000 -2.4786620000 0.6821720000
56305.3007800000 -2.4848940000 0.6816140000
56330.8984400000 -2.4912050000 0.6810540000
56356.5000000000 -2.4975730000 0.6804950000
56382.1015600000 -2.5039990000 0.6799360000
56407.8007800000 -2.5105060000 0.6793760000
56433.5000000000 -2.5170730000 0.6788170000
56459.1992200000 -2.5237010000 0.6782580000
56484.8984400000 -2.5303900000 0.6777010000
56510.6015600000 -2.5371440000 0.6771430000
56536.3984400000 -2.5439870000 0.6765850000
56562.1992200000 -2.5508950000 0.6760270000
56588.0000000000 -2.5578710000 0.6754690000
56613.8984400000 -2.5649420000 0.6749110000
56639.6992200000 -2.5720550000 0.6743550000
56665.6015600000 -2.5792680000 0.6737980000
56691.5000000000 -2.5865540000 0.6732410000
56717.3984400000 -2.5939130000 0.6726850000
56743.3984400000 -2.6013760000 0.6721280000
56769.3984400000 -2.6089180000 0.6715710000
56795.3984400000 -2.6165390000 0.6710150000
56821.3984400000 -2.6242420000 0.6704600000
56847.5000000000 -2.6320580000 0.6699030000
56873.6015600000 -2.6399580000 0.6693470000
56899.6992200000 -2.6479460000 0.6687920000
56925.8007800000 -2.6560230000 0.6682370000
56951.8984400000 -2.6641890000 0.6676830000
56978.1015600000 -2.6724820000 0.6671280000
57004.3007800000 -2.6808700000 0.6665730000
57030.5000000000 -2.6893550000 0.6660190000
57056.8007800000 -2.6979750000 0.6654640000
57083.0000000000 -2.7066630000 0.6649120000
57109.3007800000 -2.7154920000 0.6643580000
57129.9218800000 -2.7224870000 0.6639240000
57135.6015600000 -2.7244270000 0.6638040000
57162.0000000000 -2.7335070000 0.6632500000
57188.3984400000 -2.7427020000 0.6626960000
57214.6992200000 -2.7519790000 0.6621450000
57241.1992200000 -2.7614470000 0.6615900000
57267.6015600000 -2.7710030000 0.6610380000
57294.1015600000 -2.7807220000 0.6604850000
57320.5000000000 -2.7905340000 0.6599350000
57347.1015600000 -2.8005560000 0.6593810000
57373.6015600000 -2.8106760000 0.6588300000
57400.1992200000 -2.8209770000 0.6582770000
57426.6992200000 -2.8313860000 0.6577270000
57453.3984400000 -2.8420230000 0.6571740000
57480.0000000000 -2.8527760000 0.6566240000
57506.6992200000 -2.8637290000 0.6560720000
57533.3007800000 -2.8748070000 0.6555230000
57560.0000000000 -2.8860940000 0.6549730000
57586.8007800000 -2.8975990000 0.6544210000
57613.5000000000 -2.9092420000 0.6538720000
57640.3007800000 -2.9211170000 0.6533220000
57667.1015600000 -2.9331850000 0.6527720000
57694.0000000000 -2.9454970000 0.6522210000
57720.8007800000 -2.9579710000 0.6516730000
57747.6992200000 -2.9707030000 0.6511230000
57774.6015600000 -2.9836580000 0.6505750000
57801.6015600000 -2.9968920000 0.6500240000
57828.5000000000 -3.0103130000 0.6494770000
57855.5000000000 -3.0240310000 0.6489280000
57882.5000000000 -3.0380060000 0.6483800000
57909.5000000000 -3.0522470000 0.6478330000
57936.6015600000 -3.0668170000 0.6472840000
57963.6992200000 -3.0816750000 0.6467360000
57990.8007800000 -3.0968320000 0.6461890000
58017.8984400000 -3.1123010000 0.6456420000
58045.1015600000 -3.1281550000 0.6450940000
58072.3007800000 -3.1443460000 0.6445470000
58099.5000000000 -3.1608920000 0.6440010000
58126.6992200000 -3.1778080000 0.6434550000
58154.0000000000 -3.1951760000 0.6429080000
58181.3007800000 -3.2129500000 0.6423610000
58208.6015600000 -3.2311500000 0.6418160000
58236.0000000000 -3.2498610000 0.6412690000
58246.9531300000 -3.2574720000 0.6410500000
58263.3007800000 -3.2689760000 0.6407240000
58290.6992200000 -3.2886510000 0.6401790000
58318.1015600000 -3.3088470000 0.6396340000
58345.6015600000 -3.3296670000 0.6390880000
58373.0000000000 -3.3509890000 0.6385440000
58400.5000000000 -3.3729990000 0.6380000000
58428.1015600000 -3.3957410000 0.6374540000
58455.6015600000 -3.4190870000 0.6369100000
58483.1992200000 -3.4432490000 0.6363660000
58510.8007800000 -3.4681890000 0.6358220000
58538.3984400000 -3.4939580000 0.6352790000
58566.1015600000 -3.5207110000 0.6347340000
58593.6992200000 -3.5483110000 0.6341930000
58621.3984400000 -3.5770290000 0.6336500000
58649.1992200000 -3.6069540000 0.6331050000
58676.8984400000 -3.6379500000 0.6325640000
58704.6992200000 -3.6703430000 0.6320210000
58732.5000000000 -3.7041220000 0.6314790000
58760.3984400000 -3.7395460000 0.6309350000
58788.1992200000 -3.7764970000 0.6303940000
58816.1015600000 -3.8153970000 0.6298520000
58844.0000000000 -3.8563020000 0.6293110000
58872.0000000000 -3.8995790000 0.6287690000
58899.8984400000 -3.9451630000 0.6282290000
58927.8984400000 -3.9936860000 0.6276880000
58955.8984400000 -4.0453310000 0.6271470000
58984.0000000000 -4.1007300000 0.6266060000
59012.1015600000 -4.1602050000 0.6260650000
59040.1992200000 -4.2243970000 0.6255240000
59068.3007800000 -4.2941140000 0.6249850000
59096.3984400000 -4.3703380000 0.6244460000
59124.6015600000 -4.4547590000 0.6239060000
59152.8007800000 -4.5488520000 0.6233670000
59181.1015600000 -4.6555250000 0.6228260000
59209.3007800000 -4.7775670000 0.6222880000
59237.6015600000 -4.9212980000 0.6217490000
59265.8984400000 -5.0951090000 0.6212110000
59294.3007800000 -5.3157210000 0.6206710000
59322.6992200000 -5.6157760000 0.6201330000
59351.1015600000 -6.0856700000 0.6195940000
59379.5000000000 -7.2274790000 0.6190570000
59385.8281300000 -8.0698130000 0.6189370000
59407.8984400000 -6.7218930000 3.3117380000
59436.3984400000 -5.9130360000 3.3093380000
59464.8984400000 -5.5020100000 3.3069410000
59493.3984400000 -5.2238220000 3.3045460000
59522.0000000000 -5.0123480000 3.3021450000
59550.6015600000 -4.8419970000 3.2997460000
59579.1992200000 -4.6992750000 3.2973490000
59607.8984400000 -4.5759870000 3.2949470000
59636.5000000000 -4.4680700000 3.2925550000
59665.1992200000 -4.3715070000 3.2901570000
59694.0000000000 -4.2840600000 3.2877520000
59722.6992200000 -4.2046570000 3.2853590000
59751.5000000000 -4.1314450000 3.2829590000
59780.3007800000 -4.0637320000 3.2805620000
59809.1015600000 -4.0007390000 3.2781670000
59838.0000000000 -3.9416430000 3.2757660000
59866.8984400000 -3.8861650000 3.2733680000
59895.8007800000 -3.8338610000 3.2709710000
59924.8007800000 -3.7842350000 3.2685690000
59953.6992200000 -3.7373220000 3.2661770000
59982.6992200000 -3.6925450000 3.2637790000
60011.8007800000 -3.6497040000 3.2613750000
60040.8007800000 -3.6089130000 3.2589820000
60069.8984400000 -3.5697270000 3.2565840000
60099.1015600000 -3.5319980000 3.2541780000
60128.1992200000 -3.4958800000 3.2517840000
60157.3984400000 -3.4610030000 3.2493840000
60186.6015600000 -3.4273880000 3.2469850000
60215.8007800000 -3.3949480000 3.2445900000
60245.1015600000 -3.3634980000 3.2421880000
60274.3984400000 -3.3330810000 3.2397890000
60303.6992200000 -3.3036220000 3.2373920000
60333.0000000000 -3.2750650000 3.2349970000
60362.3984400000 -3.2472640000 3.2325960000
60391.8007800000 -3.2202670000 3.2301980000
60421.1992200000 -3.1940270000 3.2278030000
60450.6992200000 -3.1684170000 3.2254010000
60480.1992200000 -3.1434890000 3.2230020000
60509.6992200000 -3.1192030000 3.2206040000
60539.1992200000 -3.0955320000 3.2182100000
60546.9687500000 -3.0893950000 3.2175790000
60568.8007800000 -3.0723640000 3.2158090000
60598.3984400000 -3.0497560000 3.2134110000
60628.0000000000 -3.0276780000 3.2110150000
60657.6992200000 -3.0060320000 3.2086140000
60687.3984400000 -2.9848740000 3.2062150000
60717.1015600000 -2.9641760000 3.2038180000
60746.8984400000 -2.9438610000 3.2014150000
60776.6015600000 -2.9240360000 3.1990230000
60806.3984400000 -2.9045550000 3.1966250000
60836.3007800000 -2.8854040000 3.1942220000
60866.1015600000 -2.8666960000 3.1918280000
60896.0000000000 -2.8482890000 3.1894300000
60926.0000000000 -2.8301750000 3.1870250000
60955.8984400000 -2.8124590000 3.1846310000
60985.8984400000 -2.7950120000 3.1822320000
61015.8984400000 -2.7778780000 3.1798340000
61046.0000000000 -2.7609930000 3.1774310000
61076.0000000000 -2.7444590000 3.1750380000
61106.1015600000 -2.7281540000 3.1726400000
61136.3007800000 -2.7120750000 3.1702360000
61166.3984400000 -2.6963150000 3.1678430000
61196.6015600000 -2.6807580000 3.1654430000
61226.8007800000 -2.6654560000 3.1630470000
61257.1015600000 -2.6503430000 3.1606440000
61287.3984400000 -2.6354720000 3.1582450000
61317.6992200000 -2.6208280000 3.1558470000
61348.0000000000 -2.6064070000 3.1534520000
61378.3984400000 -2.5921560000 3.1510510000
61408.8007800000 -2.5781130000 3.1486530000
61439.1992200000 -2.5642790000 3.1462570000
61469.6992200000 -2.5505960000 3.1438560000
61500.1992200000 -2.5371100000 3.1414570000
61530.6992200000 -2.5238110000 3.1390600000
61561.1992200000 -2.5106970000 3.1366660000
61591.8007800000 -2.4977190000 3.1342660000
61622.3984400000 -2.4849170000 3.1318690000
61653.1015600000 -2.4722430000 3.1294660000
61683.8007800000 -2.4597380000 3.1270660000
61714.5000000000 -2.4473950000 3.1246680000
61730.8125000000 -2.4409020000 3.1233950000
61745.1992200000 -2.4352110000 3.1222730000
61776.0000000000 -2.4231430000 3.1198720000
61806.8007800000 -2.4112270000 3.1174730000
61837.6015600000 -2.3994580000 3.1150770000
61868.3984400000 -2.3878360000 3.1126840000
61899.3007800000 -2.3763150000 3.1102850000
61930.1992200000 -2.3649350000 3.1078880000
61961.1992200000 -2.3536520000 3.1054860000
61992.1992200000 -2.3425040000 3.1030870000
62023.1992200000 -2.3314840000 3.1006900000
62054.1992200000 -2.3205930000 3.0982950000
62085.3007800000 -2.3097910000 3.0958950000
62116.3984400000 -2.2991110000 3.0934980000
62147.5000000000 -2.2885510000 3.0911030000
62178.6992200000 -2.2780730000 3.0887020000
62209.8984400000 -2.2677110000 3.0863040000
62241.1015600000 -2.2574600000 3.0839090000
62272.3984400000 -2.2472830000 3.0815080000
62303.6992200000 -2.2371680000 3.0791100000
62335.0000000000 -2.2273100000 3.0767140000
62366.3984400000 -2.2174120000 3.0743130000
62397.8007800000 -2.2076290000 3.0719140000
62429.1992200000 -2.1979490000 3.0695180000
62460.6015600000 -2.1883680000 3.0671240000
62492.1015600000 -2.1788560000 3.0647250000
62523.6015600000 -2.1694380000 3.0623290000
62555.1992200000 -2.1600870000 3.0599270000
62586.6992200000 -2.1508550000 3.0575360000
62618.3984400000 -2.1416580000 3.0551310000
62650.0000000000 -2.1325770000 3.0527370000
62681.6992200000 -2.1235580000 3.0503380000
62713.3984400000 -2.1146240000 3.0479410000
62745.1015600000 -2.1057730000 3.0455460000
62776.8984400000 -2.0969810000 3.0431470000
62808.6992200000 -2.0882690000 3.0407500000
62840.5000000000 -2.0796390000 3.0383550000
62872.3984400000 -2.0710620000 3.0359560000
62904.3007800000 -2.0625620000 3.0335580000
62936.1992200000 -2.0541410000 3.0311640000
62937.8046900000 -2.0537190000 3.0310430000
62968.1992200000 -2.0457690000 3.0287640000
63000.1992200000 -2.0374720000 3.0263670000
63032.1992200000 -2.0292490000 3.0239720000
63064.3007800000 -2.0210730000 3.0215720000
63096.3984400000 -2.0129690000 3.0191750000
63128.5000000000 -2.0049350000 3.0167800000
63160.6015600000 -1.9969710000 3.0143880000
63192.8007800000 -1.9890500000 3.0119900000
63225.1015600000 -1.9811740000 3.0095880000
63257.3007800000 -1.9733880000 3.0071960000
63289.6015600000 -1.9656440000 3.0047990000
63321.8984400000 -1.9579650000 3.0024040000
63354.3007800000 -1.9503250000 3.0000040000
63386.6992200000 -1.9427500000 2.9976070000
63419.1015600000 -1.9352350000 2.9952120000
63451.6015600000 -1.9277600000 2.9928130000
63484.0000000000 -1.9203690000 2.9904230000
63516.6015600000 -1.9129910000 2.9880210000
63549.1015600000 -1.9056950000 2.9856290000
63581.6992200000 -1.8984360000 2.9832320000
64168.3984400000 -1.7768730000 2.9405220000
65423.0507800000 -1.5623650000 2.8518300000
66702.2343800000 -1.3884940000 2.7649610000
68006.4296900000 -1.2435070000 2.6799100000
69336.1250000000 -1.1202800000 2.5966710000
70691.8203100000 -1.0141440000 2.5152380000
72074.0234400000 -0.9218600000 2.4356000000
73483.2500000000 -0.8410810000 2.3577480000
74920.0312500000 -0.7700480000 2.2816720000
76384.9062500000 -0.7074020000 2.2073600000
77878.4218800000 -0.6684270000 2.1362190000
79401.1406300000 -0.6203740000 2.0688090000
80953.6328100000 -0.5774230000 2.0034670000
82536.4765600000 -0.5390000000 1.9400600000
84150.2734400000 -0.5046980000 1.8784920000
85795.6250000000 -0.4740800000 1.8187160000
87473.1406300000 -0.4467690000 1.7606840000
89183.4609400000 -0.4224400000 1.7043500000
90927.2187500000 -0.4008050000 1.6496720000
92705.0781300000 -0.3816150000 1.5966020000
94517.6953100000 -0.3646460000 1.5451010000
96365.7500000000 -0.3497010000 1.4951250000
98249.9453100000 -0.3366030000 1.4466350000
100170.9766000000 -0.3251940000 1.3995900000
102129.5703000000 -0.3153300000 1.3539520000
104126.4609000000 -0.3068830000 1.3096820000
106162.3906000000 -0.2997340000 1.2667440000
108238.1328000000 -0.2937780000 1.2251020000
110354.4609000000 -0.2889180000 1.1847200000
112512.1641000000 -0.2850640000 1.1455630000
114712.0547000000 -0.2821360000 1.1075990000
116954.9688000000 -0.2800580000 1.0707940000
119241.7266000000 -0.2834570000 1.0352170000
121573.2031000000 -0.2829690000 1.0011450000
123950.2656000000 -0.2830960000 0.9681510000
126373.8047000000 -0.2837860000 0.9362020000
128844.7266000000 -0.2849900000 0.9052660000
131363.9688000000 -0.2866610000 0.8753120000
133932.4531000000 -0.2887580000 0.8463110000
136551.1719000000 -0.2912410000 0.8182330000
139221.0938000000 -0.2940750000 0.7910510000
141943.2188000000 -0.2972270000 0.7647360000
144718.5625000000 -0.3006650000 0.7392630000
147548.1719000000 -0.3043620000 0.7146060000
150433.1094000000 -0.3082910000 0.6907390000
153374.4531000000 -0.3124270000 0.6676380000
156373.2969000000 -0.3167480000 0.6452800000
159430.7969000000 -0.3212330000 0.6236420000
162548.0625000000 -0.3258620000 0.6027010000
165726.2813000000 -0.3306180000 0.5824360000
168966.6406000000 -0.3354830000 0.5628270000
172270.3750000000 -0.3404420000 0.5438520000
175638.6875000000 -0.3454810000 0.5254920000
179072.8594000000 -0.3505860000 0.5077280000
182574.1875000000 -0.3557450000 0.4905420000
186143.9688000000 -0.3609470000 0.4739150000
189783.5469000000 -0.3661800000 0.4578300000
193494.2969000000 -0.3714360000 0.4422700000
197277.5938000000 -0.3767050000 0.4272190000
201134.8594000000 -0.3819790000 0.4126600000
205067.5469000000 -0.3872540000 0.3985790000
209077.1406000000 -0.3925120000 0.3849600000
213165.1250000000 -0.3977570000 0.3717880000
217333.0313000000 -0.4029800000 0.3590500000
221582.4375000000 -0.4081750000 0.3467320000
225914.9219000000 -0.4133370000 0.3348200000
230332.1250000000 -0.4184620000 0.3233020000
234835.7031000000 -0.4235460000 0.3121660000
239427.3281000000 -0.4285840000 0.3013980000
244108.7344000000 -0.4335730000 0.2909880000
248881.6719000000 -0.4385100000 0.2809240000
253747.9219000000 -0.4433930000 0.2711950000
258709.3281000000 -0.4546000000 0.2618910000
263767.7500000000 -0.4593350000 0.2531700000
268925.0625000000 -0.4639900000 0.2447450000
274183.2188000000 -0.4685640000 0.2366060000
279544.1875000000 -0.4730580000 0.2287430000
285010.0000000000 -0.4774700000 0.2211470000
290582.6563000000 -0.4818010000 0.2138080000
296264.2500000000 -0.4860500000 0.2067180000
302056.9688000000 -0.4902170000 0.1998680000
307962.9375000000 -0.4943020000 0.1932500000
313984.3750000000 -0.4983060000 0.1868560000
320123.5625000000 -0.5022290000 0.1806770000
326382.7813000000 -0.5060710000 0.1747080000
332764.3750000000 -0.5098330000 0.1689390000
339270.7500000000 -0.5135150000 0.1633660000
345904.3438000000 -0.5171180000 0.1579800000
352667.6563000000 -0.5206430000 0.1527760000
359563.1875000000 -0.5240900000 0.1477470000
366593.5625000000 -0.5274620000 0.1428870000
373761.3750000000 -0.5307570000 0.1381900000
381069.3438000000 -0.5339780000 0.1336520000
388520.2188000000 -0.5371250000 0.1292660000
396116.7500000000 -0.5401990000 0.1250270000
403861.8125000000 -0.5432020000 0.1209300000
411758.3438000000 -0.5461340000 0.1169710000
419809.2500000000 -0.5489970000 0.1131440000
428017.5625000000 -0.5517910000 0.1094450000
436386.3750000000 -0.5545190000 0.1058700000
444918.8125000000 -0.5571800000 0.1024150000
453618.0938000000 -0.5597760000 0.0990750000
462487.4688000000 -0.5623090000 0.0958460000
471530.2500000000 -0.5647790000 0.0927260000
480749.8438000000 -0.5671870000 0.0897090000
490149.7188000000 -0.5695360000 0.0867930000
499733.3750000000 -0.5718250000 0.0839740000
509504.4063000000 -0.5740560000 0.0812490000
519466.5000000000 -0.5762310000 0.0786150000
529623.3750000000 -0.5783500000 0.0760680000
539978.8125000000 -0.5804150000 0.0736050000
550536.7500000000 -0.5824260000 0.0712250000
561301.1250000000 -0.5843850000 0.0689230000
572276.0000000000 -0.5862930000 0.0666980000
583465.4375000000 -0.5881510000 0.0645470000
594873.6250000000 -0.5899600000 0.0624660000
606504.8750000000 -0.5917220000 0.0604550000
618363.5625000000 -0.5934370000 0.0585100000
630454.1250000000 -0.5951060000 0.0566290000
642781.1250000000 -0.5967300000 0.0548110000
655349.0625000000 -0.5983110000 0.0530520000
668162.8125000000 -0.5998500000 0.0513510000
681227.0625000000 -0.6013470000 0.0497070000
694546.7500000000 -0.6028030000 0.0481160000
