30.0000000000 -40.5346450000 7.6215790000
30.5865750000 -40.5055240000 7.2824030000
31.1846200000 -40.4987790000 6.9725480000
31.7943570000 -40.5113560000 6.6898920000
32.4160160000 -40.5363620000 6.4568560000
33.0498310000 -40.5678100000 6.2242980000
33.6960370000 -40.6118770000 6.0136960000
34.3548770000 -40.6656420000 5.8235840000
35.0266040000 -40.7272870000 5.6526290000
35.7114600000 -40.7954250000 5.4996200000
36.4097100000 -40.8689230000 5.3634510000
37.1216090000 -40.9467580000 5.2431160000
37.8474310000 -41.0284420000 5.1376990000
38.5874440000 -41.1129950000 5.0463690000
39.3419230000 -41.1999780000 4.9683710000
40.1111560000 -41.2889140000 4.9030210000
40.8954320000 -41.3794020000 4.8496990000
41.6950380000 -41.4711000000 4.8078450000
42.5102810000 -41.5637250000 4.7769530000
43.3414650000 -41.6570280000 4.7565720000
44.1888960000 -41.7508090000 4.7462930000
45.0529020000 -41.8448910000 4.7457540000
45.9338000000 -41.9391290000 4.7546340000
46.8319210000 -42.0333980000 4.7726480000
47.7476010000 -42.1275980000 4.7995470000
48.6811870000 -42.2216420000 4.8351160000
49.6330260000 -42.3154600000 4.8791700000
50.6034740000 -42.4089850000 4.9315540000
51.5928990000 -42.5021740000 4.9921380000
52.6016690000 -42.5949820000 5.0608220000
53.6301650000 -42.6873740000 5.1375270000
54.6787680000 -40.4377560000 5.2218570000
55.7478750000 -40.4311370000 5.2431020000
56.8378870000 -40.4220430000 5.2667590000
57.9492070000 -40.4105870000 5.2925870000
59.0822600000 -40.3968160000 5.3203560000
60.2374690000 -40.3807870000 5.3498480000
61.4152600000 -40.3625640000 5.3808540000
62.6160810000 -40.3422160000 5.4131750000
63.8403850000 -40.3198280000 5.4466220000
65.0886230000 -40.2954830000 5.4810140000
66.3612670000 -40.2692830000 5.5161760000
67.6587980000 -40.2413250000 5.5519440000
68.9816970000 -40.2117310000 5.5881580000
70.3304600000 -40.1806140000 5.6246650000
71.7055970000 -40.1481130000 5.6613200000
73.1076200000 -40.1143650000 5.6979820000
74.5370640000 -40.0795290000 5.7345180000
75.9944460000 -40.0437700000 5.7707970000
77.4803310000 -40.0072710000 5.8066960000
78.9952620000 -39.9702220000 5.8420970000
80.5398180000 -39.9328500000 5.8768850000
82.1145710000 -39.8953820000 5.9109540000
83.7201160000 -39.8580780000 5.9441960000
85.3570560000 -39.8212240000 5.9765130000
87.0260010000 -39.7851370000 6.0078100000
88.7275770000 -39.7396010000 6.0377550000
90.4624250000 -39.7060390000 6.0661720000
92.2311940000 -39.6744610000 6.0932980000
94.0345380000 -39.6453860000 6.1190550000
95.8731540000 -39.6193960000 6.1433670000
97.7477110000 -39.5971830000 6.1661640000
99.6589200000 -39.5795480000 6.1873780000
101.6075060000 -39.5674440000 6.2069480000
103.5941850000 -39.5620000000 6.2248130000
105.6197130000 -39.5646060000 6.2409180000
107.6848450000 -39.5769540000 6.2552130000
109.7903520000 -39.6011620000 6.2676500000
111.9370270000 -39.6399270000 6.2781850000
114.1256790000 -39.6967320000 6.2867790000
116.3571170000 -39.7761690000 6.2933960000
118.6321950000 -39.8844800000 6.2980050000
120.9517520000 -40.0303380000 6.3005750000
123.3166580000 -40.2262340000 6.3010840000
125.7278060000 -40.4908490000 6.2995090000
128.1860960000 -40.8810080000 6.2964200000
130.6924590000 -41.3915900000 6.2921550000
133.2478330000 -55.2829900000 6.4886590000
135.8531490000 -41.3276180000 5.3322140000
138.5094300000 -38.7625500000 4.3280280000
141.2176360000 -37.3318630000 3.4532880000
143.9787900000 -36.4034120000 2.6888330000
146.7939300000 -35.7599220000 2.0185170000
149.6641240000 -35.2975230000 1.4287150000
152.5904390000 -34.9577790000 0.9079040000
155.5739590000 -34.7045670000 0.4463240000
158.6158140000 -34.5141330000 0.0356850000
161.7171480000 -34.3702050000 9.6689290000
164.8791350000 -34.2613110000 9.3400450000
168.1029360000 -34.1791920000 9.0439010000
171.3897710000 -34.1178210000 8.7761050000
174.7408600000 -34.0727730000 8.5328970000
178.1574860000 -34.0407710000 8.3110470000
181.6409150000 -34.0194090000 8.1077800000
185.1924440000 -34.0069200000 7.9207120000
188.8134160000 -34.0020450000 7.7477890000
192.5051880000 -34.0039220000 7.5872390000
196.2691500000 -34.0119930000 7.4375330000
200.1067050000 -34.0259780000 7.2973560000
204.0192870000 -34.0458110000 7.1655700000
208.0083770000 -34.0716320000 7.0411930000
212.0754700000 -34.1037980000 6.9233800000
216.2220760000 -34.1428720000 6.8114050000
220.4497530000 -34.1896630000 6.7046430000
224.7601010000 -34.2452960000 6.6025590000
229.1547240000 -34.3113020000 6.5046990000
233.6352690000 -34.3898050000 6.4106760000
238.2034300000 -34.4838140000 6.3201680000
242.8609010000 -34.5977520000 6.2329060000
247.6094360000 -34.7384410000 6.1486710000
252.4508210000 -34.9171300000 6.0672870000
257.3868710000 -35.7796440000 7.0686930000
262.4194340000 -35.1611480000 7.0097200000
267.5503850000 -35.0152400000 6.9531630000
272.7816770000 -34.9605480000 6.8989780000
278.1152340000 -34.9546470000 6.8471500000
283.5530700000 -34.9878730000 6.7976970000
289.0972600000 -35.0077480000 7.0863970000
294.7498170000 -34.9448810000 7.0492160000
300.5129390000 -34.9261050000 7.0146450000
306.3887020000 -34.9315150000 6.9828100000
312.3793640000 -34.9551810000 6.9538690000
318.4871830000 -34.9948650000 6.9280140000
324.7143860000 -35.0499230000 6.9054690000
331.0633850000 -35.1207160000 6.8865000000
337.5364990000 -35.2084920000 6.8714110000
344.1361690000 -35.3155750000 6.8605530000
350.8648990000 -35.4459300000 6.8543300000
357.7251890000 -35.6065060000 6.8531990000
364.7196040000 -35.8244130000 7.3875590000
371.8508000000 -35.7770200000 7.4023090000
379.1213990000 -35.8193400000 7.4238060000
386.5341800000 -35.9009210000 7.4528220000
394.0918880000 -36.0100590000 7.4902350000
401.7973630000 -36.1427120000 7.5370520000
409.6535340000 -36.2974660000 7.5944200000
417.6632690000 -36.1448210000 7.6582160000
425.8296200000 -36.3362540000 7.7308720000
434.1556700000 -36.5510670000 7.8182230000
442.6445010000 -36.7906190000 7.9222440000
451.2993160000 -37.0565720000 8.0452160000
460.1233520000 -37.3508950000 8.1897750000
469.1199040000 -37.6758540000 8.3589760000
478.2923890000 -38.0340310000 8.5563650000
487.6441960000 -38.4283490000 8.7860630000
497.1788640000 -38.8620830000 9.0528770000
506.8999330000 -39.3389210000 9.3624190000
516.8110960000 -39.8629760000 9.7212550000
526.9160770000 -40.4388580000 0.1370950000
537.2185670000 -31.5701330000 0.4027190000
547.7225340000 -31.4457910000 0.3942560000
558.4318850000 -31.3249720000 0.3804390000
569.3506470000 -31.2081970000 0.3611560000
580.4828490000 -31.0960270000 0.3363080000
591.8327640000 -30.9890650000 0.3058130000
603.4046020000 -30.9262680000 0.2702110000
615.2026370000 -30.8317600000 0.2293680000
627.2313840000 -30.7444950000 0.1827340000
639.4953610000 -30.6652640000 0.1302980000
651.9990840000 -30.5949190000 0.0720620000
664.7473140000 -30.5343740000 0.0080530000
677.7447510000 -30.4846170000 9.9383100000
690.9963990000 -30.4467200000 9.8628930000
704.5070800000 -30.4218560000 9.7818790000
718.2819820000 -30.4113040000 9.6953640000
732.3261720000 -30.4164790000 9.6034570000
746.6450200000 -30.4389550000 9.5062870000
761.2437740000 -30.4804900000 9.4039970000
776.1279910000 -30.5430790000 9.2967470000
791.3032230000 -30.6289920000 9.1847090000
806.7752080000 -30.7408520000 9.0680690000
822.5496830000 -30.8817270000 8.9470250000
838.6325680000 -31.0552430000 8.8217910000
855.0299680000 -31.2657700000 8.6925860000
871.7479250000 -31.5186540000 8.5596410000
888.7927860000 -31.8205810000 8.4231970000
906.1708980000 -32.1801220000 8.2835000000
923.8888550000 -32.6085850000 8.1408030000
941.9531860000 -33.1214680000 7.9953670000
960.3707280000 -33.7410470000 7.8474530000
979.1483760000 -34.5014800000 7.6973260000
998.2931520000 -35.4613690000 7.5452540000
1017.8123170000 -36.6927760000 7.4323170000
1037.7131350000 -38.3751140000 7.3228880000
1058.0029300000 -40.8954770000 7.2131930000
1078.6895750000 -45.2907450000 7.1032680000
1099.7806400000 -55.2594680000 6.9931690000
1121.2841800000 -96.1985630000 6.8829560000
1143.2080080000 -41.8298530000 2.8920590000
1165.5606690000 -31.0073660000 2.7496190000
1188.3502200000 16.4761850000 2.3152390000
1211.5854490000 4.2124490000 9.6549020000
1235.2750240000 -7.2884600000 7.5961570000
1259.4277340000 -15.6037530000 2.5956580000
1284.0527340000 -21.8911650000 0.3178910000
1309.1591800000 -27.1962470000 9.2383680000
1334.7564700000 -32.3236080000 8.7948680000
1360.8542480000 -37.8844910000 8.8148030000
1387.4624020000 -44.7317730000 9.3589360000
1414.5908200000 -54.1619760000 0.7731490000
1442.2495120000 -68.6681290000 4.0104270000
1470.4492190000 -42.2714770000 1.5655190000
1499.2000730000 -50.7294650000 8.5838660000
1528.5131840000 -18.9655860000 9.5651230000
1558.3995360000 -17.8674320000 8.6641270000
1588.8701170000 -17.2926240000 7.8093830000
1619.9365230000 -17.2502770000 8.8546830000
1651.6103520000 -15.4465810000 7.9961200000
1683.9034420000 -14.5201650000 7.1915470000
1716.8280030000 -13.8588710000 6.4379120000
1750.3962400000 -13.3991850000 5.7327770000
1784.6208500000 -13.2750060000 5.0742530000
1819.5146480000 -12.6828640000 5.6321950000
1855.0908200000 -11.8565540000 5.0450990000
1891.3624270000 -11.2785090000 4.5036700000
1928.3432620000 -10.2361170000 3.9973470000
1966.0472410000 -9.7574380000 3.4261800000
2004.4884030000 -9.3299150000 2.8800770000
2043.6811520000 -8.9428090000 2.3589630000
2083.6401370000 -8.5885180000 1.8629590000
2124.3806150000 -7.9411340000 1.3524630000
2165.9174800000 -7.6054210000 0.8355330000
2208.2666020000 -7.2943290000 0.3317890000
2251.4438480000 -7.0053780000 9.8409140000
2295.4653320000 -6.5618130000 9.3484270000
2340.3474120000 -6.1550570000 8.8585950000
2386.1069340000 -5.9152220000 8.3639510000
2432.7612300000 -5.6942710000 7.8791940000
2480.3278810000 -5.4910690000 7.4042280000
2528.8244630000 -5.4218260000 6.9408910000
2578.2692870000 -5.2499220000 6.4885670000
2628.6809080000 -5.0928180000 6.0456260000
2680.0783690000 -4.9497570000 5.6119590000
2732.4804690000 -4.8200570000 5.1874490000
2785.9074710000 -4.7031100000 4.7719810000
2840.3789060000 -4.5983910000 4.3654380000
2895.9152830000 -4.5054710000 3.9677040000
2952.5378420000 -4.4240690000 3.5786560000
3010.2673340000 -4.3720620000 3.2006770000
3069.1254880000 -4.3114640000 2.8358350000
3129.1347660000 -4.2596020000 2.4798100000
3190.3171390000 -4.2160690000 2.1324320000
3252.6958010000 -4.1824700000 1.7936120000
3316.2941890000 -4.1549570000 1.4632860000
3381.1359860000 -4.1347170000 1.1411860000
3447.2456050000 -4.1214640000 0.8271380000
3514.6479490000 -4.1149330000 0.5209740000
3583.3681640000 -4.1148940000 0.2225290000
3653.4318850000 -4.1230640000 9.9317950000
3724.8657230000 -4.1355810000 9.6485310000
3797.6960450000 -4.1540330000 9.3725350000
3871.9506840000 -4.1782970000 9.1036440000
3947.6569820000 -4.2082730000 8.8417060000
4024.8435060000 -4.2438960000 8.5865640000
4103.5390630000 -4.2851290000 8.3380700000
4183.7739260000 -4.3319700000 8.0960690000
4265.5771480000 -4.3844520000 7.8604200000
4348.9794920000 -4.4426490000 7.6309780000
4434.0131840000 -4.5066770000 7.4075960000
4520.7089840000 -4.5767000000 7.1901410000
4609.1005860000 -4.6529410000 6.9784710000
4699.2197270000 -4.7356820000 6.7724560000
4791.1015630000 -4.8252830000 6.5719600000
4884.7792970000 -4.9246750000 6.3769060000
4980.2890630000 -5.0341480000 6.1873660000
5077.6660160000 -5.1529050000 6.0031660000
5176.9472660000 -5.2755640000 5.8241330000
5278.1694340000 -5.4085980000 5.6499840000
5381.3710940000 -5.5558010000 5.4806350000
5486.5903320000 -5.7138110000 5.3159690000
5593.8666990000 -5.8871460000 5.1558370000
5703.2412110000 -6.0784400000 5.0001220000
5814.7534180000 -6.2911420000 4.8487170000
5928.4467770000 -6.5298770000 4.7015110000
6044.3627930000 -6.8010210000 4.5584000000
6162.5449220000 -7.1137070000 4.4192820000
6283.0380860000 -7.4816760000 4.2840530000
6405.8872070000 -7.9270120000 4.1526170000
6531.1386720000 -8.4986620000 4.0254050000
6658.8383790000 -9.2570370000 3.9018390000
6789.0356450000 -10.4276750000 3.7817880000
6921.7783200000 -13.1231130000 3.6651930000
6923.0200200000 -13.1732040000 3.6641290000
6923.4101560000 -13.1891800000 3.6637950000
6923.7900390000 -13.2048590000 3.6634690000
6924.1801760000 -13.2210670000 3.6631350000
6924.5698240000 -13.2373770000 3.6628010000
6924.9501950000 -13.2534270000 3.6624750000
6925.3398440000 -13.2699800000 3.6621420000
6925.7299800000 -13.2866810000 3.6618080000
6926.1098630000 -13.3030770000 3.6614830000
6926.5000000000 -13.3200320000 3.6611490000
6926.8901370000 -13.3371420000 3.6608140000
6927.2700200000 -13.3539010000 3.6604900000
6927.6601560000 -13.3712570000 3.6601560000
6928.0498050000 -13.3887520000 3.6598220000
6928.4301760000 -13.4059330000 3.6594970000
6928.8198240000 -13.4236870000 3.6591640000
6929.2099610000 -13.4416300000 3.6588300000
6929.6000980000 -13.4597000000 3.6584960000
6929.9799800000 -13.4774270000 3.6581720000
6930.3701170000 -13.4958190000 3.6578380000
6930.7597660000 -13.5143200000 3.6575050000
6931.1499020000 -13.5330030000 3.6571720000
6931.5297850000 -13.5513600000 3.6568470000
6931.9199220000 -13.5703620000 3.6565140000
6932.3100590000 -13.5895320000 3.6561810000
6932.7001950000 -13.6088710000 3.6558480000
6933.0800780000 -13.6278780000 3.6555230000
6933.4702150000 -13.6475600000 3.6551900000
6933.8598630000 -13.6673960000 3.6548570000
6934.2500000000 -13.6874380000 3.6545240000
6934.6401370000 -13.7076650000 3.6541910000
6935.0200200000 -13.7275540000 3.6538670000
6935.4101560000 -13.7481580000 3.6535340000
6935.7998050000 -13.7689310000 3.6532020000
6936.1899410000 -13.7899550000 3.6528690000
6936.5800780000 -13.8111570000 3.6525360000
6936.9599610000 -13.8319880000 3.6522120000
6937.3500980000 -13.8536300000 3.6518800000
6937.7402340000 -13.8754610000 3.6515470000
6938.1298830000 -13.8974840000 3.6512150000
6938.5200200000 -13.9197590000 3.6508820000
6938.8999020000 -13.9416820000 3.6505580000
6939.2900390000 -13.9644140000 3.6502260000
6939.6801760000 -13.9873830000 3.6498940000
6940.0698240000 -14.0105680000 3.6495620000
6940.4599610000 -14.0340290000 3.6492300000
6940.8500980000 -14.0577740000 3.6488970000
6941.2402340000 -14.0817500000 3.6485650000
6941.6201170000 -14.1053650000 3.6482420000
6942.0097660000 -14.1298400000 3.6479100000
6942.3999020000 -14.1546220000 3.6475780000
6942.7900390000 -14.1796880000 3.6472460000
6943.1801760000 -14.2050430000 3.6469140000
6943.5698240000 -14.2306640000 3.6465830000
6943.9599610000 -14.2566520000 3.6462500000
6944.3500980000 -14.2829190000 3.6459190000
6944.7299800000 -14.3087860000 3.6455960000
6945.1201170000 -14.3357230000 3.6452640000
6945.5097660000 -14.3629280000 3.6449330000
6945.8999020000 -14.3905090000 3.6446010000
6946.2900390000 -14.4184410000 3.6442700000
6946.6801760000 -14.4467330000 3.6439380000
6947.0698240000 -14.4753610000 3.6436070000
6947.4599610000 -14.5044380000 3.6432750000
6947.8500980000 -14.5338700000 3.6429440000
6948.2402340000 -14.5637030000 3.6426130000
6948.6298830000 -14.5939090000 3.6422820000
6949.0200200000 -14.6245750000 3.6419510000
6949.4101560000 -14.6556750000 3.6416200000
6949.7998050000 -14.6872230000 3.6412890000
6950.1801760000 -14.7184040000 3.6409660000
6950.5698240000 -14.7508340000 3.6406350000
6950.9599610000 -14.7838310000 3.6403040000
6951.3500980000 -14.8172900000 3.6399730000
6951.7402340000 -14.8512670000 3.6396420000
6952.1298830000 -14.8857360000 3.6393120000
6952.5200200000 -14.9207980000 3.6389810000
6952.9101560000 -14.9564290000 3.6386500000
6953.2998050000 -14.9926480000 3.6383200000
6953.6899410000 -15.0294730000 3.6379890000
6954.0800780000 -15.0669270000 3.6376580000
6954.4702150000 -15.1050300000 3.6373280000
6954.8598630000 -15.1437590000 3.6369980000
6955.2500000000 -15.1832290000 3.6366670000
6955.6401370000 -15.2234730000 3.6363370000
6956.0297850000 -15.2643640000 3.6360070000
6956.4199220000 -15.3060830000 3.6356760000
6956.8100590000 -15.3486090000 3.6353460000
6957.2001950000 -15.3919730000 3.6350160000
6957.6000980000 -15.4373570000 3.6346770000
6957.9902340000 -15.4825250000 3.6343470000
6958.3798830000 -15.5285830000 3.6340170000
6958.7700200000 -15.5756830000 3.6336870000
6959.1601560000 -15.6238730000 3.6333570000
6959.5498050000 -15.6730200000 3.6330270000
6959.9399410000 -15.7233510000 3.6326980000
6960.3300780000 -15.7748600000 3.6323680000
6960.7202150000 -15.8276030000 3.6320380000
6961.1098630000 -15.8815730000 3.6317080000
6961.5000000000 -15.9370350000 3.6313780000
6961.8901370000 -15.9938580000 3.6310490000
6962.2797850000 -16.0521130000 3.6307190000
6962.6699220000 -16.1120240000 3.6303900000
6963.0698240000 -16.1752130000 3.6300520000
6963.4599610000 -16.2386130000 3.6297220000
6963.8500980000 -16.3038900000 3.6293930000
6964.2402340000 -16.3711570000 3.6290640000
6964.6298830000 -16.4404530000 3.6287350000
6965.0200200000 -16.5121730000 3.6284050000
6965.4101560000 -16.5862100000 3.6280760000
6965.7998050000 -16.6627200000 3.6277470000
6966.2001950000 -16.7442490000 3.6274090000
6966.5898440000 -16.8265400000 3.6270800000
6966.9799800000 -16.9121210000 3.6267510000
6967.3701170000 -17.0011500000 3.6264220000
6967.7597660000 -17.0938000000 3.6260940000
6968.1499020000 -17.1907420000 3.6257640000
6968.5400390000 -17.2920040000 3.6254350000
6968.9399410000 -17.4007800000 3.6250980000
6969.3300780000 -17.5125200000 3.6247690000
6969.7202150000 -17.6300530000 3.6244410000
6970.1098630000 -17.7540190000 3.6241120000
6970.5000000000 -17.8855020000 3.6237840000
6970.8999020000 -18.0289860000 3.6234470000
6971.2900390000 -18.1784340000 3.6231180000
6971.6801760000 -18.3386880000 3.6227900000
6972.0698240000 -18.5112080000 3.6224620000
6972.4599610000 -18.6985190000 3.6221330000
6972.8598630000 -18.9086150000 3.6217960000
6973.2500000000 -19.1345730000 3.6214680000
6973.6401370000 -19.3861470000 3.6211400000
6974.0297850000 -19.6698800000 3.6208110000
6974.4199220000 -19.9952010000 3.6204830000
6974.8198240000 -20.3865870000 3.6201470000
6975.2099610000 -20.8498540000 3.6198180000
6975.6000980000 -21.4347530000 3.6194910000
6975.9902340000 -22.2301920000 3.6191630000
6976.3901370000 -23.5222150000 3.6188260000
6976.7797850000 -26.7461430000 3.6184990000
6977.1699220000 -24.9841560000 0.6541040000
6977.5600590000 -22.9796680000 0.6527300000
6977.9599610000 -21.9166640000 0.6513200000
6978.3500980000 -21.2134400000 0.6499470000
6978.7402340000 -20.6785340000 0.6485740000
6979.1401370000 -20.2366070000 0.6471650000
6979.5297850000 -19.8762890000 0.6457950000
6979.9199220000 -19.5653710000 0.6444230000
6980.3100590000 -19.2921810000 0.6430510000
6980.7099610000 -19.0426080000 0.6416440000
6981.1000980000 -18.8232690000 0.6402740000
6981.4902340000 -18.6233620000 0.6389040000
6981.8901370000 -18.4351960000 0.6374980000
6982.2797850000 -18.2658880000 0.6361300000
6982.6699220000 -18.1081960000 0.6347610000
6983.0698240000 -17.9571270000 0.6333570000
6983.4599610000 -17.8189560000 0.6319890000
6983.8500980000 -17.6887400000 0.6306200000
6984.2500000000 -17.5625360000 0.6292170000
6984.6401370000 -17.4459130000 0.6278510000
6985.0297850000 -17.3351350000 0.6264850000
6985.4301760000 -17.2266220000 0.6250820000
6985.8198240000 -17.1258410000 0.6237170000
6986.2099610000 -17.0292380000 0.6223520000
6986.6098630000 -16.9342560000 0.6209510000
6987.0000000000 -16.8453310000 0.6195860000
6987.3999020000 -16.7576080000 0.6181870000
6987.7900390000 -16.6752300000 0.6168220000
6988.1801760000 -16.5957390000 0.6154580000
6988.5800780000 -16.5170040000 0.6140600000
6988.9702150000 -16.4427830000 0.6126980000
6989.3598630000 -16.3710000000 0.6113370000
6989.7597660000 -16.2995760000 0.6099400000
6990.1499020000 -16.2320380000 0.6085780000
6990.5498050000 -16.1647950000 0.6071820000
6990.9399410000 -16.1010990000 0.6058210000
6991.3398440000 -16.0376470000 0.6044270000
6991.7299800000 -15.9773030000 0.6030650000
6992.1201170000 -15.9185900000 0.6017060000
6992.5200200000 -15.8599730000 0.6003130000
6992.9101560000 -15.8041040000 0.5989520000
6993.3100590000 -15.7482890000 0.5975610000
6993.7001950000 -15.7059750000 0.5962030000
6994.1000980000 -15.6503410000 0.5948110000
6994.4902340000 -15.5995650000 0.5934550000
6994.8901370000 -15.5486680000 0.5920650000
6995.2797850000 -15.5001880000 0.5907120000
6995.6699220000 -15.4526670000 0.5893560000
6996.0698240000 -15.4049410000 0.5879680000
6996.4599610000 -15.3593580000 0.5866140000
6996.8598630000 -15.3135380000 0.5852250000
6997.2500000000 -15.2697390000 0.5838720000
6997.6499020000 -15.2257310000 0.5824860000
6998.0400390000 -15.1835310000 0.5811320000
6998.4399410000 -15.1411500000 0.5797470000
6998.8300780000 -15.1005320000 0.5783950000
6999.2299800000 -15.0596130000 0.5770090000
6999.6201170000 -15.0204190000 0.5756590000
7000.0200200000 -14.9809100000 0.5742730000
7000.4101560000 -14.9430440000 0.5729240000
7000.8100590000 -14.9048520000 0.5715390000
7001.2099610000 -14.8673380000 0.5701570000
7001.6000980000 -14.8312660000 0.5688060000
7002.0000000000 -14.7949430000 0.5674250000
7002.3901370000 -14.7600410000 0.5660760000
7002.7900390000 -14.7247930000 0.5646940000
7003.1801760000 -14.6909490000 0.5633470000
7003.5800780000 -14.6567540000 0.5619660000
7003.9702150000 -14.6239070000 0.5606190000
7004.3701170000 -14.5907050000 0.5592380000
7004.7700200000 -14.5580220000 0.5578590000
7005.1601560000 -14.5265310000 0.5565130000
7005.5600590000 -14.4947580000 0.5551350000
7005.9501950000 -14.4641690000 0.5537900000
7006.3500980000 -14.4332190000 0.5524120000
7006.7402340000 -14.4034470000 0.5510680000
7007.1401370000 -14.3733140000 0.5496900000
7007.5400390000 -14.3435780000 0.5483120000
7007.9301760000 -14.3149600000 0.5469700000
7008.3300780000 -14.2860130000 0.5455950000
7008.7202150000 -14.2580780000 0.5442510000
7009.1201170000 -14.2298490000 0.5428770000
7009.5200200000 -14.2019370000 0.5415020000
7009.9101560000 -14.1750520000 0.5401610000
7010.3100590000 -14.1478070000 0.5387870000
7010.7099610000 -14.1209200000 0.5374140000
7011.1000980000 -14.0949500000 0.5360730000
7011.5000000000 -14.0686840000 0.5347010000
7011.8999020000 -14.0426910000 0.5333280000
7012.2900390000 -14.0176350000 0.5319890000
7012.6899410000 -13.9922230000 0.5306180000
7013.0898440000 -13.9671250000 0.5292470000
7013.4799800000 -13.9428640000 0.5279080000
7013.8798830000 -13.9183100000 0.5265390000
7014.2797850000 -13.8939930000 0.5251680000
7014.6699220000 -13.8705360000 0.5238320000
7015.0698240000 -13.8467290000 0.5224630000
7015.4702150000 -13.8231730000 0.5210930000
7015.8598630000 -13.8004420000 0.5197580000
7016.2597660000 -13.7773920000 0.5183920000
7016.6601560000 -13.7545240000 0.5170210000
7017.0498050000 -13.7325050000 0.5156890000
7017.4501950000 -13.7100890000 0.5143200000
7017.8500980000 -13.6879480000 0.5129550000
7018.2500000000 -13.6659990000 0.5115880000
7018.6401370000 -13.6448050000 0.5102560000
7019.0400390000 -13.6232750000 0.5088900000
7019.4399410000 -13.6019500000 0.5075240000
7019.8398440000 -13.5808520000 0.5061620000
7020.2299800000 -13.5604490000 0.5048310000
7020.6298830000 -13.5397140000 0.5034670000
7021.0297850000 -13.5191710000 0.5021030000
7021.4301760000 -13.4988160000 0.5007390000
7021.8198240000 -13.4791720000 0.4994120000
7022.2202150000 -13.4591550000 0.4980480000
7022.6201170000 -13.4393400000 0.4966850000
7023.0200200000 -13.4197230000 0.4953250000
7023.4101560000 -13.4007180000 0.4939960000
7023.8100590000 -13.3814380000 0.4926370000
7024.2099610000 -13.3623020000 0.4912760000
7024.6098630000 -13.3433290000 0.4899160000
7025.0097660000 -13.3245410000 0.4885580000
7025.3999020000 -13.3063540000 0.4872320000
7025.7998050000 -13.2878530000 0.4858730000
7026.2001950000 -13.2694850000 0.4845120000
7026.6000980000 -13.2513100000 0.4831560000
7027.0000000000 -13.2332630000 0.4817980000
7027.3999020000 -13.2153630000 0.4804400000
7027.7900390000 -13.1980490000 0.4791170000
7028.1899410000 -13.1804300000 0.4777600000
7028.5898440000 -13.1629720000 0.4764060000
7028.9902340000 -13.1456110000 0.4750480000
7029.3901370000 -13.1284050000 0.4736930000
7029.7900390000 -13.1113530000 0.4723400000
7030.1899410000 -13.0944130000 0.4709840000
7030.5800780000 -13.0780210000 0.4696650000
7030.9799800000 -13.0613350000 0.4683100000
7031.3798830000 -13.0447930000 0.4669580000
7031.7797850000 -13.0283570000 0.4656050000
7032.1801760000 -13.0120230000 0.4642510000
7032.5800780000 -12.9958490000 0.4629000000
7057.1162110000 -12.1811370000 0.3807120000
7195.1005860000 -10.1048210000 9.9447090000
7335.7827150000 -9.3833810000 9.5419720000
7479.2158200000 -9.4169930000 9.1696840000
7555.8701170000 -10.0105890000 8.9850220000
7556.3300780000 -10.0172620000 8.9839410000
7556.7998050000 -10.0241390000 8.9828400000
7557.2597660000 -10.0309380000 8.9817610000
7557.7202150000 -10.0378180000 8.9806800000
7558.1801760000 -10.0447590000 8.9796020000
7558.6401370000 -10.0517610000 8.9785240000
7559.1000980000 -10.0588420000 8.9774460000
7559.5600590000 -10.0659860000 8.9763690000
7560.0200200000 -10.0732100000 8.9752910000
7560.4799800000 -10.0805070000 8.9742140000
7560.9399410000 -10.0878720000 8.9731380000
7561.3999020000 -10.0953200000 8.9720610000
7561.8701170000 -10.1030100000 8.9709620000
7562.3300780000 -10.1106170000 8.9698860000
7562.7900390000 -10.1182940000 8.9688110000
7563.2500000000 -10.1260600000 8.9677360000
7563.7099610000 -10.1339020000 8.9666620000
7564.1699220000 -10.1418350000 8.9655880000
7564.6298830000 -10.1498540000 8.9645130000
7565.1000980000 -10.1581360000 8.9634160000
7565.5600590000 -10.1663240000 8.9623430000
7566.0200200000 -10.1746090000 8.9612700000
7566.4799800000 -10.1829860000 8.9601960000
7566.9399410000 -10.1914470000 8.9591260000
7567.3999020000 -10.2000120000 8.9580530000
7567.8701170000 -10.2088630000 8.9569580000
7568.3300780000 -10.2176260000 8.9558860000
7568.7900390000 -10.2264790000 8.9548160000
7569.2500000000 -10.2354430000 8.9537450000
7569.7099610000 -10.2445020000 8.9526750000
7570.1801760000 -10.2538780000 8.9515810000
7570.6401370000 -10.2631630000 8.9505110000
7571.1000980000 -10.2725580000 8.9494420000
7571.5600590000 -10.2820570000 8.9483730000
7572.0297850000 -10.2918800000 8.9472820000
7572.4902340000 -10.3016320000 8.9462120000
7572.9501950000 -10.3114940000 8.9451440000
7573.4101560000 -10.3214670000 8.9440770000
7573.8798830000 -10.3317860000 8.9429860000
7574.3398440000 -10.3420240000 8.9419190000
7574.7998050000 -10.3523920000 8.9408520000
7575.2597660000 -10.3628830000 8.9397870000
7575.7299800000 -10.3737520000 8.9386970000
7576.1899410000 -10.3845300000 8.9376310000
7576.6499020000 -10.3954380000 8.9365660000
7577.1201170000 -10.4067570000 8.9354760000
7577.5800780000 -10.4179620000 8.9344120000
7578.0400390000 -10.4293310000 8.9333480000
7578.5097660000 -10.4410950000 8.9322610000
7578.9702150000 -10.4527940000 8.9311960000
7579.4301760000 -10.4646310000 8.9301330000
7579.8999020000 -10.4768980000 8.9290480000
7580.3598630000 -10.4890900000 8.9279840000
7580.8198240000 -10.5014440000 8.9269230000
7581.2900390000 -10.5142780000 8.9258360000
7581.7500000000 -10.5270010000 8.9247750000
7582.2099610000 -10.5399260000 8.9237130000
7582.6801760000 -10.5533330000 8.9226280000
7583.1401370000 -10.5666570000 8.9215670000
7583.6000980000 -10.5801720000 8.9205070000
7584.0698240000 -10.5941980000 8.9194240000
7584.5297850000 -10.6081590000 8.9183650000
7585.0000000000 -10.6226540000 8.9172810000
7585.4599610000 -10.6370720000 8.9162220000
7585.9199220000 -10.6517110000 8.9151630000
7586.3901370000 -10.6669360000 8.9140820000
7586.8500980000 -10.6820890000 8.9130230000
7587.3198240000 -10.6978240000 8.9119420000
7587.7797850000 -10.7135080000 8.9108850000
7588.2500000000 -10.7298160000 8.9098030000
7588.7099610000 -10.7460480000 8.9087480000
7589.1699220000 -10.7625900000 8.9076910000
7589.6401370000 -10.7798040000 8.9066100000
7590.1000980000 -10.7969690000 8.9055550000
7590.5698240000 -10.8148230000 8.9044760000
7591.0297850000 -10.8326360000 8.9034220000
7591.5000000000 -10.8512130000 8.9023440000
7591.9599610000 -10.8697600000 8.9012890000
7592.4301760000 -10.8890940000 8.9002110000
7592.8901370000 -10.9084100000 8.8991570000
7593.3598630000 -10.9285410000 8.8980810000
7593.8198240000 -10.9486670000 8.8970280000
7594.2900390000 -10.9697210000 8.8959500000
7594.7500000000 -10.9907440000 8.8948980000
7595.2202150000 -11.0127330000 8.8938230000
7595.6801760000 -11.0347530000 8.8927700000
7596.1499020000 -11.0577590000 8.8916960000
7596.6098630000 -11.0808410000 8.8906440000
7597.0800780000 -11.1050060000 8.8895700000
7597.5498050000 -11.1297600000 8.8884970000
7598.0097660000 -11.1546090000 8.8874470000
7598.4799800000 -11.1806930000 8.8863740000
7598.9399410000 -11.2069080000 8.8853240000
7599.4101560000 -11.2344330000 8.8842510000
7599.8701170000 -11.2621340000 8.8832020000
7600.3398440000 -11.2912280000 8.8821310000
7600.8100590000 -11.3212280000 8.8810590000
7601.2700200000 -11.3514860000 8.8800100000
7601.7402340000 -11.3833750000 8.8789390000
7602.2001950000 -11.4155620000 8.8778920000
7602.6699220000 -11.4495440000 8.8768220000
7603.1401370000 -11.4847790000 8.8757510000
7603.6000980000 -11.5204140000 8.8747050000
7604.0698240000 -11.5581610000 8.8736370000
7604.5400390000 -11.5973940000 8.8725680000
7605.0000000000 -11.6373010000 8.8715220000
7605.4702150000 -11.6797430000 8.8704540000
7605.9301760000 -11.7230420000 8.8694080000
7606.3999020000 -11.7691880000 8.8683410000
7606.8701170000 -11.8175320000 8.8672730000
7607.3300780000 -11.8670690000 8.8662300000
7607.7998050000 -11.9202910000 8.8651640000
7608.2700200000 -11.9763600000 8.8640970000
7608.7402340000 -12.0355890000 8.8630300000
7609.2001950000 -12.0969020000 8.8619890000
7609.6699220000 -12.1634530000 8.8609250000
7610.1401370000 -12.2346090000 8.8598590000
7610.6000980000 -12.3090240000 8.8588170000
7611.0698240000 -12.3908310000 8.8577540000
7611.5400390000 -12.4795040000 8.8566890000
7612.0097660000 -12.5761620000 8.8556250000
7612.4702150000 -12.6799830000 8.8545850000
7612.9399410000 -12.7973680000 8.8535220000
7613.4101560000 -12.9291730000 8.8524600000
7613.8798830000 -13.0790340000 8.8513980000
7614.3398440000 -13.2490080000 8.8503580000
7614.8100590000 -13.4551770000 8.8492970000
7615.2797850000 -13.7089940000 8.8482360000
7615.7500000000 -14.0398880000 8.8471750000
7616.2099610000 -14.5021040000 8.8461360000
7616.6801760000 -15.3366210000 8.8450760000
7617.1499020000 -17.7430880000 2.3549160000
7617.6201170000 -15.1148650000 2.3533060000
7618.0898440000 -14.3931490000 2.3516990000
7618.5498050000 -13.9642440000 2.3501240000
7619.0200200000 -13.6482050000 2.3485160000
7619.4902340000 -13.4013380000 2.3469090000
7619.9599610000 -13.1988080000 2.3453040000
7620.4301760000 -13.0267110000 2.3436980000
7620.8999020000 -12.8772900000 2.3420930000
7621.3598630000 -12.7476420000 2.3405230000
7621.8300780000 -12.6287230000 2.3389180000
7622.2998050000 -12.5210280000 2.3373160000
7622.7700200000 -12.4224110000 2.3357110000
7623.2402340000 -12.3314350000 2.3341070000
7623.7099610000 -12.2472250000 2.3325070000
7624.1801760000 -12.1686100000 2.3309050000
7624.6401370000 -12.0965410000 2.3293400000
7625.1098630000 -12.0272110000 2.3277410000
7625.4531250000 -11.9790020000 2.3265720000
7625.5800780000 -11.9616140000 2.3261380000
7626.0498050000 -11.8995990000 2.3245410000
7626.5200200000 -11.8406200000 2.3229420000
7626.9902340000 -11.7844400000 2.3213430000
7627.4599610000 -11.7308510000 2.3197480000
7627.9301760000 -11.6795230000 2.3181510000
7628.3999020000 -11.6303600000 2.3165550000
7628.8701170000 -11.5830930000 2.3149600000
7629.3398440000 -11.5376650000 2.3133650000
7629.8100590000 -11.4938500000 2.3117700000
7630.2797850000 -11.4515730000 2.3101760000
7630.7402340000 -11.4115850000 2.3086160000
7631.2099610000 -11.3720870000 2.3070240000
7631.6801760000 -11.3337980000 2.3054310000
7632.1499020000 -11.2967180000 2.3038410000
7632.6201170000 -11.2606620000 2.3022480000
7633.0898440000 -11.2257120000 2.3006580000
7633.5600590000 -11.1916990000 2.2990680000
7634.0297850000 -11.1586400000 2.2974800000
7634.5000000000 -11.1264160000 2.2958910000
7634.9702150000 -11.0950160000 2.2943020000
7635.4399410000 -11.0644260000 2.2927150000
7635.9101560000 -11.0345470000 2.2911270000
7636.3798830000 -11.0054020000 2.2895420000
7636.8598630000 -10.9762980000 2.2879220000
7637.3300780000 -10.9484480000 2.2863360000
7637.7998050000 -10.9212360000 2.2847520000
7638.2700200000 -10.8945780000 2.2831670000
7638.7402340000 -10.8684790000 2.2815830000
7639.2099610000 -10.8429370000 2.2800010000
7639.6801760000 -10.8178580000 2.2784160000
7640.1499020000 -10.7933180000 2.2768340000
7640.6201170000 -10.7692240000 2.2752520000
7641.0898440000 -10.7456060000 2.2736730000
7641.5600590000 -10.7224000000 2.2720920000
7642.0297850000 -10.6996350000 2.2705140000
7642.5000000000 -10.6772490000 2.2689330000
7642.9799800000 -10.6547880000 2.2673210000
7643.4501950000 -10.6331730000 2.2657410000
7643.9199220000 -10.6119410000 2.2641650000
7644.3901370000 -10.5910370000 2.2625880000
7644.8598630000 -10.5704900000 2.2610120000
7645.3300780000 -10.5502470000 2.2594360000
7645.7998050000 -10.5303400000 2.2578610000
7646.2700200000 -10.5107180000 2.2562870000
7646.7500000000 -10.4909830000 2.2546780000
7647.2202150000 -10.4719490000 2.2531030000
7647.6899410000 -10.4532100000 2.2515320000
7648.1601560000 -10.4347220000 2.2499580000
7648.6298830000 -10.4165120000 2.2483870000
7649.1098630000 -10.3981580000 2.2467820000
7649.5800780000 -10.3804350000 2.2452110000
7650.0498050000 -10.3629680000 2.2436410000
7650.5200200000 -10.3457160000 2.2420710000
7650.9902340000 -10.3286910000 2.2405010000
7651.4702150000 -10.3115280000 2.2388980000
7651.9399410000 -10.2949570000 2.2373310000
7652.4101560000 -10.2785770000 2.2357640000
7652.8798830000 -10.2624160000 2.2341980000
7653.3500980000 -10.2464360000 2.2326310000
7653.8300780000 -10.2303140000 2.2310300000
7654.2998050000 -10.2147340000 2.2294660000
7654.7700200000 -10.1993210000 2.2279010000
7655.2402340000 -10.1840870000 2.2263360000
7655.7202150000 -10.1687080000 2.2247390000
7656.1899410000 -10.1538360000 2.2231770000
7656.6601560000 -10.1391150000 2.2216140000
7657.1401370000 -10.1242490000 2.2200180000
7657.6098630000 -10.1098660000 2.2184570000
7658.0800780000 -10.0956240000 2.2168960000
7658.5498050000 -10.0815470000 2.2153370000
7659.0297850000 -10.0673080000 2.2137430000
7659.5000000000 -10.0535140000 2.2121840000
7659.9702150000 -10.0398600000 2.2106250000
7660.4501950000 -10.0260730000 2.2090340000
7660.9199220000 -10.0126950000 2.2074760000
7661.3901370000 -9.9994520000 2.2059180000
7661.8701170000 -9.9860730000 2.2043290000
7662.3398440000 -9.9731030000 2.2027750000
7662.8100590000 -9.9602430000 2.2012190000
7663.2900390000 -9.9472360000 2.1996310000
7663.7597660000 -9.9346340000 2.1980770000
7664.2402340000 -9.9218600000 2.1964880000
7664.7099610000 -9.9094920000 2.1949360000
7665.1801760000 -9.8972250000 2.1933830000
7665.6601560000 -9.8848110000 2.1917970000
7666.1298830000 -9.8727790000 2.1902470000
7666.6098630000 -9.8606000000 2.1886640000
7667.0800780000 -9.8487670000 2.1871130000
7667.5498050000 -9.8370500000 2.1855640000
7668.0297850000 -9.8251760000 2.1839810000
7668.5000000000 -9.8136490000 2.1824320000
7668.9799800000 -9.8019770000 2.1808500000
7669.4501950000 -9.7906450000 2.1793020000
7669.9301760000 -9.7791810000 2.1777230000
7670.3999020000 -9.7680470000 2.1761780000
7670.8701170000 -9.7569830000 2.1746290000
7671.3500980000 -9.7457980000 2.1730520000
7671.8198240000 -9.7349340000 2.1715090000
7672.2998050000 -9.7239170000 2.1699300000
7672.7700200000 -9.7132150000 2.1683860000
7673.2500000000 -9.7023720000 2.1668100000
7673.7202150000 -9.6918370000 2.1652660000
7674.2001950000 -9.6811720000 2.1636920000
7674.6699220000 -9.6708100000 2.1621510000
7675.1499020000 -9.6602960000 2.1605780000
7675.6201170000 -9.6500810000 2.1590370000
7676.1000980000 -9.6397250000 2.1574630000
7676.5698240000 -9.6296710000 2.1559250000
7677.0498050000 -9.6194780000 2.1543540000
7677.5200200000 -9.6095610000 2.1528150000
7678.0000000000 -9.5995060000 2.1512440000
7678.4799800000 -9.5895240000 2.1496730000
7678.9501950000 -9.5798210000 2.1481360000
7679.4301760000 -9.5699910000 2.1465680000
7679.8999020000 -9.5604330000 2.1450340000
7680.3798830000 -9.5507310000 2.1434660000
7680.8500980000 -9.5412970000 2.1419310000
7681.3300780000 -9.5317280000 2.1403640000
7681.8100590000 -9.5222350000 2.1387990000
7682.2797850000 -9.5130020000 2.1372670000
7682.7597660000 -9.5036280000 2.1357010000
7683.2299800000 -9.4945100000 2.1341690000
7683.7099610000 -9.4852590000 2.1326050000
7684.1899410000 -9.4760800000 2.1310420000
7684.6601560000 -9.4671420000 2.1295120000
7685.1401370000 -9.4580730000 2.1279490000
7685.6201170000 -9.4490630000 2.1263870000
7686.0898440000 -9.4403070000 2.1248590000
7686.5698240000 -9.4314200000 2.1233000000
7774.5498050000 -8.3626360000 1.8464980000
7926.5620120000 -7.6374820000 1.4088120000
7989.2001950000 -7.6740680000 1.2421520000
7989.7099610000 -7.6759660000 1.2408280000
7990.2299800000 -7.6779450000 1.2394750000
7990.7402340000 -7.6799280000 1.2381500000
7991.2597660000 -7.6819930000 1.2368010000
7991.7700200000 -7.6840840000 1.2354760000
7992.2900390000 -7.6861630000 1.2341260000
7992.7998050000 -7.6883340000 1.2328030000
7993.3198240000 -7.6905780000 1.2314550000
7993.8300780000 -7.6928220000 1.2301320000
7994.3500980000 -7.6951550000 1.2287850000
7994.8598630000 -7.6974880000 1.2274650000
7995.3798830000 -7.6999180000 1.2261170000
7995.8901370000 -7.7023490000 1.2247960000
7996.4101560000 -7.7048780000 1.2234510000
7996.9301760000 -7.7074560000 1.2221060000
7997.4399410000 -7.7100350000 1.2207880000
7997.9599610000 -7.7127200000 1.2194430000
7998.4702150000 -7.7154060000 1.2181250000
7998.9902340000 -7.7181980000 1.2167840000
7999.5097660000 -7.7210450000 1.2154420000
8000.0200200000 -7.7238970000 1.2141250000
8000.5400390000 -7.7268590000 1.2127840000
8001.0498050000 -7.7298240000 1.2114680000
8001.5698240000 -7.7329050000 1.2101280000
8002.0898440000 -7.7360490000 1.2087890000
8002.6000980000 -7.7391950000 1.2074750000
8003.1201170000 -7.7424710000 1.2061340000
8003.6401370000 -7.7458060000 1.2047960000
8004.1499020000 -7.7491380000 1.2034850000
8004.6699220000 -7.7526140000 1.2021470000
8005.1899410000 -7.7561530000 1.2008090000
8005.7001950000 -7.7596960000 1.1994980000
8006.2202150000 -7.7633780000 1.1981630000
8006.7402340000 -7.7671410000 1.1968260000
8007.2597660000 -7.7709660000 1.1954940000
8007.7700200000 -7.7748040000 1.1941840000
8008.2900390000 -7.7787990000 1.1928490000
8008.8100590000 -7.7828680000 1.1915160000
8009.3198240000 -7.7869430000 1.1902080000
8009.8398440000 -7.7911800000 1.1888760000
8010.3598630000 -7.7955030000 1.1875450000
8010.8798830000 -7.7999160000 1.1862140000
8011.3901370000 -7.8043370000 1.1849080000
8011.9101560000 -7.8089410000 1.1835760000
8012.4301760000 -7.8136330000 1.1822460000
8012.9501950000 -7.8184250000 1.1809180000
8013.4702150000 -7.8233260000 1.1795860000
8013.9799800000 -7.8282200000 1.1782860000
8014.5000000000 -7.8333210000 1.1769580000
8015.0200200000 -7.8385400000 1.1756290000
8015.5400390000 -7.8438630000 1.1743030000
8016.0600590000 -7.8493010000 1.1729760000
8016.5698240000 -7.8547550000 1.1716760000
8017.0898440000 -7.8604320000 1.1703510000
8017.6098630000 -7.8662350000 1.1690260000
8018.1298830000 -7.8721790000 1.1677000000
8018.6499020000 -7.8782450000 1.1663770000
8019.1699220000 -7.8844490000 1.1650540000
8019.6899410000 -7.8907940000 1.1637320000
8020.2001950000 -7.8971660000 1.1624340000
8020.7202150000 -7.9038190000 1.1611100000
8021.2402340000 -7.9106160000 1.1597890000
8021.7597660000 -7.9175740000 1.1584690000
8022.2797850000 -7.9247000000 1.1571480000
8022.7998050000 -7.9319970000 1.1558290000
8023.3198240000 -7.9394870000 1.1545080000
8023.8398440000 -7.9471490000 1.1531900000
8024.3598630000 -7.9550030000 1.1518720000
8024.8798830000 -7.9630560000 1.1505550000
8025.3999020000 -7.9713310000 1.1492350000
8025.9199220000 -7.9798060000 1.1479190000
8026.4399410000 -7.9885040000 1.1466030000
8026.9501950000 -7.9972690000 1.1453110000
8027.4702150000 -8.0064540000 1.1439930000
8027.9902340000 -8.0158760000 1.1426790000
8028.5097660000 -8.0255590000 1.1413650000
8029.0297850000 -8.0355190000 1.1400520000
8029.5498050000 -8.0457650000 1.1387390000
8030.0698240000 -8.0563120000 1.1374260000
8030.5898440000 -8.0671930000 1.1361120000
8031.1098630000 -8.0783850000 1.1348010000
8031.6298830000 -8.0899250000 1.1334900000
8032.1499020000 -8.1018510000 1.1321760000
8032.6801760000 -8.1143910000 1.1308400000
8033.2001950000 -8.1270930000 1.1295310000
8033.7202150000 -8.1402230000 1.1282220000
8034.2402340000 -8.1538040000 1.1269130000
8034.7597660000 -8.1678650000 1.1256050000
8035.2797850000 -8.1824610000 1.1242950000
8035.7998050000 -8.1975710000 1.1229880000
8036.3198240000 -8.2132560000 1.1216810000
8036.8398440000 -8.2295550000 1.1203760000
8037.3598630000 -8.2465430000 1.1190670000
8037.8798830000 -8.2642040000 1.1177630000
8038.3999020000 -8.2826210000 1.1164580000
8038.9301760000 -8.3022520000 1.1151270000
8039.4501950000 -8.3224240000 1.1138210000
8039.9702150000 -8.3435160000 1.1125180000
8040.4902340000 -8.3656520000 1.1112160000
8041.0097660000 -8.3889260000 1.1099130000
8041.5297850000 -8.4134470000 1.1086110000
8042.0498050000 -8.4393440000 1.1073100000
8042.5800780000 -8.4673350000 1.1059840000
8043.1000980000 -8.4965420000 1.1046810000
8043.6201170000 -8.5276010000 1.1033810000
8044.1401370000 -8.5608080000 1.1020820000
8044.6601560000 -8.5965250000 1.1007800000
8045.1801760000 -8.6349800000 1.0994830000
8045.7099610000 -8.6774790000 1.0981610000
8046.2299800000 -8.7231470000 1.0968610000
8046.7500000000 -8.7732750000 1.0955650000
8047.2700200000 -8.8288900000 1.0942680000
8047.7998050000 -8.8926110000 1.0929460000
8048.3198240000 -8.9637410000 1.0916510000
8048.8398440000 -9.0460940000 1.0903560000
8049.3598630000 -9.1439170000 1.0890600000
8049.8901370000 -9.2663140000 1.0877400000
8050.4101560000 -9.4214290000 1.0864460000
8050.9301760000 -9.6395160000 1.0851540000
8051.4501950000 -10.0075270000 1.0838610000
8051.9799800000 -11.8509740000 1.0825430000
8052.5000000000 -10.0601720000 2.8340600000
8053.0200200000 -9.6593990000 2.8327200000
8053.5498050000 -9.4237900000 2.8313580000
8054.0698240000 -9.2600030000 2.8300210000
8054.5898440000 -9.1323640000 2.8286830000
8055.1201170000 -9.0259960000 2.8273200000
8055.6401370000 -8.9376350000 2.8259840000
8056.1601560000 -8.8607710000 2.8246500000
8056.6899410000 -8.7913920000 2.8232880000
8057.2099610000 -8.7303660000 2.8219540000
8057.7299800000 -8.6749230000 2.8206210000
8058.2597660000 -8.6231110000 2.8192610000
8058.7797850000 -8.5762300000 2.8179280000
8059.2998050000 -8.5326420000 2.8165960000
8059.8300780000 -8.4910970000 2.8152370000
8060.3500980000 -8.4528010000 2.8139040000
8060.8798830000 -8.4161030000 2.8125490000
8061.3999020000 -8.3820040000 2.8112180000
8061.9199220000 -8.3495580000 2.8098860000
8062.4501950000 -8.3181020000 2.8085300000
8062.9702150000 -8.2886690000 2.8072000000
8063.5000000000 -8.2599340000 2.8058450000
8064.0200200000 -8.2329250000 2.8045170000
8064.5498050000 -8.2064960000 2.8031650000
8065.0698240000 -8.1814680000 2.8018360000
8065.6000980000 -8.1568960000 2.8004820000
8066.1201170000 -8.1336360000 2.7991560000
8066.6499020000 -8.1107280000 2.7978060000
8067.1699220000 -8.0889070000 2.7964780000
8067.7001950000 -8.0673650000 2.7951260000
8068.2202150000 -8.0468700000 2.7938020000
8068.7500000000 -8.0265540000 2.7924510000
8069.2700200000 -8.0071860000 2.7911280000
8069.7998050000 -7.9879850000 2.7897810000
8070.3198240000 -7.9695800000 2.7884550000
8070.8500980000 -7.9513030000 2.7871070000
8071.3701170000 -7.9338200000 2.7857850000
8071.8999020000 -7.9164000000 2.7844370000
8072.4199220000 -7.8997120000 2.7831160000
8072.9501950000 -7.8830620000 2.7817690000
8073.4702150000 -7.8670920000 2.7804490000
8074.0000000000 -7.8511390000 2.7791030000
8074.5297850000 -7.8355400000 2.7777610000
8075.0498050000 -7.8205250000 2.7764420000
8075.5800780000 -7.8055010000 2.7750970000
8076.1000980000 -7.7910250000 2.7737770000
8076.6298830000 -7.7765800000 2.7724350000
8077.1601560000 -7.7623700000 2.7710920000
8077.6801760000 -7.7486590000 2.7697730000
8078.2099610000 -7.7349590000 2.7684340000
8078.7299800000 -7.7217310000 2.7671180000
8079.2597660000 -7.7084550000 2.7657770000
8079.7900390000 -7.6953930000 2.7644360000
8080.3100590000 -7.6827890000 2.7631220000
8080.8398440000 -7.6701270000 2.7617820000
8081.3701170000 -7.6576560000 2.7604430000
8081.5458980000 -7.6535700000 2.7599990000
8081.8901370000 -7.6456100000 2.7591300000
8082.4199220000 -7.6334980000 2.7577910000
8082.9501950000 -7.6215580000 2.7564530000
8083.4799800000 -7.6098050000 2.7551170000
8084.0000000000 -7.5984200000 2.7538060000
8084.5297850000 -7.5869580000 2.7524700000
8085.0600590000 -7.5756480000 2.7511330000
8085.5800780000 -7.5647030000 2.7498240000
8086.1098630000 -7.5536770000 2.7484880000
8086.6401370000 -7.5427890000 2.7471530000
8087.1699220000 -7.5320530000 2.7458210000
8087.6899410000 -7.5216160000 2.7445120000
8088.2202150000 -7.5111130000 2.7431770000
8088.7500000000 -7.5007500000 2.7418470000
8089.2797850000 -7.4904870000 2.7405140000
8089.7998050000 -7.4805390000 2.7392080000
8090.3300780000 -7.4705010000 2.7378770000
8090.8598630000 -7.4605900000 2.7365470000
8091.3901370000 -7.4507490000 2.7352140000
8091.9199220000 -7.4410480000 2.7338860000
8092.4399410000 -7.4316180000 2.7325820000
8092.9702150000 -7.4220960000 2.7312530000
8093.5000000000 -7.4126690000 2.7299240000
8094.0297850000 -7.4033530000 2.7285980000
8094.5600590000 -7.3941110000 2.7272700000
8095.0898440000 -7.3849570000 2.7259420000
8095.6201170000 -7.3758900000 2.7246150000
8096.1401370000 -7.3670850000 2.7233140000
8096.6699220000 -7.3581840000 2.7219880000
8097.2001950000 -7.3493640000 2.7206620000
8097.7299800000 -7.3406390000 2.7193390000
8098.2597660000 -7.3319750000 2.7180140000
8098.7900390000 -7.3233870000 2.7166900000
8099.3198240000 -7.3148880000 2.7153680000
8099.8500980000 -7.3064460000 2.7140450000
8100.3798830000 -7.2980740000 2.7127220000
8100.8999020000 -7.2899350000 2.7114250000
8101.4301760000 -7.2816990000 2.7101030000
8101.9599610000 -7.2735300000 2.7087810000
8102.4902340000 -7.2654260000 2.7074590000
8103.0200200000 -7.2573990000 2.7061410000
8103.5498050000 -7.2494210000 2.7048210000
8104.0800780000 -7.2415040000 2.7035010000
8104.6098630000 -7.2336610000 2.7021840000
8105.1401370000 -7.2258620000 2.7008650000
8105.6699220000 -7.2181220000 2.6995470000
8106.2001950000 -7.2104370000 2.6982280000
8106.7299800000 -7.2028220000 2.6969130000
8107.2597660000 -7.1952480000 2.6955960000
8107.7900390000 -7.1877270000 2.6942790000
8108.3198240000 -7.1802590000 2.6929630000
8108.8500980000 -7.1728430000 2.6916470000
8109.3798830000 -7.1654900000 2.6903340000
8109.9101560000 -7.1581740000 2.6890190000
8110.4399410000 -7.1509070000 2.6877040000
8110.9702150000 -7.1436870000 2.6863910000
8111.5000000000 -7.1365280000 2.6850800000
8112.0400390000 -7.1292750000 2.6837430000
8112.5698240000 -7.1221950000 2.6824300000
8113.1000980000 -7.1151610000 2.6811180000
8113.6298830000 -7.1081710000 2.6798060000
8114.1601560000 -7.1012230000 2.6784940000
8114.6899410000 -7.0943320000 2.6771860000
8115.2202150000 -7.0874690000 2.6758760000
8115.7500000000 -7.0806480000 2.6745660000
8116.2797850000 -7.0738800000 2.6732590000
8116.8100590000 -7.0671390000 2.6719490000
8117.3500980000 -7.0603180000 2.6706170000
8117.8798830000 -7.0536570000 2.6693100000
8118.4101560000 -7.0470330000 2.6680020000
8118.9399410000 -7.0404470000 2.6666950000
8119.4702150000 -7.0338980000 2.6653880000
8120.0000000000 -7.0273980000 2.6640830000
8120.5400390000 -7.0208050000 2.6627540000
8121.0698240000 -7.0143650000 2.6614480000
8121.6000980000 -7.0079590000 2.6601440000
8122.1298830000 -7.0016000000 2.6588420000
8122.6601560000 -6.9952630000 2.6575370000
8123.2001950000 -6.9888340000 2.6562080000
8123.7299800000 -6.9825750000 2.6549070000
8124.2597660000 -6.9763370000 2.6536050000
8124.7900390000 -6.9701310000 2.6523030000
8125.3300780000 -6.9638470000 2.6509770000
8125.8598630000 -6.9577040000 2.6496750000
8126.3901370000 -6.9515920000 2.6483750000
8126.9199220000 -6.9455220000 2.6470770000
8127.4599610000 -6.9393620000 2.6457530000
8127.9902340000 -6.9333400000 2.6444540000
8128.5200200000 -6.9273480000 2.6431540000
8129.0498050000 -6.9213840000 2.6418560000
8129.5898440000 -6.9153420000 2.6405340000
8130.1201170000 -6.9094360000 2.6392360000
8130.6499020000 -6.9035670000 2.6379410000
8131.1899410000 -6.8976000000 2.6366190000
8131.7202150000 -6.8917750000 2.6353230000
8132.2500000000 -6.8859880000 2.6340280000
8132.7900390000 -6.8801130000 2.6327100000
8133.3198240000 -6.8743670000 2.6314140000
8133.8500980000 -6.8686480000 2.6301200000
8134.3901370000 -6.8628520000 2.6288020000
8134.9199220000 -6.8571830000 2.6275090000
8135.4599610000 -6.8514380000 2.6261920000
8239.5605470000 -6.0224750000 2.3806620000
8400.6640630000 -5.1898890000 2.0314430000
8564.9189450000 -4.5552670000 1.7100810000
8732.3837890000 -4.0047590000 1.4146350000
8903.1240230000 -3.4171230000 1.1419650000
9077.2021480000 -3.0225330000 0.8063280000
9254.6845700000 -2.6785250000 0.4799280000
9435.6367190000 -2.3759690000 0.1625500000
9620.1269530000 -2.1081730000 9.8539810000
9808.2246090000 -1.8700540000 9.5540140000
10000.0000000000 -1.6610630000 9.2627770000
10195.5253900000 -1.4715250000 8.9801860000
10394.8730500000 -1.3016950000 8.7057500000
10598.1191400000 -1.1451150000 8.4387290000
10805.3388700000 -1.0079950000 8.1790230000
11016.6103500000 -0.8849960000 7.9267040000
11232.0127000000 -0.7747430000 7.6815820000
11451.6259800000 -0.6760400000 7.4434730000
11675.5341800000 -0.5878340000 7.2121930000
11903.8203100000 -0.5091970000 6.9875660000
12136.5693400000 -0.4393010000 6.7694180000
12373.8701200000 -0.3774100000 6.5575790000
12615.8105500000 -0.3228600000 6.3518830000
12862.4814500000 -0.2750550000 6.1521700000
13113.9746100000 -0.2334550000 5.9582800000
13370.3857400000 -0.1975690000 5.7700590000
13631.8105500000 -0.1669520000 5.5873560000
13898.3466800000 -0.1411970000 5.4100230000
14170.0937500000 -0.1196530000 5.2378940000
14447.1543000000 -0.1025340000 5.0708430000
14729.6328100000 -0.0892110000 4.9087400000
15017.6337900000 -0.0794860000 4.7514520000
15311.2666000000 -0.0757380000 4.5989210000
15610.6396500000 -0.0723750000 4.4511620000
15915.8671900000 -0.0718050000 4.3078370000
16227.0615200000 -0.0766150000 4.1689410000
16544.3418000000 -0.0811020000 4.0344270000
16867.8242200000 -0.0877820000 3.9040000000
17197.6328100000 -0.0964920000 3.7775450000
17533.8906300000 -0.1070800000 3.6549500000
17876.7207000000 -0.1194060000 3.5361060000
18226.2558600000 -0.1333420000 3.4209040000
18582.6250000000 -0.1487690000 3.3092420000
18945.9628900000 -0.1655770000 3.2010180000
19316.4023400000 -0.1836650000 3.0961340000
19694.0878900000 -0.2029420000 2.9944930000
20079.1562500000 -0.2233230000 2.8960020000
20471.7539100000 -0.2447320000 2.8005700000
20872.0273400000 -0.2670990000 2.7081080000
21280.1289100000 -0.2903630000 2.6185290000
21696.2070300000 -0.3144660000 2.5317510000
22120.4238300000 -0.3393610000 2.4476890000
22552.9335900000 -0.3650040000 2.3662660000
22993.8984400000 -0.3913610000 2.2874030000
23443.4882800000 -0.4184020000 2.2110250000
23901.8671900000 -0.4461060000 2.1370590000
24369.2070300000 -0.4746710000 2.0654360000
24845.6875000000 -0.5040670000 1.9960870000
25331.4824200000 -0.5336920000 1.9289490000
25826.7753900000 -0.5639840000 1.8639480000
26331.7539100000 -0.5949790000 1.8010180000
26846.6054700000 -0.6263890000 1.7402730000
27371.5234400000 -0.6575580000 1.6819140000
27906.7070300000 -0.6892810000 1.6254370000
28452.3515600000 -0.7215850000 1.5707830000
29008.6660200000 -0.7545070000 1.5178960000
29575.8593800000 -0.7880920000 1.4667210000
30154.1406300000 -0.8224000000 1.4172040000
30743.7304700000 -0.8577880000 1.3693100000
31344.8476600000 -0.8937740000 1.3229780000
31957.7168000000 -0.9309340000 1.2781600000
32582.5703100000 -0.9689700000 1.2348070000
33219.6406300000 -1.0088280000 1.1928830000
33869.1679700000 -1.0494790000 1.1523580000
34531.3945300000 -1.0920410000 1.1131660000
35206.5703100000 -1.1369650000 1.0752950000
35894.9492200000 -1.1831180000 1.0387030000
36596.7851600000 -1.2316950000 1.0033240000
37312.3437500000 -1.2831250000 0.9691170000
38041.8906300000 -1.3379420000 0.9360450000
38785.7070300000 -1.3963900000 0.9040650000
39544.0625000000 -1.4601990000 0.8731420000
40317.2500000000 -1.5300940000 0.8432460000
41105.5546900000 -1.6076270000 0.8143440000
41909.2695300000 -1.6949500000 0.7864040000
42728.6992200000 -1.7951760000 0.7593930000
43564.1523400000 -1.9130250000 0.7332830000
44415.9414100000 -2.0561390000 0.7080430000
45284.3867200000 -2.2380620000 0.6836450000
45937.1015600000 -2.4125350000 0.6661390000
45954.1992200000 -2.4177120000 0.6656890000
45971.1992200000 -2.4228950000 0.6652430000
45988.3007800000 -2.4281470000 0.6647940000
46005.3007800000 -2.4334050000 0.6643490000
46022.3984400000 -2.4387310000 0.6639010000
46039.5000000000 -2.4440980000 0.6634540000
46056.6015600000 -2.4495030000 0.6630070000
46073.6992200000 -2.4549470000 0.6625610000
46090.8007800000 -2.4604330000 0.6621160000
46108.0000000000 -2.4659920000 0.6616680000
46125.1015600000 -2.4715600000 0.6612230000
46142.3007800000 -2.4772030000 0.6607760000
46159.5000000000 -2.4828900000 0.6603290000
46169.8085900000 -2.4863190000 0.6600620000
46176.6992200000 -2.4886210000 0.6598830000
46193.8984400000 -2.4943950000 0.6594380000
46211.1015600000 -2.5002180000 0.6589920000
46228.3007800000 -2.5060850000 0.6585480000
46245.6015600000 -2.5120330000 0.6581010000
46262.8007800000 -2.5179950000 0.6576570000
46280.1015600000 -2.5240400000 0.6572110000
46297.3984400000 -2.5301340000 0.6567660000
46314.6992200000 -2.5362800000 0.6563200000
46332.0000000000 -2.5424770000 0.6558760000
46349.3007800000 -2.5487250000 0.6554320000
46366.6015600000 -2.5550270000 0.6549880000
46384.0000000000 -2.5614190000 0.6545430000
46401.3007800000 -2.5678310000 0.6541000000
46418.6992200000 -2.5743330000 0.6536550000
46436.1015600000 -2.5808950000 0.6532110000
46453.5000000000 -2.5875140000 0.6527670000
46470.8984400000 -2.5941920000 0.6523230000
46488.3007800000 -2.6009320000 0.6518800000
46505.8007800000 -2.6077730000 0.6514350000
46523.1992200000 -2.6146360000 0.6509930000
46540.6992200000 -2.6216020000 0.6505490000
46558.1015600000 -2.6285950000 0.6501080000
46575.6015600000 -2.6356930000 0.6496650000
46593.1015600000 -2.6428610000 0.6492220000
46610.6992200000 -2.6501380000 0.6487770000
46628.1992200000 -2.6574460000 0.6483350000
46645.6992200000 -2.6648240000 0.6478940000
46663.3007800000 -2.6723190000 0.6474500000
46680.8984400000 -2.6798890000 0.6470070000
46698.3984400000 -2.6874940000 0.6465670000
46716.0000000000 -2.6952200000 0.6461250000
46733.6015600000 -2.7030270000 0.6456830000
46751.3007800000 -2.7109610000 0.6452400000
46768.8984400000 -2.7189310000 0.6447990000
46786.5000000000 -2.7269890000 0.6443590000
46804.1992200000 -2.7351800000 0.6439160000
46821.8984400000 -2.7434610000 0.6434750000
46839.6015600000 -2.7518360000 0.6430330000
46857.3007800000 -2.7603000000 0.6425920000
46875.0000000000 -2.7688630000 0.6421520000
46892.6992200000 -2.7775230000 0.6417120000
46910.5000000000 -2.7863330000 0.6412700000
46928.1992200000 -2.7951970000 0.6408310000
46946.0000000000 -2.8042160000 0.6403900000
46963.8007800000 -2.8133450000 0.6399490000
46981.6015600000 -2.8225840000 0.6395090000
46999.3984400000 -2.8319340000 0.6390690000
47017.1992200000 -2.8414050000 0.6386300000
47035.0000000000 -2.8509920000 0.6381910000
47052.8984400000 -2.8607570000 0.6377500000
47070.6992200000 -2.8705930000 0.6373120000
47072.5429700000 -2.8716200000 0.6372670000
47088.6015600000 -2.8806150000 0.6368720000
47106.5000000000 -2.8907690000 0.6364330000
47124.3984400000 -2.9010580000 0.6359940000
47142.3007800000 -2.9114910000 0.6355550000
47160.3007800000 -2.9221270000 0.6351150000
47178.1992200000 -2.9328490000 0.6346770000
47196.1992200000 -2.9437850000 0.6342380000
47214.1015600000 -2.9548190000 0.6338010000
47232.1015600000 -2.9660770000 0.6333620000
47250.1015600000 -2.9775010000 0.6329240000
47268.1015600000 -2.9890950000 0.6324870000
47286.1992200000 -3.0009320000 0.6320470000
47304.1992200000 -3.0128880000 0.6316100000
47322.3007800000 -3.0251010000 0.6311710000
47340.3007800000 -3.0374400000 0.6307350000
47358.3984400000 -3.0500460000 0.6302980000
47376.5000000000 -3.0628640000 0.6298600000
47394.6015600000 -3.0758970000 0.6294230000
47412.8007800000 -3.0892250000 0.6289840000
47430.8984400000 -3.1027080000 0.6285480000
47449.0000000000 -3.1164340000 0.6281130000
47467.1992200000 -3.1304780000 0.6276750000
47485.3984400000 -3.1447820000 0.6272380000
47503.6015600000 -3.1593560000 0.6268020000
47521.8007800000 -3.1742040000 0.6263650000
47540.0000000000 -3.1893380000 0.6259300000
47558.1992200000 -3.2047700000 0.6254950000
47576.5000000000 -3.2205980000 0.6250580000
47594.8007800000 -3.2367510000 0.6246210000
47613.0000000000 -3.2531520000 0.6241870000
47631.3007800000 -3.2699980000 0.6237510000
47649.6015600000 -3.2872070000 0.6233160000
47668.0000000000 -3.3048950000 0.6228790000
47686.3007800000 -3.3228930000 0.6224450000
47704.6015600000 -3.3413050000 0.6220110000
47723.0000000000 -3.3602570000 0.6215750000
47741.3984400000 -3.3796720000 0.6211400000
47759.8007800000 -3.3995770000 0.6207050000
47778.1992200000 -3.4199860000 0.6202700000
47796.6015600000 -3.4409360000 0.6198360000
47815.0000000000 -3.4624440000 0.6194030000
47833.5000000000 -3.4846700000 0.6189670000
47851.8984400000 -3.5074010000 0.6185350000
47870.3984400000 -3.5309260000 0.6181000000
47888.8984400000 -3.5551540000 0.6176660000
47907.3984400000 -3.5801370000 0.6172330000
47925.8984400000 -3.6059180000 0.6168000000
47944.3984400000 -3.6325410000 0.6163670000
47963.0000000000 -3.6602290000 0.6159330000
47981.6015600000 -3.6888880000 0.6154990000
47992.9296900000 -3.7068520000 0.6152340000
48000.1015600000 -3.7184320000 0.6150670000
48018.6992200000 -3.7492470000 0.6146340000
48037.3007800000 -3.7812760000 0.6142020000
48055.8984400000 -3.8146030000 0.6137700000
48074.6015600000 -3.8495440000 0.6133350000
48093.1992200000 -3.8858310000 0.6129040000
48111.8984400000 -3.9239970000 0.6124710000
48130.6015600000 -3.9640120000 0.6120390000
48149.3007800000 -4.0060610000 0.6116060000
48168.0000000000 -4.0503550000 0.6111750000
48186.6992200000 -4.0971420000 0.6107430000
48205.3984400000 -4.1467120000 0.6103130000
48224.1992200000 -4.1996980000 0.6098800000
48242.8984400000 -4.2559550000 0.6094500000
48261.6992200000 -4.3165970000 0.6090180000
48280.5000000000 -4.3819320000 0.6085870000
48299.3007800000 -4.4527650000 0.6081560000
48318.1015600000 -4.5300530000 0.6077260000
48337.0000000000 -4.6155740000 0.6072940000
48355.8007800000 -4.7101020000 0.6068650000
48374.6992200000 -4.8170010000 0.6064330000
48393.6015600000 -4.9391810000 0.6060030000
48412.5000000000 -5.0816060000 0.6055720000
48431.3984400000 -5.2523070000 0.6051430000
48450.3007800000 -5.4651070000 0.6047130000
48469.3007800000 -5.7491350000 0.6042820000
48488.1992200000 -6.1699100000 0.6038540000
48507.1992200000 -7.0158940000 0.6034230000
48526.1992200000 -7.4590370000 3.3886350000
48545.1992200000 -6.3100060000 3.3866050000
48564.1992200000 -5.8235410000 3.3845760000
48583.1992200000 -5.5096580000 3.3825490000
48602.3007800000 -5.2761290000 3.3805120000
48621.3007800000 -5.0915770000 3.3784890000
48640.3984400000 -4.9374810000 3.3764560000
48659.5000000000 -4.8056990000 3.3744250000
48678.6015600000 -4.6905310000 3.3723950000
48697.6992200000 -4.5882220000 3.3703680000
48716.8007800000 -4.4961580000 3.3683410000
48736.0000000000 -4.4120390000 3.3663060000
48755.1015600000 -4.3353190000 3.3642830000
48774.3007800000 -4.2641110000 3.3622510000
48793.5000000000 -4.1979730000 3.3602210000
48812.6992200000 -4.1362220000 3.3581920000
48832.0000000000 -4.0780030000 3.3561550000
48851.1992200000 -4.0234800000 3.3541300000
48870.5000000000 -3.9716970000 3.3520960000
48889.6992200000 -3.9228670000 3.3500740000
48909.0000000000 -3.8762040000 3.3480420000
48928.3007800000 -3.8317510000 3.3460140000
48931.3125000000 -3.8249950000 3.3456970000
48947.6015600000 -3.7892900000 3.3439860000
48967.0000000000 -3.7484570000 3.3419490000
48986.3007800000 -3.7095000000 3.3399250000
49005.6992200000 -3.6719000000 3.3378920000
49025.0000000000 -3.6359050000 3.3358710000
49044.3984400000 -3.6010550000 3.3338420000
49063.8007800000 -3.5674280000 3.3318130000
49083.3007800000 -3.5347830000 3.3297770000
49102.6992200000 -3.5033810000 3.3277520000
49122.1992200000 -3.4728180000 3.3257180000
49141.6015600000 -3.4433480000 3.3236970000
49161.1015600000 -3.4146140000 3.3216670000
49180.6015600000 -3.3867150000 3.3196380000
49200.1015600000 -3.3596080000 3.3176120000
49219.6992200000 -3.3331070000 3.3155760000
49239.1992200000 -3.3074450000 3.3135530000
49258.8007800000 -3.2823220000 3.3115200000
49278.3984400000 -3.2578420000 3.3094900000
49297.8984400000 -3.2340820000 3.3074720000
49317.6015600000 -3.2106540000 3.3054340000
49337.1992200000 -3.1878980000 3.3034080000
49356.8007800000 -3.1656650000 3.3013850000
49376.5000000000 -3.1438220000 3.2993520000
49396.1992200000 -3.1224600000 3.2973220000
49415.8007800000 -3.1016580000 3.2953020000
49435.5000000000 -3.0811940000 3.2932750000
49455.3007800000 -3.0610520000 3.2912390000
49475.0000000000 -3.0414170000 3.2892150000
49494.6992200000 -3.0221710000 3.2871930000
49514.5000000000 -3.0031990000 3.2851620000
49534.3007800000 -2.9845900000 3.2831330000
49554.1015600000 -2.9663330000 3.2811050000
49573.8984400000 -2.9484110000 3.2790790000
49593.6992200000 -2.9308100000 3.2770550000
49613.6015600000 -2.9134340000 3.2750220000
49633.3984400000 -2.8964490000 3.2730020000
49653.3007800000 -2.8796680000 3.2709720000
49673.1992200000 -2.8631740000 3.2689450000
49693.1015600000 -2.8469500000 3.2669190000
49713.0000000000 -2.8309910000 3.2648940000
49733.0000000000 -2.8152100000 3.2628610000
49752.8984400000 -2.7997590000 3.2608410000
49772.8984400000 -2.7844700000 3.2588110000
49792.8984400000 -2.7694150000 3.2567840000
49812.8984400000 -2.7545910000 3.2547580000
49832.8984400000 -2.7399850000 3.2527340000
49853.0000000000 -2.7255200000 3.2507010000
49873.0000000000 -2.7113380000 3.2486800000
49888.0429700000 -2.7008050000 3.2471610000
49893.1015600000 -2.6972890000 3.2466510000
49913.1992200000 -2.6834380000 3.2446230000
49933.3007800000 -2.6697800000 3.2425980000
49953.3984400000 -2.6563090000 3.2405740000
49973.5000000000 -2.6430210000 3.2385510000
49993.6992200000 -2.6298460000 3.2365210000
50013.8984400000 -2.6168460000 3.2344920000
50034.0000000000 -2.6040750000 3.2324740000
50054.1992200000 -2.5914090000 3.2304480000
50074.5000000000 -2.5788410000 3.2284140000
50094.6992200000 -2.5664950000 3.2263920000
50114.8984400000 -2.5543020000 3.2243720000
50135.1992200000 -2.5421970000 3.2223430000
50155.5000000000 -2.5302410000 3.2203160000
50175.8007800000 -2.5184280000 3.2182900000
50196.1015600000 -2.5067550000 3.2162660000
50216.3984400000 -2.4952210000 3.2142450000
50236.8007800000 -2.4837630000 3.2122140000
50257.1015600000 -2.4724930000 3.2101960000
50277.5000000000 -2.4612980000 3.2081690000
50297.8984400000 -2.4502290000 3.2061450000
50318.3007800000 -2.4392800000 3.2041210000
50338.8007800000 -2.4284020000 3.2020890000
50359.1992200000 -2.4176960000 3.2000700000
50379.6992200000 -2.4070530000 3.1980420000
50400.1015600000 -2.3965750000 3.1960250000
50420.6015600000 -2.3861570000 3.1940000000
50441.1015600000 -2.3758490000 3.1919780000
50461.6992200000 -2.3655990000 3.1899470000
50482.1992200000 -2.3555040000 3.1879270000
50502.8007800000 -2.3454640000 3.1859000000
50523.3984400000 -2.3355260000 3.1838740000
50544.0000000000 -2.3256870000 3.1818500000
50564.6015600000 -2.3159440000 3.1798270000
50585.1992200000 -2.3063020000 3.1778070000
50605.8984400000 -2.2967040000 3.1757780000
50626.5000000000 -2.2872460000 3.1737610000
50647.1992200000 -2.2778340000 3.1717360000
50667.8984400000 -2.2685100000 3.1697130000
50688.6015600000 -2.2592740000 3.1676910000
50709.3007800000 -2.2501270000 3.1656710000
50730.1015600000 -2.2410190000 3.1636430000
50750.8984400000 -2.2319980000 3.1616170000
50771.6015600000 -2.2231000000 3.1596020000
50792.3984400000 -2.2142430000 3.1575790000
50813.3007800000 -2.2054200000 3.1555480000
50834.1015600000 -2.1967190000 3.1535290000
50854.8984400000 -2.1880980000 3.1515120000
50863.4765600000 -2.1845630000 3.1506800000
50875.8007800000 -2.1795070000 3.1494860000
50896.6992200000 -2.1709950000 3.1474630000
50917.6015600000 -2.1625550000 3.1454400000
50938.5000000000 -2.1541890000 3.1434200000
50959.5000000000 -2.1458540000 3.1413920000
50980.3984400000 -2.1376290000 3.1393750000
51001.3984400000 -2.1294340000 3.1373510000
51022.3984400000 -2.1213080000 3.1353280000
51043.3984400000 -2.1132500000 3.1333070000
51064.3984400000 -2.1052580000 3.1312870000
51085.3984400000 -2.0973320000 3.1292700000
51106.5000000000 -2.0894330000 3.1272440000
51127.6015600000 -2.0815970000 3.1252200000
51148.6992200000 -2.0738250000 3.1231980000
51169.8007800000 -2.0661150000 3.1211780000
51190.8984400000 -2.0584660000 3.1191600000
51212.0000000000 -2.0508760000 3.1171430000
51233.1992200000 -2.0433110000 3.1151190000
51857.9843800000 -1.8435940000 3.0562400000
52871.9375000000 -1.5894470000 2.9638280000
53905.7187500000 -1.3880790000 2.8734290000
54959.7109400000 -1.2226150000 2.7850290000
56034.3085900000 -1.0833870000 2.6986110000
57129.9218800000 -0.9643060000 2.6141590000
58246.9531300000 -0.8612700000 2.5316560000
59385.8281300000 -0.7713710000 2.4510810000
60546.9687500000 -0.6924670000 2.3724170000
61730.8125000000 -0.6229310000 2.2956440000
62937.8046900000 -0.5614880000 2.2207400000
64168.3984400000 -0.5198610000 2.1498780000
65423.0507800000 -0.4722070000 2.0813460000
66702.2343800000 -0.4297350000 2.0148300000
68006.4296900000 -0.3918540000 1.9502750000
69336.1250000000 -0.3580640000 1.8876290000
70691.8203100000 -0.3279340000 1.8268410000
72074.0234400000 -0.3010950000 1.7678600000
73483.2500000000 -0.2772230000 1.7106380000
74920.0312500000 -0.2560350000 1.6551270000
76384.9062500000 -0.2372830000 1.6012810000
77878.4218800000 -0.2207440000 1.5490540000
79401.1406300000 -0.2062220000 1.4984030000
80953.6328100000 -0.1934990000 1.4493430000
82536.4765600000 -0.1824300000 1.4018080000
84150.2734400000 -0.1728960000 1.3557160000
85795.6250000000 -0.1647690000 1.3110280000
87473.1406300000 -0.1579310000 1.2677040000
89183.4609400000 -0.1522750000 1.2257070000
90927.2187500000 -0.1477040000 1.1850000000
92705.0781300000 -0.1441300000 1.1455460000
94517.6953100000 -0.1414710000 1.1073110000
96365.7500000000 -0.1396520000 1.0702590000
98249.9453100000 -0.1403860000 1.0344800000
100170.9766000000 -0.1401510000 0.9999040000
102129.5703000000 -0.1405430000 0.9664340000
104126.4609000000 -0.1415060000 0.9340350000
106162.3906000000 -0.1429900000 0.9026760000
108238.1328000000 -0.1449480000 0.8723240000
110354.4609000000 -0.1473360000 0.8429490000
112512.1641000000 -0.1501160000 0.8145200000
114712.0547000000 -0.1532490000 0.7870080000
116954.9688000000 -0.1567030000 0.7603860000
119241.7266000000 -0.1604450000 0.7346250000
121573.2031000000 -0.1644460000 0.7097000000
123950.2656000000 -0.1686790000 0.6855840000
126373.8047000000 -0.1731200000 0.6622530000
128844.7266000000 -0.1777450000 0.6396820000
131363.9688000000 -0.1825320000 0.6178470000
133932.4531000000 -0.1874620000 0.5967260000
136551.1719000000 -0.1925160000 0.5762960000
139221.0938000000 -0.1976770000 0.5565350000
141943.2188000000 -0.2029290000 0.5374240000
144718.5625000000 -0.2082580000 0.5189410000
147548.1719000000 -0.2136490000 0.5010670000
150433.1094000000 -0.2190900000 0.4837820000
153374.4531000000 -0.2245710000 0.4670690000
156373.2969000000 -0.2300790000 0.4509090000
159430.7969000000 -0.2356050000 0.4352840000
162548.0625000000 -0.2411400000 0.4201780000
165726.2813000000 -0.2466750000 0.4055740000
168966.6406000000 -0.2522030000 0.3914570000
172270.3750000000 -0.2577160000 0.3778100000
175638.6875000000 -0.2632080000 0.3646200000
179072.8594000000 -0.2686720000 0.3518710000
182574.1875000000 -0.2741040000 0.3395490000
186143.9688000000 -0.2794970000 0.3276400000
189783.5469000000 -0.2848480000 0.3161320000
193494.2969000000 -0.2901530000 0.3050120000
197277.5938000000 -0.2954060000 0.2942660000
201134.8594000000 -0.3006060000 0.2838840000
205067.5469000000 -0.3057490000 0.2738530000
209077.1406000000 -0.3108330000 0.2641610000
213165.1250000000 -0.3217090000 0.2550420000
217333.0313000000 -0.3266230000 0.2463350000
221582.4375000000 -0.3314540000 0.2379270000
225914.9219000000 -0.3362020000 0.2298090000
230332.1250000000 -0.3408650000 0.2219710000
234835.7031000000 -0.3454440000 0.2144030000
239427.3281000000 -0.3499380000 0.2070950000
244108.7344000000 -0.3543460000 0.2000390000
248881.6719000000 -0.3586700000 0.1932260000
253747.9219000000 -0.3629090000 0.1866470000
258709.3281000000 -0.3670620000 0.1802950000
263767.7500000000 -0.3711320000 0.1741610000
268925.0625000000 -0.3751170000 0.1682380000
274183.2188000000 -0.3790190000 0.1625180000
279544.1875000000 -0.3828390000 0.1569950000
285010.0000000000 -0.3865760000 0.1516610000
290582.6563000000 -0.3902320000 0.1465110000
296264.2500000000 -0.3938070000 0.1415380000
302056.9688000000 -0.3973030000 0.1367350000
307962.9375000000 -0.4007210000 0.1320970000
313984.3750000000 -0.4040600000 0.1276180000
320123.5625000000 -0.4073230000 0.1232920000
326382.7813000000 -0.4105110000 0.1191150000
332764.3750000000 -0.4136240000 0.1150810000
339270.7500000000 -0.4166640000 0.1111850000
345904.3438000000 -0.4196320000 0.1074220000
352667.6563000000 -0.4225290000 0.1037880000
359563.1875000000 -0.4253560000 0.1002790000
366593.5625000000 -0.4281140000 0.0968890000
373761.3750000000 -0.4308050000 0.0936160000
381069.3438000000 -0.4334300000 0.0904550000
388520.2188000000 -0.4359890000 0.0874010000
396116.7500000000 -0.4384850000 0.0844520000
403861.8125000000 -0.4409190000 0.0816040000
411758.3438000000 -0.4432900000 0.0788520000
419809.2500000000 -0.4456020000 0.0761950000
428017.5625000000 -0.4478550000 0.0736290000
436386.3750000000 -0.4500500000 0.0711500000
444918.8125000000 -0.4521890000 0.0687550000
453618.0938000000 -0.4542720000 0.0664420000
462487.4688000000 -0.4563010000 0.0642080000
471530.2500000000 -0.4582770000 0.0620500000
480749.8438000000 -0.4602010000 0.0599660000
490149.7188000000 -0.4620740000 0.0579530000
499733.3750000000 -0.4638980000 0.0560080000
509504.4063000000 -0.4656730000 0.0541290000
519466.5000000000 -0.4674010000 0.0523140000
529623.3750000000 -0.4690820000 0.0505610000
539978.8125000000 -0.4707180000 0.0488680000
550536.7500000000 -0.4723100000 0.0472320000
561301.1250000000 -0.4738590000 0.0456510000
572276.0000000000 -0.4753660000 0.0441240000
583465.4375000000 -0.4768320000 0.0426490000
594873.6250000000 -0.4782570000 0.0412250000
606504.8750000000 -0.4796430000 0.0398480000
618363.5625000000 -0.4809910000 0.0385180000
630454.1250000000 -0.4823020000 0.0372330000
642781.1250000000 -0.4835760000 0.0359920000
655349.0625000000 -0.4848150000 0.0347930000
668162.8125000000 -0.4860190000 0.0336340000
681227.0625000000 -0.4871900000 0.0325140000
694546.7500000000 -0.4883280000 0.0314330000
