30.0000000000 -41.3356020000 6.3134940000
30.5865750000 -41.3225590000 6.0649000000
31.1846200000 -41.3227730000 5.8370600000
31.7943570000 -41.3341640000 5.6285300000
32.4160160000 -41.3549880000 5.4379820000
33.0498310000 -41.3837780000 5.2641960000
33.6960370000 -41.4193000000 5.1060610000
34.3548770000 -41.4605260000 4.9625450000
35.0266040000 -41.5066110000 4.8327100000
35.7114600000 -41.5569190000 4.7156890000
36.4097100000 -41.6108970000 4.6106880000
37.1216090000 -41.6683690000 4.5169770000
37.8474310000 -41.7330930000 4.4564140000
38.5874440000 -41.7834590000 4.3849160000
39.3419230000 -41.8389400000 4.3229360000
40.1111560000 -41.8963390000 4.2699550000
40.8954320000 -41.9548030000 4.2254940000
41.6950380000 -42.0138890000 4.1891170000
42.5102810000 -42.0732960000 4.1604180000
43.3414650000 -42.1327930000 4.1390270000
44.1888960000 -42.1922110000 4.1246030000
45.0529020000 -42.2514040000 4.1168330000
45.9338000000 -42.3102570000 4.1154290000
46.8319210000 -42.3686750000 4.1201290000
47.7476010000 -42.4265820000 4.1306880000
48.6811870000 -42.4839130000 4.1468840000
49.6330260000 -42.5406230000 4.1685150000
50.6034740000 -42.5966720000 4.1953920000
51.5928990000 -42.6520310000 4.2273440000
52.6016690000 -42.7066840000 4.2642150000
53.6301650000 -42.7606120000 4.3058620000
54.6787680000 -42.8138200000 4.3521540000
55.7478750000 -42.8663060000 4.4029710000
56.8378870000 -42.9180830000 4.4582050000
57.9492070000 -42.9691620000 4.5177580000
59.0822600000 -43.0195660000 4.5815400000
60.2374690000 -43.0693240000 4.6494700000
61.4152600000 -43.1184730000 4.7214750000
62.6160810000 -43.1670530000 4.7974890000
63.8403850000 -43.2151150000 4.8774530000
65.0886230000 -43.2627140000 4.9613160000
66.3612670000 -43.3099210000 5.0490300000
67.6587980000 -43.3568080000 5.1405550000
68.9816970000 -43.4034610000 5.2358560000
70.3304600000 -43.4499890000 5.3348990000
71.7055970000 -43.4965060000 5.4376610000
73.1076200000 -43.5431440000 5.5441180000
74.5370640000 -43.5900500000 5.6542540000
75.9944460000 -41.1299360000 5.7238540000
77.4803310000 -41.0943490000 5.7642790000
78.9952620000 -41.0594520000 5.8037370000
80.5398180000 -41.0256460000 5.8421120000
82.1145710000 -40.9933890000 5.8792900000
83.7201160000 -40.9632000000 5.9151640000
85.3570560000 -40.9311100000 5.9494890000
87.0260010000 -40.9068110000 5.9821940000
88.7275770000 -40.8866840000 6.0132840000
90.4624250000 -40.8716740000 6.0426690000
92.2311940000 -40.8629110000 6.0702630000
94.0345380000 -40.8617590000 6.0959840000
95.8731540000 -40.8698690000 6.1197560000
97.7477110000 -40.8892970000 6.1415070000
99.6589200000 -40.9226040000 6.1611690000
101.6075060000 -40.9730720000 6.1786790000
103.5941850000 -41.0449640000 6.1939810000
105.6197130000 -41.1439440000 6.2070210000
107.6848450000 -41.2777370000 6.2177510000
109.7903520000 -41.4571610000 6.2261280000
111.9370270000 -41.6979290000 6.2321130000
114.1256790000 -42.0237880000 6.2356730000
116.3571170000 -42.4724880000 6.2367800000
118.6321950000 -43.1079980000 6.2354100000
120.9517520000 -49.4286310000 8.5723920000
123.3166580000 -41.8210220000 7.0169830000
125.7278060000 -39.1054460000 5.6862110000
128.1860960000 -37.5544200000 4.5436340000
130.6924590000 -36.5572930000 3.5591000000
133.2478330000 -35.8810840000 2.7075840000
135.8531490000 -35.4090350000 1.9682900000
138.5094300000 -35.0741960000 1.3238530000
141.2176360000 -34.8346980000 0.7597700000
143.9787900000 -34.6629910000 0.2639000000
146.7939300000 -34.5402980000 9.8260400000
149.6641240000 -34.4534840000 9.4376130000
152.5904390000 -34.4536780000 9.0942340000
155.5739590000 -34.4145240000 8.7874350000
158.6158140000 -34.3901940000 8.5116710000
161.7171480000 -34.3771780000 8.2625490000
164.8791350000 -34.3729480000 8.0363390000
168.1029360000 -34.3757130000 7.8298650000
171.3897710000 -34.3842350000 7.6404240000
174.7408600000 -34.3976970000 7.4657070000
178.1574860000 -34.4156230000 7.3037440000
181.6409150000 -34.4377980000 7.1528490000
185.1924440000 -34.4642300000 7.0115850000
188.8134160000 -34.4951250000 6.8787200000
192.5051880000 -34.5308720000 6.7532030000
196.2691500000 -34.5720410000 6.6341360000
200.1067050000 -34.6194080000 6.5207540000
204.0192870000 -34.6740040000 6.4124070000
208.0083770000 -34.7371670000 6.3085460000
212.0754700000 -34.8106880000 6.2087040000
216.2220760000 -34.8969990000 6.1124970000
220.4497530000 -34.9995190000 6.0196040000
224.7601010000 -35.1232950000 5.9297610000
229.1547240000 -35.2761920000 5.8427620000
233.6352690000 -35.4714010000 5.7584430000
238.2034300000 -35.8970450000 6.7130210000
242.8609010000 -35.6032600000 6.6504050000
247.6094360000 -35.5176850000 6.5901010000
252.4508210000 -35.5052070000 6.5320840000
257.3868710000 -35.5641140000 6.8066860000
262.4194340000 -35.4576340000 6.7603520000
267.5503850000 -35.4172740000 6.7164380000
272.7816770000 -35.4065930000 6.6750420000
278.1152340000 -35.4163930000 6.6362890000
283.5530700000 -35.4430430000 6.6003400000
289.0972600000 -35.4850390000 6.5673900000
294.7498170000 -35.5419850000 6.5376680000
300.5129390000 -35.6142580000 6.5114440000
306.3887020000 -35.7029500000 6.4890320000
312.3793640000 -35.8099940000 6.4707940000
318.4871830000 -35.9385600000 6.4571450000
324.7143860000 -36.0938990000 6.4485620000
331.0633850000 -36.6665530000 6.9717140000
337.5364990000 -36.3894350000 6.9789810000
344.1361690000 -36.4128840000 6.9930560000
350.8648990000 -36.4935870000 7.0147550000
357.7251890000 -36.6083450000 7.0450120000
364.7196040000 -36.7503930000 7.0849030000
371.8508000000 -36.9174920000 7.1356640000
379.1213990000 -37.1092410000 7.1987240000
386.5341800000 -37.3262100000 7.2757330000
394.0918880000 -37.5695920000 7.3685980000
401.7973630000 -37.5163420000 7.4726820000
409.6535340000 -37.8105160000 7.5944350000
417.6632690000 -38.1372910000 7.7394390000
425.8296200000 -38.4995500000 7.9111880000
434.1556700000 -38.9006040000 8.1137720000
442.6445010000 -39.3442270000 8.3519970000
451.2993160000 -39.8347020000 8.6315170000
460.1233520000 -40.3768840000 8.9590080000
469.1199040000 -40.9762690000 9.3423600000
478.2923890000 -41.6390760000 9.7909300000
487.6441960000 -32.2992290000 9.9698860000
497.1788640000 -32.1831320000 9.9684860000
506.8999330000 -32.0702510000 9.9623770000
516.8110960000 -31.9610770000 9.9514250000
526.9160770000 -31.8561360000 9.9355110000
537.2185670000 -31.7560040000 9.9145300000
547.7225340000 -31.6612970000 9.8883930000
558.4318850000 -31.5726970000 9.8570240000
569.3506470000 -31.4908600000 9.8203630000
580.4828490000 -31.4166160000 9.7783680000
591.8327640000 -31.3507800000 9.7310100000
603.4046020000 -31.2942490000 9.6782800000
615.2026370000 -31.2480010000 9.6201840000
627.2313840000 -31.2130990000 9.5567440000
639.4953610000 -31.1907080000 9.4879990000
651.9990840000 -31.1821080000 9.4140070000
664.7473140000 -31.1887150000 9.3348380000
677.7447510000 -31.2121090000 9.2505820000
690.9963990000 -31.2540610000 9.1613410000
704.5070800000 -31.3483890000 9.0672560000
718.2819820000 -31.4337770000 8.9693470000
732.3261720000 -31.5446510000 8.8668490000
746.6450200000 -31.6840970000 8.7599190000
761.2437740000 -31.8557800000 8.6487310000
776.1279910000 -32.0641100000 8.5334670000
791.3032230000 -32.3144870000 8.4143220000
806.7752080000 -32.6136550000 8.2914980000
822.5496830000 -32.9702380000 8.1652100000
838.6325680000 -33.3955960000 8.0356770000
855.0299680000 -33.9052280000 7.9031270000
871.7479250000 -34.5212210000 7.7677950000
888.7927860000 -35.2767640000 7.6299170000
906.1708980000 -36.2251930000 7.4897360000
923.8888550000 -37.4596820000 7.3474970000
941.9531860000 -39.1610410000 7.2034480000
960.3707280000 -41.7752190000 7.0599270000
979.1483760000 -46.2875520000 6.9154050000
998.2931520000 -56.5549620000 6.7698660000
1017.8123170000 -98.1218800000 6.6655200000
1037.7131350000 -46.8369060000 9.6296540000
1058.0029300000 -11.9923960000 5.1311340000
1078.6895750000 17.4528600000 9.5274010000
1099.7806400000 3.7955900000 8.4272210000
1121.2841800000 -7.9247160000 6.9380280000
1143.2080080000 -16.2720570000 2.1720090000
1165.5606690000 -22.5617520000 0.0025300000
1188.3502200000 -27.8705460000 8.9784510000
1211.5854490000 -32.9767910000 8.5655290000
1235.2750240000 -38.5677570000 8.6031600000
1259.4277340000 -45.4739570000 9.1589880000
1284.0527340000 -55.0155030000 0.5870090000
1309.1591800000 -69.7161560000 3.8629390000
1334.7564700000 -95.1027070000 1.6663170000
1360.8542480000 -55.1318400000 9.1443710000
1387.4624020000 -19.8553410000 9.6169990000
1414.5908200000 -18.5023690000 8.7048130000
1442.2495120000 -17.7527940000 7.8416730000
1470.4492190000 -18.8389020000 7.0244220000
1499.2000730000 -16.0788290000 8.0212970000
1528.5131840000 -15.0593940000 7.2123340000
1558.3995360000 -14.3449230000 6.4558640000
1588.8701170000 -13.8280730000 5.7492010000
1619.9365230000 -13.5406220000 5.0902560000
1651.6103520000 -13.6462730000 5.6511400000
1683.9034420000 -12.4537880000 5.0666240000
1716.8280030000 -11.8221800000 4.5282000000
1750.3962400000 -11.3194650000 4.0358030000
1784.6208500000 -10.2606150000 3.5170120000
1819.5146480000 -9.8304830000 2.9789220000
1855.0908200000 -9.4266790000 2.4654810000
1891.3624270000 -9.0571540000 1.9765850000
1928.3432620000 -8.4040500000 1.4872570000
1966.0472410000 -8.0535210000 0.9792140000
2004.4884030000 -7.7279430000 0.4838980000
2043.6811520000 -7.4247430000 0.0009750000
2083.6401370000 -6.9383480000 9.5140110000
2124.3806150000 -6.5460810000 9.0259690000
2165.9174800000 -6.2546300000 8.5375770000
2208.2666020000 -6.0201690000 8.0558010000
2251.4438480000 -5.8037350000 7.5834620000
2295.4653320000 -5.7143440000 7.1229990000
2340.3474120000 -5.5300490000 6.6724400000
2386.1069340000 -5.3607430000 6.2309860000
2432.7612300000 -5.2056340000 5.7985320000
2480.3278810000 -5.0639980000 5.3749750000
2528.8244630000 -4.9351740000 4.9602160000
2578.2692870000 -4.8185530000 4.5541490000
2628.6809080000 -4.7135750000 4.1566660000
2680.0783690000 -4.6197270000 3.7676610000
2732.4804690000 -4.5564780000 3.3877800000
2785.9074710000 -4.4841070000 3.0176060000
2840.3789060000 -4.4214080000 2.6556850000
2895.9152830000 -4.3680420000 2.3019010000
2952.5378420000 -4.3360520000 1.9563490000
3010.2673340000 -4.3009610000 1.6206230000
3069.1254880000 -4.2735470000 1.2966690000
3129.1347660000 -4.2532910000 0.9807300000
3190.3171390000 -4.2399160000 0.6726450000
3252.6958010000 -4.2331750000 0.3722490000
3316.2941890000 -4.2337950000 0.0794180000
3381.1359860000 -4.2398580000 9.7940480000
3447.2456050000 -4.2519600000 9.5159270000
3514.6479490000 -4.2699570000 9.2449000000
3583.3681640000 -4.2937330000 8.9808130000
3653.4318850000 -4.3232010000 8.7235160000
3724.8657230000 -4.3583040000 8.4728580000
3797.6960450000 -4.3990140000 8.2286950000
3871.9506840000 -4.4453370000 7.9908810000
3947.6569820000 -4.4973180000 7.7592740000
4024.8435060000 -4.5550380000 7.5337350000
4103.5390630000 -4.6186220000 7.3141270000
4183.7739260000 -4.6882470000 7.1003120000
4265.5771480000 -4.7641430000 6.8921600000
4348.9794920000 -4.8466070000 6.6895400000
4434.0131840000 -4.9375040000 6.4923230000
4520.7089840000 -5.0381870000 6.3006110000
4609.1005860000 -5.1475070000 6.1142480000
4699.2197270000 -5.2609890000 5.9330280000
4791.1015630000 -5.3857500000 5.7567250000
4884.7792970000 -5.5192980000 5.5852590000
4980.2890630000 -5.6647060000 5.4184680000
5077.6660160000 -5.8236200000 5.2562380000
5176.9472660000 -5.9981300000 5.0984540000
5278.1694340000 -6.1909180000 4.9450080000
5381.3710940000 -6.4054940000 4.7957920000
5486.5903320000 -6.6465610000 4.6507000000
5593.8666990000 -6.9205960000 4.5096290000
5703.2412110000 -7.2368660000 4.3724780000
5814.7534180000 -7.6092720000 4.2391500000
5928.4467770000 -8.0691760000 4.1097700000
6044.3627930000 -8.6378030000 3.9843280000
6162.5449220000 -9.4042240000 3.8624260000
6283.0380860000 -10.5812200000 3.7439940000
6405.8872070000 -13.2448490000 3.6290390000
6414.4199220000 -13.6308240000 3.6212800000
6414.7500000000 -13.6471890000 3.6209810000
6415.0800780000 -13.6636750000 3.6206810000
6415.4199220000 -13.6807920000 3.6203730000
6415.7500000000 -13.6975320000 3.6200730000
6416.0800780000 -13.7143990000 3.6197740000
6416.4101560000 -13.7313960000 3.6194750000
6416.7402340000 -13.7485490000 3.6191750000
6417.0800780000 -13.7663110000 3.6188670000
6417.4101560000 -13.7837380000 3.6185670000
6417.7402340000 -13.8012770000 3.6182680000
6418.0698240000 -13.8189310000 3.6179700000
6418.4101560000 -13.8373210000 3.6176610000
6418.7402340000 -13.8552920000 3.6173620000
6419.0698240000 -13.8733840000 3.6170630000
6419.3999020000 -13.8916510000 3.6167640000
6419.7402340000 -13.9106580000 3.6164560000
6420.0698240000 -13.9292100000 3.6161570000
6420.3999020000 -13.9479460000 3.6158590000
6420.7299800000 -13.9668680000 3.6155590000
6421.0698240000 -13.9864800000 3.6152520000
6421.3999020000 -14.0057360000 3.6149530000
6421.7299800000 -14.0251340000 3.6146540000
6422.0600590000 -14.0447030000 3.6143550000
6422.3999020000 -14.0650490000 3.6140480000
6422.7299800000 -14.0849750000 3.6137490000
6423.0600590000 -14.1050830000 3.6134510000
6423.3901370000 -14.1253760000 3.6131520000
6423.7299800000 -14.1464800000 3.6128440000
6424.0600590000 -14.1671570000 3.6125460000
6424.3901370000 -14.1880590000 3.6122470000
6424.7299800000 -14.2097420000 3.6119400000
6425.0600590000 -14.2310520000 3.6116410000
6425.3901370000 -14.2525390000 3.6113430000
6425.7202150000 -14.2742360000 3.6110450000
6426.0600590000 -14.2968160000 3.6107380000
6426.3901370000 -14.3189540000 3.6104400000
6426.7202150000 -14.3413150000 3.6101410000
6427.0600590000 -14.3645940000 3.6098340000
6427.3901370000 -14.3874240000 3.6095360000
6427.7202150000 -14.4104910000 3.6092380000
6428.0600590000 -14.4345130000 3.6089310000
6428.3901370000 -14.4580790000 3.6086330000
6428.7202150000 -14.4818990000 3.6083350000
6429.0600590000 -14.5067140000 3.6080280000
6429.3901370000 -14.5310660000 3.6077310000
6429.7202150000 -14.5557250000 3.6074320000
6430.0600590000 -14.5813490000 3.6071260000
6430.3901370000 -14.6065790000 3.6068280000
6430.7202150000 -14.6320610000 3.6065300000
6431.0600590000 -14.6585900000 3.6062240000
6431.3901370000 -14.6847210000 3.6059260000
6431.7202150000 -14.7111240000 3.6056280000
6432.0600590000 -14.7386640000 3.6053220000
6432.3901370000 -14.7657230000 3.6050250000
6432.7299800000 -14.7939540000 3.6047180000
6433.0600590000 -14.8217030000 3.6044210000
6433.3901370000 -14.8498030000 3.6041230000
6433.7299800000 -14.8791340000 3.6038170000
6434.0600590000 -14.9079790000 3.6035200000
6434.3901370000 -14.9372030000 3.6032220000
6434.7299800000 -14.9677250000 3.6029160000
6435.0600590000 -14.9977540000 3.6026190000
6435.3999020000 -15.0291270000 3.6023130000
6435.7299800000 -15.0600080000 3.6020160000
6436.0600590000 -15.0913250000 3.6017190000
6436.3999020000 -15.1240630000 3.6014130000
6436.7299800000 -15.1563060000 3.6011160000
6437.0698240000 -15.1900260000 3.6008100000
6437.3999020000 -15.2232510000 3.6005130000
6437.7402340000 -15.2580640000 3.6002070000
6438.0698240000 -15.2922850000 3.5999100000
6438.3999020000 -15.3270930000 3.5996130000
6438.7402340000 -15.3635900000 3.5993070000
6439.0698240000 -15.3994940000 3.5990110000
6439.4101560000 -15.4372160000 3.5987050000
6439.7402340000 -15.4743980000 3.5984080000
6440.0800780000 -15.5133720000 3.5981030000
6440.4101560000 -15.5518660000 3.5978060000
6440.7500000000 -15.5922400000 3.5975010000
6441.0800780000 -15.6321420000 3.5972040000
6441.4101560000 -15.6727750000 3.5969080000
6441.7500000000 -15.7154360000 3.5966020000
6442.0800780000 -15.7576410000 3.5963060000
6442.4199220000 -15.8019840000 3.5960010000
6442.7500000000 -15.8458850000 3.5957050000
6443.0898440000 -15.8920490000 3.5953990000
6443.4199220000 -15.9377910000 3.5951030000
6443.7597660000 -15.9859290000 3.5947980000
6444.0898440000 -16.0336700000 3.5945020000
6444.4301760000 -16.0840320000 3.5941960000
6444.7597660000 -16.1338860000 3.5939010000
6445.1000980000 -16.1866040000 3.5935950000
6445.4301760000 -16.2389200000 3.5932990000
6445.7700200000 -16.2940710000 3.5929950000
6446.1000980000 -16.3490980000 3.5926980000
6446.4399410000 -16.4070930000 3.5923940000
6446.7700200000 -16.4650340000 3.5920980000
6447.1098630000 -16.5261840000 3.5917940000
6447.4399410000 -16.5873640000 3.5914970000
6447.7797850000 -16.6520290000 3.5911930000
6448.1098630000 -16.7167360000 3.5908970000
6448.4501950000 -16.7855380000 3.5905920000
6448.7900390000 -16.8564400000 3.5902880000
6449.1201170000 -16.9274860000 3.5899920000
6449.4599610000 -17.0031490000 3.5896880000
6449.7900390000 -17.0791320000 3.5893920000
6450.1298830000 -17.1602400000 3.5890880000
6450.4599610000 -17.2418940000 3.5887930000
6450.7998050000 -17.3292870000 3.5884880000
6451.1298830000 -17.4175240000 3.5881930000
6451.4702150000 -17.5123960000 3.5878880000
6451.8100590000 -17.6112120000 3.5875840000
6452.1401370000 -17.7118000000 3.5872890000
6452.4799800000 -17.8201160000 3.5869850000
6452.8100590000 -17.9308620000 3.5866890000
6453.1499020000 -18.0506940000 3.5863860000
6453.4799800000 -18.1736890000 3.5860910000
6453.8198240000 -18.3079550000 3.5857870000
6454.1601560000 -18.4510480000 3.5854830000
6454.4902340000 -18.5991000000 3.5851880000
6454.8300780000 -18.7626950000 3.5848840000
6455.1601560000 -18.9338570000 3.5845890000
6455.5000000000 -19.1251470000 3.5842850000
6455.8398440000 -19.3341010000 3.5839820000
6456.1699220000 -19.5582140000 3.5836870000
6456.5097660000 -19.8146360000 3.5833840000
6456.8500980000 -20.1052840000 3.5830790000
6457.1801760000 -20.4284650000 3.5827850000
6457.5200200000 -20.8190360000 3.5824810000
6457.8500980000 -21.2772540000 3.5821870000
6458.1899410000 -21.8744950000 3.5818830000
6458.5297850000 -22.6920970000 3.5815800000
6458.8598630000 -23.9432810000 3.5812850000
6459.2001950000 -27.2659840000 3.5809820000
6459.5400390000 -25.3417820000 0.6334100000
6459.8701170000 -23.3957580000 0.6322570000
6460.2099610000 -22.3458580000 0.6310750000
6460.5498050000 -21.6318760000 0.6298900000
6460.8798830000 -21.1048050000 0.6287410000
6461.2202150000 -20.6656170000 0.6275560000
6461.5600590000 -20.2986660000 0.6263720000
6461.8901370000 -19.9918330000 0.6252240000
6462.2299800000 -19.7140580000 0.6240420000
6462.5698240000 -19.4670770000 0.6228600000
6462.8999020000 -19.2504290000 0.6217130000
6463.2402340000 -19.0467410000 0.6205290000
6463.5800780000 -18.8601570000 0.6193480000
6463.9101560000 -18.6926990000 0.6182000000
6464.2500000000 -18.5322270000 0.6170190000
6464.5898440000 -18.3823910000 0.6158380000
6464.9301760000 -18.2418670000 0.6146570000
6465.2597660000 -18.1135310000 0.6135130000
6465.6000980000 -17.9881530000 0.6123310000
6465.9399410000 -17.8695180000 0.6111520000
6466.2700200000 -17.7600350000 0.6100060000
6466.6098630000 -17.6525080000 0.6088280000
6466.9501950000 -17.5497150000 0.6076460000
6467.2900390000 -17.4516560000 0.6064690000
6467.6201170000 -17.3602560000 0.6053260000
6467.9599610000 -17.2697870000 0.6041470000
6468.2998050000 -17.1827950000 0.6029690000
6468.6401370000 -17.0989040000 0.6017890000
6468.9702150000 -17.0204580000 0.6006470000
6469.3100590000 -16.9423750000 0.5994690000
6469.6499020000 -16.8670010000 0.5982940000
6469.9902340000 -16.7938500000 0.5971160000
6470.3198240000 -16.7252370000 0.5959760000
6470.6601560000 -16.6564580000 0.5947980000
6471.0000000000 -16.5897960000 0.5936220000
6471.3398440000 -16.5251290000 0.5924480000
6471.6699220000 -16.4639150000 0.5913060000
6472.0097660000 -16.4026970000 0.5901320000
6472.3500980000 -16.3429240000 0.5889560000
6472.6899410000 -16.2847690000 0.5877810000
6473.0297850000 -16.2281490000 0.5866090000
6473.3598630000 -16.1743660000 0.5854670000
6473.7001950000 -16.1203330000 0.5842930000
6474.0400390000 -16.0675580000 0.5831200000
6474.3798830000 -16.0159870000 0.5819470000
6474.7202150000 -15.9655630000 0.5807740000
6475.0498050000 -15.9176750000 0.5796360000
6475.3901370000 -15.8693720000 0.5784640000
6475.7299800000 -15.8220780000 0.5772910000
6476.0698240000 -15.7757520000 0.5761190000
6476.4101560000 -15.7302920000 0.5749460000
6476.7500000000 -15.6858510000 0.5737760000
6477.0800780000 -15.6434800000 0.5726400000
6477.4199220000 -15.6006370000 0.5714690000
6477.7597660000 -15.5585910000 0.5702990000
6478.1000980000 -15.5172560000 0.5691270000
6478.4399410000 -15.4767740000 0.5679590000
6478.7797850000 -15.4369510000 0.5667890000
6479.1098630000 -15.3989590000 0.5656540000
6479.4501950000 -15.3604170000 0.5644830000
6479.7900390000 -15.3225760000 0.5633140000
6480.1298830000 -15.2854090000 0.5621470000
6480.4702150000 -15.2487430000 0.5609770000
6480.8100590000 -15.2127120000 0.5598090000
6481.1499020000 -15.1772980000 0.5586420000
6481.4902340000 -15.1423320000 0.5574730000
6481.8198240000 -15.1090020000 0.5563420000
6482.1601560000 -15.0750720000 0.5551740000
6482.5000000000 -15.0416920000 0.5540070000
6482.8398440000 -15.0087980000 0.5528400000
6483.1801760000 -14.9763770000 0.5516740000
6483.5200200000 -14.9444170000 0.5505080000
6483.8598630000 -14.9129030000 0.5493420000
6484.2001950000 -14.8818240000 0.5481770000
6484.5400390000 -14.8511690000 0.5470110000
6484.8798830000 -14.8209260000 0.5458470000
6485.2202150000 -14.7910410000 0.5446810000
6485.5498050000 -14.7624930000 0.5435520000
6485.8901370000 -14.7334110000 0.5423880000
6486.2299800000 -14.7047000000 0.5412240000
6486.5698240000 -14.6763520000 0.5400610000
6486.9101560000 -14.6483160000 0.5388960000
6487.2500000000 -14.6207050000 0.5377340000
6487.5898440000 -14.5933900000 0.5365720000
6487.9301760000 -14.5663670000 0.5354070000
6488.2700200000 -14.5397390000 0.5342460000
6488.6098630000 -14.5133870000 0.5330850000
6488.9501950000 -14.4873050000 0.5319210000
6489.2900390000 -14.4615570000 0.5307600000
6489.6298830000 -14.4361390000 0.5296000000
6489.9702150000 -14.4109350000 0.5284380000
6490.3100590000 -14.3860470000 0.5272770000
6490.6499020000 -14.3614660000 0.5261180000
6490.9902340000 -14.3370860000 0.5249570000
6491.3300780000 -14.3130010000 0.5237970000
6491.6699220000 -14.2891720000 0.5226370000
6492.0097660000 -14.2656290000 0.5214800000
6492.3500980000 -14.2422650000 0.5203190000
6492.6899410000 -14.2191750000 0.5191600000
6493.0297850000 -14.1963550000 0.5180030000
6493.3701170000 -14.1737010000 0.5168440000
6493.7099610000 -14.1513070000 0.5156850000
6494.0498050000 -14.1291350000 0.5145270000
6494.3901370000 -14.1071820000 0.5133710000
6494.7299800000 -14.0854430000 0.5122130000
6495.0698240000 -14.0639130000 0.5110560000
6495.4101560000 -14.0425910000 0.5098990000
6495.7500000000 -14.0214700000 0.5087430000
6496.0898440000 -14.0005480000 0.5075870000
6496.4301760000 -13.9797940000 0.5064300000
6496.7700200000 -13.9592870000 0.5052760000
6497.1098630000 -13.9389400000 0.5041200000
6497.4501950000 -13.9187490000 0.5029630000
6497.7900390000 -13.8987970000 0.5018100000
6498.1298830000 -13.8789940000 0.5006560000
6498.4702150000 -13.8593400000 0.4995000000
6498.8100590000 -13.8398850000 0.4983450000
6499.1499020000 -13.8206260000 0.4971930000
6499.4902340000 -13.8014810000 0.4960380000
6499.8300780000 -13.7825260000 0.4948850000
6500.1801760000 -13.7631810000 0.4936980000
6500.5200200000 -13.7445500000 0.4925460000
6500.8598630000 -13.7261010000 0.4913950000
6501.2001950000 -13.7077530000 0.4902410000
6501.5400390000 -13.6895820000 0.4890890000
6501.8798830000 -13.6715840000 0.4879390000
6502.2202150000 -13.6536830000 0.4867860000
6502.5600590000 -13.6359500000 0.4856350000
6502.8999020000 -13.6183590000 0.4844850000
6503.2402340000 -13.6009060000 0.4833340000
6503.5800780000 -13.5835920000 0.4821830000
6503.9301760000 -13.5659090000 0.4810000000
6504.2700200000 -13.5488660000 0.4798500000
6504.6098630000 -13.5319560000 0.4787010000
6504.9501950000 -13.5151740000 0.4775510000
6505.2900390000 -13.4985190000 0.4764020000
6505.6298830000 -13.4819900000 0.4752530000
6505.9702150000 -13.4655850000 0.4741050000
6506.3198240000 -13.4488240000 0.4729230000
6506.6601560000 -13.4326640000 0.4717750000
6507.0000000000 -13.4166220000 0.4706270000
6507.3398440000 -13.4006980000 0.4694800000
6507.6801760000 -13.3848890000 0.4683320000
6508.0200200000 -13.3691920000 0.4671860000
6508.3598630000 -13.3536080000 0.4660390000
6531.1386720000 -12.5047810000 0.3898080000
6658.8383790000 -10.4004510000 9.9831410000
6789.0356450000 -9.7139880000 9.6018550000
6921.7783200000 -9.9370330000 9.2441370000
6957.9902340000 -10.3345310000 9.1515550000
6958.3798830000 -10.3407620000 9.1505700000
6958.7700200000 -10.3470600000 9.1495850000
6959.1601560000 -10.3534250000 9.1485980000
6959.5498050000 -10.3598360000 9.1476140000
6959.9399410000 -10.3663160000 9.1466280000
6960.3300780000 -10.3728590000 9.1456430000
6960.7202150000 -10.3794650000 9.1446590000
6961.1098630000 -10.3861270000 9.1436760000
6961.5000000000 -10.3928720000 9.1426900000
6961.8901370000 -10.3996740000 9.1417060000
6962.2797850000 -10.4065350000 9.1407230000
6962.6699220000 -10.4134730000 9.1397400000
6963.0698240000 -10.4206610000 9.1387310000
6963.4599610000 -10.4277410000 9.1377490000
6963.8500980000 -10.4348920000 9.1367650000
6964.2402340000 -10.4421160000 9.1357830000
6964.6298830000 -10.4494050000 9.1348020000
6965.0200200000 -10.4567860000 9.1338190000
6965.4101560000 -10.4642350000 9.1328360000
6965.7998050000 -10.4717520000 9.1318560000
6966.2001950000 -10.4795630000 9.1308490000
6966.5898440000 -10.4872410000 9.1298690000
6966.9799800000 -10.4950080000 9.1288880000
6967.3701170000 -10.5028600000 9.1279070000
6967.7597660000 -10.5107850000 9.1269270000
6968.1499020000 -10.5188160000 9.1259460000
6968.5400390000 -10.5269240000 9.1249670000
6968.9399410000 -10.5353220000 9.1239620000
6969.3300780000 -10.5436210000 9.1229820000
6969.7202150000 -10.5520020000 9.1220030000
6970.1098630000 -10.5604660000 9.1210250000
6970.5000000000 -10.5690350000 9.1200460000
6970.8999020000 -10.5779250000 9.1190420000
6971.2900390000 -10.5866920000 9.1180640000
6971.6801760000 -10.5955590000 9.1170850000
6972.0698240000 -10.6045180000 9.1161090000
6972.4599610000 -10.6135920000 9.1151310000
6972.8598630000 -10.6230100000 9.1141290000
6973.2500000000 -10.6323010000 9.1131520000
6973.6401370000 -10.6417040000 9.1121750000
6974.0297850000 -10.6512180000 9.1111980000
6974.4199220000 -10.6608490000 9.1102220000
6974.8198240000 -10.6708350000 9.1092210000
6975.2099610000 -10.6807170000 9.1082440000
6975.6000980000 -10.6907100000 9.1072680000
6975.9902340000 -10.7008270000 9.1062930000
6976.3901370000 -10.7113360000 9.1052920000
6976.7797850000 -10.7217020000 9.1043190000
6977.1699220000 -10.7322120000 9.1033440000
6977.5600590000 -10.7428590000 9.1023690000
6977.9599610000 -10.7539230000 9.1013700000
6978.3500980000 -10.7648540000 9.1003960000
6978.7402340000 -10.7759310000 9.0994220000
6979.1401370000 -10.7874460000 9.0984230000
6979.5297850000 -10.7988140000 9.0974510000
6979.9199220000 -10.8103490000 9.0964780000
6980.3100590000 -10.8220450000 9.0955050000
6980.7099610000 -10.8342110000 9.0945070000
6981.1000980000 -10.8462420000 9.0935340000
6981.4902340000 -10.8584440000 9.0925630000
6981.8901370000 -10.8711410000 9.0915650000
6982.2797850000 -10.8836880000 9.0905940000
6982.6699220000 -10.8964350000 9.0896230000
6983.0698240000 -10.9097050000 9.0886270000
6983.4599610000 -10.9228410000 9.0876560000
6983.8500980000 -10.9361760000 9.0866850000
6984.2500000000 -10.9500680000 9.0856900000
6984.6401370000 -10.9638240000 9.0847190000
6985.0297850000 -10.9777810000 9.0837500000
6985.4301760000 -10.9923620000 9.0827540000
6985.8198240000 -11.0067770000 9.0817850000
6986.2099610000 -11.0214440000 9.0808160000
6986.6098630000 -11.0367410000 9.0798220000
6987.0000000000 -11.0519080000 9.0788530000
6987.3999020000 -11.0677330000 9.0778590000
6987.7900390000 -11.0834310000 9.0768900000
6988.1801760000 -11.0994040000 9.0759220000
6988.5800780000 -11.1160810000 9.0749290000
6988.9702150000 -11.1326380000 9.0739610000
6989.3598630000 -11.1494760000 9.0729950000
6989.7597660000 -11.1670910000 9.0720020000
6990.1499020000 -11.1845930000 9.0710350000
6990.5498050000 -11.2028920000 9.0700440000
6990.9399410000 -11.2210840000 9.0690770000
6991.3398440000 -11.2400930000 9.0680870000
6991.7299800000 -11.2590480000 9.0671200000
6992.1201170000 -11.2783680000 9.0661540000
6992.5200200000 -11.2985750000 9.0651640000
6992.9101560000 -11.3187480000 9.0641980000
6993.3100590000 -11.3398370000 9.0632090000
6993.7001950000 -11.3608810000 9.0622430000
6994.1000980000 -11.3829530000 9.0612540000
6994.4902340000 -11.4049690000 9.0602890000
6994.8901370000 -11.4280820000 9.0592990000
6995.2797850000 -11.4511290000 9.0583370000
6995.6699220000 -11.4747620000 9.0573730000
6996.0698240000 -11.4996090000 9.0563840000
6996.4599610000 -11.5244540000 9.0554210000
6996.8598630000 -11.5506050000 9.0544330000
6997.2500000000 -11.5767830000 9.0534700000
6997.6499020000 -11.6043370000 9.0524840000
6998.0400390000 -11.6320230000 9.0515200000
6998.4399410000 -11.6611680000 9.0505340000
6998.8300780000 -11.6904580000 9.0495720000
6999.2299800000 -11.7214130000 9.0485860000
6999.6201170000 -11.7525350000 9.0476240000
7000.0200200000 -11.7854800000 9.0466380000
7000.4101560000 -11.8186650000 9.0456760000
7000.8100590000 -11.8538600000 9.0446910000
7001.2099610000 -11.8902660000 9.0437070000
7001.6000980000 -11.9271390000 9.0427460000
7002.0000000000 -11.9662870000 9.0417610000
7002.3901370000 -12.0059850000 9.0408020000
7002.7900390000 -12.0483470000 9.0398170000
7003.1801760000 -12.0913810000 9.0388570000
7003.5800780000 -12.1374440000 9.0378730000
7003.9702150000 -12.1843960000 9.0369150000
7004.3701170000 -12.2348380000 9.0359310000
7004.7700200000 -12.2877540000 9.0349490000
7005.1601560000 -12.3421640000 9.0339900000
7005.5600590000 -12.4008870000 9.0330080000
7005.9501950000 -12.4615190000 9.0320500000
7006.3500980000 -12.5275090000 9.0310680000
7006.7402340000 -12.5960200000 9.0301100000
7007.1401370000 -12.6711500000 9.0291280000
7007.5400390000 -12.7519200000 9.0281470000
7007.9301760000 -12.8369470000 9.0271900000
7008.3300780000 -12.9315790000 9.0262100000
7008.7202150000 -13.0327790000 9.0252520000
7009.1201170000 -13.1470730000 9.0242730000
7009.5200200000 -13.2748820000 9.0232930000
7009.9101560000 -13.4157070000 9.0223370000
7010.3100590000 -13.5817080000 9.0213570000
7010.7099610000 -13.7769120000 9.0203780000
7011.1000980000 -14.0080680000 9.0194230000
7011.5000000000 -14.3080930000 9.0184440000
7011.8999020000 -14.7204950000 9.0174660000
7012.2900390000 -15.3586380000 9.0165110000
7012.6899410000 -17.0870340000 9.0155320000
7013.0898440000 -16.0115180000 2.5647570000
7013.4799800000 -15.0450210000 2.5633100000
7013.8798830000 -14.5206460000 2.5618300000
7014.2797850000 -14.1623370000 2.5603480000
7014.6699220000 -13.8959050000 2.5589040000
7015.0698240000 -13.6747250000 2.5574230000
7015.4702150000 -13.4892290000 2.5559420000
7015.8598630000 -13.3331590000 2.5544990000
7016.2597660000 -13.1924550000 2.5530200000
7016.6601560000 -13.0666630000 2.5515390000
7017.0498050000 -12.9560890000 2.5500990000
7017.4501950000 -12.8523450000 2.5486190000
7017.8500980000 -12.7572520000 2.5471430000
7018.2500000000 -12.6691680000 2.5456660000
7018.6401370000 -12.5891900000 2.5442250000
7019.0400390000 -12.5124130000 2.5427480000
7019.4399410000 -12.4403030000 2.5412710000
7019.8398440000 -12.3723940000 2.5397970000
7020.2299800000 -12.3096370000 2.5383590000
7020.6298830000 -12.2485160000 2.5368830000
7021.0297850000 -12.1903600000 2.5354080000
7021.4301760000 -12.1348880000 2.5339340000
7021.8198240000 -12.0832180000 2.5324980000
7022.2202150000 -12.0323000000 2.5310230000
7022.6201170000 -11.9834940000 2.5295500000
7023.0200200000 -11.9366270000 2.5280780000
7023.4101560000 -11.8925050000 2.5266410000
7023.8100590000 -11.8489500000 2.5251700000
7024.2099610000 -11.8068450000 2.5236990000
7024.6098630000 -11.7661360000 2.5222270000
7025.0097660000 -11.7267800000 2.5207590000
7025.3999020000 -11.6895380000 2.5193240000
7025.7998050000 -11.6524720000 2.5178550000
7026.2001950000 -11.6164430000 2.5163830000
7026.6000980000 -11.5815120000 2.5149150000
7027.0000000000 -11.5474960000 2.5134470000
7027.3999020000 -11.5143840000 2.5119780000
7027.7900390000 -11.4829250000 2.5105470000
7028.1899410000 -11.4514590000 2.5090790000
7028.5898440000 -11.4207990000 2.5076140000
7028.9902340000 -11.3908000000 2.5061450000
7029.3901370000 -11.3615320000 2.5046790000
7029.7900390000 -11.3329620000 2.5032140000
7030.1899410000 -11.3049890000 2.5017480000
7030.5800780000 -11.2782980000 2.5003190000
7030.9799800000 -11.2514930000 2.4988550000
7031.3798830000 -11.2252720000 2.4973930000
7031.7797850000 -11.1995500000 2.4959280000
7032.1801760000 -11.1743040000 2.4944630000
7032.5800780000 -11.1496060000 2.4930010000
7032.9799800000 -11.1253440000 2.4915380000
7033.3798830000 -11.1015330000 2.4900760000
7033.7700200000 -11.0787340000 2.4886500000
7034.1699220000 -11.0557610000 2.4871880000
7034.5698240000 -11.0332160000 2.4857290000
7034.9702150000 -11.0110040000 2.4842660000
7035.3701170000 -10.9891920000 2.4828060000
7035.7700200000 -10.9677660000 2.4813470000
7036.1699220000 -10.9466610000 2.4798880000
7036.5698240000 -10.9259170000 2.4784300000
7036.9702150000 -10.9054480000 2.4769700000
7037.3701170000 -10.8853180000 2.4755110000
7037.7700200000 -10.8655170000 2.4740540000
7038.1699220000 -10.8459850000 2.4725970000
7038.5698240000 -10.8267400000 2.4711400000
7038.9702150000 -10.8077720000 2.4696830000
7039.3701170000 -10.7890720000 2.4682260000
7039.7700200000 -10.7706330000 2.4667700000
7040.1601560000 -10.7528990000 2.4653510000
7040.5600590000 -10.7349530000 2.4638950000
7040.9599610000 -10.7172660000 2.4624420000
7041.3598630000 -10.6997910000 2.4609870000
7041.7597660000 -10.6825430000 2.4595340000
7042.1601560000 -10.6655130000 2.4580790000
7042.5600590000 -10.6486980000 2.4566260000
7042.9599610000 -10.6320920000 2.4551730000
7043.3598630000 -10.6157070000 2.4537230000
7043.7597660000 -10.5995020000 2.4522710000
7044.1601560000 -10.5834690000 2.4508170000
7044.5698240000 -10.5672690000 2.4493310000
7044.9702150000 -10.5516320000 2.4478800000
7045.3701170000 -10.5361730000 2.4464290000
7045.7700200000 -10.5208890000 2.4449790000
7046.1699220000 -10.5057940000 2.4435310000
7046.5698240000 -10.4908460000 2.4420810000
7046.9702150000 -10.4760430000 2.4406310000
7047.3701170000 -10.4614340000 2.4391840000
7047.7700200000 -10.4469630000 2.4377360000
7048.1699220000 -10.4326440000 2.4362880000
7048.5698240000 -10.4184890000 2.4348420000
7048.9702150000 -10.4044480000 2.4333930000
7049.3701170000 -10.3905630000 2.4319470000
7049.7700200000 -10.3768350000 2.4305030000
7050.1699220000 -10.3632260000 2.4290560000
7050.5698240000 -10.3497510000 2.4276110000
7050.9702150000 -10.3364060000 2.4261670000
7051.3798830000 -10.3228750000 2.4246870000
7051.7797850000 -10.3097860000 2.4232430000
7052.1801760000 -10.2968030000 2.4217970000
7052.5800780000 -10.2839730000 2.4203560000
7052.9799800000 -10.2712450000 2.4189120000
7053.3798830000 -10.2586320000 2.4174700000
7053.7797850000 -10.2461470000 2.4160290000
7054.1801760000 -10.2337450000 2.4145850000
7054.5898440000 -10.2211740000 2.4131100000
7054.9902340000 -10.2089910000 2.4116670000
7055.3901370000 -10.1969270000 2.4102260000
7055.7900390000 -10.1849800000 2.4087880000
7056.1899410000 -10.1731210000 2.4073480000
7056.5898440000 -10.1613610000 2.4059080000
7056.9902340000 -10.1496990000 2.4044690000
7057.1162110000 -10.1460490000 2.4040160000
7057.3999020000 -10.1378580000 2.4029960000
7057.7998050000 -10.1263890000 2.4015580000
7058.2001950000 -10.1149980000 2.4001180000
7058.6000980000 -10.1037260000 2.3986820000
7059.0000000000 -10.0925300000 2.3972440000
7059.4101560000 -10.0811450000 2.3957720000
7059.8100590000 -10.0701260000 2.3943360000
7060.2099610000 -10.0592050000 2.3929010000
7060.6098630000 -10.0483540000 2.3914660000
7061.0097660000 -10.0375860000 2.3900310000
7061.4199220000 -10.0266330000 2.3885600000
7061.8198240000 -10.0160280000 2.3871250000
7062.2202150000 -10.0055020000 2.3856920000
7062.6201170000 -9.9950530000 2.3842580000
7063.0297850000 -9.9844340000 2.3827910000
7063.4301760000 -9.9741250000 2.3813560000
7063.8300780000 -9.9639150000 2.3799250000
7064.2299800000 -9.9537650000 2.3784930000
7064.6298830000 -9.9436870000 2.3770610000
7065.0400390000 -9.9334300000 2.3755940000
7065.4399410000 -9.9234930000 2.3741640000
7065.8398440000 -9.9136370000 2.3727340000
7066.2500000000 -9.9035920000 2.3712680000
7066.6499020000 -9.8938600000 2.3698390000
7067.0498050000 -9.8841930000 2.3684090000
7067.4501950000 -9.8745910000 2.3669810000
7067.8598630000 -9.8648250000 2.3655180000
7068.2597660000 -9.8553510000 2.3640900000
7068.6601560000 -9.8459270000 2.3626600000
7195.1005860000 -8.2416120000 1.9302480000
7335.7827150000 -7.6836880000 1.4900090000
7376.0698240000 -7.7681440000 1.3711990000
7376.5097660000 -7.7704410000 1.3699190000
7376.9501950000 -7.7727870000 1.3686370000
7377.3901370000 -7.7751710000 1.3673580000
7377.8198240000 -7.7775470000 1.3661080000
7378.2597660000 -7.7800210000 1.3648300000
7378.7001950000 -7.7825470000 1.3635490000
7379.1401370000 -7.7851150000 1.3622710000
7379.5800780000 -7.7877330000 1.3609930000
7380.0200200000 -7.7904000000 1.3597150000
7380.4599610000 -7.7931140000 1.3584380000
7380.8999020000 -7.7958820000 1.3571620000
7381.3398440000 -7.7987000000 1.3558850000
7381.7797850000 -7.8015690000 1.3546090000
7382.2202150000 -7.8044960000 1.3533320000
7382.6601560000 -7.8074750000 1.3520560000
7383.1000980000 -7.8105060000 1.3507810000
7383.5400390000 -7.8135970000 1.3495060000
7383.9799800000 -7.8167420000 1.3482330000
7384.4199220000 -7.8199490000 1.3469580000
7384.8598630000 -7.8232150000 1.3456840000
7385.2998050000 -7.8265390000 1.3444120000
7385.7402340000 -7.8299320000 1.3431380000
7386.1801760000 -7.8333850000 1.3418650000
7386.6201170000 -7.8368980000 1.3405930000
7387.0600590000 -7.8404810000 1.3393210000
7387.5000000000 -7.8441280000 1.3380500000
7387.9399410000 -7.8478470000 1.3367790000
7388.3798830000 -7.8516370000 1.3355070000
7388.8198240000 -7.8554940000 1.3342380000
7389.2597660000 -7.8594280000 1.3329680000
7389.7001950000 -7.8634420000 1.3316970000
7390.1401370000 -7.8675240000 1.3304280000
7390.5800780000 -7.8716890000 1.3291590000
7391.0200200000 -7.8759290000 1.3278900000
7391.4599610000 -7.8802560000 1.3266220000
7391.8999020000 -7.8846660000 1.3253540000
7392.3398440000 -7.8891580000 1.3240870000
7392.7797850000 -7.8937430000 1.3228200000
7393.2202150000 -7.8984230000 1.3215510000
7393.6601560000 -7.9031850000 1.3202860000
7394.1000980000 -7.9080470000 1.3190180000
7394.5498050000 -7.9131150000 1.3177250000
7394.9902340000 -7.9181820000 1.3164580000
7395.4301760000 -7.9233400000 1.3151940000
7395.8701170000 -7.9286090000 1.3139290000
7396.3100590000 -7.9339800000 1.3126650000
7396.7500000000 -7.9394680000 1.3114010000
7397.1899410000 -7.9450700000 1.3101370000
7397.6298830000 -7.9507820000 1.3088750000
7398.0800780000 -7.9567560000 1.3075830000
7398.5200200000 -7.9627230000 1.3063200000
7398.9599610000 -7.9688180000 1.3050580000
7399.3999020000 -7.9750370000 1.3037970000
7399.8398440000 -7.9813990000 1.3025340000
7400.2797850000 -7.9879010000 1.3012730000
7400.7202150000 -7.9945480000 1.3000120000
7401.1699220000 -8.0014930000 1.2987230000
7401.6098630000 -8.0084460000 1.2974630000
7402.0498050000 -8.0155580000 1.2962030000
7402.4902340000 -8.0228350000 1.2949440000
7402.9301760000 -8.0302820000 1.2936840000
7403.3798830000 -8.0380740000 1.2923970000
7403.8198240000 -8.0458830000 1.2911390000
7404.2597660000 -8.0538740000 1.2898820000
7404.7001950000 -8.0620790000 1.2886230000
7405.1499020000 -8.0706630000 1.2873380000
7405.5898440000 -8.0792800000 1.2860800000
7406.0297850000 -8.0881070000 1.2848250000
7406.4702150000 -8.0971820000 1.2835670000
7406.9101560000 -8.1064770000 1.2823120000
7407.3598630000 -8.1162500000 1.2810280000
7407.7998050000 -8.1260580000 1.2797740000
7408.2402340000 -8.1361570000 1.2785180000
7408.6899410000 -8.1467580000 1.2772360000
7409.1298830000 -8.1574330000 1.2759810000
7409.5698240000 -8.1684060000 1.2747290000
7410.0097660000 -8.1797170000 1.2734750000
7410.4599610000 -8.1916380000 1.2721930000
7410.8999020000 -8.2036580000 1.2709400000
7411.3398440000 -8.2160420000 1.2696890000
7411.7900390000 -8.2291330000 1.2684080000
7412.2299800000 -8.2423580000 1.2671570000
7412.6699220000 -8.2560290000 1.2659040000
7413.1098630000 -8.2701540000 1.2646550000
7413.5600590000 -8.2851320000 1.2633750000
7414.0000000000 -8.3003140000 1.2621250000
7414.4399410000 -8.3160600000 1.2608750000
7414.8901370000 -8.3327880000 1.2595970000
7415.3300780000 -8.3497760000 1.2583480000
7415.7797850000 -8.3678640000 1.2570720000
7416.2202150000 -8.3863380000 1.2558230000
7416.6601560000 -8.4055930000 1.2545750000
7417.1098630000 -8.4261560000 1.2533000000
7417.5498050000 -8.4472060000 1.2520530000
7417.9902340000 -8.4693190000 1.2508050000
7418.4399410000 -8.4930360000 1.2495310000
7418.8798830000 -8.5174800000 1.2482840000
7419.3300780000 -8.5438660000 1.2470090000
7419.7700200000 -8.5711660000 1.2457640000
7420.2099610000 -8.6000820000 1.2445190000
7420.6601560000 -8.6315970000 1.2432460000
7421.1000980000 -8.6645120000 1.2420020000
7421.5498050000 -8.7005780000 1.2407290000
7421.9902340000 -8.7386540000 1.2394840000
7422.4301760000 -8.7797680000 1.2382420000
7422.8798830000 -8.8255900000 1.2369720000
7423.3198240000 -8.8748150000 1.2357280000
7423.7700200000 -8.9305590000 1.2344580000
7424.2099610000 -8.9915410000 1.2332150000
7424.6601560000 -9.0622520000 1.2319450000
7425.1000980000 -9.1419530000 1.2307030000
7425.5498050000 -9.2379340000 1.2294350000
7425.9902340000 -9.3521060000 1.2281940000
7426.4399410000 -9.5005380000 1.2269270000
7426.8798830000 -9.6997160000 1.2256870000
7427.3300780000 -10.0243610000 1.2244190000
7427.7700200000 -10.8534530000 1.2231790000
7428.2202150000 -10.3475680000 2.9893890000
7428.6601560000 -9.8589530000 2.9880980000
7429.1098630000 -9.5952730000 2.9867790000
7429.5498050000 -9.4186410000 2.9854900000
7430.0000000000 -9.2805830000 2.9841700000
7430.4399410000 -9.1712590000 2.9828800000
7430.8901370000 -9.0771500000 2.9815610000
7431.3300780000 -8.9976350000 2.9802710000
7431.7797850000 -8.9260270000 2.9789540000
7432.2202150000 -8.8633210000 2.9776660000
7432.6699220000 -8.8052550000 2.9763480000
7433.1098630000 -8.7534090000 2.9750610000
7433.5600590000 -8.7044920000 2.9737440000
7434.0097660000 -8.6591920000 2.9724290000
7434.4501950000 -8.6177760000 2.9711410000
7434.8999020000 -8.5781400000 2.9698270000
7435.3398440000 -8.5416020000 2.9685400000
7435.7900390000 -8.5062740000 2.9672250000
7436.2299800000 -8.4735100000 2.9659400000
7436.6801760000 -8.4416280000 2.9646250000
7437.1298830000 -8.4112630000 2.9633120000
7437.5698240000 -8.3828690000 2.9620290000
7438.0200200000 -8.3549770000 2.9607140000
7438.4702150000 -8.3282310000 2.9594010000
7438.9101560000 -8.3030990000 2.9581190000
7439.3598630000 -8.2783240000 2.9568080000
7439.7998050000 -8.2549170000 2.9555250000
7440.2500000000 -8.2317770000 2.9542130000
7440.7001950000 -8.2093880000 2.9529020000
7441.1401370000 -8.1881710000 2.9516200000
7441.5898440000 -8.1671410000 2.9503110000
7442.0400390000 -8.1466990000 2.9490010000
7442.4799800000 -8.1272650000 2.9477210000
7442.9301760000 -8.1079230000 2.9464100000
7443.3798830000 -8.0891070000 2.9451030000
7443.8198240000 -8.0711530000 2.9438230000
7444.2700200000 -8.0532380000 2.9425140000
7444.7202150000 -8.0357500000 2.9412060000
7445.1699220000 -8.0186860000 2.9398990000
7445.6098630000 -8.0023560000 2.9386220000
7446.0600590000 -7.9860160000 2.9373140000
7446.5097660000 -7.9700410000 2.9360080000
7446.9501950000 -7.9547250000 2.9347310000
7447.3999020000 -7.9393730000 2.9334250000
7447.8500980000 -7.9243250000 2.9321190000
7448.2998050000 -7.9095800000 2.9308160000
7448.7402340000 -7.8954150000 2.9295400000
7449.1899410000 -7.8811890000 2.9282350000
7449.6401370000 -7.8672180000 2.9269300000
7450.0898440000 -7.8535040000 2.9256280000
7450.5297850000 -7.8403220000 2.9243550000
7450.9799800000 -7.8270330000 2.9230500000
7451.4301760000 -7.8139740000 2.9217470000
7451.8798830000 -7.8011380000 2.9204450000
7452.3300780000 -7.7884880000 2.9191440000
7452.7700200000 -7.7763060000 2.9178710000
7453.2202150000 -7.7640320000 2.9165690000
7453.6699220000 -7.7519500000 2.9152690000
7454.1201170000 -7.7400300000 2.9139680000
7454.5698240000 -7.7282900000 2.9126690000
7455.0097660000 -7.7169550000 2.9113980000
7455.4599610000 -7.7055190000 2.9100980000
7455.9101560000 -7.6942340000 2.9087990000
7456.3598630000 -7.6831090000 2.9075010000
7456.8100590000 -7.6721150000 2.9062020000
7457.2597660000 -7.6612710000 2.9049050000
7457.7001950000 -7.6507750000 2.9036350000
7458.1499020000 -7.6401930000 2.9023380000
7458.6000980000 -7.6297260000 2.9010410000
7459.0498050000 -7.6193930000 2.8997450000
7459.5000000000 -7.6091690000 2.8984490000
7459.9501950000 -7.5990610000 2.8971520000
7460.3999020000 -7.5890650000 2.8958560000
7460.8500980000 -7.5791800000 2.8945610000
7461.2998050000 -7.5694130000 2.8932670000
7461.7402340000 -7.5599530000 2.8920000000
7462.1899410000 -7.5503780000 2.8907060000
7462.6401370000 -7.5409030000 2.8894120000
7463.0898440000 -7.5315340000 2.8881190000
7463.5400390000 -7.5222490000 2.8868260000
7463.9902340000 -7.5130560000 2.8855320000
7464.4399410000 -7.5039620000 2.8842410000
7464.8901370000 -7.4949460000 2.8829480000
7465.3398440000 -7.4860240000 2.8816580000
7465.7900390000 -7.4771670000 2.8803640000
7466.2402340000 -7.4684010000 2.8790720000
7466.6899410000 -7.4597230000 2.8777830000
7467.1401370000 -7.4511150000 2.8764930000
7467.5898440000 -7.4425910000 2.8752030000
7468.0400390000 -7.4341320000 2.8739130000
7468.4902340000 -7.4257460000 2.8726230000
7468.9399410000 -7.4174400000 2.8713350000
7469.3901370000 -7.4091950000 2.8700460000
7469.8398440000 -7.4010190000 2.8687570000
7470.2900390000 -7.3929090000 2.8674690000
7470.7402340000 -7.3848640000 2.8661800000
7471.1899410000 -7.3768920000 2.8648950000
7471.6401370000 -7.3689740000 2.8636070000
7472.0898440000 -7.3611260000 2.8623220000
7472.5400390000 -7.3533300000 2.8610340000
7472.9902340000 -7.3455930000 2.8597490000
7473.4399410000 -7.3379140000 2.8584620000
7473.8901370000 -7.3302920000 2.8571770000
7474.3398440000 -7.3227340000 2.8558930000
7474.7900390000 -7.3152230000 2.8546080000
7475.2402340000 -7.3077650000 2.8533230000
7475.6899410000 -7.3003680000 2.8520400000
7476.1401370000 -7.2930150000 2.8507570000
7476.5898440000 -7.2857200000 2.8494740000
7477.0400390000 -7.2784680000 2.8481910000
7477.4902340000 -7.2712570000 2.8469070000
7477.9501950000 -7.2639510000 2.8455970000
7478.3999020000 -7.2568530000 2.8443160000
7478.8500980000 -7.2497930000 2.8430350000
7479.2158200000 -7.2440900000 2.8419930000
7479.2998050000 -7.2427780000 2.8417530000
7479.7500000000 -7.2358090000 2.8404720000
7480.2001950000 -7.2288850000 2.8391910000
7480.6499020000 -7.2220110000 2.8379120000
7481.1000980000 -7.2151720000 2.8366320000
7481.5600590000 -7.2082250000 2.8353230000
7482.0097660000 -7.2014780000 2.8340450000
7482.4599610000 -7.1947650000 2.8327670000
7482.9101560000 -7.1880920000 2.8314880000
7483.3598630000 -7.1814660000 2.8302110000
7483.8100590000 -7.1748710000 2.8289330000
7484.2700200000 -7.1681690000 2.8276260000
7484.7202150000 -7.1616520000 2.8263480000
7485.1699220000 -7.1551780000 2.8250730000
7485.6201170000 -7.1487340000 2.8237960000
7486.0698240000 -7.1423320000 2.8225210000
7486.5297850000 -7.1358180000 2.8212170000
7486.9799800000 -7.1294810000 2.8199420000
7487.4301760000 -7.1231790000 2.8186660000
7487.8798830000 -7.1169180000 2.8173920000
7488.3300780000 -7.1106820000 2.8161170000
7488.7900390000 -7.1043430000 2.8148150000
7489.2402340000 -7.0981750000 2.8135410000
7489.6899410000 -7.0920440000 2.8122680000
7490.1401370000 -7.0859390000 2.8109950000
7490.6000980000 -7.0797310000 2.8096940000
7491.0498050000 -7.0736950000 2.8084230000
7491.5000000000 -7.0676830000 2.8071510000
7491.9501950000 -7.0617010000 2.8058790000
7492.4101560000 -7.0556170000 2.8045790000
7492.8598630000 -7.0497010000 2.8033080000
7493.3100590000 -7.0438070000 2.8020380000
7493.7700200000 -7.0378110000 2.8007390000
7494.2202150000 -7.0319750000 2.7994690000
7494.6699220000 -7.0261720000 2.7982010000
7495.1201170000 -7.0203900000 2.7969310000
7495.5800780000 -7.0145080000 2.7956330000
7496.0297850000 -7.0087860000 2.7943660000
7496.4799800000 -7.0030850000 2.7930970000
7496.9399410000 -6.9972830000 2.7918010000
7497.3901370000 -6.9916340000 2.7905330000
7497.8398440000 -6.9860170000 2.7892670000
7498.2998050000 -6.9803000000 2.7879730000
7498.7500000000 -6.9747200000 2.7867050000
7499.2001950000 -6.9691720000 2.7854390000
7499.6601560000 -6.9635300000 2.7841450000
7500.1098630000 -6.9580350000 2.7828810000
7500.5698240000 -6.9524370000 2.7815880000
7625.4531250000 -5.8976920000 2.4431100000
7774.5498050000 -5.1085260000 2.0697150000
7926.5620120000 -4.5112230000 1.7200110000
8081.5458980000 -4.0249150000 1.3923850000
8239.5605470000 -3.6130060000 1.0853890000
8400.6640630000 -3.0534280000 0.7968520000
8564.9189450000 -2.7171770000 0.4858760000
8732.3837890000 -2.4065200000 0.1877800000
8903.1240230000 -2.0847270000 9.9015480000
9077.2021480000 -1.8448760000 9.6001810000
9254.6845700000 -1.6321640000 9.3070880000
9435.6367190000 -1.4409950000 9.0221690000
9620.1269530000 -1.2696650000 8.7451870000
9808.2246090000 -1.1173440000 8.4761670000
10000.0000000000 -0.9796200000 8.2148360000
10195.5253900000 -0.8560580000 7.9609580000
10394.8730500000 -0.7452880000 7.7143420000
10598.1191400000 -0.6461140000 7.4748010000
10805.3388700000 -0.5574830000 7.2421530000
11016.6103500000 -0.4784670000 7.0162220000
11232.0127000000 -0.4082360000 6.7968310000
11451.6259800000 -0.3460520000 6.5838110000
11675.5341800000 -0.2912470000 6.3769940000
11903.8203100000 -0.2432240000 6.1762180000
12136.5693400000 -0.2014390000 5.9813220000
12373.8701200000 -0.1653980000 5.7921510000
12615.8105500000 -0.1346540000 5.6085530000
12862.4814500000 -0.1087970000 5.4303790000
13113.9746100000 -0.0907030000 5.2577510000
13370.3857400000 -0.0735600000 5.0903430000
13631.8105500000 -0.0602390000 4.9279380000
13898.3466800000 -0.0504500000 4.7703960000
14170.0937500000 -0.0443370000 4.6176080000
14447.1543000000 -0.0408350000 4.4694380000
14729.6328100000 -0.0401220000 4.3257390000
15017.6337900000 -0.0424870000 4.1864160000
15311.2666000000 -0.0467530000 4.0513420000
15610.6396500000 -0.0532230000 3.9203760000
15915.8671900000 -0.0617310000 3.7934000000
16227.0615200000 -0.0721250000 3.6703030000
16544.3418000000 -0.0842650000 3.5509740000
16867.8242200000 -0.0980200000 3.4353070000
17197.6328100000 -0.1132890000 3.3231940000
17533.8906300000 -0.1299240000 3.2145370000
17876.7207000000 -0.1478420000 3.1092340000
18226.2558600000 -0.1669500000 3.0071900000
18582.6250000000 -0.1871610000 2.9083090000
18945.9628900000 -0.2083990000 2.8125010000
19316.4023400000 -0.2305920000 2.7196770000
19694.0878900000 -0.2536750000 2.6297490000
20079.1562500000 -0.2775930000 2.5426320000
20471.7539100000 -0.3022920000 2.4582450000
20872.0273400000 -0.3277290000 2.3765080000
21280.1289100000 -0.3538650000 2.2973410000
21696.2070300000 -0.3806670000 2.2206710000
22120.4238300000 -0.4083590000 2.1464250000
22552.9335900000 -0.4368340000 2.0745350000
22993.8984400000 -0.4654860000 2.0049310000
23443.4882800000 -0.4947440000 1.9375370000
23901.8671900000 -0.5246120000 1.8722900000
24369.2070300000 -0.5551060000 1.8091230000
24845.6875000000 -0.5862590000 1.7479740000
25331.4824200000 -0.6181220000 1.6887830000
25826.7753900000 -0.6507850000 1.6314910000
26331.7539100000 -0.6844100000 1.5760410000
26846.6054700000 -0.7186580000 1.5225360000
27371.5234400000 -0.7521760000 1.4711640000
27906.7070300000 -0.7864010000 1.4214580000
28452.3515600000 -0.8215300000 1.3733760000
29008.6660200000 -0.8575150000 1.3268630000
29575.8593800000 -0.8943380000 1.2818730000
30154.1406300000 -0.9322030000 1.2383550000
30743.7304700000 -0.9716530000 1.1962770000
31344.8476600000 -1.0120560000 1.1555920000
31957.7168000000 -1.0542250000 1.1162530000
32582.5703100000 -1.0985760000 1.0782370000
33219.6406300000 -1.1442970000 1.0414960000
33869.1679700000 -1.1923470000 1.0059750000
34531.3945300000 -1.2431290000 0.9716340000
35206.5703100000 -1.2968840000 0.9384350000
35894.9492200000 -1.3547570000 0.9063350000
36596.7851600000 -1.4173070000 0.8753030000
37312.3437500000 -1.4855970000 0.8453040000
38041.8906300000 -1.5610420000 0.8163060000
38785.7070300000 -1.6455940000 0.7882740000
39544.0625000000 -1.7420310000 0.7611780000
40317.2500000000 -1.8544970000 0.7349860000
41105.5546900000 -1.9895510000 0.7096700000
41909.2695300000 -2.1584330000 0.6852010000
42728.6992200000 -2.3828540000 0.6615500000
43065.1015600000 -2.4991220000 0.6521990000
43080.0000000000 -2.5047160000 0.6517900000
43095.0000000000 -2.5103900000 0.6513780000
43110.0000000000 -2.5161060000 0.6509660000
43125.0000000000 -2.5218670000 0.6505550000
43140.0000000000 -2.5276730000 0.6501440000
43155.0000000000 -2.5335240000 0.6497340000
43170.0000000000 -2.5394210000 0.6493240000
43185.1015600000 -2.5454050000 0.6489120000
43200.1015600000 -2.5513970000 0.6485030000
43215.1992200000 -2.5574760000 0.6480910000
43230.1992200000 -2.5635650000 0.6476830000
43245.3007800000 -2.5697460000 0.6472720000
43260.3984400000 -2.5759770000 0.6468620000
43275.5000000000 -2.5822610000 0.6464520000
43290.6015600000 -2.5885960000 0.6460430000
43305.6992200000 -2.5949850000 0.6456340000
43320.8984400000 -2.6014730000 0.6452220000
43336.0000000000 -2.6079730000 0.6448140000
43351.1992200000 -2.6145740000 0.6444030000
43366.3007800000 -2.6211900000 0.6439960000
43381.5000000000 -2.6279070000 0.6435860000
43396.6992200000 -2.6346840000 0.6431770000
43411.8984400000 -2.6415240000 0.6427670000
43427.1015600000 -2.6484270000 0.6423590000
43442.3007800000 -2.6553910000 0.6419510000
43457.5000000000 -2.6624210000 0.6415430000
43472.8007800000 -2.6695640000 0.6411330000
43488.0000000000 -2.6767270000 0.6407260000
43503.3007800000 -2.6840060000 0.6403160000
43518.5000000000 -2.6913080000 0.6399100000
43533.8007800000 -2.6987300000 0.6395010000
43549.1015600000 -2.7062250000 0.6390930000
43564.1523400000 -2.7136690000 0.6386920000
43564.3984400000 -2.7137930000 0.6386860000
43579.6992200000 -2.7214380000 0.6382780000
43595.1015600000 -2.7292110000 0.6378690000
43610.3984400000 -2.7370120000 0.6374620000
43625.6992200000 -2.7448950000 0.6370560000
43641.1015600000 -2.7529150000 0.6366470000
43656.5000000000 -2.7610170000 0.6362390000
43671.8007800000 -2.7691540000 0.6358340000
43687.1992200000 -2.7774290000 0.6354270000
43702.6015600000 -2.7858000000 0.6350200000
43718.0000000000 -2.7942580000 0.6346140000
43733.5000000000 -2.8028710000 0.6342050000
43748.8984400000 -2.8115210000 0.6338000000
43764.3007800000 -2.8202740000 0.6333940000
43779.8007800000 -2.8291830000 0.6329870000
43795.1992200000 -2.8381390000 0.6325820000
43810.6992200000 -2.8472590000 0.6321760000
43826.1992200000 -2.8564880000 0.6317690000
43841.6992200000 -2.8658290000 0.6313630000
43857.1992200000 -2.8752870000 0.6309580000
43872.6992200000 -2.8848610000 0.6305530000
43888.3007800000 -2.8946190000 0.6301450000
43903.8007800000 -2.9044360000 0.6297410000
43919.3984400000 -2.9144430000 0.6293350000
43934.8984400000 -2.9245170000 0.6289310000
43950.5000000000 -2.9347920000 0.6285250000
43966.1015600000 -2.9452040000 0.6281200000
43981.6992200000 -2.9557560000 0.6277150000
43997.3007800000 -2.9664530000 0.6273100000
44012.8984400000 -2.9772990000 0.6269060000
44028.5000000000 -2.9883010000 0.6265020000
44044.1992200000 -2.9995320000 0.6260960000
44059.8007800000 -3.0108520000 0.6256940000
44075.5000000000 -3.0224150000 0.6252880000
44091.1992200000 -3.0341480000 0.6248840000
44106.8007800000 -3.0459880000 0.6244820000
44122.5000000000 -3.0580860000 0.6240780000
44138.1992200000 -3.0703710000 0.6236740000
44154.0000000000 -3.0829340000 0.6232690000
44169.6992200000 -3.0956200000 0.6228660000
44185.3984400000 -3.1085110000 0.6224630000
44201.1992200000 -3.1217040000 0.6220590000
44217.0000000000 -3.1351210000 0.6216550000
44232.6992200000 -3.1486840000 0.6212530000
44248.5000000000 -3.1625710000 0.6208500000
44264.3007800000 -3.1767070000 0.6204470000
44280.1015600000 -3.1911000000 0.6200450000
44295.8984400000 -3.2057560000 0.6196420000
44311.8007800000 -3.2207890000 0.6192380000
44327.6015600000 -3.2360120000 0.6188370000
44343.5000000000 -3.2516270000 0.6184330000
44359.3007800000 -3.2674610000 0.6180330000
44375.1992200000 -3.2837100000 0.6176300000
44391.1015600000 -3.3003050000 0.6172280000
44407.0000000000 -3.3172480000 0.6168260000
44415.9414100000 -3.3269360000 0.6166000000
44422.8984400000 -3.3345530000 0.6164240000
44438.8007800000 -3.3522480000 0.6160230000
44454.8007800000 -3.3704510000 0.6156200000
44470.6992200000 -3.3889600000 0.6152200000
44486.6992200000 -3.4080240000 0.6148170000
44502.6015600000 -3.4274310000 0.6144180000
44518.6015600000 -3.4474370000 0.6140160000
44534.6015600000 -3.4679560000 0.6136150000
44550.6015600000 -3.4890020000 0.6132140000
44566.6015600000 -3.5106100000 0.6128130000
44582.6015600000 -3.5328130000 0.6124130000
44598.6992200000 -3.5557710000 0.6120110000
44614.6992200000 -3.5792590000 0.6116120000
44630.8007800000 -3.6035950000 0.6112100000
44646.8984400000 -3.6286700000 0.6108100000
44662.8984400000 -3.6543770000 0.6104120000
44679.0000000000 -3.6810870000 0.6100110000
44695.1015600000 -3.7086950000 0.6096120000
44711.3007800000 -3.7374330000 0.6092100000
44727.3984400000 -3.7670230000 0.6088110000
44743.5000000000 -3.7977190000 0.6084120000
44759.6992200000 -3.8297960000 0.6080120000
44775.8984400000 -3.8631560000 0.6076110000
44792.0000000000 -3.8977010000 0.6072140000
44808.1992200000 -3.9339670000 0.6068140000
44824.3984400000 -3.9718720000 0.6064150000
44840.6015600000 -4.0115950000 0.6060170000
44856.8984400000 -4.0535360000 0.6056160000
44873.1015600000 -4.0974150000 0.6052180000
44889.3007800000 -4.1437070000 0.6048210000
44905.6015600000 -4.1929950000 0.6044210000
44921.8984400000 -4.2453190000 0.6040220000
44938.1015600000 -4.3007610000 0.6036260000
44954.3984400000 -4.3604190000 0.6032270000
44970.6992200000 -4.4245840000 0.6028300000
44987.1015600000 -4.4944170000 0.6024300000
45003.3984400000 -4.5699320000 0.6020330000
45019.6992200000 -4.6527480000 0.6016360000
45036.1015600000 -4.7449870000 0.6012370000
45052.5000000000 -4.8482330000 0.6008390000
45068.8007800000 -4.9646970000 0.6004430000
45085.1992200000 -5.1000560000 0.6000460000
45101.6015600000 -5.2604160000 0.5996480000
45118.0000000000 -5.4568270000 0.5992520000
45134.5000000000 -5.7119360000 0.5988530000
45150.8984400000 -6.0695920000 0.5984570000
45167.3007800000 -6.6791800000 0.5980610000
45183.8007800000 -10.6249880000 0.5976640000
45200.3007800000 -6.7018790000 3.4131720000
45216.8007800000 -6.0719420000 3.4112470000
45233.3007800000 -5.7038950000 3.4093230000
45249.8007800000 -5.4424970000 3.4074000000
45266.3007800000 -5.2395270000 3.4054790000
45282.8007800000 -5.0734080000 3.4035600000
45284.3867200000 -5.0589440000 3.4033760000
45299.3984400000 -4.9319940000 3.4016300000
45315.8984400000 -4.8100850000 3.3997140000
45332.5000000000 -4.7017470000 3.3977880000
45349.1015600000 -4.6047450000 3.3958620000
45365.6992200000 -4.5169270000 3.3939390000
45382.3007800000 -4.4366520000 3.3920170000
45398.8984400000 -4.3627430000 3.3900970000
45415.5000000000 -4.2942240000 3.3881770000
45432.1992200000 -4.2300110000 3.3862490000
45448.8007800000 -4.1702330000 3.3843330000
45465.5000000000 -4.1136930000 3.3824060000
45482.1992200000 -4.0603460000 3.3804820000
45498.8007800000 -4.0101360000 3.3785700000
45515.5000000000 -3.9621840000 3.3766490000
45532.3007800000 -3.9162610000 3.3747180000
45549.0000000000 -3.8727050000 3.3727990000
45565.6992200000 -3.8310520000 3.3708820000
45582.5000000000 -3.7909080000 3.3689550000
45599.1992200000 -3.7526130000 3.3670420000
45616.0000000000 -3.7155590000 3.3651180000
45632.8007800000 -3.6798910000 3.3631950000
45649.6015600000 -3.6455010000 3.3612740000
45666.3984400000 -3.6123040000 3.3593560000
45683.3007800000 -3.5800140000 3.3574260000
45700.1015600000 -3.5489560000 3.3555100000
45716.8984400000 -3.5188670000 3.3535950000
45733.8007800000 -3.4895160000 3.3516710000
45750.6992200000 -3.4610290000 3.3497480000
45767.6015600000 -3.4333500000 3.3478260000
45784.5000000000 -3.4064450000 3.3459060000
45801.3984400000 -3.3802640000 3.3439880000
45818.3007800000 -3.3547650000 3.3420710000
45835.1992200000 -3.3299280000 3.3401560000
45852.1992200000 -3.3055580000 3.3382300000
45869.1992200000 -3.2817870000 3.3363070000
45886.1015600000 -3.2587110000 3.3343950000
45903.1015600000 -3.2360360000 3.3324740000
45920.1015600000 -3.2138800000 3.3305560000
45937.1015600000 -3.1922100000 3.3286380000
45954.1992200000 -3.1708920000 3.3267110000
45971.1992200000 -3.1501480000 3.3247960000
45988.3007800000 -3.1297120000 3.3228720000
46005.3007800000 -3.1098070000 3.3209600000
46022.3984400000 -3.0901900000 3.3190400000
46039.5000000000 -3.0709530000 3.3171200000
46056.6015600000 -3.0520850000 3.3152020000
46073.6992200000 -3.0335760000 3.3132850000
46090.8007800000 -3.0154050000 3.3113700000
46108.0000000000 -2.9974610000 3.3094450000
46125.1015600000 -2.9799380000 3.3075330000
46142.3007800000 -2.9626260000 3.3056120000
46159.5000000000 -2.9456090000 3.3036920000
46169.8085900000 -2.9355510000 3.3025420000
46176.6992200000 -2.9288810000 3.3017730000
46193.8984400000 -2.9124350000 3.2998570000
46211.1015600000 -2.8962510000 3.2979410000
46228.3007800000 -2.8803320000 3.2960270000
46245.6015600000 -2.8645750000 3.2941030000
46262.8007800000 -2.8491540000 3.2921920000
46280.1015600000 -2.8338820000 3.2902720000
46297.3984400000 -2.8188460000 3.2883540000
46314.6992200000 -2.8040290000 3.2864360000
46332.0000000000 -2.7894330000 3.2845210000
46349.3007800000 -2.7750490000 3.2826060000
46366.6015600000 -2.7608710000 3.2806940000
46384.0000000000 -2.7468140000 3.2787720000
46401.3007800000 -2.7330280000 3.2768620000
46418.6992200000 -2.7193610000 3.2749430000
46436.1015600000 -2.7058730000 3.2730260000
46453.5000000000 -2.6925690000 3.2711100000
46470.8984400000 -2.6794410000 3.2691960000
46488.3007800000 -2.6664820000 3.2672820000
46505.8007800000 -2.6536170000 3.2653600000
46523.1992200000 -2.6409920000 3.2634500000
46540.6992200000 -2.6284540000 3.2615310000
46558.1015600000 -2.6161400000 3.2596240000
46575.6015600000 -2.6039110000 3.2577090000
46593.1015600000 -2.5918280000 3.2557940000
46610.6992200000 -2.5798250000 3.2538700000
46628.1992200000 -2.5680300000 3.2519590000
46645.6992200000 -2.5563760000 3.2500490000
46663.3007800000 -2.5447900000 3.2481300000
46680.8984400000 -2.5333400000 3.2462130000
46698.3984400000 -2.5220810000 3.2443070000
46716.0000000000 -2.5108860000 3.2423930000
46733.6015600000 -2.4998160000 3.2404800000
46751.3007800000 -2.4888070000 3.2385580000
46768.8984400000 -2.4779810000 3.2366480000
46786.5000000000 -2.4672700000 3.2347400000
46804.1992200000 -2.4566140000 3.2328220000
46821.8984400000 -2.4460710000 3.2309060000
46839.6015600000 -2.4356370000 3.2289920000
46857.3007800000 -2.4253170000 3.2270790000
46875.0000000000 -2.4151000000 3.2251680000
46892.6992200000 -2.4049870000 3.2232580000
46910.5000000000 -2.3949210000 3.2213390000
46928.1992200000 -2.3850110000 3.2194330000
46946.0000000000 -2.3751440000 3.2175170000
46963.8007800000 -2.3653730000 3.2156030000
46981.6015600000 -2.3557000000 3.2136900000
46999.3984400000 -2.3461220000 3.2117800000
47017.1992200000 -2.3366310000 3.2098700000
47035.0000000000 -2.3272330000 3.2079620000
47052.8984400000 -2.3178720000 3.2060450000
47070.6992200000 -2.3086500000 3.2041400000
47072.5429700000 -2.3076980000 3.2039430000
47088.6015600000 -2.2994600000 3.2022260000
47106.5000000000 -2.2903570000 3.2003140000
47124.3984400000 -2.2813370000 3.1984040000
47142.3007800000 -2.2723960000 3.1964940000
47160.3007800000 -2.2634870000 3.1945760000
47178.1992200000 -2.2547080000 3.1926700000
47196.1992200000 -2.2459590000 3.1907550000
47214.1015600000 -2.2373320000 3.1888520000
47232.1015600000 -2.2287320000 3.1869400000
47250.1015600000 -2.2202080000 3.1850300000
47268.1015600000 -2.2117580000 3.1831210000
47286.1992200000 -2.2033340000 3.1812040000
47304.1992200000 -2.1950250000 3.1792980000
47322.3007800000 -2.1867420000 3.1773840000
47340.3007800000 -2.1785720000 3.1754810000
47358.3984400000 -2.1704280000 3.1735700000
47376.5000000000 -2.1623510000 3.1716600000
47394.6015600000 -2.1543510000 3.1697520000
47412.8007800000 -2.1462650000 3.1678350000
47430.8984400000 -2.1384340000 3.1659300000
47449.0000000000 -2.1306160000 3.1640260000
47467.1992200000 -2.1228170000 3.1621140000
47485.3984400000 -2.1150770000 3.1602040000
47503.6015600000 -2.1073950000 3.1582940000
47521.8007800000 -2.0997750000 3.1563870000
47540.0000000000 -2.0922130000 3.1544810000
47558.1992200000 -2.0847090000 3.1525760000
47576.5000000000 -2.0772220000 3.1506630000
47594.8007800000 -2.0697920000 3.1487510000
47613.0000000000 -2.0624580000 3.1468520000
47631.3007800000 -2.0551370000 3.1449430000
47649.6015600000 -2.0478720000 3.1430360000
47668.0000000000 -2.0406220000 3.1411210000
47686.3007800000 -2.0334630000 3.1392170000
47992.9296900000 -1.9207730000 3.1075560000
48931.3125000000 -1.6408540000 3.0133560000
49888.0429700000 -1.4227180000 2.9213200000
50863.4765600000 -1.2453440000 2.8314220000
51857.9843800000 -1.0971500000 2.7436370000
52871.9375000000 -0.9710330000 2.6579380000
53905.7187500000 -0.8622950000 2.5743000000
54959.7109400000 -0.7676740000 2.4926960000
56034.3085900000 -0.6847430000 2.4130990000
57129.9218800000 -0.6117160000 2.3354810000
58246.9531300000 -0.5472000000 2.2598140000
59385.8281300000 -0.5001950000 2.1871800000
60546.9687500000 -0.4500490000 2.1174510000
61730.8125000000 -0.4053620000 2.0497670000
62937.8046900000 -0.3655020000 1.9840730000
64168.3984400000 -0.3299360000 1.9203170000
65423.0507800000 -0.2982090000 1.8584480000
66702.2343800000 -0.2699270000 1.7984140000
68006.4296900000 -0.2447520000 1.7401660000
69336.1250000000 -0.2223840000 1.6836570000
70691.8203100000 -0.2025610000 1.6288400000
72074.0234400000 -0.1850520000 1.5756680000
73483.2500000000 -0.1696500000 1.5240970000
74920.0312500000 -0.1561700000 1.4740830000
76384.9062500000 -0.1444450000 1.4255840000
77878.4218800000 -0.1343280000 1.3785570000
79401.1406300000 -0.1256820000 1.3329640000
80953.6328100000 -0.1183380000 1.2888240000
82536.4765600000 -0.1121970000 1.2460760000
84150.2734400000 -0.1071850000 1.2046390000
85795.6250000000 -0.1032110000 1.1644800000
87473.1406300000 -0.1001880000 1.1255610000
89183.4609400000 -0.0980400000 1.0878470000
90927.2187500000 -0.0978180000 1.0513430000
92705.0781300000 -0.0973410000 1.0160760000
94517.6953100000 -0.0975220000 0.9819400000
96365.7500000000 -0.0983020000 0.9489010000
98249.9453100000 -0.0996280000 0.9169230000
100170.9766000000 -0.1014520000 0.8859760000
102129.5703000000 -0.1037280000 0.8560280000
104126.4609000000 -0.1064140000 0.8270470000
106162.3906000000 -0.1094730000 0.7990040000
108238.1328000000 -0.1128680000 0.7718700000
110354.4609000000 -0.1165660000 0.7456170000
112512.1641000000 -0.1205380000 0.7202180000
114712.0547000000 -0.1247540000 0.6956470000
116954.9688000000 -0.1291890000 0.6718770000
119241.7266000000 -0.1338190000 0.6488840000
121573.2031000000 -0.1386200000 0.6266440000
123950.2656000000 -0.1435730000 0.6051320000
126373.8047000000 -0.1486570000 0.5843280000
128844.7266000000 -0.1538560000 0.5642070000
131363.9688000000 -0.1591520000 0.5447490000
133932.4531000000 -0.1645300000 0.5259340000
136551.1719000000 -0.1699770000 0.5077400000
139221.0938000000 -0.1754780000 0.4901480000
141943.2188000000 -0.1810220000 0.4731400000
144718.5625000000 -0.1865980000 0.4566970000
147548.1719000000 -0.1921950000 0.4408010000
150433.1094000000 -0.1978030000 0.4254340000
153374.4531000000 -0.2034140000 0.4105800000
156373.2969000000 -0.2090200000 0.3962230000
159430.7969000000 -0.2146140000 0.3823460000
162548.0625000000 -0.2201860000 0.3689350000
165726.2813000000 -0.2257330000 0.3559750000
168966.6406000000 -0.2312480000 0.3434500000
172270.3750000000 -0.2367260000 0.3313470000
175638.6875000000 -0.2421620000 0.3196530000
179072.8594000000 -0.2475520000 0.3083550000
182574.1875000000 -0.2528910000 0.2974380000
186143.9688000000 -0.2581760000 0.2868930000
189783.5469000000 -0.2634040000 0.2767050000
193494.2969000000 -0.2685720000 0.2668640000
197277.5938000000 -0.2793020000 0.2574860000
201134.8594000000 -0.2843060000 0.2486300000
205067.5469000000 -0.2892270000 0.2400800000
209077.1406000000 -0.2940630000 0.2318260000
213165.1250000000 -0.2988150000 0.2238570000
217333.0313000000 -0.3034810000 0.2161650000
221582.4375000000 -0.3080620000 0.2087380000
225914.9219000000 -0.3125570000 0.2015680000
230332.1250000000 -0.3169660000 0.1946460000
234835.7031000000 -0.3212900000 0.1879630000
239427.3281000000 -0.3255270000 0.1815110000
244108.7344000000 -0.3296790000 0.1752820000
248881.6719000000 -0.3337460000 0.1692680000
253747.9219000000 -0.3377290000 0.1634620000
258709.3281000000 -0.3416280000 0.1578560000
263767.7500000000 -0.3454430000 0.1524440000
268925.0625000000 -0.3491770000 0.1472190000
274183.2188000000 -0.3528280000 0.1421740000
279544.1875000000 -0.3563990000 0.1373040000
285010.0000000000 -0.3598900000 0.1326010000
290582.6563000000 -0.3633020000 0.1280600000
296264.2500000000 -0.3666360000 0.1236770000
302056.9688000000 -0.3698930000 0.1194440000
307962.9375000000 -0.3730750000 0.1153570000
313984.3750000000 -0.3761810000 0.1114110000
320123.5625000000 -0.3792150000 0.1076010000
326382.7813000000 -0.3821760000 0.1039230000
332764.3750000000 -0.3850660000 0.1003710000
339270.7500000000 -0.3878870000 0.0969410000
345904.3438000000 -0.3906380000 0.0936300000
352667.6563000000 -0.3933220000 0.0904320000
359563.1875000000 -0.3959400000 0.0873450000
366593.5625000000 -0.3984920000 0.0843640000
373761.3750000000 -0.4009810000 0.0814850000
381069.3438000000 -0.4034070000 0.0787060000
388520.2188000000 -0.4057720000 0.0760220000
396116.7500000000 -0.4080770000 0.0734300000
403861.8125000000 -0.4103220000 0.0709280000
411758.3438000000 -0.4125100000 0.0685120000
419809.2500000000 -0.4146420000 0.0661780000
428017.5625000000 -0.4167180000 0.0639250000
436386.3750000000 -0.4187400000 0.0617490000
444918.8125000000 -0.4207090000 0.0596480000
453618.0938000000 -0.4226260000 0.0576190000
462487.4688000000 -0.4244920000 0.0556600000
471530.2500000000 -0.4263090000 0.0537680000
480749.8438000000 -0.4280770000 0.0519410000
490149.7188000000 -0.4297980000 0.0501770000
499733.3750000000 -0.4314730000 0.0484730000
509504.4063000000 -0.4331020000 0.0468280000
519466.5000000000 -0.4346870000 0.0452390000
529623.3750000000 -0.4362300000 0.0437040000
539978.8125000000 -0.4377300000 0.0422220000
550536.7500000000 -0.4391890000 0.0407910000
561301.1250000000 -0.4406080000 0.0394090000
572276.0000000000 -0.4419880000 0.0380740000
583465.4375000000 -0.4433290000 0.0367850000
594873.6250000000 -0.4446340000 0.0355400000
606504.8750000000 -0.4459020000 0.0343380000
618363.5625000000 -0.4471350000 0.0331770000
630454.1250000000 -0.4483330000 0.0320550000
642781.1250000000 -0.4494980000 0.0309720000
655349.0625000000 -0.4506300000 0.0299260000
668162.8125000000 -0.4517300000 0.0289160000
681227.0625000000 -0.4527980000 0.0279400000
694546.7500000000 -0.4538370000 0.0269980000
