30.0000000000 -49.0016710000 5.1604810000
30.5865750000 -49.0155560000 5.0154380000
31.1846200000 -49.0427400000 4.8850520000
31.7943570000 -49.0822330000 4.7692090000
32.4160160000 -49.1332320000 4.6678760000
33.0498310000 -49.1950800000 4.5811050000
33.6960370000 -49.2672620000 4.5090370000
34.3548770000 -49.2108040000 4.4490280000
35.0266040000 -49.2909160000 4.3989320000
35.7114600000 -49.3800930000 4.3632120000
36.4097100000 -49.4852490000 4.3750720000
37.1216090000 -48.6298260000 4.3707170000
37.8474310000 -48.6473730000 4.3278930000
38.5874440000 -48.6681520000 4.2925500000
39.3419230000 -48.6908720000 4.2644120000
40.1111560000 -48.7148630000 4.2432170000
40.8954320000 -48.7396580000 4.2287170000
41.6950380000 -48.7648770000 4.2206730000
42.5102810000 -48.7902150000 4.2188600000
43.3414650000 -48.8153840000 4.2230590000
44.1888960000 -48.8401450000 4.2330640000
45.0529020000 -48.8642690000 4.2486740000
45.9338000000 -48.8875470000 4.2696980000
46.8319210000 -48.9097900000 4.2959480000
47.7476010000 -48.9308200000 4.3272440000
48.6811870000 -48.9504700000 4.3634130000
49.6330260000 -48.9685860000 4.4042830000
50.6034740000 -48.9850230000 4.4496880000
51.5928990000 -48.9996450000 4.4994660000
52.6016690000 -49.0123250000 4.5534580000
53.6301650000 -49.0229420000 4.6115060000
54.6787680000 -49.0313840000 4.6734550000
55.7478750000 -49.0375400000 4.7391520000
56.8378870000 -49.0413210000 4.8084470000
57.9492070000 -49.0426250000 4.8811890000
59.0822600000 -49.0413700000 4.9572270000
60.2374690000 -49.0374830000 5.0364140000
61.4152600000 -49.0308800000 5.1185990000
62.6160810000 -49.0215000000 5.2036350000
63.8403850000 -49.0092810000 5.2913720000
65.0886230000 -48.9941750000 5.3816610000
66.3612670000 -48.9761280000 5.4743520000
67.6587980000 -48.9551050000 5.5692950000
68.9816970000 -48.9310760000 5.6663390000
70.3304600000 -48.9040110000 5.7653310000
71.7055970000 -48.8739010000 5.8661200000
73.1076200000 -48.8407360000 5.9685510000
74.5370640000 -48.8045230000 6.0724690000
75.9944460000 -48.7652700000 6.1777200000
77.4803310000 -48.7230030000 6.2841460000
78.9952620000 -48.6777570000 6.3915900000
80.5398180000 -48.6295850000 6.4998920000
82.1145710000 -48.6446650000 6.6109360000
83.7201160000 -48.5904010000 6.7239560000
85.3570560000 -48.5333180000 6.8372900000
87.0260010000 -48.4735340000 6.9507790000
88.7275770000 -48.4111900000 7.0642620000
90.4624250000 -48.3464470000 7.1775770000
92.2311940000 -48.2794950000 7.2905650000
94.0345380000 -48.2105600000 7.4030640000
95.8731540000 -48.1398930000 7.5149150000
97.7477110000 -48.0677950000 7.6259580000
99.6589200000 -47.9946170000 7.7360360000
101.6075060000 -47.9207650000 7.8449900000
103.5941850000 -47.8467220000 7.9526630000
105.6197130000 -47.7730560000 8.0589010000
107.6848450000 -47.7004470000 8.1635500000
109.7903520000 -47.6297150000 8.2664590000
111.9370270000 -47.5618590000 8.3674760000
114.1256790000 -47.4981120000 8.4664550000
116.3571170000 -47.4400100000 8.5632510000
118.6321950000 -47.3895190000 8.6577210000
120.9517520000 -47.3491710000 8.7497240000
123.3166580000 -47.3223340000 8.8391270000
125.7278060000 -47.3135680000 8.9257940000
128.1860960000 -47.3292500000 9.0095970000
130.6924590000 -47.3786090000 9.0904090000
133.2478330000 -47.4755740000 9.1681120000
135.8531490000 -47.6422390000 9.2425840000
138.5094300000 -47.9160650000 9.3137170000
141.2176360000 -50.5529100000 4.9032660000
143.9787900000 -47.3008770000 4.5454550000
146.7939300000 -45.9946980000 4.2281320000
149.6641240000 -45.1236460000 3.9454050000
152.5904390000 -44.4744570000 3.6927340000
155.5739590000 -43.9571300000 3.4663250000
158.6158140000 -43.5270580000 3.2628420000
161.7171480000 -42.9335170000 3.0758690000
164.8791350000 -42.6063000000 2.9030320000
168.1029360000 -42.3138280000 2.7451210000
171.3897710000 -42.0485150000 2.6001280000
174.7408600000 -41.0229150000 2.4629710000
178.1574860000 -40.7844430000 2.3154420000
181.6409150000 -40.5615010000 2.1755430000
185.1924440000 -40.3518370000 2.0420890000
188.8134160000 -40.1538090000 1.9140460000
192.5051880000 -39.9661870000 1.7905040000
196.2691500000 -39.7880970000 1.6706680000
200.1067050000 -39.6189270000 1.5538450000
204.0192870000 -39.4583050000 1.4394370000
208.0083770000 -39.3060420000 1.3269210000
212.0754700000 -39.1621320000 1.2158540000
216.2220760000 -39.0267370000 1.1058550000
220.4497530000 -38.9001880000 0.9966090000
224.7601010000 -38.7829900000 0.8878470000
229.1547240000 -38.6758650000 0.7793570000
233.6352690000 -38.5797960000 0.6709700000
238.2034300000 -38.4960940000 0.5625560000
242.8609010000 -38.4265560000 0.4540290000
247.6094360000 -38.3736460000 0.3453310000
252.4508210000 -38.3408890000 0.2364420000
257.3868710000 -38.3335040000 0.1273700000
262.4194340000 -38.3596340000 0.0181530000
267.5503850000 -38.4328840000 9.9088550000
272.7816770000 -38.8984300000 0.9491420000
278.1152340000 -38.3639910000 0.8566000000
283.5530700000 -38.1271290000 0.7641360000
289.0972600000 -38.2284200000 1.0144630000
294.7498170000 -37.8146250000 0.9298250000
300.5129390000 -37.6089940000 0.8457810000
306.3887020000 -37.4502030000 0.7625420000
312.3793640000 -37.3196070000 0.6803360000
318.4871830000 -37.2104800000 0.5994160000
324.7143860000 -37.1197400000 0.5200610000
331.0633850000 -37.0459480000 0.4425740000
337.5364990000 -36.9886510000 0.3672790000
344.1361690000 -36.9481430000 0.2945370000
350.8648990000 -36.9254420000 0.2247310000
357.7251890000 -36.9225270000 0.1582830000
364.7196040000 -36.9428290000 0.0956460000
371.8508000000 -36.9923820000 0.0373130000
379.1213990000 -37.1799090000 0.5210600000
386.5341800000 -36.6653400000 0.4702110000
394.0918880000 -36.5827450000 0.4223360000
401.7973630000 -36.5432700000 0.3806980000
409.6535340000 -36.5314830000 0.3460440000
417.6632690000 -36.5418510000 0.3191920000
425.8296200000 -36.5719600000 0.3010450000
434.1556700000 -36.6207620000 0.2926030000
442.6445010000 -36.6878740000 0.2949720000
451.2993160000 -36.7733350000 0.3093810000
460.1233520000 -36.8774450000 0.3371980000
469.1199040000 -37.0007210000 0.3799510000
478.2923890000 -37.1438180000 0.4393480000
487.6441960000 -37.3075290000 0.5173070000
497.1788640000 -37.4928320000 0.6159820000
506.8999330000 -37.7007260000 0.7378000000
516.8110960000 -37.9323960000 0.8854970000
526.9160770000 -38.1891290000 1.0621790000
537.2185670000 -38.4723280000 1.2713520000
547.7225340000 -38.7835270000 1.5170110000
558.4318850000 -39.1243670000 1.8036980000
569.3506470000 -31.7703880000 1.8601520000
580.4828490000 -31.6197510000 1.7855910000
591.8327640000 -31.4748970000 1.7067620000
603.4046020000 -31.3363040000 1.6236220000
615.2026370000 -31.2044830000 1.5361390000
627.2313840000 -31.0799870000 1.4442940000
639.4953610000 -30.9634080000 1.3480820000
651.9990840000 -30.8553850000 1.2475100000
664.7473140000 -30.7566050000 1.1425990000
677.7447510000 -30.6678100000 1.0333840000
690.9963990000 -30.6235370000 0.9208890000
704.5070800000 -30.5572300000 0.8042110000
718.2819820000 -30.5035020000 0.6834120000
732.3261720000 -30.4633900000 0.5585800000
746.6450200000 -30.4380400000 0.4298170000
761.2437740000 -30.4287130000 0.2972390000
776.1279910000 -30.4368230000 0.1609700000
791.3032230000 -30.4639510000 0.0211500000
806.7752080000 -30.5118900000 9.8779270000
822.5496830000 -30.5826890000 9.7314640000
838.6325680000 -30.6787110000 9.5819310000
855.0299680000 -30.8027190000 9.4295080000
871.7479250000 -30.9579730000 9.2743840000
888.7927860000 -31.1483940000 9.1167530000
906.1708980000 -31.3787540000 8.9568210000
923.8888550000 -31.6549910000 8.7947970000
941.9531860000 -31.9846570000 8.6308960000
960.3707280000 -32.3776320000 8.4653340000
979.1483760000 -32.8472900000 8.2983360000
998.2931520000 -33.4125520000 8.1301260000
1017.8123170000 -34.0904540000 8.0062730000
1037.7131350000 -34.9241290000 7.8865400000
1058.0029300000 -35.9823340000 7.7666220000
1078.6895750000 -37.3906170000 7.6465690000
1099.7806400000 -39.4149060000 7.5266190000
1121.2841800000 -42.6871410000 7.4067820000
1143.2080080000 -49.1946530000 7.2870610000
1165.5606690000 -68.3787380000 7.1676290000
1188.3502200000 -129.5547030000 8.2825780000
1211.5854490000 -51.8296130000 8.0653610000
1235.2750240000 12.3981920000 9.6299210000
1259.4277340000 8.2919400000 9.2761540000
1284.0527340000 -3.7760860000 1.4788890000
1309.1591800000 -12.9799220000 4.3881720000
1334.7564700000 -19.7776450000 1.2522770000
1360.8542480000 -25.2596840000 9.7658060000
1387.4624020000 -30.2575740000 9.0817590000
1414.5908200000 -35.4449460000 8.8992870000
1442.2495120000 -41.5377580000 9.1841980000
1470.4492190000 -49.5638240000 0.1388100000
1499.2000730000 -61.3727380000 2.3819960000
1528.5131840000 -81.0447850000 7.5763090000
1558.3995360000 -45.7095570000 7.0569570000
1588.8701170000 -19.5435520000 9.8635920000
1619.9365230000 -18.2974170000 8.9548380000
1651.6103520000 -17.5498710000 8.0922390000
1683.9034420000 -17.8881840000 7.2729720000
1716.8280030000 -15.9789750000 8.2975960000
1750.3962400000 -14.9018810000 7.4767250000
1784.6208500000 -14.1588130000 6.7074660000
1819.5146480000 -13.6257920000 5.9872380000
1855.0908200000 -13.3509210000 5.3140620000
1891.3624270000 -13.1519340000 5.8579430000
1928.3432620000 -12.1249940000 5.2582660000
1966.0472410000 -11.4954230000 4.7044910000
2004.4884030000 -10.9848440000 4.1967070000
2043.6811520000 -9.8886280000 3.6179390000
2083.6401370000 -9.4365180000 3.0555250000
2124.3806150000 -9.0284940000 2.5174600000
2165.9174800000 -8.6563620000 2.0039420000
2208.2666020000 -7.9958210000 1.4958100000
2251.4438480000 -7.6443840000 0.9625630000
2295.4653320000 -7.3196030000 0.4420680000
2340.3474120000 -7.0188980000 9.9340740000
2386.1069340000 -6.6334610000 9.4344690000
2432.7612300000 -6.3733830000 8.9392760000
2480.3278810000 -6.0256520000 8.4429860000
2528.8244630000 -5.7991820000 7.9544890000
2578.2692870000 -5.5909740000 7.4759410000
2628.6809080000 -5.3999930000 7.0072310000
2680.0783690000 -5.3377590000 6.5509190000
2732.4804690000 -5.1771490000 6.1047650000
2785.9074710000 -5.0311640000 5.6680160000
2840.3789060000 -4.8992660000 5.2405550000
2895.9152830000 -4.7811770000 4.8222610000
2952.5378420000 -4.6772700000 4.4130090000
3010.2673340000 -4.5883830000 4.0137830000
3069.1254880000 -4.5041670000 3.6288080000
3129.1347660000 -4.4311650000 3.2530310000
3190.3171390000 -4.3668010000 2.8863330000
3252.6958010000 -4.3113560000 2.5285140000
3316.2941890000 -4.2644110000 2.1793960000
3381.1359860000 -4.2285070000 1.8388250000
3447.2456050000 -4.1978930000 1.5069490000
3514.6479490000 -4.1746930000 1.1833450000
3583.3681640000 -4.1586100000 0.8678430000
3653.4318850000 -4.1493760000 0.5602690000
3724.8657230000 -4.1467510000 0.2604600000
3797.6960450000 -4.1526690000 9.9683620000
3871.9506840000 -4.1628060000 9.6838370000
3947.6569820000 -4.1790070000 9.4066170000
4024.8435060000 -4.2010820000 9.1365400000
4103.5390630000 -4.2289580000 8.8734530000
4183.7739260000 -4.2625640000 8.6171950000
4265.5771480000 -4.3020520000 8.3676200000
4348.9794920000 -4.3470260000 8.1245770000
4434.0131840000 -4.3977120000 7.8879130000
4520.7089840000 -4.4541760000 7.6574870000
4609.1005860000 -4.5165330000 7.4331540000
4699.2197270000 -4.5849420000 7.2147770000
4791.1015630000 -4.6596220000 7.0022140000
4884.7792970000 -4.7408540000 6.7953320000
4980.2890630000 -4.8289930000 6.5939970000
5077.6660160000 -4.9244900000 6.3980800000
5176.9472660000 -5.0357540000 6.2076470000
5278.1694340000 -5.1534790000 6.0225700000
5381.3710940000 -5.2749070000 5.8428540000
5486.5903320000 -5.4094120000 5.6680950000
5593.8666990000 -5.5528990000 5.4981480000
5703.2412110000 -5.7097090000 5.3328660000
5814.7534180000 -5.8818960000 5.1721340000
5928.4467770000 -6.0721140000 5.0158390000
6044.3627930000 -6.2838370000 4.8638680000
6162.5449220000 -6.5217310000 4.7161160000
6283.0380860000 -6.7922580000 4.5724740000
6405.8872070000 -7.1046920000 4.4328390000
6531.1386720000 -7.4730510000 4.2971100000
6658.8383790000 -7.9199840000 4.1651890000
6789.0356450000 -8.4961110000 4.0374240000
6921.7783200000 -9.2651840000 3.9134180000
7057.1162110000 -10.4701870000 3.7929310000
7183.7500000000 -12.9655390000 3.6853420000
7184.1699220000 -12.9810830000 3.6849940000
7184.5800780000 -12.9963820000 3.6846530000
7185.0000000000 -13.0121670000 3.6843040000
7185.4199220000 -13.0280680000 3.6839550000
7185.8300780000 -13.0437030000 3.6836140000
7186.2500000000 -13.0598370000 3.6832650000
7186.6601560000 -13.0757050000 3.6829250000
7187.0800780000 -13.0920610000 3.6825770000
7187.5000000000 -13.1085610000 3.6822280000
7187.9101560000 -13.1247890000 3.6818880000
7188.3300780000 -13.1415410000 3.6815390000
7188.7500000000 -13.1584040000 3.6811910000
7189.1699220000 -13.1754190000 3.6808430000
7189.5800780000 -13.1921580000 3.6805030000
7190.0000000000 -13.2094400000 3.6801540000
7190.4199220000 -13.2268620000 3.6798060000
7190.8300780000 -13.2440040000 3.6794660000
7191.2500000000 -13.2616860000 3.6791180000
7191.6699220000 -13.2795340000 3.6787700000
7192.0800780000 -13.2970990000 3.6784300000
7192.5000000000 -13.3152430000 3.6780820000
7192.9199220000 -13.3335180000 3.6777350000
7193.3398440000 -13.3519700000 3.6773870000
7193.7500000000 -13.3701340000 3.6770470000
7194.1699220000 -13.3889010000 3.6766990000
7194.5898440000 -13.4078100000 3.6763520000
7195.0097660000 -13.4269080000 3.6760040000
7195.1005860000 -13.4310700000 3.6759290000
7195.4199220000 -13.4457140000 3.6756650000
7195.8398440000 -13.4651490000 3.6753170000
7196.2597660000 -13.4847600000 3.6749690000
7196.6801760000 -13.5045510000 3.6746220000
7197.0898440000 -13.5240220000 3.6742830000
7197.5097660000 -13.5441750000 3.6739360000
7197.9301760000 -13.5645410000 3.6735880000
7198.3500980000 -13.5850520000 3.6732410000
7198.7700200000 -13.6057830000 3.6728940000
7199.1801760000 -13.6262140000 3.6725540000
7199.6000980000 -13.6473440000 3.6722070000
7200.0200200000 -13.6686570000 3.6718610000
7200.4399410000 -13.6902070000 3.6715140000
7200.8598630000 -13.7119720000 3.6711660000
7201.2700200000 -13.7334320000 3.6708280000
7201.6899410000 -13.7556120000 3.6704810000
7202.1098630000 -13.7780480000 3.6701340000
7202.5297850000 -13.8007160000 3.6697870000
7202.9501950000 -13.8236260000 3.6694410000
7203.3701170000 -13.8467790000 3.6690940000
7203.7900390000 -13.8701810000 3.6687470000
7204.2001950000 -13.8932710000 3.6684090000
7204.6201170000 -13.9171560000 3.6680630000
7205.0400390000 -13.9413350000 3.6677160000
7205.4599610000 -13.9657850000 3.6673700000
7205.8798830000 -13.9904850000 3.6670240000
7206.2998050000 -14.0154980000 3.6666770000
7206.7202150000 -14.0408320000 3.6663310000
7207.1401370000 -14.0664060000 3.6659850000
7207.5498050000 -14.0916630000 3.6656470000
7207.9702150000 -14.1179070000 3.6653000000
7208.3901370000 -14.1444400000 3.6649540000
7208.8100590000 -14.1712710000 3.6646090000
7209.2299800000 -14.1984690000 3.6642630000
7209.6499020000 -14.2260110000 3.6639170000
7210.0698240000 -14.2538750000 3.6635710000
7210.4902340000 -14.2821660000 3.6632250000
7210.9101560000 -14.3107970000 3.6628790000
7211.3300780000 -14.3397760000 3.6625340000
7211.7500000000 -14.3691820000 3.6621880000
7212.1699220000 -14.3989900000 3.6618420000
7212.5898440000 -14.4291770000 3.6614970000
7213.0097660000 -14.4598260000 3.6611510000
7213.4199220000 -14.4901650000 3.6608140000
7213.8398440000 -14.5216910000 3.6604690000
7214.2597660000 -14.5536440000 3.6601230000
7214.6801760000 -14.5861470000 3.6597780000
7215.1000980000 -14.6191060000 3.6594320000
7215.5200200000 -14.6525340000 3.6590870000
7215.9399410000 -14.6865220000 3.6587420000
7216.3598630000 -14.7210480000 3.6583970000
7216.7797850000 -14.7560920000 3.6580520000
7217.2001950000 -14.7917900000 3.6577070000
7217.6201170000 -14.8280000000 3.6573620000
7218.0400390000 -14.8648650000 3.6570170000
7218.4599610000 -14.9023650000 3.6566720000
7218.8798830000 -14.9404780000 3.6563280000
7219.3100590000 -14.9802920000 3.6559740000
7219.7299800000 -15.0198060000 3.6556300000
7220.1499020000 -15.0600960000 3.6552850000
7220.5698240000 -15.1010970000 3.6549410000
7220.9902340000 -15.1429810000 3.6545960000
7221.4101560000 -15.1856350000 3.6542510000
7221.8300780000 -15.2290910000 3.6539070000
7222.2500000000 -15.2734810000 3.6535630000
7222.6699220000 -15.3187940000 3.6532180000
7223.0898440000 -15.3650150000 3.6528740000
7223.5097660000 -15.4122920000 3.6525300000
7223.9301760000 -15.4606700000 3.6521850000
7224.3500980000 -15.5100310000 3.6518410000
7224.7700200000 -15.5605920000 3.6514970000
7225.1899410000 -15.6123520000 3.6511530000
7225.6201170000 -15.6666480000 3.6508010000
7226.0400390000 -15.7209540000 3.6504570000
7226.4599610000 -15.7767080000 3.6501130000
7226.8798830000 -15.8339220000 3.6497690000
7227.2998050000 -15.8926070000 3.6494260000
7227.7202150000 -15.9530500000 3.6490810000
7228.1401370000 -16.0151390000 3.6487380000
7228.5600590000 -16.0789700000 3.6483940000
7228.9902340000 -16.1463890000 3.6480420000
7229.4101560000 -16.2143060000 3.6476990000
7229.8300780000 -16.2844010000 3.6473550000
7230.2500000000 -16.3567300000 3.6470120000
7230.6699220000 -16.4316160000 3.6466690000
7231.0898440000 -16.5091550000 3.6463250000
7231.5200200000 -16.5914940000 3.6459740000
7231.9399410000 -16.6749190000 3.6456310000
7232.3598630000 -16.7617470000 3.6452880000
7232.7797850000 -16.8521580000 3.6449440000
7233.2001950000 -16.9464570000 3.6446010000
7233.6298830000 -17.0472830000 3.6442500000
7234.0498050000 -17.1505640000 3.6439070000
7234.4702150000 -17.2590730000 3.6435640000
7234.8901370000 -17.3729610000 3.6432210000
7235.3100590000 -17.4932210000 3.6428780000
7235.7402340000 -17.6235730000 3.6425270000
7236.1601560000 -17.7588210000 3.6421840000
7236.5800780000 -17.9027710000 3.6418420000
7237.0000000000 -18.0569920000 3.6414990000
7237.4301760000 -18.2269570000 3.6411480000
7237.8500980000 -18.4066930000 3.6408050000
7238.2700200000 -18.6021860000 3.6404630000
7238.6899410000 -18.8170030000 3.6401210000
7239.1201170000 -19.0610560000 3.6397700000
7239.5400390000 -19.3287510000 3.6394280000
7239.9599610000 -19.6335030000 3.6390850000
7240.3798830000 -19.9867920000 3.6387430000
7240.8100590000 -20.4192580000 3.6383930000
7241.2299800000 -20.9434680000 3.6380510000
7241.6499020000 -21.6321510000 3.6377080000
7242.0800780000 -22.6686250000 3.6373580000
7242.5000000000 -24.6048490000 3.6370170000
7242.9199220000 -26.6798080000 0.6160540000
7243.3500980000 -23.2973710000 0.6146180000
7243.7700200000 -22.0354500000 0.6132160000
7244.1899410000 -21.2355460000 0.6118160000
7244.6201170000 -20.6345920000 0.6103800000
7245.0400390000 -20.1724910000 0.6089820000
7245.4599610000 -19.7894100000 0.6075820000
7245.8901370000 -19.4552480000 0.6061490000
7246.3100590000 -19.1709480000 0.6047500000
7246.7299800000 -18.9190060000 0.6033530000
7247.1601560000 -18.6871970000 0.6019210000
7247.5800780000 -18.4818190000 0.6005230000
7248.0000000000 -18.2936950000 0.5991260000
7248.4301760000 -18.1161710000 0.5976950000
7248.8500980000 -17.9555470000 0.5963000000
7249.2700200000 -17.8054960000 0.5949040000
7249.7001950000 -17.6616060000 0.5934750000
7250.1201170000 -17.5294440000 0.5920800000
7250.5498050000 -17.4018760000 0.5906530000
7250.9702150000 -17.2836480000 0.5892570000
7251.3901370000 -17.1715790000 0.5878650000
7251.8198240000 -17.0623490000 0.5864400000
7252.2402340000 -16.9603310000 0.5850450000
7252.6699220000 -16.8606870000 0.5836210000
7253.0898440000 -16.7673450000 0.5822290000
7253.5200200000 -16.6756320000 0.5808040000
7253.9399410000 -16.5895270000 0.5794120000
7254.3598630000 -16.5066870000 0.5780230000
7254.7900390000 -16.4248290000 0.5765990000
7255.2099610000 -16.3476540000 0.5752100000
7255.6401370000 -16.2712880000 0.5737870000
7256.0600590000 -16.1991210000 0.5723970000
7256.4902340000 -16.1275580000 0.5709750000
7256.9101560000 -16.0597900000 0.5695880000
7257.3398440000 -15.9925320000 0.5681680000
7257.7597660000 -15.9287250000 0.5667820000
7258.1899410000 -15.8650800000 0.5653600000
7258.6098630000 -15.8047400000 0.5639750000
7259.0400390000 -15.7445260000 0.5625560000
7259.4599610000 -15.6872290000 0.5611710000
7259.8901370000 -15.6300390000 0.5597520000
7260.3100590000 -15.5755490000 0.5583670000
7260.7402340000 -15.5210950000 0.5569500000
7261.1601560000 -15.4691510000 0.5555660000
7261.5898440000 -15.4172390000 0.5541510000
7262.0097660000 -15.3676670000 0.5527690000
7262.4399410000 -15.3179660000 0.5513530000
7262.8598630000 -15.2704570000 0.5499720000
7263.2900390000 -15.2228350000 0.5485560000
7263.7099610000 -15.1772750000 0.5471740000
7264.1401370000 -15.1315650000 0.5457610000
7264.5698240000 -15.0868150000 0.5443490000
7264.9902340000 -15.0438550000 0.5429680000
7265.4199220000 -15.0008000000 0.5415560000
7265.8398440000 -14.9594840000 0.5401770000
7266.2700200000 -14.9179550000 0.5387650000
7266.6899410000 -14.8781660000 0.5373890000
7267.1201170000 -14.8381000000 0.5359770000
7267.5498050000 -14.7987370000 0.5345670000
7267.9702150000 -14.7609430000 0.5331900000
7268.3999020000 -14.7229390000 0.5317820000
7268.8198240000 -14.6863900000 0.5304060000
7269.2500000000 -14.6495770000 0.5289970000
7269.6801760000 -14.6133580000 0.5275890000
7270.1000980000 -14.5785360000 0.5262140000
7270.5297850000 -14.5434750000 0.5248080000
7270.9599610000 -14.5089160000 0.5234010000
7271.3798830000 -14.4756680000 0.5220280000
7271.8100590000 -14.4421300000 0.5206210000
7272.2402340000 -14.4090860000 0.5192170000
7272.6601560000 -14.3772760000 0.5178430000
7273.0898440000 -14.3452040000 0.5164400000
7273.5200200000 -14.3135500000 0.5150370000
7273.9399410000 -14.2830580000 0.5136650000
7274.3701170000 -14.2522650000 0.5122610000
7274.7998050000 -14.2219230000 0.5108600000
7275.2202150000 -14.1926140000 0.5094890000
7275.6499020000 -14.1630650000 0.5080880000
7276.0800780000 -14.1338690000 0.5066870000
7276.5000000000 -14.1057170000 0.5053190000
7276.9301760000 -14.0772550000 0.5039180000
7277.3598630000 -14.0491840000 0.5025190000
7277.7797850000 -14.0221020000 0.5011530000
7278.2099610000 -13.9946510000 0.4997520000
7278.6401370000 -13.9675630000 0.4983530000
7279.0698240000 -13.9408290000 0.4969560000
7279.4902340000 -13.9149660000 0.4955880000
7279.9199220000 -13.8888520000 0.4941920000
7280.3500980000 -13.8630110000 0.4927950000
7280.7797850000 -13.8374960000 0.4914000000
7281.2001950000 -13.8127990000 0.4900340000
7281.6298830000 -13.7878480000 0.4886400000
7282.0600590000 -13.7631480000 0.4872450000
7282.4902340000 -13.7387190000 0.4858490000
7282.9101560000 -13.7151150000 0.4844880000
7283.3398440000 -13.6912310000 0.4830940000
7283.7700200000 -13.6675760000 0.4817010000
7284.2001950000 -13.6441690000 0.4803080000
7284.6298830000 -13.6210330000 0.4789160000
7285.0498050000 -13.5986400000 0.4775560000
7285.4799800000 -13.5759470000 0.4761640000
7285.9101560000 -13.5534830000 0.4747720000
7286.3398440000 -13.5312690000 0.4733830000
7286.7700200000 -13.5092510000 0.4719920000
7287.2001950000 -13.4874500000 0.4706020000
7287.6201170000 -13.4663620000 0.4692440000
7288.0498050000 -13.4450010000 0.4678560000
7288.4799800000 -13.4238210000 0.4664670000
7288.9101560000 -13.4028190000 0.4650770000
7289.3398440000 -13.3820610000 0.4636910000
7289.7700200000 -13.3614730000 0.4623020000
7290.1899410000 -13.3415710000 0.4609490000
7290.6201170000 -13.3213340000 0.4595600000
7291.0498050000 -13.3013240000 0.4581760000
7291.4799800000 -13.2814730000 0.4567900000
7291.9101560000 -13.2618000000 0.4554040000
7292.3398440000 -13.2423220000 0.4540210000
7292.7700200000 -13.2229930000 0.4526360000
7293.2001950000 -13.2038340000 0.4512520000
7293.6298830000 -13.1848600000 0.4498690000
7294.0498050000 -13.1664650000 0.4485190000
7294.4799800000 -13.1477890000 0.4471350000
7294.9101560000 -13.1292720000 0.4457530000
7295.3398440000 -13.1109090000 0.4443700000
7295.7700200000 -13.0926980000 0.4429890000
7296.2001950000 -13.0746380000 0.4416070000
7296.6298830000 -13.0567460000 0.4402280000
7297.0600590000 -13.0389790000 0.4388480000
7297.4902340000 -13.0213540000 0.4374690000
7297.9199220000 -13.0038900000 0.4360900000
7298.3500980000 -12.9865260000 0.4347100000
7298.7797850000 -12.9693380000 0.4333320000
7299.2099610000 -12.9522650000 0.4319540000
7299.6401370000 -12.9353240000 0.4305760000
7300.0698240000 -12.9185320000 0.4292000000
7300.5000000000 -12.9018510000 0.4278240000
7300.9301760000 -12.8852970000 0.4264470000
7301.3598630000 -12.8688850000 0.4250730000
7301.7900390000 -12.8525600000 0.4236960000
7335.7827150000 -11.8554720000 0.3163880000
7479.2158200000 -9.9495970000 9.8915210000
7625.4531250000 -9.2589570000 9.5002840000
7774.5498050000 -9.2608830000 9.1398150000
7862.5400390000 -9.8390620000 8.9434370000
7863.0400390000 -9.8453870000 8.9423540000
7863.5297850000 -9.8516450000 8.9412940000
7864.0297850000 -9.8580980000 8.9402100000
7864.5297850000 -9.8646080000 8.9391290000
7865.0297850000 -9.8711870000 8.9380460000
7865.5297850000 -9.8778320000 8.9369640000
7866.0297850000 -9.8845360000 8.9358840000
7866.5297850000 -9.8913130000 8.9348020000
7867.0297850000 -9.8981500000 8.9337220000
7867.5297850000 -9.9050650000 8.9326420000
7868.0297850000 -9.9120410000 8.9315620000
7868.5200200000 -9.9189530000 8.9305040000
7869.0200200000 -9.9260780000 8.9294240000
7869.5200200000 -9.9332750000 8.9283460000
7870.0200200000 -9.9405410000 8.9272670000
7870.5200200000 -9.9478890000 8.9261890000
7871.0200200000 -9.9553060000 8.9251120000
7871.5200200000 -9.9628100000 8.9240340000
7872.0200200000 -9.9703910000 8.9229560000
7872.5200200000 -9.9780460000 8.9218810000
7873.0200200000 -9.9857910000 8.9208040000
7873.5200200000 -9.9936120000 8.9197280000
7874.0200200000 -10.0015260000 8.9186530000
7874.5200200000 -10.0095180000 8.9175780000
7875.0200200000 -10.0176060000 8.9165030000
7875.5200200000 -10.0257830000 8.9154280000
7876.0200200000 -10.0340430000 8.9143540000
7876.5200200000 -10.0424040000 8.9132800000
7877.0200200000 -10.0508520000 8.9122080000
7877.5200200000 -10.0594030000 8.9111340000
7878.0200200000 -10.0680460000 8.9100620000
7878.5200200000 -10.0767950000 8.9089890000
7879.0297850000 -10.0858160000 8.9078960000
7879.5297850000 -10.0947730000 8.9068240000
7880.0297850000 -10.1038270000 8.9057530000
7880.5297850000 -10.1129990000 8.9046820000
7881.0297850000 -10.1222710000 8.9036120000
7881.5297850000 -10.1316630000 8.9025410000
7882.0297850000 -10.1411710000 8.9014710000
7882.5297850000 -10.1507860000 8.9004020000
7883.0297850000 -10.1605310000 8.8993320000
7883.5297850000 -10.1703860000 8.8982640000
7884.0400390000 -10.1805780000 8.8971740000
7884.5400390000 -10.1906980000 8.8961050000
7885.0400390000 -10.2009370000 8.8950380000
7885.5400390000 -10.2113190000 8.8939700000
7886.0400390000 -10.2218370000 8.8929020000
7886.5400390000 -10.2324830000 8.8918360000
7887.0400390000 -10.2432810000 8.8907700000
7887.5498050000 -10.2544350000 8.8896830000
7888.0498050000 -10.2655190000 8.8886180000
7888.5498050000 -10.2767660000 8.8875520000
7889.0498050000 -10.2881680000 8.8864870000
7889.5498050000 -10.2997190000 8.8854230000
7890.0600590000 -10.3116810000 8.8843370000
7890.5600590000 -10.3235770000 8.8832730000
7891.0600590000 -10.3356320000 8.8822100000
7891.5600590000 -10.3478770000 8.8811460000
7892.0698240000 -10.3605390000 8.8800630000
7892.5698240000 -10.3731520000 8.8790000000
7893.0698240000 -10.3859430000 8.8779380000
7893.5698240000 -10.3989420000 8.8768760000
7894.0800780000 -10.4124080000 8.8757930000
7894.5800780000 -10.4258040000 8.8747330000
7895.0800780000 -10.4394260000 8.8736720000
7895.5800780000 -10.4532660000 8.8726110000
7896.0898440000 -10.4676010000 8.8715300000
7896.5898440000 -10.4818880000 8.8704710000
7897.0898440000 -10.4964260000 8.8694110000
7897.6000980000 -10.5115070000 8.8683310000
7898.1000980000 -10.5265330000 8.8672720000
7898.6000980000 -10.5418350000 8.8662140000
7899.1000980000 -10.5574050000 8.8651550000
7899.6098630000 -10.5735590000 8.8640780000
7900.1098630000 -10.5896840000 8.8630210000
7900.6098630000 -10.6061200000 8.8619630000
7901.1201170000 -10.6232010000 8.8608860000
7901.6201170000 -10.6402520000 8.8598300000
7902.1298830000 -10.6579810000 8.8587530000
7902.6298830000 -10.6757230000 8.8576970000
7903.1298830000 -10.6938170000 8.8566420000
7903.6401370000 -10.7126490000 8.8555660000
7904.1401370000 -10.7314790000 8.8545120000
7904.6401370000 -10.7507200000 8.8534570000
7905.1499020000 -10.7707490000 8.8523840000
7905.6499020000 -10.7908340000 8.8513300000
7906.1601560000 -10.8117800000 8.8502550000
7906.6601560000 -10.8327620000 8.8492030000
7907.1601560000 -10.8542450000 8.8481500000
7907.6699220000 -10.8766570000 8.8470780000
7908.1699220000 -10.8991600000 8.8460270000
7908.6801760000 -10.9227020000 8.8449540000
7909.1801760000 -10.9463650000 8.8439030000
7909.6899410000 -10.9711010000 8.8428320000
7910.1899410000 -10.9960150000 8.8417820000
7910.7001950000 -11.0221150000 8.8407100000
7911.2001950000 -11.0483860000 8.8396620000
7911.7099610000 -11.0759430000 8.8385920000
7912.2099610000 -11.1037710000 8.8375430000
7912.7202150000 -11.1330060000 8.8364730000
7913.2202150000 -11.1625480000 8.8354230000
7913.7299800000 -11.1936040000 8.8343550000
7914.2299800000 -11.2250390000 8.8333090000
7914.7402340000 -11.2582100000 8.8322400000
7915.2402340000 -11.2918540000 8.8311930000
7915.7500000000 -11.3273620000 8.8301270000
7916.2500000000 -11.3634900000 8.8290810000
7916.7597660000 -11.4017130000 8.8280140000
7917.2597660000 -11.4406660000 8.8269690000
7917.7700200000 -11.4820710000 8.8259030000
7918.2700200000 -11.5243960000 8.8248580000
7918.7797850000 -11.5694450000 8.8237930000
7919.2900390000 -11.6166490000 8.8227280000
7919.7900390000 -11.6651720000 8.8216840000
7920.2998050000 -11.7171330000 8.8206210000
7920.7998050000 -11.7707890000 8.8195780000
7921.3100590000 -11.8286510000 8.8185150000
7921.8198240000 -11.8899280000 8.8174510000
7922.3198240000 -11.9538430000 8.8164100000
7922.8300780000 -12.0234060000 8.8153470000
7923.3300780000 -12.0964870000 8.8143050000
7923.8398440000 -12.1766850000 8.8132440000
7924.3500980000 -12.2636930000 8.8121820000
7924.8500980000 -12.3566050000 8.8111430000
7925.3598630000 -12.4607540000 8.8100830000
7925.8701170000 -12.5765430000 8.8090220000
7926.3701170000 -12.7039920000 8.8079820000
7926.5620120000 -12.7572410000 8.8075850000
7926.8798830000 -12.8519970000 8.8069240000
7927.3901370000 -13.0243660000 8.8058640000
7927.8901370000 -13.2259090000 8.8048260000
7928.3999020000 -13.4802480000 8.8037680000
7928.9101560000 -13.8154150000 8.8027100000
7929.4199220000 -14.3059630000 8.8016520000
7929.9199220000 -15.2082860000 8.8006160000
7930.4301760000 -16.3758010000 2.1925500000
7930.9399410000 -14.6569750000 2.1910990000
7931.4399410000 -14.0321040000 2.1896780000
7931.9501950000 -13.6307810000 2.1882270000
7932.4599610000 -13.3382430000 2.1867780000
7932.9702150000 -13.1074300000 2.1853280000
7933.4702150000 -12.9202500000 2.1839070000
7933.9799800000 -12.7574820000 2.1824590000
7934.4902340000 -12.6155300000 2.1810100000
7935.0000000000 -12.4898390000 2.1795640000
7935.5097660000 -12.3769410000 2.1781180000
7936.0097660000 -12.2762800000 2.1766990000
7936.5200200000 -12.1821800000 2.1752520000
7937.0297850000 -12.0954630000 2.1738070000
7937.5400390000 -12.0148970000 2.1723610000
7938.0498050000 -11.9397880000 2.1709180000
7938.5498050000 -11.8706490000 2.1695010000
7939.0600590000 -11.8042310000 2.1680560000
7939.5698240000 -11.7415490000 2.1666140000
7940.0800780000 -11.6820930000 2.1651710000
7940.5898440000 -11.6256400000 2.1637290000
7941.1000980000 -11.5718000000 2.1622860000
7941.6098630000 -11.5204290000 2.1608460000
7942.1098630000 -11.4721620000 2.1594320000
7942.6201170000 -11.4249330000 2.1579900000
7943.1298830000 -11.3796080000 2.1565510000
7943.6401370000 -11.3359560000 2.1551110000
7944.1499020000 -11.2939300000 2.1536730000
7944.6601560000 -11.2533380000 2.1522330000
7945.1699220000 -11.2141520000 2.1507960000
7945.6801760000 -11.1762080000 2.1493580000
7946.1899410000 -11.1394940000 2.1479210000
7946.7001950000 -11.1038660000 2.1464830000
7947.2001950000 -11.0699580000 2.1450750000
7947.7099610000 -11.0363830000 2.1436400000
7948.2202150000 -11.0037100000 2.1422030000
7948.7299800000 -10.9719480000 2.1407690000
7949.2402340000 -10.9409890000 2.1393340000
7949.7500000000 -10.9108490000 2.1379000000
7950.2597660000 -10.8814550000 2.1364670000
7950.7700200000 -10.8527460000 2.1350340000
7951.2797850000 -10.8247390000 2.1336010000
7951.7900390000 -10.7973490000 2.1321690000
7952.2998050000 -10.7705980000 2.1307370000
7952.8100590000 -10.7443850000 2.1293040000
7953.3198240000 -10.7187800000 2.1278730000
7953.8300780000 -10.6936860000 2.1264430000
7954.3398440000 -10.6691270000 2.1250130000
7954.8500980000 -10.6450380000 2.1235830000
7955.3598630000 -10.6214410000 2.1221550000
7955.8701170000 -10.5982750000 2.1207260000
7956.3798830000 -10.5755640000 2.1192980000
7956.8999020000 -10.5528160000 2.1178420000
7957.4101560000 -10.5309130000 2.1164140000
7957.9199220000 -10.5094170000 2.1149870000
7958.4301760000 -10.4882730000 2.1135610000
7958.9399410000 -10.4675080000 2.1121360000
7959.4501950000 -10.4470720000 2.1107090000
7959.9599610000 -10.4269890000 2.1092850000
7960.4702150000 -10.4072110000 2.1078600000
7960.9799800000 -10.3877650000 2.1064370000
7961.4902340000 -10.3686030000 2.1050120000
7962.0097660000 -10.3493850000 2.1035620000
7962.5200200000 -10.3308060000 2.1021390000
7963.0297850000 -10.3125190000 2.1007170000
7963.5400390000 -10.2944810000 2.0992950000
7964.0498050000 -10.2767190000 2.0978740000
7964.5600590000 -10.2591910000 2.0964530000
7965.0698240000 -10.2419220000 2.0950330000
7965.5898440000 -10.2245420000 2.0935840000
7966.1000980000 -10.2077280000 2.0921640000
7966.6098630000 -10.1911540000 2.0907460000
7967.1201170000 -10.1747800000 2.0893270000
7967.6298830000 -10.1586330000 2.0879090000
7968.1499020000 -10.1423650000 2.0864630000
7968.6601560000 -10.1266140000 2.0850450000
7969.1699220000 -10.1110710000 2.0836290000
7969.6801760000 -10.0957030000 2.0822120000
7970.1899410000 -10.0805350000 2.0807970000
7970.7099610000 -10.0652540000 2.0793540000
7971.2202150000 -10.0504310000 2.0779390000
7971.7299800000 -10.0357940000 2.0765250000
7972.2402340000 -10.0212970000 2.0751090000
7972.7597660000 -10.0067250000 2.0736690000
7973.2700200000 -9.9925680000 2.0722560000
7973.7797850000 -9.9785800000 2.0708440000
7974.2998050000 -9.9644600000 2.0694030000
7974.8100590000 -9.9507640000 2.0679900000
7975.3198240000 -9.9372240000 2.0665800000
7975.8300780000 -9.9238160000 2.0651680000
7976.3500980000 -9.9102870000 2.0637290000
7976.8598630000 -9.8971680000 2.0623210000
7977.3701170000 -9.8841700000 2.0609100000
7977.8901370000 -9.8710630000 2.0594740000
7978.3999020000 -9.8583370000 2.0580660000
7978.9101560000 -9.8457260000 2.0566580000
7979.4301760000 -9.8329920000 2.0552220000
7979.9399410000 -9.8206360000 2.0538150000
7980.4501950000 -9.8083860000 2.0524070000
7980.9702150000 -9.7960150000 2.0509730000
7981.4799800000 -9.7840060000 2.0495670000
7982.0000000000 -9.7718760000 2.0481350000
7982.5097660000 -9.7600900000 2.0467310000
7983.0200200000 -9.7483980000 2.0453250000
7983.5400390000 -9.7365850000 2.0438930000
7984.0498050000 -9.7251130000 2.0424900000
7984.5698240000 -9.7135100000 2.0410590000
7985.0800780000 -9.7022290000 2.0396560000
7985.5898440000 -9.6910550000 2.0382540000
7986.1098630000 -9.6797610000 2.0368250000
7986.6201170000 -9.6687680000 2.0354230000
7987.1401370000 -9.6576540000 2.0339940000
7987.6499020000 -9.6468550000 2.0325940000
7988.1699220000 -9.6359250000 2.0311660000
7988.6801760000 -9.6252950000 2.0297650000
7989.2001950000 -9.6145530000 2.0283390000
7989.7099610000 -9.6041040000 2.0269410000
7990.2299800000 -9.5935250000 2.0255160000
7990.7402340000 -9.5832310000 2.0241170000
7991.2597660000 -9.5728380000 2.0226940000
7991.7700200000 -9.5627050000 2.0212970000
7992.2900390000 -9.5524540000 2.0198720000
7992.7998050000 -9.5424860000 2.0184760000
7993.3198240000 -9.5323910000 2.0170530000
7993.8300780000 -9.5225650000 2.0156570000
7994.3500980000 -9.5126300000 2.0142350000
7994.8598630000 -9.5029580000 2.0128420000
7995.3798830000 -9.4931610000 2.0114200000
7995.8901370000 -9.4836230000 2.0100260000
7996.4101560000 -9.4739670000 2.0086060000
7996.9301760000 -9.4643910000 2.0071870000
7997.4399410000 -9.4550660000 2.0057950000
7997.9599610000 -9.4456170000 2.0043750000
7998.4702150000 -9.4364150000 2.0029840000
7998.9902340000 -9.4271060000 2.0015670000
7999.5097660000 -9.4178630000 2.0001500000
8000.0200200000 -9.4088520000 1.9987590000
8000.5400390000 -9.3997340000 1.9973430000
8001.0498050000 -9.3908450000 1.9959540000
8001.5698240000 -9.3818510000 1.9945390000
8002.0898440000 -9.3729170000 1.9931240000
8002.6000980000 -9.3642050000 1.9917360000
8003.1201170000 -9.3553740000 1.9903200000
8003.6401370000 -9.3466170000 1.9889070000
8004.1499020000 -9.3380920000 1.9875230000
8081.5458980000 -8.4387320000 1.7821580000
8239.5605470000 -7.6685840000 1.3921960000
8310.5000000000 -7.6884940000 1.2290120000
8311.0595700000 -7.6904320000 1.2277520000
8311.6103520000 -7.6923810000 1.2265140000
8312.1699220000 -7.6944090000 1.2252540000
8312.7304690000 -7.6964860000 1.2239930000
8313.2900390000 -7.6986040000 1.2227370000
8313.8398440000 -7.7007350000 1.2215000000
8314.4003910000 -7.7029550000 1.2202420000
8314.9599610000 -7.7052170000 1.2189870000
8315.5195310000 -7.7075330000 1.2177300000
8316.0703130000 -7.7098640000 1.2164930000
8316.6298830000 -7.7122790000 1.2152390000
8317.1904300000 -7.7147550000 1.2139810000
8317.7500000000 -7.7172820000 1.2127270000
8318.3095700000 -7.7198650000 1.2114720000
8318.8603520000 -7.7224620000 1.2102380000
8319.4199220000 -7.7251680000 1.2089850000
8319.9804690000 -7.7279640000 1.2077290000
8320.5400390000 -7.7314210000 1.2064770000
8321.0996090000 -7.7334140000 1.2052260000
8321.6601560000 -7.7364140000 1.2039720000
8322.2099610000 -7.7393730000 1.2027420000
8322.7695310000 -7.7424310000 1.2014930000
8323.3300780000 -7.7455600000 1.2002400000
8323.8896480000 -7.7487480000 1.1989900000
8324.4501950000 -7.7520080000 1.1977380000
8325.0097660000 -7.7553250000 1.1964900000
8325.5703130000 -7.7587240000 1.1952390000
8326.1298830000 -7.7621890000 1.1939900000
8326.6904300000 -7.7657340000 1.1927390000
8327.2402340000 -7.7692790000 1.1915150000
8327.7998050000 -7.7729670000 1.1902680000
8328.3603520000 -7.7767420000 1.1890190000
8328.9199220000 -7.7805900000 1.1877730000
8329.4804690000 -7.7845200000 1.1865260000
8330.0400390000 -7.7885340000 1.1852810000
8330.5996090000 -7.7926340000 1.1840350000
8331.1601560000 -7.7968310000 1.1827880000
8331.7197270000 -7.8011030000 1.1815450000
8332.2802730000 -7.8054820000 1.1803000000
8332.8398440000 -7.8099500000 1.1790560000
8333.4003910000 -7.8145220000 1.1778110000
8333.9599610000 -7.8191800000 1.1765700000
8334.5195310000 -7.8239470000 1.1753270000
8335.0800780000 -7.8288280000 1.1740840000
8335.6396480000 -7.8338090000 1.1728420000
8336.2001950000 -7.8389020000 1.1716010000
8336.7597660000 -7.8441090000 1.1703610000
8337.3203130000 -7.8494420000 1.1691180000
8337.8798830000 -7.8548880000 1.1678780000
8338.4501950000 -7.8605640000 1.1666150000
8339.0097660000 -7.8662640000 1.1653770000
8339.5703130000 -7.8720970000 1.1641380000
8340.1298830000 -7.8780660000 1.1628990000
8340.6904300000 -7.8841860000 1.1616590000
8341.2500000000 -7.8904400000 1.1604220000
8341.8095700000 -7.8968330000 1.1591870000
8342.3701170000 -7.9034020000 1.1579480000
8342.9296880000 -7.9101200000 1.1567130000
8343.5000000000 -7.9171340000 1.1554540000
8344.0595700000 -7.9241910000 1.1542190000
8344.6201170000 -7.9314250000 1.1529840000
8345.1796880000 -7.9388410000 1.1517500000
8345.7402340000 -7.9464620000 1.1505140000
8346.2998050000 -7.9542660000 1.1492800000
8346.8701170000 -7.9624270000 1.1480240000
8347.4296880000 -7.9706380000 1.1467920000
8347.9902340000 -7.9790980000 1.1455580000
8348.5498050000 -7.9877740000 1.1443260000
8349.1103520000 -7.9967060000 1.1430930000
8349.6796880000 -8.0060300000 1.1418410000
8350.2402340000 -8.0154770000 1.1406080000
8350.7998050000 -8.0251640000 1.1393800000
8351.3603520000 -8.0351690000 1.1381470000
8351.9296880000 -8.0456310000 1.1368970000
8352.4902340000 -8.0562530000 1.1356660000
8353.0498050000 -8.0671830000 1.1344380000
8353.6103520000 -8.0784580000 1.1332090000
8354.1796880000 -8.0902950000 1.1319610000
8354.7402340000 -8.1023380000 1.1307320000
8355.2998050000 -8.1147610000 1.1295040000
8355.8701170000 -8.1278540000 1.1282550000
8356.4296880000 -8.1411580000 1.1270290000
8356.9902340000 -8.1549360000 1.1258030000
8357.5595700000 -8.1694650000 1.1245570000
8358.1201170000 -8.1843180000 1.1233300000
8358.6796880000 -8.1997150000 1.1221060000
8359.2500000000 -8.2160270000 1.1208590000
8359.8095700000 -8.2326970000 1.1196360000
8360.3701170000 -8.2500640000 1.1184120000
8360.9404300000 -8.2685300000 1.1171670000
8361.5000000000 -8.2874740000 1.1159440000
8362.0703130000 -8.3076730000 1.1146990000
8362.6298830000 -8.3284610000 1.1134780000
8363.1904300000 -8.3503210000 1.1122540000
8363.7597660000 -8.3736760000 1.1110120000
8364.3203130000 -8.3979350000 1.1097910000
8364.8896480000 -8.4239690000 1.1085500000
8365.4501950000 -8.4510970000 1.1073300000
8366.0195310000 -8.4804210000 1.1060910000
8366.5800780000 -8.5112190000 1.1048700000
8367.1396480000 -8.5441060000 1.1036520000
8367.7099610000 -8.5801130000 1.1024110000
8368.2695310000 -8.6182790000 1.1011930000
8368.8398440000 -8.6604990000 1.0999540000
8369.4003910000 -8.7057880000 1.0987380000
8369.9697270000 -8.7565070000 1.0975010000
8370.5302730000 -8.8120240000 1.0962830000
8371.0996090000 -8.8753790000 1.0950470000
8371.6601560000 -8.9465070000 1.0938290000
8372.2304690000 -9.0304990000 1.0925920000
8372.7900390000 -9.1285770000 1.0913780000
8373.3603520000 -9.2516490000 1.0901420000
8373.9296880000 -9.4115760000 1.0889080000
8374.4902340000 -9.6352580000 1.0876950000
8375.0595700000 -10.0312370000 1.0864620000
8375.6201170000 -11.8624120000 2.8293240000
8376.1904300000 -9.9813100000 2.8280320000
8376.7500000000 -9.6084350000 2.8267620000
8377.3203130000 -9.3822300000 2.8254710000
8377.8896480000 -9.2208900000 2.8241820000
8378.4501950000 -9.0966960000 2.8229120000
8379.0195310000 -8.9929850000 2.8216240000
8379.5898440000 -8.9047450000 2.8203330000
8380.1503910000 -8.8291750000 2.8190650000
8380.7197270000 -8.7611310000 2.8177780000
8381.2802730000 -8.7009740000 2.8165130000
8381.8496090000 -8.6453500000 2.8152270000
8382.4199220000 -8.5942740000 2.8139380000
8382.9804690000 -8.5478570000 2.8126720000
8383.5498050000 -8.5040210000 2.8113870000
8384.1201170000 -8.4629760000 2.8101010000
8384.6904300000 -8.4244270000 2.8088140000
8385.2500000000 -8.3887220000 2.8075510000
8385.8203130000 -8.3542750000 2.8062660000
8386.3896480000 -8.3216140000 2.8049820000
8386.9501950000 -8.2909640000 2.8037200000
8387.5195310000 -8.2612350000 2.8024370000
8388.0898440000 -8.2327310000 2.8011530000
8388.6601560000 -8.2053880000 2.7998700000
8389.2197270000 -8.1796260000 2.7986130000
8389.7900390000 -8.1543030000 2.7973300000
8390.3603520000 -8.1298810000 2.7960470000
8390.9296880000 -8.1063290000 2.7947670000
8391.5000000000 -8.0834720000 2.7934840000
8392.0595700000 -8.0618090000 2.7922290000
8392.6298830000 -8.0403640000 2.7909480000
8393.2001950000 -8.0195460000 2.7896670000
8393.7695310000 -7.9993460000 2.7883900000
8394.3398440000 -7.9796630000 2.7871100000
8394.9003910000 -7.9608130000 2.7858520000
8395.4697270000 -7.9421570000 2.7845760000
8396.0400390000 -7.9239300000 2.7832980000
8396.6103520000 -7.9061370000 2.7820210000
8397.1796880000 -7.8887860000 2.7807460000
8397.7500000000 -7.8717960000 2.7794690000
8398.3203130000 -7.8551760000 2.7781920000
8398.8896480000 -7.8389370000 2.7769170000
8399.4501950000 -7.8232690000 2.7756630000
8400.0195310000 -7.8076780000 2.7743900000
8400.5898440000 -7.7923660000 2.7731150000
8400.6640630000 -7.7903900000 2.7729490000
8401.1601560000 -7.7773460000 2.7718410000
8401.7304690000 -7.7626050000 2.7705670000
8402.2998050000 -7.7481550000 2.7692960000
8402.8701170000 -7.7339370000 2.7680230000
8403.4404300000 -7.7199640000 2.7667490000
8404.0097660000 -7.7062500000 2.7654790000
8404.5800780000 -7.6927390000 2.7642070000
8405.1503910000 -7.6794450000 2.7629360000
8405.7197270000 -7.6663820000 2.7616660000
8406.2900390000 -7.6534990000 2.7603960000
8406.8603520000 -7.6408100000 2.7591260000
8407.4296880000 -7.6283300000 2.7578570000
8408.0000000000 -7.6160090000 2.7565880000
8408.5703130000 -7.6038630000 2.7553190000
8409.1396480000 -7.5919050000 2.7540520000
8409.7099610000 -7.5800900000 2.7527840000
8410.2802730000 -7.5684320000 2.7515160000
8410.8496090000 -7.5569470000 2.7502510000
8411.4199220000 -7.5455890000 2.7489840000
8411.9902340000 -7.5343750000 2.7477170000
8412.5595700000 -7.5233180000 2.7464530000
8413.1298830000 -7.5123780000 2.7451880000
8413.7001950000 -7.5015670000 2.7439220000
8414.2802730000 -7.4907060000 2.7426360000
8414.8496090000 -7.4801650000 2.7413730000
8415.4199220000 -7.4697270000 2.7401090000
8415.9902340000 -7.4594040000 2.7388450000
8416.5595700000 -7.4492120000 2.7375840000
8417.1298830000 -7.4391120000 2.7363210000
8417.7001950000 -7.4291200000 2.7350590000
8418.2695310000 -7.4192480000 2.7337980000
8418.8496090000 -7.4092810000 2.7325130000
8419.4199220000 -7.3995950000 2.7312530000
8419.9902340000 -7.3900050000 2.7299910000
8420.5595700000 -7.3805250000 2.7287330000
8421.1298830000 -7.3711200000 2.7274730000
8421.7099610000 -7.3616500000 2.7261920000
8422.2802730000 -7.3524240000 2.7249330000
8422.8496090000 -7.3432980000 2.7236760000
8423.4199220000 -7.3342390000 2.7224180000
8423.9902340000 -7.3252630000 2.7211600000
8424.5703130000 -7.3162170000 2.7198810000
8425.1396480000 -7.3074130000 2.7186260000
8425.7099610000 -7.2986700000 2.7173690000
8426.2802730000 -7.2900010000 2.7161120000
8426.8603520000 -7.2812470000 2.7148330000
8427.4296880000 -7.2727380000 2.7135800000
8428.0000000000 -7.2642830000 2.7123240000
8428.5800780000 -7.2557560000 2.7110490000
8429.1503910000 -7.2474370000 2.7097940000
8429.7197270000 -7.2391970000 2.7085430000
8430.2900390000 -7.2310070000 2.7072890000
8430.8701170000 -7.2227440000 2.7060150000
8431.4404300000 -7.2146790000 2.7047620000
8432.0097660000 -7.2066870000 2.7035120000
8432.5898440000 -7.1986080000 2.7022390000
8433.1601560000 -7.1907210000 2.7009880000
8433.7402340000 -7.1827460000 2.6997140000
8434.3095700000 -7.1749850000 2.6984640000
8434.8798830000 -7.1672650000 2.6972140000
8435.4599610000 -7.1594710000 2.6959440000
8436.0302730000 -7.1518580000 2.6946940000
8436.5996090000 -7.1443090000 2.6934470000
8437.1796880000 -7.1366730000 2.6921780000
8437.7500000000 -7.1292130000 2.6909290000
8438.3300780000 -7.1216780000 2.6896600000
8438.9003910000 -7.1143160000 2.6884130000
8439.4804690000 -7.1068660000 2.6871420000
8440.0498050000 -7.0996100000 2.6858980000
8440.6298830000 -7.0922670000 2.6846310000
8441.2001950000 -7.0850900000 2.6833850000
8441.7695310000 -7.0779690000 2.6821420000
8442.3496090000 -7.0707610000 2.6808760000
8442.9199220000 -7.0637150000 2.6796310000
8443.5000000000 -7.0565930000 2.6783670000
8444.0703130000 -7.0496300000 2.6771220000
8444.6503910000 -7.0425810000 2.6758570000
8445.2197270000 -7.0357110000 2.6746150000
8445.7998050000 -7.0287550000 2.6733520000
8446.3798830000 -7.0218390000 2.6720890000
8446.9501950000 -7.0150750000 2.6708470000
8447.5302730000 -7.0082240000 2.6695820000
8448.0996090000 -7.0015580000 2.6683450000
8448.6796880000 -6.9947830000 2.6670830000
8449.2500000000 -6.9881670000 2.6658420000
8449.8300780000 -6.9814760000 2.6645810000
8450.4101560000 -6.9748210000 2.6633210000
8450.9804690000 -6.9683100000 2.6620830000
8451.5595700000 -6.9617250000 2.6608240000
8452.1298830000 -6.9552820000 2.6595850000
8452.7099610000 -6.9487650000 2.6583270000
8453.2900390000 -6.9422810000 2.6570680000
8453.8603520000 -6.9359350000 2.6558310000
8454.4404300000 -6.9295170000 2.6545740000
8455.0195310000 -6.9231300000 2.6533170000
8455.5898440000 -6.9168790000 2.6520810000
8456.1699220000 -6.9105540000 2.6508260000
8456.7500000000 -6.9042610000 2.6495700000
8457.3203130000 -6.8981000000 2.6483350000
8457.9003910000 -6.8918660000 2.6470800000
8458.4804690000 -6.8856510000 2.6458240000
8459.0498050000 -6.8795880000 2.6445930000
8459.6298830000 -6.8734410000 2.6433390000
8460.2099610000 -6.8673220000 2.6420860000
8460.7900390000 -6.8612310000 2.6408340000
8461.3603520000 -6.8552680000 2.6396020000
8461.9404300000 -6.8492230000 2.6383480000
8462.5195310000 -6.8432240000 2.6370980000
8463.0996090000 -6.8372410000 2.6358470000
8463.6699220000 -6.8313830000 2.6346170000
8464.2500000000 -6.8254530000 2.6333670000
8464.8300780000 -6.8195390000 2.6321140000
8465.4101560000 -6.8136600000 2.6308650000
8465.9804690000 -6.8079010000 2.6296370000
8466.5595700000 -6.8020820000 2.6283900000
8467.1396480000 -6.7962760000 2.6271420000
8467.7197270000 -6.7904850000 2.6258920000
8468.2998050000 -6.7847290000 2.6246440000
8468.8798830000 -6.7789950000 2.6233980000
8564.9189450000 -6.0331590000 2.4223620000
8732.3837890000 -5.1467330000 2.0966060000
8903.1240230000 -4.4378570000 1.7930400000
9077.2021480000 -3.8916280000 1.4457670000
9254.6845700000 -3.4296430000 1.1062930000
9435.6367190000 -3.0337970000 0.7745550000
9620.1269530000 -2.6862020000 0.4510320000
9808.2246090000 -2.3798020000 0.1352240000
10000.0000000000 -2.1081010000 9.8269820000
10195.5253900000 -1.8661880000 9.5261550000
10394.8730500000 -1.6559490000 9.2330740000
10598.1191400000 -1.4633820000 8.9479020000
10805.3388700000 -1.2910160000 8.6699040000
11016.6103500000 -1.1618490000 8.4018730000
11232.0127000000 -1.0255590000 8.1431900000
11451.6259800000 -0.9033460000 7.8918870000
11675.5341800000 -0.7938350000 7.6477700000
11903.8203100000 -0.6958290000 7.4106560000
12136.5693400000 -0.6082780000 7.1803650000
12373.8701200000 -0.5302530000 6.9567150000
12615.8105500000 -0.4609290000 6.7395350000
12862.4814500000 -0.3995690000 6.5286570000
13113.9746100000 -0.3455110000 6.3239130000
13370.3857400000 -0.2981600000 6.1251410000
13631.8105500000 -0.2569780000 5.9321850000
13898.3466800000 -0.2214740000 5.7448870000
14170.0937500000 -0.1912040000 5.5630980000
14447.1543000000 -0.1657630000 5.3866700000
14729.6328100000 -0.1441450000 5.2154000000
15017.6337900000 -0.1272760000 5.0491960000
15311.2666000000 -0.1142190000 4.8879300000
15610.6396500000 -0.1046860000 4.7314690000
15915.8671900000 -0.1015750000 4.5797410000
16227.0615200000 -0.0983510000 4.4328380000
16544.3418000000 -0.0978890000 4.2903590000
16867.8242200000 -0.1005770000 4.1522050000
17197.6328100000 -0.1050640000 4.0182730000
17533.8906300000 -0.1117350000 3.8884080000
17876.7207000000 -0.1204290000 3.7624960000
18226.2558600000 -0.1309950000 3.6404230000
18582.6250000000 -0.1432940000 3.5220810000
18945.9628900000 -0.1571980000 3.4073640000
19316.4023400000 -0.1725890000 3.2961710000
19694.0878900000 -0.1893580000 3.1883980000
20079.1562500000 -0.2074060000 3.0839480000
20471.7539100000 -0.2266420000 2.9827260000
20872.0273400000 -0.2469820000 2.8846400000
21280.1289100000 -0.2683510000 2.7895960000
21696.2070300000 -0.2906790000 2.6975090000
22120.4238300000 -0.3139070000 2.6082920000
22552.9335900000 -0.3379780000 2.5218610000
22993.8984400000 -0.3628450000 2.4381360000
23443.4882800000 -0.3884680000 2.3570350000
23901.8671900000 -0.4148110000 2.2784840000
24369.2070300000 -0.4418480000 2.2024070000
24845.6875000000 -0.4695600000 2.1287300000
25331.4824200000 -0.4981350000 2.0573840000
25826.7753900000 -0.5271640000 1.9883030000
26331.7539100000 -0.5572560000 1.9214210000
26846.6054700000 -0.5873720000 1.8568430000
27371.5234400000 -0.6174020000 1.7947630000
27906.7070300000 -0.6479600000 1.7346770000
28452.3515600000 -0.6790590000 1.6765240000
29008.6660200000 -0.7107210000 1.6202440000
29575.8593800000 -0.7429750000 1.5657780000
30154.1406300000 -0.7758570000 1.5130710000
30743.7304700000 -0.8094150000 1.4620670000
31344.8476600000 -0.8436900000 1.4127150000
31957.7168000000 -0.8791720000 1.3649830000
32582.5703100000 -0.9151730000 1.3188040000
33219.6406300000 -0.9524020000 1.2741320000
33869.1679700000 -0.9904960000 1.2309190000
34531.3945300000 -1.0305450000 1.1891270000
35206.5703100000 -1.0713090000 1.1487350000
35894.9492200000 -1.1136770000 1.1096680000
36596.7851600000 -1.1592910000 1.0719170000
37312.3437500000 -1.2056930000 1.0354460000
38041.8906300000 -1.2545860000 1.0001820000
38785.7070300000 -1.3064160000 0.9660840000
39544.0625000000 -1.3617400000 0.9331160000
40317.2500000000 -1.4213580000 0.9012410000
41105.5546900000 -1.4860020000 0.8704240000
41909.2695300000 -1.5569710000 0.8406320000
42728.6992200000 -1.6359060000 0.8118290000
43564.1523400000 -1.7251060000 0.7839830000
44415.9414100000 -1.8279200000 0.7570650000
45284.3867200000 -1.9494870000 0.7310420000
46169.8085900000 -2.0982590000 0.7058870000
47072.5429700000 -2.2895630000 0.6815720000
47521.8007800000 -2.4074930000 0.6699420000
47540.0000000000 -2.4126960000 0.6694770000
47558.1992200000 -2.4179370000 0.6690130000
47576.5000000000 -2.4232440000 0.6685470000
47594.8007800000 -2.4285890000 0.6680810000
47613.0000000000 -2.4339450000 0.6676180000
47631.3007800000 -2.4393700000 0.6671530000
47649.6015600000 -2.4448350000 0.6666890000
47668.0000000000 -2.4503710000 0.6662230000
47686.3007800000 -2.4559200000 0.6657590000
47704.6015600000 -2.4615100000 0.6652960000
47723.0000000000 -2.4671730000 0.6648320000
47741.3984400000 -2.4728810000 0.6643670000
47759.8007800000 -2.4786340000 0.6639030000
47778.1992200000 -2.4844320000 0.6634400000
47796.6015600000 -2.4902760000 0.6629770000
47815.0000000000 -2.4961670000 0.6625140000
47833.5000000000 -2.5021380000 0.6620500000
47851.8984400000 -2.5081240000 0.6615880000
47870.3984400000 -2.5141940000 0.6611250000
47888.8984400000 -2.5203120000 0.6606620000
47907.3984400000 -2.5264830000 0.6601990000
47925.8984400000 -2.5327060000 0.6597370000
47944.3984400000 -2.5389800000 0.6592760000
47963.0000000000 -2.5453450000 0.6588120000
47981.6015600000 -2.5517640000 0.6583490000
47992.9296900000 -2.5557010000 0.6580670000
48000.1015600000 -2.5582050000 0.6578890000
48018.6992200000 -2.5647350000 0.6574270000
48037.3007800000 -2.5713260000 0.6569660000
48055.8984400000 -2.5779740000 0.6565050000
48074.6015600000 -2.5847210000 0.6560420000
48093.1992200000 -2.5914920000 0.6555810000
48111.8984400000 -2.5983620000 0.6551190000
48130.6015600000 -2.6052970000 0.6546580000
48149.3007800000 -2.6122970000 0.6541970000
48168.0000000000 -2.6193640000 0.6537360000
48186.6992200000 -2.6264980000 0.6532760000
48205.3984400000 -2.6337020000 0.6528170000
48224.1992200000 -2.6410150000 0.6523550000
48242.8984400000 -2.6483610000 0.6518970000
48261.6992200000 -2.6558210000 0.6514360000
48280.5000000000 -2.6633560000 0.6509760000
48299.3007800000 -2.6709690000 0.6505160000
48318.1015600000 -2.6786580000 0.6500570000
48337.0000000000 -2.6864710000 0.6495960000
48355.8007800000 -2.6943230000 0.6491380000
48374.6992200000 -2.7023000000 0.6486780000
48393.6015600000 -2.7103650000 0.6482180000
48412.5000000000 -2.7185160000 0.6477590000
48431.3984400000 -2.7267590000 0.6473010000
48450.3007800000 -2.7350930000 0.6468430000
48469.3007800000 -2.7435630000 0.6463830000
48488.1992200000 -2.7520860000 0.6459260000
48507.1992200000 -2.7607530000 0.6454670000
48526.1992200000 -2.7695210000 0.6450080000
48545.1992200000 -2.7783930000 0.6445500000
48564.1992200000 -2.7873690000 0.6440930000
48583.1992200000 -2.7964550000 0.6436360000
48602.3007800000 -2.8057020000 0.6431770000
48621.3007800000 -2.8150110000 0.6427210000
48640.3984400000 -2.8244870000 0.6422630000
48659.5000000000 -2.8340840000 0.6418050000
48678.6015600000 -2.8438040000 0.6413480000
48697.6992200000 -2.8536510000 0.6408920000
48716.8007800000 -2.8636270000 0.6404360000
48736.0000000000 -2.8737890000 0.6399780000
48755.1015600000 -2.8840360000 0.6395230000
48774.3007800000 -2.8944760000 0.6390660000
48793.5000000000 -2.9050620000 0.6386100000
48812.6992200000 -2.9157980000 0.6381540000
48832.0000000000 -2.9267450000 0.6376960000
48851.1992200000 -2.9377930000 0.6372410000
48870.5000000000 -2.9490610000 0.6367850000
48889.6992200000 -2.9604380000 0.6363310000
48909.0000000000 -2.9720500000 0.6358750000
48928.3007800000 -2.9838390000 0.6354200000
48931.3125000000 -2.9856960000 0.6353490000
48947.6015600000 -2.9958130000 0.6349650000
48967.0000000000 -3.0080390000 0.6345080000
48986.3007800000 -3.0204000000 0.6340540000
49005.6992200000 -3.0330260000 0.6335990000
49025.0000000000 -3.0457990000 0.6331460000
49044.3984400000 -3.0588530000 0.6326910000
49063.8007800000 -3.0721330000 0.6322370000
49083.3007800000 -3.0857160000 0.6317810000
49102.6992200000 -3.0994680000 0.6313280000
49122.1992200000 -3.1135430000 0.6308730000
49141.6015600000 -3.1278060000 0.6304210000
49161.1015600000 -3.1424100000 0.6299670000
49180.6015600000 -3.1572950000 0.6295130000
49200.1015600000 -3.1724670000 0.6290600000
49219.6992200000 -3.1880230000 0.6286060000
49239.1992200000 -3.2038140000 0.6281540000
49258.8007800000 -3.2200140000 0.6277000000
49278.3984400000 -3.2365540000 0.6272460000
49297.8984400000 -3.2533680000 0.6267960000
49317.6015600000 -3.2707300000 0.6263410000
49337.1992200000 -3.2883920000 0.6258890000
49356.8007800000 -3.3064590000 0.6254380000
49376.5000000000 -3.3250450000 0.6249850000
49396.1992200000 -3.3440800000 0.6245320000
49415.8007800000 -3.3634900000 0.6240820000
49435.5000000000 -3.3834870000 0.6236300000
49455.3007800000 -3.4041050000 0.6231770000
49475.0000000000 -3.4251670000 0.6227260000
49494.6992200000 -3.4468020000 0.6222760000
49514.5000000000 -3.4691600000 0.6218240000
49534.3007800000 -3.4921630000 0.6213730000
49554.1015600000 -3.5158440000 0.6209220000
49573.8984400000 -3.5402470000 0.6204710000
49593.6992200000 -3.5654220000 0.6200210000
49613.6015600000 -3.5915440000 0.6195690000
49633.3984400000 -3.6184020000 0.6191200000
49653.3007800000 -3.6463320000 0.6186700000
49673.1992200000 -3.6752590000 0.6182190000
49693.1015600000 -3.7052640000 0.6177700000
49713.0000000000 -3.7364230000 0.6173200000
49733.0000000000 -3.7689910000 0.6168690000
49752.8984400000 -3.8027380000 0.6164210000
49772.8984400000 -3.8381290000 0.6159710000
49792.8984400000 -3.8751220000 0.6155210000
49812.8984400000 -3.9138580000 0.6150720000
49832.8984400000 -3.9545210000 0.6146240000
49853.0000000000 -3.9975250000 0.6141730000
49873.0000000000 -4.0426560000 0.6137260000
49888.0429700000 -4.0782990000 0.6133900000
49893.1015600000 -4.0906390000 0.6132770000
49913.1992200000 -4.1415720000 0.6128280000
49933.3007800000 -4.1958320000 0.6123790000
49953.3984400000 -4.2538740000 0.6119320000
49973.5000000000 -4.3162540000 0.6114840000
49993.6992200000 -4.3840020000 0.6110350000
50013.8984400000 -4.4576980000 0.6105870000
50034.0000000000 -4.5380650000 0.6101410000
50054.1992200000 -4.6273320000 0.6096940000
50074.5000000000 -4.7276600000 0.6092440000
50094.6992200000 -4.8408100000 0.6087980000
50114.8984400000 -4.9712930000 0.6083520000
50135.1992200000 -5.1261590000 0.6079040000
50155.5000000000 -5.3151640000 0.6074570000
50175.8007800000 -5.5575890000 0.6070100000
50196.1015600000 -5.8954020000 0.6065640000
50216.3984400000 -6.4548130000 0.6061180000
50236.8007800000 -8.4662350000 0.6056700000
50257.1015600000 -6.6593600000 3.3749620000
50277.5000000000 -5.9879970000 3.3728500000
50297.8984400000 -5.6093670000 3.3707400000
50318.3007800000 -5.3439540000 3.3686310000
50338.8007800000 -5.1384090000 3.3665140000
50359.1992200000 -4.9718490000 3.3644090000
50379.6992200000 -4.8305430000 3.3622960000
50400.1015600000 -4.7088250000 3.3601940000
50420.6015600000 -4.6009630000 3.3580840000
50441.1015600000 -4.5044880000 3.3559760000
50461.6992200000 -4.4167990000 3.3538600000
50482.1992200000 -4.3371160000 3.3517560000
50502.8007800000 -4.2634340000 3.3496430000
50523.3984400000 -4.1951960000 3.3475320000
50544.0000000000 -4.1316400000 3.3454230000
50564.6015600000 -4.0721470000 3.3433160000
50585.1992200000 -4.0162510000 3.3412110000
50605.8984400000 -3.9632510000 3.3390970000
50626.5000000000 -3.9133410000 3.3369950000
50647.1992200000 -3.8657350000 3.3348850000
50667.8984400000 -3.8204220000 3.3327770000
50688.6015600000 -3.7771950000 3.3306700000
50709.3007800000 -3.7358740000 3.3285660000
50730.1015600000 -3.6960960000 3.3264530000
50750.8984400000 -3.6579340000 3.3243420000
50771.6015600000 -3.6214180000 3.3222430000
50792.3984400000 -3.5861060000 3.3201360000
50813.3007800000 -3.5518840000 3.3180200000
50834.1015600000 -3.5190130000 3.3159160000
50854.8984400000 -3.4872520000 3.3138150000
50863.4765600000 -3.4744500000 3.3129490000
50875.8007800000 -3.4563560000 3.3117050000
50896.6992200000 -3.4264400000 3.3095970000
50917.6015600000 -3.3974240000 3.3074900000
50938.5000000000 -3.3692740000 3.3053860000
50959.5000000000 -3.3417960000 3.3032740000
50980.3984400000 -3.3152090000 3.3011730000
51001.3984400000 -3.2892190000 3.2990640000
51022.3984400000 -3.2639150000 3.2969570000
51043.3984400000 -3.2392600000 3.2948520000
51064.3984400000 -3.2152220000 3.2927480000
51085.3984400000 -3.1917710000 3.2906470000
51106.5000000000 -3.1687700000 3.2885380000
51127.6015600000 -3.1463020000 3.2864300000
51148.6992200000 -3.1243490000 3.2843240000
51169.8007800000 -3.1028850000 3.2822200000
51190.8984400000 -3.0818870000 3.2801180000
51212.0000000000 -3.0613320000 3.2780180000
51233.1992200000 -3.0411160000 3.2759090000
51254.3984400000 -3.0213130000 3.2738030000
51275.6015600000 -3.0019030000 3.2716980000
51296.8007800000 -2.9828750000 3.2695950000
51318.0000000000 -2.9642170000 3.2674950000
51339.3007800000 -2.9458230000 3.2653860000
51360.5000000000 -2.9278570000 3.2632890000
51381.8007800000 -2.9101330000 3.2611840000
51403.1015600000 -2.8927270000 3.2590800000
51424.3984400000 -2.8756310000 3.2569790000
51445.8007800000 -2.8587490000 3.2548700000
51467.1015600000 -2.8422320000 3.2527720000
51488.5000000000 -2.8259180000 3.2506670000
51509.8984400000 -2.8098710000 3.2485630000
51531.3007800000 -2.7940840000 3.2464610000
51552.6992200000 -2.7785480000 3.2443610000
51574.1992200000 -2.7631870000 3.2422530000
51595.6015600000 -2.7481330000 3.2401570000
51617.1015600000 -2.7332410000 3.2380530000
51638.6015600000 -2.7185700000 3.2359500000
51660.1015600000 -2.7041180000 3.2338500000
51681.6992200000 -2.6898160000 3.2317430000
51703.1992200000 -2.6757820000 3.2296460000
51724.8007800000 -2.6618810000 3.2275410000
51746.3984400000 -2.6481780000 3.2254390000
51768.0000000000 -2.6346630000 3.2233380000
51789.6015600000 -2.6213350000 3.2212400000
51811.3007800000 -2.6081240000 3.2191330000
51832.8984400000 -2.5951530000 3.2170390000
51854.6015600000 -2.5822880000 3.2149350000
51857.9843800000 -2.5803000000 3.2146080000
51876.3007800000 -2.5695940000 3.2128350000
51898.0000000000 -2.5570640000 3.2107360000
51919.6992200000 -2.5446900000 3.2086390000
51941.5000000000 -2.5324160000 3.2065340000
51963.3007800000 -2.5202940000 3.2044310000
51985.0000000000 -2.5083780000 3.2023400000
52006.8984400000 -2.4964980000 3.2002310000
52028.6992200000 -2.4848120000 3.1981340000
52050.5000000000 -2.4732650000 3.1960390000
52072.3984400000 -2.4618010000 3.1939360000
52094.3007800000 -2.4504700000 3.1918350000
52116.1992200000 -2.4392700000 3.1897360000
52138.1015600000 -2.4281970000 3.1876380000
52160.0000000000 -2.4172490000 3.1855430000
52182.0000000000 -2.4063730000 3.1834400000
52203.8984400000 -2.3956660000 3.1813490000
52225.8984400000 -2.3850280000 3.1792490000
52247.8984400000 -2.3745050000 3.1771520000
52270.0000000000 -2.3640460000 3.1750470000
52292.0000000000 -2.3537460000 3.1729540000
52314.1015600000 -2.3435070000 3.1708520000
52336.1992200000 -2.3333760000 3.1687540000
52358.3007800000 -2.3233500000 3.1666560000
52380.3984400000 -2.3134260000 3.1645610000
52402.5000000000 -2.3036010000 3.1624680000
52424.6992200000 -2.2938330000 3.1603670000
52446.8007800000 -2.2842030000 3.1582770000
52469.0000000000 -2.2746260000 3.1561800000
52491.3007800000 -2.2651000000 3.1540760000
52513.5000000000 -2.2557100000 3.1519830000
52535.6992200000 -2.2464110000 3.1498920000
52558.0000000000 -2.2371570000 3.1477930000
52580.3007800000 -2.2279920000 3.1456960000
52602.6015600000 -2.2189120000 3.1436010000
52624.8984400000 -2.2099190000 3.1415080000
52647.3007800000 -2.2009680000 3.1394070000
52669.6015600000 -2.1921410000 3.1373180000
52692.0000000000 -2.1833650000 3.1352210000
52714.3984400000 -2.1744410000 3.1331270000
52736.8984400000 -2.1659400000 3.1310250000
52759.3007800000 -2.1573940000 3.1289340000
52781.8007800000 -2.1488800000 3.1268360000
52804.1992200000 -2.1404760000 3.1247490000
52826.6992200000 -2.1321080000 3.1226550000
52849.3007800000 -2.1237740000 3.1205530000
52871.8007800000 -2.1155480000 3.1184630000
52871.9375000000 -2.1154990000 3.1184500000
52894.3007800000 -2.1073910000 3.1163740000
52916.8984400000 -2.0992700000 3.1142790000
52939.5000000000 -2.0912150000 3.1121850000
52962.1015600000 -2.0832260000 3.1100930000
52984.8007800000 -2.0752690000 3.1079930000
53007.3984400000 -2.0674140000 3.1059060000
53030.1015600000 -2.0595860000 3.1038100000
53052.8007800000 -2.0518230000 3.1017170000
53075.5000000000 -2.0441220000 3.0996250000
53098.1992200000 -2.0364840000 3.0975360000
53121.0000000000 -2.0288720000 3.0954390000
53143.6992200000 -2.0213530000 3.0933540000
53166.5000000000 -2.0138610000 3.0912610000
53189.3007800000 -2.0064270000 3.0891700000
53212.1992200000 -1.9990180000 3.0870720000
53905.7187500000 -1.7984580000 3.0244530000
54959.7109400000 -1.5586610000 2.9325930000
56034.3085900000 -1.3671190000 2.8428460000
57129.9218800000 -1.2089450000 2.7551880000
58246.9531300000 -1.0754190000 2.6695940000
59385.8281300000 -0.9609590000 2.5860380000
60546.9687500000 -0.8617630000 2.5044960000
61730.8125000000 -0.7751110000 2.4249400000
62937.8046900000 -0.6989820000 2.3473440000
64168.3984400000 -0.6318130000 2.2716820000
65423.0507800000 -0.5823600000 2.1980980000
66702.2343800000 -0.5303910000 2.1282750000
68006.4296900000 -0.4841170000 2.0604970000
69336.1250000000 -0.4428660000 1.9947100000
70691.8203100000 -0.4060690000 1.9308620000
72074.0234400000 -0.3732430000 1.8688990000
73483.2500000000 -0.3439760000 1.8087720000
74920.0312500000 -0.3179090000 1.7504310000
76384.9062500000 -0.2947290000 1.6938290000
77878.4218800000 -0.2741630000 1.6389170000
79401.1406300000 -0.2559690000 1.5856510000
80953.6328100000 -0.2398910000 1.5340430000
82536.4765600000 -0.2257540000 1.4840240000
84150.2734400000 -0.2134090000 1.4355110000
85795.6250000000 -0.2027050000 1.3884650000
87473.1406300000 -0.1935020000 1.3428440000
89183.4609400000 -0.1856740000 1.2986100000
90927.2187500000 -0.1791070000 1.2557240000
92705.0781300000 -0.1736980000 1.2141480000
94517.6953100000 -0.1693510000 1.1738460000
96365.7500000000 -0.1659800000 1.1347830000
98249.9453100000 -0.1635050000 1.0969240000
100170.9766000000 -0.1618630000 1.0602350000
102129.5703000000 -0.1632240000 1.0248870000
104126.4609000000 -0.1631210000 0.9907010000
106162.3906000000 -0.1636270000 0.9576080000
108238.1328000000 -0.1646890000 0.9255720000
110354.4609000000 -0.1662570000 0.8945640000
112512.1641000000 -0.1682860000 0.8645500000
114712.0547000000 -0.1707350000 0.8355010000
116954.9688000000 -0.1735630000 0.8073870000
119241.7266000000 -0.1767360000 0.7801790000
121573.2031000000 -0.1802190000 0.7538490000
123950.2656000000 -0.1839830000 0.7283710000
126373.8047000000 -0.1879980000 0.7037170000
128844.7266000000 -0.1922390000 0.6798630000
131363.9688000000 -0.1966800000 0.6567840000
133932.4531000000 -0.2012990000 0.6344560000
136551.1719000000 -0.2060760000 0.6128550000
139221.0938000000 -0.2109900000 0.5919590000
141943.2188000000 -0.2160240000 0.5717460000
144718.5625000000 -0.2211610000 0.5521940000
147548.1719000000 -0.2263860000 0.5332830000
150433.1094000000 -0.2316830000 0.5149930000
153374.4531000000 -0.2370410000 0.4973040000
156373.2969000000 -0.2424460000 0.4801980000
159430.7969000000 -0.2478880000 0.4636560000
162548.0625000000 -0.2533550000 0.4476600000
165726.2813000000 -0.2588380000 0.4321930000
168966.6406000000 -0.2643280000 0.4172390000
172270.3750000000 -0.2698170000 0.4027810000
175638.6875000000 -0.2752980000 0.3888040000
179072.8594000000 -0.2807620000 0.3752910000
182574.1875000000 -0.2862040000 0.3622290000
186143.9688000000 -0.2916190000 0.3496040000
189783.5469000000 -0.2969990000 0.3374000000
193494.2969000000 -0.3023420000 0.3256050000
197277.5938000000 -0.3076410000 0.3142060000
201134.8594000000 -0.3128940000 0.3031900000
205067.5469000000 -0.3180960000 0.2925440000
209077.1406000000 -0.3232430000 0.2822570000
213165.1250000000 -0.3283340000 0.2723170000
217333.0313000000 -0.3333660000 0.2627130000
221582.4375000000 -0.3442550000 0.2537500000
225914.9219000000 -0.3491150000 0.2451240000
230332.1250000000 -0.3538920000 0.2367950000
234835.7031000000 -0.3585860000 0.2287530000
239427.3281000000 -0.3631960000 0.2209870000
244108.7344000000 -0.3677220000 0.2134870000
248881.6719000000 -0.3721640000 0.2062450000
253747.9219000000 -0.3765210000 0.1992520000
258709.3281000000 -0.3807940000 0.1924990000
263767.7500000000 -0.3849820000 0.1859770000
268925.0625000000 -0.3890860000 0.1796790000
274183.2188000000 -0.3931070000 0.1735970000
279544.1875000000 -0.3970440000 0.1677230000
285010.0000000000 -0.4008990000 0.1620500000
290582.6563000000 -0.4046710000 0.1565720000
296264.2500000000 -0.4083630000 0.1512810000
302056.9688000000 -0.4119730000 0.1461710000
307962.9375000000 -0.4155050000 0.1412360000
313984.3750000000 -0.4189570000 0.1364690000
320123.5625000000 -0.4223320000 0.1318660000
326382.7813000000 -0.4256290000 0.1274200000
332764.3750000000 -0.4288510000 0.1231250000
339270.7500000000 -0.4319990000 0.1189770000
345904.3438000000 -0.4350720000 0.1149710000
352667.6563000000 -0.4380730000 0.1111020000
359563.1875000000 -0.4410030000 0.1073640000
366593.5625000000 -0.4438630000 0.1037540000
373761.3750000000 -0.4466530000 0.1002670000
381069.3438000000 -0.4493760000 0.0968990000
388520.2188000000 -0.4520320000 0.0936450000
396116.7500000000 -0.4546230000 0.0905020000
403861.8125000000 -0.4571490000 0.0874660000
411758.3438000000 -0.4596130000 0.0845340000
419809.2500000000 -0.4620140000 0.0817010000
428017.5625000000 -0.4643550000 0.0789640000
436386.3750000000 -0.4666370000 0.0763210000
444918.8125000000 -0.4688600000 0.0737670000
453618.0938000000 -0.4710260000 0.0713000000
462487.4688000000 -0.4731370000 0.0689160000
471530.2500000000 -0.4751920000 0.0666140000
480749.8438000000 -0.4771950000 0.0643890000
490149.7188000000 -0.4791440000 0.0622400000
499733.3750000000 -0.4810430000 0.0601640000
509504.4063000000 -0.4828920000 0.0581580000
519466.5000000000 -0.4846910000 0.0562200000
529623.3750000000 -0.4864430000 0.0543480000
539978.8125000000 -0.4881480000 0.0525390000
550536.7500000000 -0.4898070000 0.0507910000
561301.1250000000 -0.4914210000 0.0491020000
572276.0000000000 -0.4929920000 0.0474700000
583465.4375000000 -0.4945200000 0.0458940000
594873.6250000000 -0.4960070000 0.0443710000
606504.8750000000 -0.4974530000 0.0428990000
618363.5625000000 -0.4988590000 0.0414760000
630454.1250000000 -0.5002270000 0.0401020000
642781.1250000000 -0.5015570000 0.0387740000
655349.0625000000 -0.5028500000 0.0374910000
668162.8125000000 -0.5041080000 0.0362510000
681227.0625000000 -0.5053300000 0.0350520000
694546.7500000000 -0.5065180000 0.0338940000
