30.0000000000 -52.4530110000 8.2477690000
30.5865750000 -52.1811030000 7.8742410000
31.1846200000 -51.9738920000 7.5332600000
31.7943570000 -51.8201260000 7.2232510000
32.4160160000 -51.7111970000 6.9428490000
33.0498310000 -51.6403920000 6.6908850000
33.6960370000 -51.6023980000 6.4663920000
34.3548770000 -51.5929680000 6.2685880000
35.0266040000 -51.3441810000 6.0837480000
35.7114600000 -51.3599050000 5.9214180000
36.4097100000 -51.3944130000 5.7819820000
37.1216090000 -51.4458690000 5.6651070000
37.8474310000 -50.6185150000 5.5544490000
38.5874440000 -50.6219330000 5.4292420000
39.3419230000 -50.6407850000 5.3507830000
40.1111560000 -50.6412350000 5.2539180000
40.8954320000 -50.6529500000 5.1693850000
41.6950380000 -50.6704440000 5.0965290000
42.5102810000 -50.6920130000 5.0347350000
43.3414650000 -50.7166400000 4.9834340000
44.1888960000 -50.7435460000 4.9420970000
45.0529020000 -50.7721100000 4.9102280000
45.9338000000 -50.8018040000 4.8873640000
46.8319210000 -50.8321650000 4.8730740000
47.7476010000 -50.8627890000 4.8669520000
48.6811870000 -50.8933260000 4.8686180000
49.6330260000 -50.9234580000 4.8777170000
50.6034740000 -50.9529000000 4.8939090000
51.5928990000 -50.9814000000 4.9168780000
52.6016690000 -51.0087240000 4.9463240000
53.6301650000 -51.0346720000 4.9819630000
54.6787680000 -51.0590480000 5.0235240000
55.7478750000 -51.0816880000 5.0707490000
56.8378870000 -51.1024320000 5.1233940000
57.9492070000 -51.1211430000 5.1812220000
59.0822600000 -51.1376910000 5.2440090000
60.2374690000 -51.1519620000 5.3115360000
61.4152600000 -51.1638450000 5.3835950000
62.6160810000 -51.1732480000 5.4599820000
63.8403850000 -51.1800840000 5.5405030000
65.0886230000 -51.1842770000 5.6249640000
66.3612670000 -51.1857570000 5.7131800000
67.6587980000 -51.1844600000 5.8049680000
68.9816970000 -51.1803400000 5.9001510000
70.3304600000 -51.1733550000 5.9985510000
71.7055970000 -51.1634670000 6.0999980000
73.1076200000 -51.1506500000 6.2043200000
74.5370640000 -51.1348920000 6.3113490000
75.9944460000 -51.1161840000 6.4209180000
77.4803310000 -51.0945280000 6.5328630000
78.9952620000 -51.0699390000 6.6470170000
80.5398180000 -51.0424420000 6.7632190000
82.1145710000 -51.0120810000 6.8813060000
83.7201160000 -50.9788970000 7.0011150000
85.3570560000 -50.9429700000 7.1224850000
87.0260010000 -50.9043730000 7.2452550000
88.7275770000 -50.8632160000 7.3692630000
90.4624250000 -50.8196180000 7.4943490000
92.2311940000 -50.7737270000 7.6203510000
94.0345380000 -50.7257190000 7.7471080000
95.8731540000 -50.6758000000 7.8744620000
97.7477110000 -50.6242100000 8.0022490000
99.6589200000 -50.5712360000 8.1303100000
101.6075060000 -50.5304830000 8.2584890000
103.5941850000 -50.4755360000 8.3873100000
105.6197130000 -50.4203680000 8.5158920000
107.6848450000 -50.3655430000 8.6440750000
109.7903520000 -50.3117180000 8.7717010000
111.9370270000 -50.2596970000 8.8986100000
114.1256790000 -50.2104420000 9.0246480000
116.3571170000 -50.1651420000 9.1496550000
118.6321950000 -50.1252590000 9.2734800000
120.9517520000 -50.0926400000 9.3959670000
123.3166580000 -50.0696300000 9.5169640000
125.7278060000 -50.0592610000 9.6363190000
128.1860960000 -50.0655590000 9.7538840000
130.6924590000 -50.0939560000 9.8695120000
133.2478330000 -50.1520040000 9.9830580000
135.8531490000 -50.2505340000 0.0943770000
138.5094300000 -50.4057040000 0.2033300000
141.2176360000 -50.6427540000 0.3097800000
143.9787900000 -51.0035250000 0.4135900000
146.7939300000 -51.5629350000 0.5146310000
149.6641240000 -51.2009320000 8.4288620000
152.5904390000 -48.7775230000 7.7525250000
155.5739590000 -47.3892360000 7.1672170000
158.6158140000 -46.4674030000 6.6613410000
161.7171480000 -45.1081770000 6.2215940000
164.8791350000 -44.5470620000 5.8214970000
168.1029360000 -44.0916140000 5.4705720000
171.3897710000 -43.7110060000 5.1619180000
174.7408600000 -43.3849870000 4.8896020000
178.1574860000 -41.6604460000 4.6283680000
181.6409150000 -41.3800700000 4.3709630000
185.1924440000 -41.1247830000 4.1352850000
188.8134160000 -40.8894310000 3.9180860000
192.5051880000 -40.6702270000 3.7165520000
196.2691500000 -40.4643710000 3.5282550000
200.1067050000 -40.2698140000 3.3510960000
204.0192870000 -40.0850720000 3.1832620000
208.0083770000 -39.9091030000 3.0231850000
212.0754700000 -39.7412110000 2.8695140000
216.2220760000 -39.5809970000 2.7210840000
220.4497530000 -39.4282840000 2.5768960000
224.7601010000 -39.2831190000 2.4360910000
229.1547240000 -39.1457330000 2.2979420000
233.6352690000 -39.0165480000 2.1618290000
238.2034300000 -38.8961870000 2.0272330000
242.8609010000 -38.7855030000 1.8937220000
247.6094360000 -38.6856310000 1.7609400000
252.4508210000 -38.5980800000 1.6286030000
257.3868710000 -38.5248760000 1.4964900000
262.4194340000 -38.4688190000 1.3644330000
267.5503850000 -38.4339140000 1.2323200000
272.7816770000 -38.4261630000 1.1000800000
278.1152340000 -38.4551200000 0.9676890000
283.5530700000 -38.5371970000 0.8351580000
289.0972600000 -38.6588250000 1.8373160000
294.7498170000 -38.2922630000 1.7222940000
300.5129390000 -38.0807690000 1.6072050000
306.3887020000 -37.9373020000 1.4921810000
312.3793640000 -37.9362830000 1.7093160000
318.4871830000 -37.6687390000 1.6024250000
324.7143860000 -37.4996990000 1.4961820000
331.0633850000 -37.3671950000 1.3908270000
337.5364990000 -37.2593800000 1.2866290000
344.1361690000 -37.1719130000 1.1838870000
350.8648990000 -37.1029970000 1.0829290000
357.7251890000 -37.0521160000 0.9841180000
364.7196040000 -37.0196110000 0.8878560000
371.8508000000 -37.0066300000 0.7945800000
379.1213990000 -37.0153010000 0.7047660000
386.5341800000 -37.0492710000 0.6189420000
394.0918880000 -37.1148530000 0.5376880000
401.7973630000 -37.2965930000 0.9899990000
409.6535340000 -37.1366350000 0.9240790000
417.6632690000 -37.0887950000 0.8646890000
425.8296200000 -37.0854490000 0.8126830000
434.1556700000 -37.1126250000 0.7690110000
442.6445010000 -37.1654930000 0.7347350000
451.2993160000 -37.2421950000 0.7110400000
460.1233520000 -37.3421940000 0.6992560000
469.1199040000 -37.4656680000 0.7008810000
478.2923890000 -37.2784190000 0.7162040000
487.6441960000 -37.4433330000 0.7398980000
497.1788640000 -37.6345060000 0.7823670000
506.8999330000 -37.8534280000 0.8460660000
516.8110960000 -38.1018070000 0.9337990000
526.9160770000 -38.3816110000 1.0487790000
537.2185670000 -38.6950490000 1.1946890000
547.7225340000 -39.0445940000 1.3757770000
558.4318850000 -39.4330100000 1.5969410000
569.3506470000 -39.8633690000 1.8638470000
580.4828490000 -40.3390580000 2.1830620000
591.8327640000 -31.7838250000 2.3995800000
603.4046020000 -31.6252420000 2.3125790000
615.2026370000 -31.4725420000 2.2211990000
627.2313840000 -31.3262020000 2.1253890000
639.4953610000 -31.1867450000 2.0251060000
651.9990840000 -31.0547310000 1.9203300000
664.7473140000 -30.9307610000 1.8110480000
677.7447510000 -30.8154850000 1.6972660000
690.9963990000 -30.7095990000 1.5790010000
704.5070800000 -30.6138500000 1.4562940000
718.2819820000 -30.5290470000 1.3291920000
732.3261720000 -30.4562240000 1.1977640000
746.6450200000 -30.4290160000 1.0630600000
761.2437740000 -30.3826450000 0.9242080000
776.1279910000 -30.3511870000 0.7813180000
791.3032230000 -30.3358970000 0.6345160000
806.7752080000 -30.3381650000 0.4839410000
822.5496830000 -30.3595470000 0.3297480000
838.6325680000 -30.4017940000 0.1721030000
855.0299680000 -30.4669080000 0.0111850000
871.7479250000 -30.5571780000 9.8471820000
888.7927860000 -30.6752760000 9.6802950000
906.1708980000 -30.8243310000 9.5107360000
923.8888550000 -31.0080970000 9.3387190000
941.9531860000 -31.2311100000 9.1644740000
960.3707280000 -31.4989800000 8.9882310000
979.1483760000 -31.8187900000 8.8102280000
998.2931520000 -32.1997220000 8.6307100000
1017.8123170000 -32.6497570000 8.4998770000
1037.7131350000 -33.1829300000 8.3736020000
1058.0029300000 -33.8219410000 8.2471430000
1078.6895750000 -34.6009330000 8.1205500000
1099.7806400000 -35.5751990000 7.9938770000
1121.2841800000 -36.8423230000 7.8671760000
1143.2080080000 -38.6012730000 7.7405520000
1165.5606690000 -41.2771220000 7.6143660000
1188.3502200000 -46.0924340000 7.4884050000
1211.5854490000 -57.7390860000 7.3627180000
1235.2750240000 -119.7979890000 7.2373540000
1259.4277340000 -34.2282680000 7.2997280000
1284.0527340000 -8.9049490000 1.9324040000
1309.1591800000 12.7998710000 3.7654190000
1334.7564700000 1.0413260000 7.1763860000
1360.8542480000 -9.3346240000 6.9582020000
1387.4624020000 -16.9670660000 2.5736610000
1414.5908200000 -22.8962080000 0.5248380000
1442.2495120000 -28.0417310000 9.5461670000
1470.4492190000 -33.1120450000 9.1668630000
1499.2000730000 -38.7762530000 9.2578410000
1528.5131840000 -45.8901180000 9.9192090000
1558.3995360000 -55.8713990000 1.5639930000
1588.8701170000 -71.6205220000 5.3011950000
1619.9365230000 -42.9652400000 6.4608570000
1651.6103520000 -50.5517350000 9.2692550000
1683.9034420000 -18.3034190000 9.4426310000
1716.8280030000 -17.4246940000 8.5509850000
1750.3962400000 -17.1113820000 7.7037790000
1784.6208500000 -16.2831120000 8.7543240000
1819.5146480000 -14.9508300000 7.8934350000
1855.0908200000 -14.1218130000 7.0875800000
1891.3624270000 -13.5273810000 6.3336120000
1928.3432620000 -13.1540020000 5.6290360000
1966.0472410000 -13.8485770000 4.9719580000
2004.4884030000 -12.1493820000 5.5259880000
2043.6811520000 -11.4586400000 4.9420700000
2083.6401370000 -10.9253830000 4.4050600000
2124.3806150000 -9.8805630000 3.8318230000
2165.9174800000 -9.4276320000 3.2569030000
2208.2666020000 -9.0220680000 2.7086450000
2251.4438480000 -8.6545240000 2.1871570000
2295.4653320000 -8.3180330000 1.6928250000
2340.3474120000 -7.6338760000 1.1581210000
2386.1069340000 -7.3102800000 0.6335580000
2432.7612300000 -7.0109730000 0.1225220000
2480.3278810000 -6.7336010000 9.6247060000
2528.8244630000 -6.3243870000 9.1243780000
2578.2692870000 -5.9420070000 8.6261410000
2628.6809080000 -5.7145120000 8.1287350000
2680.0783690000 -5.5057970000 7.6415880000
2732.4804690000 -5.3147960000 7.1645870000
2785.9074710000 -5.2636390000 6.6993220000
2840.3789060000 -5.1038500000 6.2457750000
2895.9152830000 -4.9592950000 5.8018990000
2952.5378420000 -4.8295980000 5.3675610000
3010.2673340000 -4.7141260000 4.9436770000
3069.1254880000 -4.6084290000 4.5342690000
3129.1347660000 -4.5138450000 4.1345230000
3190.3171390000 -4.4297960000 3.7442570000
3252.6958010000 -4.3582480000 3.3634170000
3316.2941890000 -4.2942630000 2.9919180000
3381.1359860000 -4.2392940000 2.6294710000
3447.2456050000 -4.1929140000 2.2758930000
3514.6479490000 -4.1547350000 1.9310040000
3583.3681640000 -4.1289000000 1.5949610000
3653.4318850000 -4.1064980000 1.2674760000
3724.8657230000 -4.0912640000 0.9482390000
3797.6960450000 -4.0829240000 0.6370750000
3871.9506840000 -4.0812330000 0.3338120000
3947.6569820000 -4.0887360000 0.0383270000
4024.8435060000 -4.0998860000 9.7506600000
4103.5390630000 -4.1170930000 9.4704250000
4183.7739260000 -4.1402220000 9.1974490000
4265.5771480000 -4.1691700000 8.9315780000
4348.9794920000 -4.2041580000 8.6726540000
4434.0131840000 -4.2445440000 8.4205150000
4520.7089840000 -4.2906190000 8.1750100000
4609.1005860000 -4.3424120000 7.9359830000
4699.2197270000 -4.3999880000 7.7032910000
4791.1015630000 -4.4634620000 7.4767830000
4884.7792970000 -4.5329930000 7.2563170000
4980.2890630000 -4.6087990000 7.0417510000
5077.6660160000 -4.6911610000 6.8329480000
5176.9472660000 -4.7804380000 6.6297690000
5278.1694340000 -4.8770750000 6.4320830000
5381.3710940000 -4.9907180000 6.2397950000
5486.5903320000 -5.1037700000 6.0531300000
5593.8666990000 -5.2326810000 5.8718010000
5703.2412110000 -5.3656510000 5.6955700000
5814.7534180000 -5.5103820000 5.5241810000
5928.4467770000 -5.6717350000 5.3575970000
6044.3627930000 -5.8453720000 5.1956250000
6162.5449220000 -6.0371860000 5.0381420000
6283.0380860000 -6.2507210000 4.8850320000
6405.8872070000 -6.4907500000 4.7361870000
6531.1386720000 -6.7639010000 4.5914970000
6658.8383790000 -7.0797320000 4.4508600000
6789.0356450000 -7.4527930000 4.3141690000
6921.7783200000 -7.9068020000 4.1813260000
7057.1162110000 -8.4953880000 4.0525770000
7195.1005860000 -9.2882360000 3.9277610000
7335.7827150000 -10.5567480000 3.8064990000
7455.9101560000 -12.9858410000 3.7074540000
7456.3598630000 -13.0027090000 3.7070900000
7456.8100590000 -13.0197290000 3.7067270000
7457.2597660000 -13.0368650000 3.7063640000
7457.7001950000 -13.0537900000 3.7060080000
7458.1499020000 -13.0712010000 3.7056450000
7458.6000980000 -13.0887730000 3.7052810000
7459.0498050000 -13.1064690000 3.7049190000
7459.5000000000 -13.1243310000 3.7045550000
7459.9501950000 -13.1423430000 3.7041920000
7460.3999020000 -13.1605050000 3.7038290000
7460.8500980000 -13.1788230000 3.7034660000
7461.2998050000 -13.1972770000 3.7031030000
7461.7402340000 -13.2154950000 3.7027480000
7462.1899410000 -13.2342870000 3.7023850000
7462.6401370000 -13.2532440000 3.7020220000
7463.0898440000 -13.2723500000 3.7016600000
7463.5400390000 -13.2916460000 3.7012970000
7463.9902340000 -13.3111170000 3.7009340000
7464.4399410000 -13.3307440000 3.7005720000
7464.8901370000 -13.3505730000 3.7002100000
7465.3398440000 -13.3705640000 3.6998470000
7465.7900390000 -13.3907840000 3.6994850000
7466.2402340000 -13.4111760000 3.6991220000
7466.6899410000 -13.4317390000 3.6987600000
7467.1401370000 -13.4525220000 3.6983980000
7467.5898440000 -13.4734850000 3.6980360000
7468.0400390000 -13.4946770000 3.6976740000
7468.4902340000 -13.5160780000 3.6973110000
7468.9399410000 -13.5376710000 3.6969500000
7469.3901370000 -13.5595060000 3.6965880000
7469.8398440000 -13.5815650000 3.6962260000
7470.2900390000 -13.6038520000 3.6958630000
7470.7402340000 -13.6263740000 3.6955020000
7471.1899410000 -13.6491170000 3.6951400000
7471.6401370000 -13.6721610000 3.6947780000
7472.0898440000 -13.6973710000 3.6944170000
7472.5400390000 -13.7209740000 3.6940560000
7472.9902340000 -13.7447440000 3.6936940000
7473.4399410000 -13.7687700000 3.6933330000
7473.8901370000 -13.7930620000 3.6929710000
7474.3398440000 -13.8176030000 3.6926110000
7474.7900390000 -13.8424520000 3.6922490000
7475.2402340000 -13.8675890000 3.6918880000
7475.6899410000 -13.8929950000 3.6915280000
7476.1401370000 -13.9187310000 3.6911660000
7476.5898440000 -13.9447480000 3.6908060000
7477.0400390000 -13.9711100000 3.6904450000
7477.4902340000 -13.9978270000 3.6900840000
7477.9501950000 -14.0254250000 3.6897150000
7478.3999020000 -14.0527670000 3.6893550000
7478.8500980000 -14.0804880000 3.6889940000
7479.2158200000 -14.1032760000 3.6887010000
7479.2998050000 -14.1085690000 3.6886330000
7479.7500000000 -14.1370200000 3.6882730000
7480.2001950000 -14.1658500000 3.6879120000
7480.6499020000 -14.1950380000 3.6875520000
7481.1000980000 -14.2246570000 3.6871920000
7481.5600590000 -14.2553600000 3.6868230000
7482.0097660000 -14.2857890000 3.6864630000
7482.4599610000 -14.3166860000 3.6861030000
7482.9101560000 -14.3480290000 3.6857430000
7483.3598630000 -14.3798000000 3.6853830000
7483.8100590000 -14.4120780000 3.6850230000
7484.2700200000 -14.4455790000 3.6846550000
7484.7202150000 -14.4788590000 3.6842950000
7485.1699220000 -14.5126240000 3.6839350000
7485.6201170000 -14.5469590000 3.6835750000
7486.0698240000 -14.5818100000 3.6832160000
7486.5297850000 -14.6180640000 3.6828480000
7486.9799800000 -14.6541260000 3.6824880000
7487.4301760000 -14.6907980000 3.6821280000
7487.8798830000 -14.7280610000 3.6817690000
7488.3300780000 -14.7660160000 3.6814100000
7488.7900390000 -14.8055150000 3.6810420000
7489.2402340000 -14.8448630000 3.6806830000
7489.6899410000 -14.8848940000 3.6803240000
7490.1401370000 -14.9257230000 3.6799640000
7490.6000980000 -14.9682680000 3.6795970000
7491.0498050000 -15.0106660000 3.6792380000
7491.5000000000 -15.0539540000 3.6788790000
7491.9501950000 -15.0981230000 3.6785200000
7492.4101560000 -15.1442220000 3.6781530000
7492.8598630000 -15.1902360000 3.6777940000
7493.3100590000 -15.2372960000 3.6774350000
7493.7700200000 -15.2864800000 3.6770680000
7494.2202150000 -15.3356950000 3.6767090000
7494.6699220000 -15.3859970000 3.6763510000
7495.1201170000 -15.4375450000 3.6759920000
7495.5800780000 -15.4915340000 3.6756250000
7496.0297850000 -15.5456200000 3.6752670000
7496.4799800000 -15.6011430000 3.6749080000
7496.9399410000 -15.6594060000 3.6745420000
7497.3901370000 -15.7179500000 3.6741830000
7497.8398440000 -15.7780480000 3.6738250000
7498.2998050000 -15.8412470000 3.6734590000
7498.7500000000 -15.9050330000 3.6731010000
7499.2001950000 -15.9706740000 3.6727420000
7499.6601560000 -16.0398080000 3.6723770000
7500.1098630000 -16.1096290000 3.6720190000
7500.5698240000 -16.1834700000 3.6716530000
7501.0200200000 -16.2582050000 3.6712950000
7501.4702150000 -16.3355940000 3.6709370000
7501.9301760000 -16.4176480000 3.6705710000
7502.3798830000 -16.5009250000 3.6702130000
7502.8300780000 -16.5875970000 3.6698550000
7503.2900390000 -16.6799030000 3.6694900000
7503.7402340000 -16.7741390000 3.6691320000
7504.2001950000 -16.8747580000 3.6687660000
7504.6499020000 -16.9779910000 3.6684090000
7505.1098630000 -17.0886940000 3.6680440000
7505.5600590000 -17.2028160000 3.6676860000
7506.0097660000 -17.3230880000 3.6673290000
7506.4702150000 -17.4535520000 3.6669630000
7506.9199220000 -17.5888790000 3.6666060000
7507.3798830000 -17.7365990000 3.6662410000
7507.8300780000 -17.8914300000 3.6658840000
7508.2900390000 -18.0617030000 3.6655190000
7508.7402340000 -18.2425230000 3.6651620000
7509.2001950000 -18.4437470000 3.6647970000
7509.6499020000 -18.6602250000 3.6644400000
7510.1098630000 -18.9063320000 3.6640750000
7510.5600590000 -19.1771110000 3.6637180000
7511.0200200000 -19.4933890000 3.6633540000
7511.4702150000 -19.8541910000 3.6629970000
7511.9301760000 -20.2961350000 3.6626320000
7512.3798830000 -20.8360210000 3.6622760000
7512.8398440000 -21.5726490000 3.6619110000
7513.2900390000 -22.6557460000 3.6615550000
7513.7500000000 -24.9603140000 3.6611910000
7514.2001950000 -25.4958740000 0.6215770000
7514.6601560000 -22.8498940000 0.6200540000
7515.1098630000 -21.6974680000 0.6185670000
7515.5698240000 -20.9281100000 0.6170460000
7516.0200200000 -20.3679810000 0.6155590000
7516.4799800000 -19.9118120000 0.6140380000
7516.9399410000 -19.5333370000 0.6125180000
7517.3901370000 -19.2164340000 0.6110320000
7517.8500980000 -18.9334680000 0.6095140000
7518.2998050000 -18.6875420000 0.6080300000
7518.7597660000 -18.4611070000 0.6065120000
7519.2202150000 -18.2553140000 0.6049930000
7519.6699220000 -18.0711800000 0.6035110000
7520.1298830000 -17.8974090000 0.6019960000
7520.5800780000 -17.7392330000 0.6005130000
7521.0400390000 -17.5886230000 0.5989980000
7521.5000000000 -17.4473650000 0.5974840000
7521.9501950000 -17.3172970000 0.5960030000
7522.4101560000 -17.1917040000 0.5944890000
7522.8701170000 -17.0728950000 0.5929780000
7523.3198240000 -16.9624630000 0.5915000000
7523.7797850000 -16.8548180000 0.5899880000
7524.2299800000 -16.7542880000 0.5885100000
7524.6899410000 -16.6559730000 0.5869990000
7525.1499020000 -16.5618800000 0.5854900000
7525.6098630000 -16.4714830000 0.5839810000
7526.0600590000 -16.3864380000 0.5825040000
7526.5200200000 -16.3027100000 0.5809960000
7526.9799800000 -16.2220710000 0.5794890000
7527.4301760000 -16.1458170000 0.5780140000
7527.8901370000 -16.0704520000 0.5765080000
7528.3500980000 -15.9976070000 0.5750030000
7528.7998050000 -15.9284930000 0.5735290000
7529.2597660000 -15.8600410000 0.5720250000
7529.7202150000 -15.7934770000 0.5705190000
7530.1801760000 -15.7289610000 0.5690160000
7530.6298830000 -15.6675280000 0.5675460000
7531.0898440000 -15.6064810000 0.5660440000
7531.5498050000 -15.5469880000 0.5645420000
7532.0097660000 -15.4890870000 0.5630410000
7532.4599610000 -15.4337990000 0.5615720000
7532.9199220000 -15.3786520000 0.5600710000
7533.3798830000 -15.3248250000 0.5585710000
7533.8398440000 -15.2723120000 0.5570730000
7534.2900390000 -15.2220520000 0.5556060000
7534.7500000000 -15.1718090000 0.5541070000
7535.2099610000 -15.1226660000 0.5526080000
7535.6699220000 -15.0746240000 0.5511120000
7536.1298830000 -15.0275400000 0.5496150000
7536.5800780000 -14.9824160000 0.5481510000
7537.0400390000 -14.9372070000 0.5466550000
7537.5000000000 -14.8929360000 0.5451610000
7537.9599610000 -14.8494760000 0.5436660000
7538.4199220000 -14.8068860000 0.5421730000
7538.8798830000 -14.7650450000 0.5406790000
7539.3300780000 -14.7248560000 0.5392180000
7539.7900390000 -14.6845050000 0.5377250000
7540.2500000000 -14.6449060000 0.5362350000
7540.7099610000 -14.6059550000 0.5347420000
7541.1699220000 -14.5676690000 0.5332520000
7541.6298830000 -14.5300650000 0.5317620000
7542.0898440000 -14.4930420000 0.5302720000
7542.5400390000 -14.4574080000 0.5288150000
7543.0000000000 -14.4215570000 0.5273260000
7543.4599610000 -14.3863080000 0.5258390000
7543.9199220000 -14.3515680000 0.5243510000
7544.3798830000 -14.3173950000 0.5228650000
7544.8398440000 -14.2837010000 0.5213790000
7545.2998050000 -14.2505070000 0.5198920000
7545.7597660000 -14.2178320000 0.5184080000
7546.2202150000 -14.1855610000 0.5169210000
7546.6801760000 -14.1538140000 0.5154370000
7547.1401370000 -14.1224790000 0.5139530000
7547.6000980000 -14.0915780000 0.5124690000
7548.0498050000 -14.0617900000 0.5110210000
7548.5097660000 -14.0317420000 0.5095400000
7548.9702150000 -14.0020320000 0.5080560000
7549.4301760000 -13.9727430000 0.5065740000
7549.8901370000 -13.9438630000 0.5050950000
7550.3500980000 -13.9153230000 0.5036140000
7550.8100590000 -13.8871730000 0.5021350000
7551.2700200000 -13.8593440000 0.5006560000
7551.7299800000 -13.8318600000 0.4991780000
7552.1899410000 -13.8047370000 0.4977010000
7552.6499020000 -13.7779140000 0.4962220000
7553.1098630000 -13.7514380000 0.4947470000
7553.5698240000 -13.7252450000 0.4932710000
7554.0297850000 -13.6993580000 0.4917950000
7554.4902340000 -13.6737690000 0.4903180000
7554.9501950000 -13.6484710000 0.4888440000
7555.4101560000 -13.6234580000 0.4873690000
7555.8701170000 -13.5987480000 0.4858960000
7556.3300780000 -13.5742860000 0.4844230000
7556.7998050000 -13.5495910000 0.4829200000
7557.2597660000 -13.5256870000 0.4814480000
7557.7202150000 -13.5019880000 0.4799750000
7558.1801760000 -13.4785650000 0.4785040000
7558.6401370000 -13.4554110000 0.4770350000
7559.1000980000 -13.4324720000 0.4755640000
7559.5600590000 -13.4097920000 0.4740960000
7560.0200200000 -13.3873200000 0.4726270000
7560.4799800000 -13.3650720000 0.4711580000
7560.9399410000 -13.3430700000 0.4696910000
7561.3999020000 -13.3212620000 0.4682240000
7561.8701170000 -13.2992000000 0.4667240000
7562.3300780000 -13.2778200000 0.4652590000
7562.7900390000 -13.2566660000 0.4637940000
7563.2500000000 -13.2356910000 0.4623280000
7563.7099610000 -13.2149360000 0.4608650000
7564.1699220000 -13.1943540000 0.4594000000
7564.6298830000 -13.1739620000 0.4579360000
7565.1000980000 -13.1533190000 0.4564410000
7565.5600590000 -13.1333230000 0.4549800000
7566.0200200000 -13.1134860000 0.4535180000
7566.4799800000 -13.0938270000 0.4520560000
7566.9399410000 -13.0743640000 0.4505960000
7567.3999020000 -13.0550500000 0.4491350000
7567.8701170000 -13.0354910000 0.4476430000
7568.3300780000 -13.0165160000 0.4461830000
7568.7900390000 -12.9977230000 0.4447260000
7569.2500000000 -12.9790710000 0.4432680000
7569.7099610000 -12.9605950000 0.4418110000
7570.1801760000 -12.9418570000 0.4403220000
7570.6401370000 -12.9236740000 0.4388650000
7571.1000980000 -12.9056400000 0.4374080000
7571.5600590000 -12.8877730000 0.4359530000
7572.0297850000 -12.8696650000 0.4344680000
7572.4902340000 -12.8520530000 0.4330120000
7572.9501950000 -12.8345990000 0.4315580000
7573.4101560000 -12.8173020000 0.4301050000
7573.8798830000 -12.7997680000 0.4286210000
7574.3398440000 -12.7827270000 0.4271690000
7574.7998050000 -12.7658190000 0.4257160000
7575.2597660000 -12.7490580000 0.4242660000
7575.7299800000 -12.7320470000 0.4227840000
7576.1899410000 -12.7155280000 0.4213320000
7576.6499020000 -12.6991490000 0.4198840000
7577.1201170000 -12.6825080000 0.4184020000
7577.5800780000 -12.6663760000 0.4169540000
7578.0400390000 -12.6503470000 0.4155050000
7578.5097660000 -12.6341080000 0.4140270000
7578.9702150000 -12.6182990000 0.4125790000
7579.4301760000 -12.6026380000 0.4111330000
7579.8999020000 -12.5867520000 0.4096570000
7580.3598630000 -12.5713010000 0.4082110000
7580.8198240000 -12.5559760000 0.4067660000
7581.2900390000 -12.5403980000 0.4052890000
7581.7500000000 -12.5252900000 0.4038460000
7582.2099610000 -12.5102730000 0.4024020000
7582.6801760000 -12.4950360000 0.4009280000
7583.1401370000 -12.4802270000 0.3994850000
7625.4531250000 -11.4334830000 0.2690090000
7774.5498050000 -9.7422280000 9.8422570000
7926.5620120000 -9.1091720000 9.4544210000
8081.5458980000 -9.1244190000 9.1018640000
8178.9301760000 -9.7284240000 8.9000870000
8179.4702150000 -9.7349520000 8.8990090000
8180.0097660000 -9.7415430000 8.8979300000
8180.5498050000 -9.7481980000 8.8968520000
8181.0898440000 -9.7549170000 8.8957750000
8181.6201170000 -9.7615830000 8.8947160000
8182.1601560000 -9.7684470000 8.8936380000
8182.7001950000 -9.7753670000 8.8925620000
8183.2402340000 -9.7823560000 8.8914860000
8183.7900390000 -9.7895530000 8.8903890000
8184.3300780000 -9.7966840000 8.8893150000
8184.8701170000 -9.8038880000 8.8882400000
8185.4101560000 -9.8111790000 8.8871640000
8185.9501950000 -9.8185310000 8.8860900000
8186.4902340000 -9.8259590000 8.8850170000
8187.0297850000 -9.8334650000 8.8839450000
8187.5698240000 -9.8410480000 8.8828720000
8188.1098630000 -9.8487120000 8.8818000000
8188.6499020000 -9.8564700000 8.8807270000
8189.1899410000 -9.8642970000 8.8796560000
8189.7299800000 -9.8722080000 8.8785850000
8190.2700200000 -9.8802180000 8.8775130000
8190.8100590000 -9.8883010000 8.8764430000
8191.3500980000 -9.8964720000 8.8753730000
8191.8999020000 -9.9048940000 8.8742840000
8192.4404300000 -9.9132480000 8.8732150000
8192.9804690000 -9.9217100000 8.8721450000
8193.5195310000 -9.9302370000 8.8710780000
8194.0595700000 -9.9388750000 8.8700110000
8194.5996090000 -9.9476120000 8.8689440000
8195.1396480000 -9.9564640000 8.8678760000
8195.6904300000 -9.9655770000 8.8667900000
8196.2304690000 -9.9746390000 8.8657220000
8196.7695310000 -9.9837730000 8.8646580000
8197.3095700000 -9.9930320000 8.8635940000
8197.8496090000 -10.0024010000 8.8625300000
8198.4003910000 -10.0120850000 8.8614430000
8198.9404300000 -10.0216840000 8.8603790000
8199.4804690000 -10.0314000000 8.8593160000
8200.0195310000 -10.0412350000 8.8582530000
8200.5703130000 -10.0513870000 8.8571710000
8201.1103520000 -10.0614700000 8.8561090000
8201.6503910000 -10.0717000000 8.8550450000
8202.1904300000 -10.0820410000 8.8539850000
8202.7402340000 -10.0927200000 8.8529030000
8203.2802730000 -10.1033330000 8.8518430000
8203.8203130000 -10.1140830000 8.8507830000
8204.3603520000 -10.1249760000 8.8497240000
8204.9101560000 -10.1362300000 8.8486440000
8205.4501950000 -10.1474190000 8.8475860000
8205.9902340000 -10.1587610000 8.8465280000
8206.5400390000 -10.1704830000 8.8454490000
8207.0800780000 -10.1821410000 8.8443930000
8207.6201170000 -10.1939640000 8.8433350000
8208.1699220000 -10.2061880000 8.8422580000
8208.7099610000 -10.2183520000 8.8412030000
8209.2500000000 -10.2307140000 8.8401450000
8209.7998050000 -10.2434570000 8.8390710000
8210.3398440000 -10.2561660000 8.8380170000
8210.8798830000 -10.2690870000 8.8369610000
8211.4296880000 -10.2824130000 8.8358880000
8211.9697270000 -10.2957100000 8.8348350000
8212.5195310000 -10.3094770000 8.8337610000
8213.0595700000 -10.3231950000 8.8327080000
8213.5996090000 -10.3371300000 8.8316560000
8214.1503910000 -10.3515910000 8.8305830000
8214.6904300000 -10.3659840000 8.8295310000
8215.2402340000 -10.3809010000 8.8284600000
8215.7802730000 -10.3957800000 8.8274090000
8216.3203130000 -10.4109110000 8.8263590000
8216.8701170000 -10.4266010000 8.8252890000
8217.4101560000 -10.4422630000 8.8242400000
8217.9599610000 -10.4585120000 8.8231700000
8218.5000000000 -10.4747400000 8.8221220000
8219.0498050000 -10.4915560000 8.8210550000
8219.5898440000 -10.5084180000 8.8200050000
8220.1396480000 -10.5258690000 8.8189400000
8220.6796880000 -10.5433460000 8.8178930000
8221.2304690000 -10.5615430000 8.8168240000
8221.7695310000 -10.5796800000 8.8157810000
8222.3203130000 -10.5986100000 8.8147130000
8222.8603520000 -10.6175250000 8.8136670000
8223.4101560000 -10.6372090000 8.8126020000
8223.9501950000 -10.6569270000 8.8115580000
8224.5000000000 -10.6774250000 8.8104950000
8225.0498050000 -10.6984160000 8.8094320000
8225.5898440000 -10.7194650000 8.8083890000
8226.1396480000 -10.7414150000 8.8073260000
8226.6796880000 -10.7634470000 8.8062840000
8227.2304690000 -10.7864400000 8.8052220000
8227.7802730000 -10.8099970000 8.8041600000
8228.3203130000 -10.8336760000 8.8031190000
8228.8701170000 -10.8584280000 8.8020580000
8229.4101560000 -10.8833360000 8.8010180000
8229.9599610000 -10.9093550000 8.7999600000
8230.5097660000 -10.9361330000 8.7989010000
8231.0498050000 -10.9631300000 8.7978620000
8231.5996090000 -10.9914360000 8.7968030000
8232.1503910000 -11.0205780000 8.7957450000
8232.6904300000 -11.0500760000 8.7947050000
8233.2402340000 -11.0809650000 8.7936500000
8233.7900390000 -11.1129000000 8.7925930000
8234.3300780000 -11.1452480000 8.7915560000
8234.8798830000 -11.1792760000 8.7905020000
8235.4296880000 -11.2145590000 8.7894460000
8235.9697270000 -11.2504090000 8.7884110000
8236.5195310000 -11.2883130000 8.7873560000
8237.0703130000 -11.3276850000 8.7863020000
8237.6201170000 -11.3686420000 8.7852480000
8238.1601560000 -11.4104790000 8.7842140000
8238.7099610000 -11.4549630000 8.7831610000
8239.2597660000 -11.5013770000 8.7821100000
8239.5605470000 -11.5276730000 8.7815350000
8239.7998050000 -11.5491160000 8.7810770000
8240.3496090000 -11.6001620000 8.7800250000
8240.9003910000 -11.6538510000 8.7789740000
8241.4501950000 -11.7104610000 8.7779230000
8242.0000000000 -11.7702110000 8.7768740000
8242.5400390000 -11.8325600000 8.7758420000
8243.0898440000 -11.8999310000 8.7747940000
8243.6396480000 -11.9720380000 8.7737450000
8244.1904300000 -12.0494300000 8.7726960000
8244.7402340000 -12.1329230000 8.7716460000
8245.2802730000 -12.2217380000 8.7706180000
8245.8300780000 -12.3206030000 8.7695710000
8246.3798830000 -12.4293530000 8.7685250000
8246.9296880000 -12.5506110000 8.7674780000
8247.4804690000 -12.6872970000 8.7664320000
8248.0302730000 -12.8438470000 8.7653860000
8248.5800780000 -13.0265960000 8.7643420000
8249.1201170000 -13.2422480000 8.7633170000
8249.6699220000 -13.5173930000 8.7622720000
8250.2197270000 -13.8853410000 8.7612300000
8250.7695310000 -14.4447000000 8.7601850000
8251.3203130000 -15.6418810000 8.7591420000
8251.8701170000 -15.7062550000 2.2396420000
8252.4199220000 -14.4732200000 2.2379330000
8252.9697270000 -13.9014200000 2.2362220000
8253.5195310000 -13.5254210000 2.2345150000
8254.0703130000 -13.2433980000 2.2328020000
8254.6201170000 -13.0183980000 2.2310940000
8255.1699220000 -12.8311530000 2.2293900000
8255.7197270000 -12.6702460000 2.2276840000
8256.2695310000 -12.5295520000 2.2259820000
8256.8203130000 -12.4039190000 2.2242750000
8257.3701170000 -12.2911130000 2.2225740000
8257.9199220000 -12.1882500000 2.2208720000
8258.4697270000 -12.0940000000 2.2191730000
8259.0195310000 -12.0067340000 2.2174730000
8259.5703130000 -11.9256000000 2.2157740000
8260.1201170000 -11.8497790000 2.2140750000
8260.6699220000 -11.7787280000 2.2123800000
8261.2197270000 -11.7116520000 2.2106840000
8261.7695310000 -11.6483300000 2.2089910000
8262.3203130000 -11.5880580000 2.2072930000
8262.8701170000 -11.5309280000 2.2056020000
8263.4199220000 -11.4763550000 2.2039090000
8263.9697270000 -11.4242880000 2.2022200000
8264.5195310000 -11.3743350000 2.2005290000
8265.0703130000 -11.3264080000 2.1988380000
8265.6201170000 -11.2803430000 2.1971490000
8266.1699220000 -11.2360730000 2.1954640000
8266.7304690000 -11.1925170000 2.1937450000
8267.2802730000 -11.1512690000 2.1920590000
8267.8300780000 -11.1114650000 2.1903750000
8268.3798830000 -11.0728740000 2.1886910000
8268.9296880000 -11.0355490000 2.1870110000
8269.4804690000 -10.9992250000 2.1853250000
8270.0302730000 -10.9640840000 2.1836460000
8270.5898440000 -10.9292940000 2.1819360000
8271.1396480000 -10.8960450000 2.1802570000
8271.6904300000 -10.8636840000 2.1785770000
8272.2402340000 -10.8321630000 2.1769000000
8272.7900390000 -10.8014910000 2.1752250000
8273.3398440000 -10.7715210000 2.1735500000
8273.9003910000 -10.7417680000 2.1718450000
8274.4501950000 -10.7132110000 2.1701710000
8275.0000000000 -10.6853530000 2.1685010000
8275.5498050000 -10.6580670000 2.1668280000
8276.1103520000 -10.6308700000 2.1651250000
8276.6601560000 -10.6047980000 2.1634580000
8277.2099610000 -10.5792230000 2.1617880000
8277.7597660000 -10.5542090000 2.1601220000
8278.3203130000 -10.5291850000 2.1584220000
8278.8701170000 -10.5051120000 2.1567560000
8279.4199220000 -10.4815370000 2.1550930000
8279.9697270000 -10.4583620000 2.1534280000
8280.5302730000 -10.4352190000 2.1517350000
8281.0800780000 -10.4128820000 2.1500730000
8281.6298830000 -10.3909750000 2.1484140000
8282.1904300000 -10.3690010000 2.1467210000
8282.7402340000 -10.3478080000 2.1450610000
8283.2900390000 -10.3270020000 2.1434040000
8283.8496090000 -10.3061480000 2.1417170000
8284.4003910000 -10.2859800000 2.1400590000
8284.9501950000 -10.2661310000 2.1384030000
8285.5097660000 -10.2462550000 2.1367190000
8286.0595700000 -10.2270500000 2.1350670000
8286.6201170000 -10.2077420000 2.1333820000
8287.1699220000 -10.1891090000 2.1317310000
8287.7197270000 -10.1707140000 2.1300790000
8288.2802730000 -10.1522400000 2.1283970000
8288.8300780000 -10.1343990000 2.1267500000
8289.3896480000 -10.1164720000 2.1250720000
8289.9404300000 -10.0990640000 2.1234220000
8290.4902340000 -10.0819490000 2.1217770000
8291.0498050000 -10.0647400000 2.1201020000
8291.5996090000 -10.0480770000 2.1184600000
8292.1601560000 -10.0312870000 2.1167830000
8292.7099610000 -10.0150230000 2.1151400000
8293.2695310000 -9.9987130000 2.1134720000
8293.8203130000 -9.9828280000 2.1118270000
8294.3798830000 -9.9668930000 2.1101580000
8294.9296880000 -9.9514470000 2.1085210000
8295.4902340000 -9.9358690000 2.1068510000
8296.0400390000 -9.9207890000 2.1052150000
8296.5996090000 -9.9056010000 2.1035500000
8297.1503910000 -9.8908180000 2.1019110000
8297.7099610000 -9.8759760000 2.1002470000
8298.2597660000 -9.8615760000 2.0986160000
8298.8203130000 -9.8470400000 2.0969510000
8299.3701170000 -9.8329570000 2.0953220000
8299.9296880000 -9.8187610000 2.0936610000
8300.4804690000 -9.8049340000 2.0920280000
8301.0400390000 -9.7910620000 2.0903730000
8301.5996090000 -9.7773150000 2.0887160000
8302.1503910000 -9.7639200000 2.0870850000
8302.7099610000 -9.7504780000 2.0854320000
8303.2597660000 -9.7373770000 2.0838060000
8303.8203130000 -9.7241600000 2.0821500000
8304.3798830000 -9.7111210000 2.0805010000
8304.9296880000 -9.6984080000 2.0788770000
8305.4902340000 -9.6855780000 2.0772240000
8306.0498050000 -9.6729170000 2.0755770000
8306.5996090000 -9.6605690000 2.0739560000
8307.1601560000 -9.6481050000 2.0723060000
8307.7197270000 -9.6357780000 2.0706590000
8308.2695310000 -9.6237950000 2.0690440000
8308.8300780000 -9.6116740000 2.0673960000
8309.3896480000 -9.5996850000 2.0657520000
8309.9404300000 -9.5880050000 2.0641370000
8310.5000000000 -9.5762290000 2.0624940000
8311.0595700000 -9.5645580000 2.0608530000
8311.6103520000 -9.5531850000 2.0592400000
8312.1699220000 -9.5417170000 2.0576010000
8312.7304690000 -9.5303270000 2.0559600000
8313.2900390000 -9.5190740000 2.0543250000
8313.8398440000 -9.5080870000 2.0527160000
8314.4003910000 -9.4969840000 2.0510780000
8314.9599610000 -9.4860120000 2.0494460000
8315.5195310000 -9.4751110000 2.0478120000
8316.0703130000 -9.4644650000 2.0462040000
8316.6298830000 -9.4537580000 2.0445750000
8317.1904300000 -9.4431030000 2.0429400000
8317.7500000000 -9.4325490000 2.0413100000
8318.3095700000 -9.4220810000 2.0396810000
8318.8603520000 -9.4118700000 2.0380800000
8319.4199220000 -9.4015640000 2.0364530000
8319.9804690000 -9.3913190000 2.0348230000
8320.5400390000 -9.3811700000 2.0331980000
8321.0996090000 -9.3711170000 2.0315760000
8321.6601560000 -9.3611050000 2.0299490000
8322.2099610000 -9.3513540000 2.0283550000
8322.7695310000 -9.3415230000 2.0267350000
8323.3300780000 -9.3317330000 2.0251110000
8323.8896480000 -9.3220300000 2.0234910000
8324.4501950000 -9.3123820000 2.0218700000
8325.0097660000 -9.3028360000 2.0202540000
8325.5703130000 -9.2933260000 2.0186340000
8326.1298830000 -9.2839010000 2.0170170000
8326.6904300000 -9.2745260000 2.0153990000
8327.2402340000 -9.2654070000 2.0138150000
8327.7998050000 -9.2561770000 2.0122010000
8328.3603520000 -9.2469960000 2.0105850000
8328.9199220000 -9.2378940000 2.0089730000
8329.4804690000 -9.2288530000 2.0073620000
8330.0400390000 -9.2198740000 2.0057530000
8330.5996090000 -9.2109570000 2.0041440000
8331.1601560000 -9.2020830000 2.0025320000
8331.7197270000 -9.1932980000 2.0009280000
8332.2802730000 -9.1845430000 1.9993190000
8400.6640630000 -8.4076130000 1.8098010000
8564.9189450000 -7.6098360000 1.4054250000
8634.6103520000 -7.6112340000 1.2537860000
8635.2099610000 -7.6128280000 1.2525290000
8635.8095700000 -7.6144620000 1.2512730000
8636.4101560000 -7.6161380000 1.2500170000
8637.0097660000 -7.6178570000 1.2487630000
8637.6201170000 -7.6196490000 1.2474870000
8638.2197270000 -7.6214540000 1.2462340000
8638.8203130000 -7.6233060000 1.2449800000
8639.4199220000 -7.6251970000 1.2437310000
8640.0195310000 -7.6271360000 1.2424790000
8640.6298830000 -7.6291570000 1.2412080000
8641.2304690000 -7.6311940000 1.2399570000
8641.8300780000 -7.6332750000 1.2387080000
8642.4296880000 -7.6354010000 1.2374630000
8643.0400390000 -7.6376190000 1.2361950000
8643.6396480000 -7.6398490000 1.2349490000
8644.2402340000 -7.6421340000 1.2337020000
8644.8398440000 -7.6444670000 1.2324570000
8645.4501950000 -7.6468960000 1.2311930000
8646.0498050000 -7.6493330000 1.2299520000
8646.6503910000 -7.6518330000 1.2287080000
8647.2597660000 -7.6544260000 1.2274480000
8647.8603520000 -7.6570410000 1.2262050000
8648.4599610000 -7.6597080000 1.2249660000
8649.0595700000 -7.6624320000 1.2237290000
8649.6699220000 -7.6652680000 1.2224690000
8650.2695310000 -7.6681190000 1.2212320000
8650.8798830000 -7.6710830000 1.2199750000
8651.4804690000 -7.6740670000 1.2187380000
8652.0800780000 -7.6771110000 1.2175030000
8652.6904300000 -7.6802770000 1.2162480000
8653.2900390000 -7.6834540000 1.2150160000
8653.8896480000 -7.6867050000 1.2137840000
8654.5000000000 -7.6900880000 1.2125310000
8655.0996090000 -7.6934900000 1.2113010000
8655.7099610000 -7.6970320000 1.2100500000
8656.3095700000 -7.7005980000 1.2088220000
8656.9199220000 -7.7043570000 1.2075730000
8657.5195310000 -7.7085480000 1.2063460000
8658.1201170000 -7.7112890000 1.2051160000
8658.7304690000 -7.7154510000 1.2038700000
8659.3300780000 -7.7194540000 1.2026440000
8659.9404300000 -7.7235870000 1.2013990000
8660.5400390000 -7.7277200000 1.2001770000
8661.1503910000 -7.7320200000 1.1989340000
8661.7500000000 -7.7363390000 1.1977120000
8662.3603520000 -7.7408290000 1.1964690000
8662.9599610000 -7.7453400000 1.1952490000
8663.5703130000 -7.7500320000 1.1940080000
8664.1699220000 -7.7547480000 1.1927890000
8664.7802730000 -7.7596550000 1.1915500000
8665.3896480000 -7.7646660000 1.1903140000
8665.9902340000 -7.7697110000 1.1890970000
8666.5996090000 -7.7749550000 1.1878630000
8667.2001950000 -7.7802450000 1.1866460000
8667.8095700000 -7.7857350000 1.1854130000
8668.4199220000 -7.7913630000 1.1841780000
8669.0195310000 -7.7970260000 1.1829660000
8669.6298830000 -7.8029240000 1.1817340000
8670.2304690000 -7.8088690000 1.1805210000
8670.8398440000 -7.8150440000 1.1792920000
8671.4501950000 -7.8213810000 1.1780610000
8672.0498050000 -7.8277510000 1.1768550000
8672.6601560000 -7.8344030000 1.1756270000
8673.2695310000 -7.8412110000 1.1744000000
8673.8701170000 -7.8480930000 1.1731930000
8674.4804690000 -7.8552620000 1.1719670000
8675.0898440000 -7.8626040000 1.1707430000
8675.6904300000 -7.8700310000 1.1695380000
8676.2998050000 -7.8777620000 1.1683160000
8676.9101560000 -7.8857130000 1.1670920000
8677.5195310000 -7.8938650000 1.1658730000
8678.1201170000 -7.9021080000 1.1646720000
8678.7304690000 -7.9107260000 1.1634510000
8679.3398440000 -7.9195730000 1.1622330000
8679.9501950000 -7.9286870000 1.1610150000
8680.5498050000 -7.9379010000 1.1598170000
8681.1601560000 -7.9475480000 1.1586000000
8681.7695310000 -7.9574690000 1.1573850000
8682.3798830000 -7.9677070000 1.1561690000
8682.9902340000 -7.9782600000 1.1549540000
8683.5898440000 -7.9889550000 1.1537610000
8684.2001950000 -8.0001810000 1.1525480000
8684.8095700000 -8.0117550000 1.1513370000
8685.4199220000 -8.0237310000 1.1501250000
8686.0302730000 -8.0361140000 1.1489140000
8686.6396480000 -8.0489050000 1.1477060000
8687.2402340000 -8.0619580000 1.1465150000
8687.8496090000 -8.0756730000 1.1453080000
8688.4599610000 -8.0899180000 1.1441010000
8689.0703130000 -8.1047050000 1.1428940000
8689.6796880000 -8.1200440000 1.1416890000
8690.2900390000 -8.1360220000 1.1404840000
8690.9003910000 -8.1526580000 1.1392790000
8691.5097660000 -8.1699730000 1.1380780000
8692.1201170000 -8.1880740000 1.1368740000
8692.7304690000 -8.2069940000 1.1356730000
8693.3398440000 -8.2267680000 1.1344730000
8693.9404300000 -8.2471670000 1.1332920000
8694.5498050000 -8.2689230000 1.1320940000
8695.1601560000 -8.2918520000 1.1308960000
8695.7695310000 -8.3159950000 1.1297000000
8696.3798830000 -8.3415540000 1.1285020000
8696.9902340000 -8.3686410000 1.1273050000
8697.5996090000 -8.3973840000 1.1261110000
8698.2099610000 -8.4280780000 1.1249160000
8698.8203130000 -8.4609250000 1.1237220000
8699.4296880000 -8.4961640000 1.1225300000
8700.0498050000 -8.5348880000 1.1213190000
8700.6601560000 -8.5763070000 1.1201270000
8701.2695310000 -8.6214870000 1.1189370000
8701.8798830000 -8.6712980000 1.1177470000
8702.4902340000 -8.7266330000 1.1165580000
8703.0996090000 -8.7886890000 1.1153710000
8703.7099610000 -8.8594760000 1.1141830000
8704.3203130000 -8.9415630000 1.1129960000
8704.9296880000 -9.0388980000 1.1118120000
8705.5400390000 -9.1586500000 1.1106260000
8706.1503910000 -9.3135090000 1.1094410000
8706.7695310000 -9.5362860000 1.1082390000
8707.3798830000 -9.9124430000 1.1070560000
8707.9902340000 -12.2174930000 1.1058730000
8708.5996090000 -9.9313780000 2.8455130000
8709.2099610000 -9.5395870000 2.8441660000
8709.8203130000 -9.3104780000 2.8428180000
8710.4404300000 -9.1452510000 2.8414520000
8711.0498050000 -9.0189500000 2.8401100000
8711.6601560000 -8.9150940000 2.8387660000
8712.2695310000 -8.8270060000 2.8374260000
8712.8798830000 -8.7502220000 2.8360850000
8713.5000000000 -8.6811810000 2.8347230000
8714.1103520000 -8.6201400000 2.8333850000
8714.7197270000 -8.5647490000 2.8320490000
8715.3300780000 -8.5138650000 2.8307120000
8715.9501950000 -8.4661360000 2.8293560000
8716.5595700000 -8.4225200000 2.8280240000
8717.1699220000 -8.3816640000 2.8266910000
8717.7900390000 -8.3426940000 2.8253370000
8718.4003910000 -8.3065060000 2.8240060000
8719.0097660000 -8.2722880000 2.8226780000
8719.6201170000 -8.2397270000 2.8213490000
8720.2402340000 -8.2081810000 2.8199990000
8720.8496090000 -8.1786130000 2.8186740000
8721.4599610000 -8.1502530000 2.8173480000
8722.0800780000 -8.1226220000 2.8160030000
8722.6904300000 -8.0964730000 2.8146800000
8723.3095700000 -8.0709380000 2.8133390000
8723.9199220000 -8.0466500000 2.8120170000
8724.5302730000 -8.0231820000 2.8106980000
8725.1503910000 -8.0001250000 2.8093590000
8725.7597660000 -7.9781690000 2.8080430000
8726.3798830000 -7.9564780000 2.8067030000
8726.9902340000 -7.9357730000 2.8053870000
8727.5996090000 -7.9157080000 2.8040770000
8728.2197270000 -7.8957890000 2.8027410000
8728.8300780000 -7.8767200000 2.8014290000
8729.4501950000 -7.8578450000 2.8000970000
8730.0595700000 -7.8397450000 2.7987890000
8730.6796880000 -7.8217710000 2.7974600000
8731.2900390000 -7.8044820000 2.7961520000
8731.9101560000 -7.7873170000 2.7948250000
8732.3837890000 -7.7744470000 2.7938110000
8732.5195310000 -7.7708090000 2.7935210000
8733.1396480000 -7.7543480000 2.7921940000
8733.7500000000 -7.7384980000 2.7908910000
8734.3701170000 -7.7227230000 2.7895680000
8734.9804690000 -7.7074930000 2.7882670000
8735.5996090000 -7.6923430000 2.7869480000
8736.2099610000 -7.6776800000 2.7856490000
8736.8300780000 -7.6630560000 2.7843310000
8737.4404300000 -7.6489110000 2.7830340000
8738.0595700000 -7.6347940000 2.7817180000
8738.6796880000 -7.6209150000 2.7804030000
8739.2900390000 -7.6074740000 2.7791100000
8739.9101560000 -7.5940430000 2.7777980000
8740.5195310000 -7.5810470000 2.7765080000
8741.1396480000 -7.5680290000 2.7751980000
8741.7597660000 -7.5552090000 2.7738890000
8742.3701170000 -7.5427730000 2.7726000000
8742.9902340000 -7.5303050000 2.7712920000
8743.6103520000 -7.5180340000 2.7699850000
8744.2197270000 -7.5061370000 2.7687030000
8744.8398440000 -7.4942000000 2.7673990000
8745.4599610000 -7.4824230000 2.7660960000
8746.0703130000 -7.4709790000 2.7648150000
8746.6904300000 -7.4594870000 2.7635130000
8747.3095700000 -7.4481760000 2.7622160000
8747.9296880000 -7.4369890000 2.7609180000
8748.5400390000 -7.4261070000 2.7596410000
8749.1601560000 -7.4151870000 2.7583450000
8749.7802730000 -7.4043800000 2.7570480000
8750.3896480000 -7.3938930000 2.7557760000
8751.0097660000 -7.3833470000 2.7544830000
8751.6298830000 -7.3729190000 2.7531920000
8752.2500000000 -7.3626060000 2.7519020000
8752.8701170000 -7.3523880000 2.7506100000
8753.4804690000 -7.3424510000 2.7493420000
8754.0996090000 -7.3324780000 2.7480570000
8754.7197270000 -7.3225930000 2.7467710000
8755.3398440000 -7.3128080000 2.7454860000
8755.9599610000 -7.3031220000 2.7442030000
8756.5703130000 -7.2936770000 2.7429400000
8757.1904300000 -7.2841630000 2.7416560000
8757.8095700000 -7.2747690000 2.7403780000
8758.4296880000 -7.2654500000 2.7390990000
8759.0498050000 -7.2562170000 2.7378210000
8759.6699220000 -7.2470540000 2.7365420000
8760.2900390000 -7.2379880000 2.7352660000
8760.9101560000 -7.2290030000 2.7339920000
8761.5302730000 -7.2200970000 2.7327180000
8762.1396480000 -7.2114170000 2.7314660000
8762.7597660000 -7.2026490000 2.7301930000
8763.3798830000 -7.1939670000 2.7289230000
8764.0000000000 -7.1853590000 2.7276540000
8764.6201170000 -7.1768200000 2.7263850000
8765.2402340000 -7.1683380000 2.7251160000
8765.8603520000 -7.1599370000 2.7238500000
8766.4804690000 -7.1516020000 2.7225860000
8767.0996090000 -7.1433450000 2.7213230000
8767.7197270000 -7.1351390000 2.7200600000
8768.3398440000 -7.1269820000 2.7187980000
8768.9599610000 -7.1188990000 2.7175370000
8769.5800780000 -7.1108760000 2.7162770000
8770.2001950000 -7.1029120000 2.7150190000
8770.8203130000 -7.0949930000 2.7137600000
8771.4404300000 -7.0871430000 2.7125040000
8772.0595700000 -7.0793610000 2.7112510000
8772.6796880000 -7.0716210000 2.7099970000
8773.2998050000 -7.0639230000 2.7087420000
8773.9296880000 -7.0561720000 2.7074720000
8774.5498050000 -7.0485900000 2.7062210000
8775.1699220000 -7.0410480000 2.7049690000
8775.7900390000 -7.0335660000 2.7037210000
8776.4101560000 -7.0261340000 2.7024740000
8777.0302730000 -7.0187490000 2.7012280000
8777.6503910000 -7.0114010000 2.6999810000
8778.2695310000 -7.0041210000 2.6987390000
8778.9003910000 -6.9967540000 2.6974740000
8779.5195310000 -6.9895650000 2.6962350000
8780.1396480000 -6.9823990000 2.6949920000
8780.7597660000 -6.9752860000 2.6937530000
8781.3798830000 -6.9682160000 2.6925140000
8782.0000000000 -6.9611890000 2.6912770000
8782.6298830000 -6.9540840000 2.6900200000
8783.2500000000 -6.9471390000 2.6887850000
8783.8701170000 -6.9402340000 2.6875510000
8784.4902340000 -6.9333580000 2.6863160000
8785.1201170000 -6.9264260000 2.6850640000
8785.7402340000 -6.9196380000 2.6838340000
8786.3603520000 -6.9128770000 2.6826020000
8786.9804690000 -6.9061630000 2.6813740000
8787.6103520000 -6.8993840000 2.6801270000
8788.2304690000 -6.8927330000 2.6788990000
8788.8496090000 -6.8861370000 2.6776750000
8789.4804690000 -6.8794560000 2.6764300000
8790.0996090000 -6.8729300000 2.6752090000
8790.7197270000 -6.8664180000 2.6739850000
8791.3496090000 -6.8598510000 2.6727450000
8791.9697270000 -6.8534160000 2.6715250000
8792.5898440000 -6.8470030000 2.6703040000
8793.2197270000 -6.8405360000 2.6690680000
8793.8398440000 -6.8341970000 2.6678510000
8794.4599610000 -6.8278800000 2.6666340000
8795.0898440000 -6.8215070000 2.6654010000
8795.7099610000 -6.8152610000 2.6641870000
8796.3398440000 -6.8089400000 2.6629540000
8796.9599610000 -6.8027540000 2.6617430000
8797.5800780000 -6.7965970000 2.6605330000
8798.2099610000 -6.7903660000 2.6593040000
8798.8300780000 -6.7842660000 2.6580950000
8799.4599610000 -6.7780920000 2.6568690000
8800.0800780000 -6.7720480000 2.6556630000
8800.7099610000 -6.7659400000 2.6544400000
8801.3300780000 -6.7599510000 2.6532350000
8801.9599610000 -6.7538880000 2.6520130000
8802.5800780000 -6.7479520000 2.6508110000
8803.2099610000 -6.7419420000 2.6495900000
8803.8300780000 -6.7360590000 2.6483920000
8804.4599610000 -6.7301100000 2.6471750000
8805.0800780000 -6.7242680000 2.6459760000
8805.7099610000 -6.7183700000 2.6447620000
8903.1240230000 -5.9976330000 2.4684500000
9077.2021480000 -5.1362960000 2.1191160000
9254.6845700000 -4.4384640000 1.7825080000
9435.6367190000 -3.8856310000 1.4457860000
9620.1269530000 -3.4148970000 1.1133530000
9808.2246090000 -3.0111410000 0.7854470000
10000.0000000000 -2.6530200000 0.4628520000
10195.5253900000 -2.3360710000 0.1449660000
10394.8730500000 -2.0542890000 9.8318320000
10598.1191400000 -1.8031870000 9.5234990000
10805.3388700000 -1.6137590000 9.2225500000
11016.6103500000 -1.4164840000 8.9312950000
11232.0127000000 -1.2403700000 8.6458020000
11451.6259800000 -1.1584740000 8.3747020000
11675.5341800000 -1.0236830000 8.1166500000
11903.8203100000 -0.9027080000 7.8659610000
12136.5693400000 -0.7943620000 7.6224450000
12373.8701200000 -0.6974510000 7.3859170000
12615.8105500000 -0.6109320000 7.1561950000
12862.4814500000 -0.5338810000 6.9331030000
13113.9746100000 -0.4654770000 6.7164670000
13370.3857400000 -0.4049860000 6.5061170000
13631.8105500000 -0.3517530000 6.3018890000
13898.3466800000 -0.3051830000 6.1036200000
14170.0937500000 -0.2647420000 5.9111520000
14447.1543000000 -0.2299430000 5.7243310000
14729.6328100000 -0.2003450000 5.5430050000
15017.6337900000 -0.1755430000 5.3670280000
15311.2666000000 -0.1566310000 5.1964040000
15610.6396500000 -0.1403520000 5.0308510000
15915.8671900000 -0.1278410000 4.8702240000
16227.0615200000 -0.1188130000 4.7143890000
16544.3418000000 -0.1142550000 4.5632320000
16867.8242200000 -0.1114450000 4.4167240000
17197.6328100000 -0.1113830000 4.2746240000
17533.8906300000 -0.1152190000 4.1368610000
17876.7207000000 -0.1201140000 4.0033630000
18226.2558600000 -0.1271490000 3.8739190000
18582.6250000000 -0.1361900000 3.7484170000
18945.9628900000 -0.1470860000 3.6267440000
19316.4023400000 -0.1597000000 3.5087930000
19694.0878900000 -0.1739060000 3.3944560000
20079.1562500000 -0.1895860000 3.2836310000
20471.7539100000 -0.2066340000 3.1762180000
20872.0273400000 -0.2249520000 3.0721190000
21280.1289100000 -0.2444480000 2.9712370000
21696.2070300000 -0.2650410000 2.8734820000
22120.4238300000 -0.2866570000 2.7787600000
22552.9335900000 -0.3092280000 2.6869870000
22993.8984400000 -0.3326940000 2.5980740000
23443.4882800000 -0.3570040000 2.5119400000
23901.8671900000 -0.3821090000 2.4285020000
24369.2070300000 -0.4079740000 2.3476820000
24845.6875000000 -0.4345660000 2.2694030000
25331.4824200000 -0.4618650000 2.1935900000
25826.7753900000 -0.4898610000 2.1201710000
26331.7539100000 -0.5185790000 2.0490740000
26846.6054700000 -0.5480190000 1.9804140000
27371.5234400000 -0.5771120000 1.9143970000
27906.7070300000 -0.6067240000 1.8504940000
28452.3515600000 -0.6368570000 1.7886410000
29008.6660200000 -0.6675210000 1.7287740000
29575.8593800000 -0.6987300000 1.6708310000
30154.1406300000 -0.7305060000 1.6147550000
30743.7304700000 -0.7628800000 1.5604860000
31344.8476600000 -0.7958910000 1.5079690000
31957.7168000000 -0.8295870000 1.4571490000
32582.5703100000 -0.8644290000 1.4079750000
33219.6406300000 -0.8997130000 1.3604180000
33869.1679700000 -0.9358900000 1.3144060000
34531.3945300000 -0.9733380000 1.2698940000
35206.5703100000 -1.0116490000 1.2268370000
35894.9492200000 -1.0520280000 1.1851930000
36596.7851600000 -1.0930740000 1.1449500000
37312.3437500000 -1.1357630000 1.1060260000
38041.8906300000 -1.1818610000 1.0684100000
38785.7070300000 -1.2286940000 1.0320760000
39544.0625000000 -1.2780980000 0.9969420000
40317.2500000000 -1.3305380000 0.9629690000
41105.5546900000 -1.3866000000 0.9301210000
41909.2695300000 -1.4470230000 0.8983600000
42728.6992200000 -1.5128250000 0.8676530000
43564.1523400000 -1.5852040000 0.8379640000
44415.9414100000 -1.6659600000 0.8092600000
45284.3867200000 -1.7575730000 0.7815100000
46169.8085900000 -1.8636930000 0.7546820000
47072.5429700000 -1.9900060000 0.7287470000
47992.9296900000 -2.1460320000 0.7036750000
48931.3125000000 -2.3495300000 0.6794390000
49219.6992200000 -2.4255520000 0.6722460000
49239.1992200000 -2.4309910000 0.6717630000
49258.8007800000 -2.4364980000 0.6712790000
49278.3984400000 -2.4420460000 0.6707960000
49297.8984400000 -2.4476090000 0.6703150000
49317.6015600000 -2.4532740000 0.6698300000
49337.1992200000 -2.4589520000 0.6693480000
49356.8007800000 -2.4646750000 0.6688660000
49376.5000000000 -2.4704720000 0.6683830000
49396.1992200000 -2.4763160000 0.6679000000
49415.8007800000 -2.4821770000 0.6674200000
49435.5000000000 -2.4881160000 0.6669380000
49455.3007800000 -2.4941330000 0.6664540000
49475.0000000000 -2.5001690000 0.6659730000
49494.6992200000 -2.5062550000 0.6654930000
49514.5000000000 -2.5124240000 0.6650110000
49534.3007800000 -2.5186460000 0.6645290000
49554.1015600000 -2.5249200000 0.6640480000
49573.8984400000 -2.5312480000 0.6635670000
49593.6992200000 -2.5376320000 0.6630870000
49613.6015600000 -2.5441040000 0.6626050000
49633.3984400000 -2.5506000000 0.6621260000
49653.3007800000 -2.5571870000 0.6616450000
49673.1992200000 -2.5638330000 0.6611650000
49693.1015600000 -2.5705410000 0.6606850000
49713.0000000000 -2.5773110000 0.6602050000
49733.0000000000 -2.5841770000 0.6597240000
49752.8984400000 -2.5910720000 0.6592460000
49772.8984400000 -2.5980680000 0.6587660000
49792.8984400000 -2.6051320000 0.6582860000
49812.8984400000 -2.6122620000 0.6578070000
49832.8984400000 -2.6194630000 0.6573290000
49853.0000000000 -2.6267720000 0.6568480000
49873.0000000000 -2.6341160000 0.6563710000
49888.0429700000 -2.6396880000 0.6560120000
49893.1015600000 -2.6415710000 0.6558910000
49913.1992200000 -2.6491010000 0.6554120000
49933.3007800000 -2.6567090000 0.6549340000
49953.3984400000 -2.6643950000 0.6544560000
49973.5000000000 -2.6721620000 0.6539790000
49993.6992200000 -2.6800500000 0.6535000000
50013.8984400000 -2.6880230000 0.6530220000
50034.0000000000 -2.6960440000 0.6525460000
50054.1992200000 -2.7041900000 0.6520680000
50074.5000000000 -2.7124700000 0.6515890000
50094.6992200000 -2.7207990000 0.6511130000
50114.8984400000 -2.7292230000 0.6506370000
50135.1992200000 -2.7377860000 0.6501590000
50155.5000000000 -2.7464470000 0.6496820000
50175.8007800000 -2.7552110000 0.6492050000
50196.1015600000 -2.7640790000 0.6487290000
50216.3984400000 -2.7730520000 0.6482530000
50236.8007800000 -2.7821800000 0.6477760000
50257.1015600000 -2.7913750000 0.6473010000
50277.5000000000 -2.8007290000 0.6468250000
50297.8984400000 -2.8102000000 0.6463490000
50318.3007800000 -2.8197960000 0.6458740000
50338.8007800000 -2.8295620000 0.6453970000
50359.1992200000 -2.8394060000 0.6449230000
50379.6992200000 -2.8494310000 0.6444470000
50400.1015600000 -2.8595420000 0.6439740000
50420.6015600000 -2.8698400000 0.6434990000
50441.1015600000 -2.8802800000 0.6430240000
50461.6992200000 -2.8909190000 0.6425480000
50482.1992200000 -2.9016570000 0.6420750000
50502.8007800000 -2.9126020000 0.6415990000
50523.3984400000 -2.9237070000 0.6411250000
50544.0000000000 -2.9349780000 0.6406510000
50564.6015600000 -2.9464210000 0.6401770000
50585.1992200000 -2.9580340000 0.6397040000
50605.8984400000 -2.9698880000 0.6392300000
50626.5000000000 -2.9818700000 0.6387580000
50647.1992200000 -2.9941020000 0.6382840000
50667.8984400000 -3.0065350000 0.6378110000
50688.6015600000 -3.0191740000 0.6373380000
50709.3007800000 -3.0320230000 0.6368660000
50730.1015600000 -3.0451570000 0.6363920000
50750.8984400000 -3.0585170000 0.6359190000
50771.6015600000 -3.0720510000 0.6354480000
50792.3984400000 -3.0858900000 0.6349760000
50813.3007800000 -3.1000570000 0.6345020000
50834.1015600000 -3.1144180000 0.6340310000
50854.8984400000 -3.1290460000 0.6335600000
50863.4765600000 -3.1351630000 0.6333660000
50875.8007800000 -3.1440360000 0.6330880000
50896.6992200000 -3.1593170000 0.6326160000
50917.6015600000 -3.1749120000 0.6321450000
50938.5000000000 -3.1908210000 0.6316740000
50959.5000000000 -3.2071440000 0.6312010000
50980.3984400000 -3.2237380000 0.6307320000
51001.3984400000 -3.2407740000 0.6302600000
51022.3984400000 -3.2581910000 0.6297890000
51043.3984400000 -3.2760060000 0.6293190000
51064.3984400000 -3.2942360000 0.6288490000
51085.3984400000 -3.3129010000 0.6283800000
51106.5000000000 -3.3321120000 0.6279090000
51127.6015600000 -3.3518100000 0.6274380000
51148.6992200000 -3.3720090000 0.6269690000
51169.8007800000 -3.3927410000 0.6264990000
51190.8984400000 -3.4140320000 0.6260300000
51212.0000000000 -3.4359160000 0.6255620000
51233.1992200000 -3.4585270000 0.6250920000
51254.3984400000 -3.4818020000 0.6246230000
51275.6015600000 -3.5057830000 0.6241540000
51296.8007800000 -3.5305100000 0.6236850000
51318.0000000000 -3.5560250000 0.6232170000
51339.3007800000 -3.5825120000 0.6227480000
51360.5000000000 -3.6097720000 0.6222810000
51381.8007800000 -3.6381310000 0.6218120000
51403.1015600000 -3.6675290000 0.6213450000
51424.3984400000 -3.6980370000 0.6208770000
51445.8007800000 -3.7299020000 0.6204080000
51467.1015600000 -3.7629180000 0.6199420000
51488.5000000000 -3.7974970000 0.6194740000
51509.8984400000 -3.8336210000 0.6190060000
51531.3007800000 -3.8714260000 0.6185390000
51552.6992200000 -3.9110710000 0.6180730000
51574.1992200000 -3.9529380000 0.6176050000
51595.6015600000 -3.9968520000 0.6171400000
51617.1015600000 -4.0434720000 0.6166730000
51638.6015600000 -4.0929030000 0.6162060000
51660.1015600000 -4.1454770000 0.6157400000
51681.6992200000 -4.2018800000 0.6152730000
51703.1992200000 -4.2621250000 0.6148080000
51724.8007800000 -4.3274020000 0.6143420000
51746.3984400000 -4.3982160000 0.6138760000
51768.0000000000 -4.4756000000 0.6134100000
51789.6015600000 -4.5608420000 0.6129450000
51811.3007800000 -4.6561820000 0.6124790000
51832.8984400000 -4.7631150000 0.6120150000
51854.6015600000 -4.8862020000 0.6115500000
51857.9843800000 -4.9070820000 0.6114770000
51876.3007800000 -5.0301290000 0.6110850000
51898.0000000000 -5.2033690000 0.6106210000
51919.6992200000 -5.4208220000 0.6101570000
51941.5000000000 -5.7141780000 0.6096920000
51963.3007800000 -6.1618110000 0.6092270000
51985.0000000000 -7.1283100000 0.6087650000
52006.8984400000 -7.0931380000 3.3631420000
52028.6992200000 -6.1417300000 3.3609960000
52050.5000000000 -5.6938690000 3.3588510000
52072.3984400000 -5.3962240000 3.3566990000
52094.3007800000 -5.1733370000 3.3545480000
52116.1992200000 -4.9949520000 3.3524000000
52138.1015600000 -4.8461310000 3.3502520000
52160.0000000000 -4.7183910000 3.3481070000
52182.0000000000 -4.6059740000 3.3459540000
52203.8984400000 -4.5063670000 3.3438130000
52225.8984400000 -4.4161910000 3.3416630000
52247.8984400000 -4.3341160000 3.3395160000
52270.0000000000 -4.2584510000 3.3373600000
52292.0000000000 -4.1888600000 3.3352160000
52314.1015600000 -4.1238660000 3.3330640000
52336.1992200000 -4.0631590000 3.3309140000
52358.3007800000 -4.0061900000 3.3287670000
52380.3984400000 -3.9525200000 3.3266200000
52402.5000000000 -3.9017740000 3.3244760000
52424.6992200000 -3.8534490000 3.3223240000
52446.8007800000 -3.8076980000 3.3201830000
52469.0000000000 -3.7638910000 3.3180340000
52491.3007800000 -3.7218610000 3.3158770000
52513.5000000000 -3.6818170000 3.3137330000
52535.6992200000 -3.6434110000 3.3115900000
52558.0000000000 -3.6063440000 3.3094390000
52580.3007800000 -3.5706800000 3.3072900000
52602.6015600000 -3.5363160000 3.3051430000
52624.8984400000 -3.5031640000 3.3029980000
52647.3007800000 -3.4709840000 3.3008440000
52669.6015600000 -3.4400020000 3.2987030000
52692.0000000000 -3.4098690000 3.2965540000
52714.3984400000 -3.3806680000 3.2944060000
52736.8984400000 -3.3522040000 3.2922510000
52759.3007800000 -3.3246920000 3.2901070000
52781.8007800000 -3.2978350000 3.2879560000
52804.1992200000 -3.2718270000 3.2858160000
52826.6992200000 -3.2463990000 3.2836690000
52849.3007800000 -3.2215180000 3.2815130000
52871.8007800000 -3.1973770000 3.2793690000
52871.9375000000 -3.1972320000 3.2793560000
52894.3007800000 -3.1738260000 3.2772270000
52916.8984400000 -3.1507470000 3.2750780000
52939.5000000000 -3.1282040000 3.2729290000
52962.1015600000 -3.1061770000 3.2707830000
52984.8007800000 -3.0845520000 3.2686300000
53007.3984400000 -3.0635000000 3.2664880000
53030.1015600000 -3.0427990000 3.2643380000
53052.8007800000 -3.0225420000 3.2621900000
53075.5000000000 -3.0026980000 3.2600440000
53098.1992200000 -2.9832580000 3.2579000000
53121.0000000000 -2.9641160000 3.2557480000
53143.6992200000 -2.9454280000 3.2536080000
53166.5000000000 -2.9270150000 3.2514590000
53189.3007800000 -2.9089470000 3.2493130000
53212.1992200000 -2.8911340000 3.2471600000
53235.0000000000 -2.8737180000 3.2450170000
53257.8984400000 -2.8565360000 3.2428670000
53280.8007800000 -2.8396550000 3.2407200000
53303.6992200000 -2.8230620000 3.2385740000
53326.6015600000 -2.8067470000 3.2364290000
53349.5000000000 -2.7907070000 3.2342870000
53372.5000000000 -2.7748550000 3.2321370000
53395.5000000000 -2.7592610000 3.2299900000
53418.5000000000 -2.7439140000 3.2278440000
53441.5000000000 -2.7288040000 3.2257000000
53464.6015600000 -2.7138610000 3.2235480000
53487.6015600000 -2.6992110000 3.2214080000
53510.6992200000 -2.6847160000 3.2192600000
53533.8007800000 -2.6704330000 3.2171140000
53557.0000000000 -2.6562980000 3.2149620000
53580.1015600000 -2.6424240000 3.2128200000
53603.3007800000 -2.6286870000 3.2106700000
53626.3984400000 -2.6152010000 3.2085320000
53649.6992200000 -2.6017840000 3.2063780000
53672.8984400000 -2.5886080000 3.2042340000
53696.1015600000 -2.5756050000 3.2020920000
53719.3984400000 -2.5627220000 3.1999430000
53742.6992200000 -2.5500070000 3.1977960000
53766.0000000000 -2.5374560000 3.1956510000
53789.3007800000 -2.5250640000 3.1935080000
53812.6015600000 -2.5128270000 3.1913660000
53836.0000000000 -2.5006960000 3.1892180000
53859.3984400000 -2.4887120000 3.1870710000
53882.8007800000 -2.4768720000 3.1849260000
53905.7187500000 -2.4654150000 3.1828270000
53906.1992200000 -2.4651760000 3.1827830000
53929.6992200000 -2.4535720000 3.1806340000
53953.1992200000 -2.4421040000 3.1784860000
53976.6015600000 -2.4308160000 3.1763480000
54000.1015600000 -2.4196110000 3.1742040000
54023.6992200000 -2.4084890000 3.1720520000
54047.1992200000 -2.3975400000 3.1699120000
54070.8007800000 -2.3866650000 3.1677640000
54094.3984400000 -2.3759130000 3.1656190000
54118.0000000000 -2.3652770000 3.1634750000
54141.6015600000 -2.3547560000 3.1613330000
54165.3007800000 -2.3443060000 3.1591840000
54189.0000000000 -2.3339680000 3.1570370000
54212.6992200000 -2.3237380000 3.1548920000
54236.3984400000 -2.3136170000 3.1527490000
54260.1015600000 -2.3035970000 3.1506080000
54283.8984400000 -2.2936420000 3.1484600000
54307.6015600000 -2.2838260000 3.1463220000
54331.3984400000 -2.2740710000 3.1441780000
54355.3007800000 -2.2643710000 3.1420260000
54379.1015600000 -2.2548090000 3.1398850000
54403.0000000000 -2.2453010000 3.1377380000
54426.8007800000 -2.2359250000 3.1356010000
54450.6992200000 -2.2266010000 3.1334580000
54474.6992200000 -2.2173260000 3.1313070000
54498.6015600000 -2.2081790000 3.1291670000
54522.6015600000 -2.1990780000 3.1270200000
54546.6015600000 -2.1900600000 3.1248750000
54570.6015600000 -2.1811400000 3.1227320000
54594.6015600000 -2.1722910000 3.1205920000
54618.6992200000 -2.1634880000 3.1184440000
54642.6992200000 -2.1547990000 3.1163070000
54666.8007800000 -2.1461540000 3.1141630000
54690.8984400000 -2.1375870000 3.1120210000
54715.1015600000 -2.1290580000 3.1098710000
54739.1992200000 -2.1206420000 3.1077330000
54763.3984400000 -2.1122650000 3.1055890000
54787.6015600000 -2.1039580000 3.1034460000
54811.8007800000 -2.0957240000 3.1013040000
54836.1015600000 -2.0875270000 3.0991560000
54860.3007800000 -2.0794320000 3.0970190000
54884.6015600000 -2.0713730000 3.0948750000
54908.8984400000 -2.0633830000 3.0927340000
54933.1992200000 -2.0554570000 3.0905930000
54957.6015600000 -2.0475640000 3.0884460000
54959.7109400000 -2.0468860000 3.0882610000
54982.0000000000 -2.0397390000 3.0863020000
55006.3984400000 -2.0319760000 3.0841590000
55030.8007800000 -2.0242750000 3.0820170000
55055.1992200000 -2.0166370000 3.0798790000
55079.6992200000 -2.0090280000 3.0777330000
55104.1992200000 -2.0014810000 3.0755890000
55128.6992200000 -1.9939920000 3.0734470000
55153.1992200000 -1.9865630000 3.0713070000
55177.6992200000 -1.9791920000 3.0691690000
55202.3007800000 -1.9718470000 3.0670250000
55226.8984400000 -1.9645600000 3.0648820000
55251.5000000000 -1.9573280000 3.0627420000
55276.1015600000 -1.9501510000 3.0606030000
55300.8007800000 -1.9430000000 3.0584580000
55325.5000000000 -1.9359030000 3.0563140000
55350.1992200000 -1.9288590000 3.0541730000
56034.3085900000 -1.7523100000 2.9956470000
57129.9218800000 -1.5259310000 2.9049780000
58246.9531300000 -1.3433510000 2.8162430000
59385.8281300000 -1.1916000000 2.7294310000
60546.9687500000 -1.0629140000 2.6445310000
61730.8125000000 -0.9522470000 2.5615290000
62937.8046900000 -0.8561200000 2.4804110000
64168.3984400000 -0.7720240000 2.4011630000
65423.0507800000 -0.6980850000 2.3237690000
66702.2343800000 -0.6328610000 2.2482120000
68006.4296900000 -0.5888060000 2.1753030000
69336.1250000000 -0.5385560000 2.1061840000
70691.8203100000 -0.4938090000 2.0391000000
72074.0234400000 -0.4539180000 1.9739960000
73483.2500000000 -0.4183370000 1.9108180000
74920.0312500000 -0.3866020000 1.8495150000
76384.9062500000 -0.3583150000 1.7900350000
77878.4218800000 -0.3331280000 1.7323290000
79401.1406300000 -0.3107410000 1.6763500000
80953.6328100000 -0.2908470000 1.6220960000
82536.4765600000 -0.2732330000 1.5694960000
84150.2734400000 -0.2577150000 1.5184730000
85795.6250000000 -0.2441090000 1.4689830000
87473.1406300000 -0.2322500000 1.4209850000
89183.4609400000 -0.2219880000 1.3744370000
90927.2187500000 -0.2131880000 1.3293000000
92705.0781300000 -0.2057280000 1.2855350000
94517.6953100000 -0.1994980000 1.2431040000
96365.7500000000 -0.1943940000 1.2019700000
98249.9453100000 -0.1903270000 1.1620970000
100170.9766000000 -0.1872100000 1.1234490000
102129.5703000000 -0.1849660000 1.0859920000
104126.4609000000 -0.1860230000 1.0497110000
106162.3906000000 -0.1854280000 1.0148150000
108238.1328000000 -0.1854800000 0.9810300000
110354.4609000000 -0.1861240000 0.9483230000
112512.1641000000 -0.1873070000 0.9166610000
114712.0547000000 -0.1889820000 0.8860130000
116954.9688000000 -0.1911040000 0.8563460000
119241.7266000000 -0.1936320000 0.8276310000
121573.2031000000 -0.1965280000 0.7998390000
123950.2656000000 -0.1997570000 0.7729410000
126373.8047000000 -0.2032870000 0.7469110000
128844.7266000000 -0.2070880000 0.7217210000
131363.9688000000 -0.2111330000 0.6973450000
133932.4531000000 -0.2153950000 0.6737580000
136551.1719000000 -0.2198510000 0.6509360000
139221.0938000000 -0.2244790000 0.6288560000
141943.2188000000 -0.2292570000 0.6074930000
144718.5625000000 -0.2341690000 0.5868270000
147548.1719000000 -0.2391950000 0.5668350000
150433.1094000000 -0.2443200000 0.5474950000
153374.4531000000 -0.2495280000 0.5287890000
156373.2969000000 -0.2548050000 0.5106960000
159430.7969000000 -0.2601390000 0.4931960000
162548.0625000000 -0.2655180000 0.4762710000
165726.2813000000 -0.2709310000 0.4599040000
168966.6406000000 -0.2763660000 0.4440760000
172270.3750000000 -0.2818160000 0.4287710000
175638.6875000000 -0.2872710000 0.4139720000
179072.8594000000 -0.2927220000 0.3996630000
182574.1875000000 -0.2981640000 0.3858290000
186143.9688000000 -0.3035880000 0.3724540000
189783.5469000000 -0.3089890000 0.3595240000
193494.2969000000 -0.3143610000 0.3470250000
197277.5938000000 -0.3196990000 0.3349430000
201134.8594000000 -0.3249980000 0.3232650000
205067.5469000000 -0.3302530000 0.3119770000
209077.1406000000 -0.3354610000 0.3010680000
213165.1250000000 -0.3406180000 0.2905250000
217333.0313000000 -0.3457210000 0.2803370000
221582.4375000000 -0.3507660000 0.2704920000
225914.9219000000 -0.3618040000 0.2610270000
230332.1250000000 -0.3666960000 0.2521860000
234835.7031000000 -0.3715060000 0.2436480000
239427.3281000000 -0.3762350000 0.2354030000
244108.7344000000 -0.3808800000 0.2274410000
248881.6719000000 -0.3854420000 0.2197520000
253747.9219000000 -0.3899200000 0.2123260000
258709.3281000000 -0.3943140000 0.2051550000
263767.7500000000 -0.3986240000 0.1982290000
268925.0625000000 -0.4028500000 0.1915400000
274183.2188000000 -0.4069920000 0.1850800000
279544.1875000000 -0.4110510000 0.1788410000
285010.0000000000 -0.4150260000 0.1728160000
290582.6563000000 -0.4189180000 0.1669960000
296264.2500000000 -0.4227290000 0.1613750000
302056.9688000000 -0.4264580000 0.1559460000
307962.9375000000 -0.4301060000 0.1507020000
313984.3750000000 -0.4336750000 0.1456370000
320123.5625000000 -0.4371640000 0.1407440000
326382.7813000000 -0.4405760000 0.1360190000
332764.3750000000 -0.4439100000 0.1314540000
339270.7500000000 -0.4471680000 0.1270450000
345904.3438000000 -0.4503510000 0.1227860000
352667.6563000000 -0.4534600000 0.1186720000
359563.1875000000 -0.4564970000 0.1146980000
366593.5625000000 -0.4594610000 0.1108590000
373761.3750000000 -0.4623550000 0.1071500000
381069.3438000000 -0.4651790000 0.1035670000
388520.2188000000 -0.4679350000 0.1001060000
396116.7500000000 -0.4706230000 0.0967630000
403861.8125000000 -0.4732460000 0.0935330000
411758.3438000000 -0.4758040000 0.0904120000
419809.2500000000 -0.4782990000 0.0873970000
428017.5625000000 -0.4807310000 0.0844850000
436386.3750000000 -0.4831020000 0.0816710000
444918.8125000000 -0.4854130000 0.0789520000
453618.0938000000 -0.4876650000 0.0763260000
462487.4688000000 -0.4898600000 0.0737880000
471530.2500000000 -0.4919990000 0.0713360000
480749.8438000000 -0.4940820000 0.0689660000
490149.7188000000 -0.4961110000 0.0666770000
499733.3750000000 -0.4980870000 0.0644650000
509504.4063000000 -0.5000120000 0.0623280000
519466.5000000000 -0.5018850000 0.0602630000
529623.3750000000 -0.5037100000 0.0582680000
539978.8125000000 -0.5054860000 0.0563390000
550536.7500000000 -0.5072140000 0.0544760000
561301.1250000000 -0.5088970000 0.0526760000
572276.0000000000 -0.5105340000 0.0509360000
583465.4375000000 -0.5121270000 0.0492540000
594873.6250000000 -0.5136780000 0.0476290000
606504.8750000000 -0.5151860000 0.0460590000
618363.5625000000 -0.5166530000 0.0445420000
630454.1250000000 -0.5180800000 0.0430750000
642781.1250000000 -0.5194670000 0.0416580000
655349.0625000000 -0.5208170000 0.0402880000
668162.8125000000 -0.5221290000 0.0389640000
681227.0625000000 -0.5234050000 0.0376850000
694546.7500000000 -0.5246460000 0.0364480000
