30.0000000000 -68.8287350000 1.9451400000
30.5865750000 -68.5945130000 2.0529900000
31.1846200000 -68.3588710000 2.1549180000
31.7943570000 -68.1221920000 2.2508890000
32.4160160000 -65.5008620000 2.3073290000
33.0498310000 -65.1818390000 2.2591060000
33.6960370000 -64.8682250000 2.1972180000
34.3548770000 -64.5609820000 2.1218680000
35.0266040000 -64.2610630000 2.0333010000
35.7114600000 -63.9694820000 1.9318090000
36.4097100000 -63.6872440000 1.8177230000
37.1216090000 -63.4154050000 1.6914160000
37.8474310000 -63.1550560000 1.5532960000
38.5874440000 -62.9073520000 1.4038100000
39.3419230000 -62.6735230000 1.2434370000
40.1111560000 -62.4549060000 1.0726850000
40.8954320000 -62.2529910000 0.8920960000
41.6950380000 -62.0694810000 0.7022310000
42.5102810000 -61.9063490000 0.5036750000
43.3414650000 -61.7659990000 0.2970340000
44.1888960000 -61.6514240000 0.0829320000
45.0529020000 -61.5664860000 9.8619980000
45.9338000000 -61.5163920000 9.6348800000
46.8319210000 -61.5084270000 9.4022280000
47.7476010000 -61.5533140000 9.1646990000
48.6811870000 -61.6676830000 8.9229460000
49.6330260000 -61.8791200000 8.6776250000
50.6034740000 -65.1581270000 2.4989400000
51.5928990000 -61.8131480000 2.0084670000
52.6016690000 -60.8077740000 1.5334750000
53.6301650000 -60.2020680000 1.0732270000
54.6787680000 -59.7915150000 0.6270880000
55.7478750000 -59.5075420000 0.1945050000
56.8378870000 -59.3199920000 9.7750050000
57.9492070000 -59.2153820000 9.3681850000
59.0822600000 -59.1903380000 8.9736910000
60.2374690000 -59.2508200000 8.5912180000
61.4152600000 -59.3908230000 8.6030920000
62.6160810000 -59.4722670000 8.2529840000
63.8403850000 -59.8062320000 0.3132740000
65.0886230000 -58.9271350000 9.8920900000
66.3612670000 -58.4703980000 9.4883330000
67.6587980000 -58.1732600000 9.1015760000
68.9816970000 -57.9684180000 8.7314320000
70.3304600000 -57.8269270000 8.3775420000
71.7055970000 -57.7331350000 8.0395580000
73.1076200000 -57.6773910000 7.7171650000
74.5370640000 -57.6531830000 7.4100610000
75.9944460000 -57.6558380000 7.1179580000
77.4803310000 -57.6818500000 6.8405820000
78.9952620000 -57.7284970000 6.5776730000
80.5398180000 -57.7936100000 6.3289790000
82.1145710000 -57.8754430000 6.0942600000
83.7201160000 -57.9725690000 5.8732830000
85.3570560000 -58.0839040000 5.6658300000
87.0260010000 -58.2083400000 5.4716870000
88.7275770000 -58.3453830000 5.2906530000
90.4624250000 -58.4945300000 5.1225360000
92.2311940000 -58.6556740000 4.9671560000
94.0345380000 -58.8291970000 4.8243460000
95.8731540000 -59.0389330000 4.7768910000
97.7477110000 -59.1850780000 4.6610060000
99.6589200000 -59.3590580000 4.5572950000
101.6075060000 -59.5458530000 4.4656480000
103.5941850000 -59.7425880000 4.3859770000
105.6197130000 -59.9481430000 4.3182100000
107.6848450000 -60.1619380000 4.2623020000
109.7903520000 -60.3836630000 4.2182300000
111.9370270000 -60.6131400000 4.1859990000
114.1256790000 -60.8502960000 4.1656420000
116.3571170000 -61.0951390000 4.1572250000
118.6321950000 -61.3477250000 4.1608470000
120.9517520000 -61.6081700000 4.1766430000
123.3166580000 -61.8766370000 4.2047920000
125.7278060000 -62.1533390000 4.2455110000
128.1860960000 -62.4385260000 4.2990670000
130.6924590000 -63.0823710000 4.3738260000
133.2478330000 -63.3715590000 4.4635280000
135.8531490000 -63.6705510000 4.5663680000
138.5094300000 -63.9797740000 4.6828880000
141.2176360000 -64.2996830000 4.8136940000
143.9787900000 -64.6307530000 4.9594660000
146.7939300000 -64.9735180000 5.1209590000
149.6641240000 -65.3285290000 5.2990140000
152.5904390000 -66.0900800000 5.4992050000
155.5739590000 -66.4541020000 5.7240570000
158.6158140000 -66.8327560000 5.9675540000
161.7171480000 -67.2267380000 6.2310200000
164.8791350000 -67.6367570000 6.5159010000
168.1029360000 -68.0635680000 6.8237720000
171.3897710000 -68.5079190000 7.1563590000
174.7408600000 -68.9706120000 7.5155420000
178.1574860000 -69.4524610000 7.9033780000
181.6409150000 -69.9543080000 8.3221160000
185.1924440000 -70.4770130000 8.7742070000
188.8134160000 -71.0214610000 9.2623320000
192.5051880000 -71.5885390000 9.7894200000
196.2691500000 -72.1791690000 0.3586810000
200.1067050000 -72.7942660000 0.9736120000
204.0192870000 -73.3380280000 1.6353960000
208.0083770000 -74.0031130000 2.3482560000
212.0754700000 -74.6955640000 3.1192540000
216.2220760000 -75.4162750000 3.9534100000
220.4497530000 -76.1661220000 4.8562260000
224.7601010000 -76.9459300000 5.8337450000
229.1547240000 -77.7564930000 6.8925760000
233.6352690000 -78.5985340000 8.0399840000
238.2034300000 -79.4726940000 9.2839340000
242.8609010000 -70.8488160000 0.5398040000
247.6094360000 -71.0155490000 1.4482290000
252.4508210000 -71.1970370000 2.3975350000
257.3868710000 -64.2457810000 3.1010570000
262.4194340000 -63.8623960000 3.7128620000
267.5503850000 -63.4585840000 4.3138960000
272.7816770000 -63.0370410000 4.9023700000
278.1152340000 -62.6016200000 5.4764880000
283.5530700000 -62.1580090000 6.0344600000
289.0972600000 -61.7150650000 6.5745300000
294.7498170000 -61.2877240000 7.0949550000
300.5129390000 -60.7879140000 8.2034850000
306.3887020000 -60.1154980000 8.7239950000
312.3793640000 -59.7381290000 9.6501670000
318.4871830000 -58.7769810000 0.1532290000
324.7143860000 -57.9774480000 0.6323930000
331.0633850000 -57.1922990000 1.0863190000
337.5364990000 -56.4040570000 1.5137270000
344.1361690000 -55.6075860000 1.9134310000
350.8648990000 -54.8013230000 2.2843250000
357.7251890000 -53.9852370000 2.6254040000
364.7196040000 -53.1600840000 2.9357530000
371.8508000000 -52.3270720000 3.2145650000
379.1213990000 -51.4877590000 3.4611400000
386.5341800000 -50.6546480000 3.6753270000
394.0918880000 -49.8085710000 3.8563540000
401.7973630000 -48.9621620000 4.0037270000
409.6535340000 -48.1178130000 4.1172030000
417.6632690000 -47.2781720000 4.1966320000
425.8296200000 -46.4461560000 4.2420040000
434.1556700000 -45.6250610000 4.2534070000
442.6445010000 -44.8187410000 4.2310450000
451.2993160000 -44.0318300000 4.1752360000
460.1233520000 -43.2702180000 4.0863950000
469.1199040000 -42.5418660000 3.9650540000
478.2923890000 -41.8583070000 3.8118360000
487.6441960000 -41.2378500000 3.6274530000
497.1788640000 -41.2666090000 5.0100360000
506.8999330000 -39.7345620000 4.7804410000
516.8110960000 -38.6723560000 4.5219420000
526.9160770000 -37.7361720000 4.2355730000
537.2185670000 -36.8717540000 3.9224320000
547.7225340000 -36.0617030000 3.5836720000
558.4318850000 -35.3001710000 3.2204930000
569.3506470000 -34.5872420000 2.8341480000
580.4828490000 -34.0562060000 2.7968860000
591.8327640000 -33.1939540000 2.3763310000
603.4046020000 -32.4675060000 1.9365630000
615.2026370000 -31.7982940000 1.4789390000
627.2313840000 -31.1742670000 1.0048260000
639.4953610000 -30.5921650000 0.5155870000
651.9990840000 -30.0518680000 0.0126060000
664.7473140000 -29.5552980000 9.4972360000
677.7447510000 -29.1068270000 8.9708350000
690.9963990000 -29.1835400000 8.9732070000
704.5070800000 -28.2639290000 8.4323670000
718.2819820000 -27.7369710000 7.8842370000
732.3261720000 -27.2886200000 7.3300740000
746.6450200000 -26.8930490000 6.7710840000
761.2437740000 -26.5423110000 6.2084500000
776.1279910000 -26.2332500000 5.6433030000
791.3032230000 -25.9646870000 5.0767350000
806.7752080000 -25.7365150000 4.5097920000
822.5496830000 -25.5493950000 3.9434780000
838.6325680000 -25.4046730000 3.3787460000
855.0299680000 -25.3044570000 2.8164980000
871.7479250000 -25.2517400000 2.2575910000
888.7927860000 -25.2507040000 1.7028310000
906.1708980000 -25.3071310000 1.1529770000
923.8888550000 -25.4290830000 0.6087340000
941.9531860000 -25.6279750000 0.0707700000
960.3707280000 -25.7184300000 9.5358370000
979.1483760000 -26.1259060000 9.0061860000
998.2931520000 -26.6901840000 8.4843640000
1017.8123170000 -26.5629160000 8.1669330000
1037.7131350000 -26.3708530000 7.8671250000
1058.0029300000 -26.1920240000 7.5657120000
1078.6895750000 -26.0267260000 7.2628990000
1099.7806400000 -25.8752880000 6.9588990000
1121.2841800000 -25.7380680000 6.6539170000
1143.2080080000 -25.7132930000 6.3490920000
1165.5606690000 -25.6160890000 6.0460400000
1188.3502200000 -25.6619630000 5.7460780000
1211.5854490000 -25.7054230000 5.4541640000
1235.2750240000 -25.6727700000 5.1646800000
1259.4277340000 -25.7715230000 4.8809380000
1284.0527340000 -25.7787820000 4.6028010000
1309.1591800000 -25.8023570000 4.3277920000
1334.7564700000 -25.8431800000 4.0559010000
1360.8542480000 -25.9023490000 3.7871150000
1387.4624020000 -25.9811550000 3.5214250000
1414.5908200000 -26.0811230000 3.2588210000
1442.2495120000 -26.2040600000 2.9992920000
1470.4492190000 -26.3521230000 2.7428290000
1499.2000730000 -26.5279080000 2.4894260000
1528.5131840000 -26.7345600000 2.2390700000
1558.3995360000 -26.9759480000 1.9917540000
1588.8701170000 -27.2568780000 1.7474720000
1619.9365230000 -27.5834410000 1.5062170000
1651.6103520000 -27.9635070000 1.2679800000
1683.9034420000 -28.4075130000 1.0327570000
1716.8280030000 -28.9297600000 0.8005400000
1750.3962400000 -29.5506590000 0.5713250000
1784.6208500000 -30.3009400000 0.3451060000
1819.5146480000 -31.2318630000 0.1219260000
1855.0908200000 -32.4270630000 9.9017380000
1891.3624270000 -34.0609250000 9.6845360000
1928.3432620000 -36.5351940000 9.4703110000
1966.0472410000 -41.0338330000 9.2590620000
2004.4884030000 -52.9086150000 9.0517910000
2043.6811520000 -117.4772640000 0.8196110000
2083.6401370000 -23.8284320000 6.9649770000
2124.3806150000 -34.3861350000 4.9338910000
2165.9174800000 1.9534540000 8.6598630000
2208.2666020000 -3.5460180000 7.4148830000
2251.4438480000 -10.6784790000 8.4829430000
2295.4653320000 -16.6145080000 4.3484490000
2340.3474120000 -21.6245120000 2.2953110000
2386.1069340000 -26.2081740000 1.2709560000
2432.7612300000 -30.9351040000 0.8679890000
2480.3278810000 -36.4580540000 0.9834250000
2528.8244630000 -44.1465000000 1.7375330000
2578.2692870000 -51.9507330000 8.2171270000
2628.6809080000 -62.9571530000 2.0229840000
2680.0783690000 -33.3783950000 5.6206460000
2732.4804690000 -39.6928520000 7.6080510000
2785.9074710000 -15.4119590000 8.3761580000
2840.3789060000 -14.8841710000 7.5779910000
2895.9152830000 -15.0836760000 6.8219280000
2952.5378420000 -13.6618090000 7.8436280000
3010.2673340000 -12.6487610000 7.0788230000
3069.1254880000 -11.9355190000 6.3449060000
3129.1347660000 -11.5097030000 5.6257970000
3190.3171390000 -11.2154410000 6.0347180000
3252.6958010000 -10.0953820000 5.3423060000
3316.2941890000 -9.3838510000 4.6684650000
3381.1359860000 -8.7948630000 4.0140570000
3447.2456050000 -8.2837740000 3.3779430000
3514.6479490000 -7.8304360000 2.7598210000
3583.3681640000 -7.4235210000 2.1593970000
3653.4318850000 -7.0555290000 1.5763950000
3724.8657230000 -6.7224450000 1.0105610000
3797.6960450000 -6.3277840000 0.4577450000
3871.9506840000 -6.0399290000 9.9062370000
3947.6569820000 -5.7770450000 9.3681220000
4024.8435060000 -5.5369200000 8.8431530000
4103.5390630000 -5.3148220000 8.3310050000
4183.7739260000 -5.0955500000 7.8286230000
4265.5771480000 -4.9130640000 7.3371830000
4348.9794920000 -4.7462690000 6.8574450000
4434.0131840000 -4.5952760000 6.3890990000
4520.7089840000 -4.4590760000 5.9319390000
4609.1005860000 -4.3367510000 5.4857390000
4699.2197270000 -4.2274690000 5.0502950000
4791.1015630000 -4.1304680000 4.6253890000
4884.7792970000 -4.0450560000 4.2108160000
4980.2890630000 -3.9705970000 3.8063710000
5077.6660160000 -3.9065090000 3.4118520000
5176.9472660000 -3.8639160000 3.0279960000
5278.1694340000 -3.8192870000 2.6540160000
5381.3710940000 -3.7834550000 2.2894230000
5486.5903320000 -3.7560100000 1.9340150000
5593.8666990000 -3.7549450000 1.5878820000
5703.2412110000 -3.7430950000 1.2508000000
5814.7534180000 -3.7385840000 0.9223240000
5928.4467770000 -3.7720930000 0.6041200000
6044.3627930000 -3.7817260000 0.2943960000
6162.5449220000 -3.7978190000 9.9927900000
6283.0380860000 -3.8201930000 9.6991120000
6405.8872070000 -3.8549990000 9.4134980000
6531.1386720000 -3.8897290000 9.1358330000
6658.8383790000 -3.9303390000 8.8656000000
6789.0356450000 -3.9767840000 8.6026180000
6921.7783200000 -4.0290510000 8.3467200000
7057.1162110000 -4.0871750000 8.0977350000
7195.1005860000 -4.1512320000 7.8554970000
7335.7827150000 -4.2213520000 7.6198460000
7479.2158200000 -4.2977210000 7.3906200000
7625.4531250000 -4.3805950000 7.1676650000
7774.5498050000 -4.4703080000 6.9508260000
7926.5620120000 -4.5672910000 6.7399550000
8081.5458980000 -4.6720930000 6.5349040000
8239.5605470000 -4.7854190000 6.3355310000
8400.6640630000 -4.9081800000 6.1416940000
8564.9189450000 -5.0416030000 5.9532550000
8732.3837890000 -5.1874900000 5.7700800000
8903.1240230000 -5.3568580000 5.5922500000
9077.2021480000 -5.5264060000 5.4224480000
9254.6845700000 -5.7133480000 5.2575400000
9435.6367190000 -5.9208640000 5.0974080000
9620.1269530000 -6.1535830000 4.9419150000
9808.2246090000 -6.4182450000 4.7909290000
10000.0000000000 -6.7246260000 4.6443280000
10195.5253900000 -7.0879530000 4.5019880000
10394.8730500000 -7.5338970000 4.3637910000
10598.1191400000 -8.1111250000 4.2296190000
10805.3388700000 -8.9312630000 4.0993620000
11016.6103500000 -10.3698020000 3.9729250000
11080.9003900000 -11.1466790000 3.9356780000
11081.9003900000 -11.1614860000 3.9351030000
11082.9003900000 -11.1763910000 3.9345290000
11083.9003900000 -11.1914230000 3.9339540000
11084.9003900000 -11.2065710000 3.9333800000
11085.9003900000 -11.2218220000 3.9328060000
11086.9003900000 -11.2372060000 3.9322320000
11087.9003900000 -11.2526960000 3.9316590000
11088.7998100000 -11.2667390000 3.9311430000
11089.7998100000 -11.2824780000 3.9305690000
11090.7998100000 -11.2983300000 3.9299960000
11091.7998100000 -11.3143250000 3.9294220000
11092.7998100000 -11.3304510000 3.9288490000
11093.7998100000 -11.3466940000 3.9282760000
11094.7998100000 -11.3630880000 3.9277030000
11095.7998100000 -11.3796020000 3.9271300000
11096.7998100000 -11.3962740000 3.9265570000
11097.7998100000 -11.4130860000 3.9259840000
11098.7998100000 -11.4300270000 3.9254120000
11099.7998100000 -11.4471310000 3.9248400000
11100.7998100000 -11.4643690000 3.9242680000
11101.7998100000 -11.4817740000 3.9236960000
11102.7002000000 -11.4975710000 3.9231810000
11103.7002000000 -11.5152730000 3.9226090000
11104.7002000000 -11.5331190000 3.9220380000
11105.7002000000 -11.5511460000 3.9214660000
11106.7002000000 -11.5693210000 3.9208950000
11107.7002000000 -11.5876830000 3.9203230000
11108.7002000000 -11.6061990000 3.9197530000
11109.7002000000 -11.6249090000 3.9191810000
11110.7002000000 -11.6437980000 3.9186100000
11111.7002000000 -11.6628510000 3.9180400000
11112.7002000000 -11.6821100000 3.9174690000
11113.7002000000 -11.7015390000 3.9168990000
11114.7002000000 -11.7211800000 3.9163280000
11115.7002000000 -11.7410000000 3.9157580000
11116.7002000000 -11.7610410000 3.9151880000
11117.7002000000 -11.7812860000 3.9146180000
11118.7002000000 -11.8017230000 3.9140480000
11119.7002000000 -11.8223930000 3.9134790000
11120.7002000000 -11.8432630000 3.9129090000
11121.7002000000 -11.8643750000 3.9123400000
11122.7002000000 -11.8856950000 3.9117710000
11123.7002000000 -11.9072690000 3.9112010000
11124.7002000000 -11.9290820000 3.9106320000
11125.7002000000 -11.9511180000 3.9100640000
11126.7002000000 -11.9734230000 3.9094950000
11127.7002000000 -11.9959630000 3.9089260000
11128.7002000000 -12.0187850000 3.9083580000
11129.7002000000 -12.0418730000 3.9077890000
11130.7002000000 -12.0652130000 3.9072210000
11131.7002000000 -12.0888550000 3.9066530000
11132.7002000000 -12.1127610000 3.9060850000
11133.7002000000 -12.1369830000 3.9055170000
11134.7002000000 -12.1614820000 3.9049490000
11135.7002000000 -12.1863140000 3.9043820000
11136.7002000000 -12.2114620000 3.9038140000
11137.7002000000 -12.2369100000 3.9032470000
11138.7002000000 -12.2627150000 3.9026790000
11139.7002000000 -12.2888360000 3.9021130000
11140.7002000000 -12.3153340000 3.9015460000
11141.7002000000 -12.3421670000 3.9009790000
11142.7002000000 -12.3693950000 3.9004120000
11143.7002000000 -12.3970050000 3.8998450000
11144.7002000000 -12.4249780000 3.8992790000
11145.7002000000 -12.4533820000 3.8987130000
11146.7002000000 -12.4821710000 3.8981470000
11147.7002000000 -12.5114150000 3.8975810000
11148.7002000000 -12.5410700000 3.8970150000
11149.7002000000 -12.5712060000 3.8964490000
11150.7002000000 -12.6018100000 3.8958830000
11151.7002000000 -12.6328640000 3.8953180000
11152.7002000000 -12.6644440000 3.8947520000
11153.7002000000 -12.6965070000 3.8941870000
11154.7002000000 -12.7291300000 3.8936220000
11155.7002000000 -12.7622690000 3.8930570000
11156.7002000000 -12.7960040000 3.8924920000
11157.7002000000 -12.8303260000 3.8919270000
11158.7002000000 -12.8652210000 3.8913630000
11159.7002000000 -12.9007770000 3.8907980000
11160.7002000000 -12.9369490000 3.8902340000
11161.7002000000 -12.9738300000 3.8896700000
11162.7002000000 -13.0114120000 3.8891050000
11163.7002000000 -13.0496850000 3.8885420000
11164.7002000000 -13.0887500000 3.8879780000
11165.7002000000 -13.1285640000 3.8874140000
11166.7002000000 -13.1692330000 3.8868500000
11167.7002000000 -13.2107170000 3.8862870000
11168.7998100000 -13.2573830000 3.8856680000
11169.7998100000 -13.3008180000 3.8851040000
11170.7998100000 -13.3452260000 3.8845410000
11171.7998100000 -13.3906100000 3.8839780000
11172.7998100000 -13.4371010000 3.8834150000
11173.7998100000 -13.4846650000 3.8828530000
11174.7998100000 -13.5334440000 3.8822900000
11175.7998100000 -13.5834060000 3.8817280000
11176.7998100000 -13.6347090000 3.8811660000
11177.7998100000 -13.6873750000 3.8806030000
11178.7998100000 -13.7414250000 3.8800410000
11179.7998100000 -13.7970420000 3.8794790000
11180.7998100000 -13.8542080000 3.8789180000
11181.7998100000 -13.9131260000 3.8783560000
11182.9003900000 -13.9800280000 3.8777380000
11183.9003900000 -14.0428620000 3.8771760000
11184.9003900000 -14.1076850000 3.8766150000
11185.9003900000 -14.1747610000 3.8760540000
11186.9003900000 -14.2441120000 3.8754930000
11187.9003900000 -14.3160400000 3.8749320000
11188.9003900000 -14.3905940000 3.8743720000
11189.9003900000 -14.4681290000 3.8738110000
11190.9003900000 -14.5488080000 3.8732500000
11191.9003900000 -14.6328140000 3.8726900000
11193.0000000000 -14.7295260000 3.8720740000
11194.0000000000 -14.8217910000 3.8715140000
11195.0000000000 -14.9184420000 3.8709540000
11196.0000000000 -15.0201210000 3.8703940000
11197.0000000000 -15.1271600000 3.8698350000
11198.0000000000 -15.2403830000 3.8692750000
11199.0000000000 -15.3604220000 3.8687150000
11200.0000000000 -15.4880190000 3.8681560000
11201.0000000000 -15.6244650000 3.8675970000
11202.0996100000 -15.7860440000 3.8669820000
11203.0996100000 -15.9451810000 3.8664230000
11204.0996100000 -16.1182630000 3.8658640000
11205.0996100000 -16.3077550000 3.8653050000
11206.0996100000 -16.5168740000 3.8647470000
11207.0996100000 -16.7506540000 3.8641880000
11208.0996100000 -17.0150990000 3.8636300000
11209.0996100000 -17.3201370000 3.8630720000
11210.2002000000 -17.7199060000 3.8624580000
11211.2002000000 -18.1682000000 3.8619000000
11212.2002000000 -18.7468990000 3.8613420000
11213.2002000000 -19.5629500000 3.8607840000
11214.2002000000 -20.9571190000 3.8602270000
11215.2002000000 -14.3100390000 0.2052160000
11216.2002000000 -20.9818800000 0.2036800000
11217.2998100000 -19.4813630000 0.2019900000
11218.2998100000 -18.6927360000 0.2004540000
11219.2998100000 -18.1264250000 0.1989160000
11220.2998100000 -17.6845630000 0.1973820000
11221.2998100000 -17.3215690000 0.1958460000
11222.2998100000 -17.0139770000 0.1943120000
11223.2998100000 -16.7466260000 0.1927770000
11224.4003900000 -16.4881610000 0.1910880000
11225.4003900000 -16.2788680000 0.1895550000
11226.4003900000 -16.0889230000 0.1880210000
11227.4003900000 -15.9151850000 0.1864860000
11228.4003900000 -15.7552470000 0.1849550000
11229.4003900000 -15.6068120000 0.1834210000
11230.5000000000 -15.4552280000 0.1817370000
11231.5000000000 -15.3265830000 0.1802050000
11232.0127000000 -15.2635630000 0.1794200000
11232.5000000000 -15.2054550000 0.1786740000
11233.5000000000 -15.0912180000 0.1771430000
11234.5000000000 -14.9829320000 0.1756110000
11235.5996100000 -14.8701790000 0.1739290000
11236.5996100000 -14.7727350000 0.1723980000
11237.5996100000 -14.6798120000 0.1708690000
11238.5996100000 -14.5908470000 0.1693390000
11239.5996100000 -14.5056710000 0.1678100000
11240.5996100000 -14.4238230000 0.1662820000
11241.7002000000 -14.3374120000 0.1645990000
11242.7002000000 -14.2619090000 0.1630710000
11243.7002000000 -14.1891600000 0.1615440000
11244.7002000000 -14.1188440000 0.1600160000
11245.7002000000 -14.0509270000 0.1584900000
11246.7998100000 -13.9787190000 0.1568110000
11247.7998100000 -13.9151660000 0.1552840000
11248.7998100000 -13.8535270000 0.1537580000
11249.7998100000 -13.7937450000 0.1522330000
11250.7998100000 -13.7356040000 0.1507070000
11251.9003900000 -13.6734950000 0.1490290000
11252.9003900000 -13.6186770000 0.1475050000
11253.9003900000 -13.5652390000 0.1459800000
11254.9003900000 -13.5132080000 0.1444570000
11256.0000000000 -13.4574520000 0.1427820000
11257.0000000000 -13.4080100000 0.1412580000
11258.0000000000 -13.3597340000 0.1397350000
11259.0000000000 -13.3126140000 0.1382130000
11260.0000000000 -13.2665110000 0.1366900000
11261.0996100000 -13.2170070000 0.1350170000
11262.0996100000 -13.1730250000 0.1334960000
11263.0996100000 -13.1299280000 0.1319750000
11264.0996100000 -13.0877200000 0.1304530000
11265.2002000000 -13.0422700000 0.1287800000
11266.2002000000 -13.0018510000 0.1272610000
11267.2002000000 -12.9621780000 0.1257410000
11268.2002000000 -12.9232960000 0.1242230000
11269.2998100000 -12.8813550000 0.1225520000
11270.2998100000 -12.8439300000 0.1210330000
11271.2998100000 -12.8072120000 0.1195150000
11272.2998100000 -12.7711070000 0.1179970000
11273.4003900000 -12.7321110000 0.1163260000
11274.4003900000 -12.6972970000 0.1148090000
11275.4003900000 -12.6630970000 0.1132930000
11276.4003900000 -12.6294300000 0.1117750000
11277.5000000000 -12.5930530000 0.1101080000
11278.5000000000 -12.5605410000 0.1085930000
11279.5000000000 -12.5285080000 0.1070770000
11280.5000000000 -12.4969690000 0.1055610000
11281.5996100000 -12.4628570000 0.1038950000
11282.5996100000 -12.4323380000 0.1023820000
11283.5996100000 -12.4022400000 0.1008670000
11284.5996100000 -12.3726070000 0.0993540000
11285.7002000000 -12.3404670000 0.0976890000
11286.7002000000 -12.3116860000 0.0961750000
11287.7002000000 -12.2833030000 0.0946620000
11288.7998100000 -12.2525570000 0.0929990000
11289.7998100000 -12.2250070000 0.0914870000
11290.7998100000 -12.1977990000 0.0899750000
11291.7998100000 -12.1709750000 0.0884650000
11292.9003900000 -12.1418400000 0.0868020000
11293.9003900000 -12.1157130000 0.0852900000
11294.9003900000 -12.0899420000 0.0837800000
11295.9003900000 -12.0644690000 0.0822700000
11297.0000000000 -12.0368340000 0.0806100000
11298.0000000000 -12.0120130000 0.0791010000
11299.0000000000 -11.9875150000 0.0775920000
11300.0996100000 -11.9609000000 0.0759330000
11301.0996100000 -11.9369840000 0.0744250000
11302.0996100000 -11.9133690000 0.0729170000
11303.2002000000 -11.8876800000 0.0712590000
11304.2002000000 -11.8646060000 0.0697510000
11305.2002000000 -11.8417920000 0.0682430000
11306.2998100000 -11.8170090000 0.0665860000
11307.2998100000 -11.7947430000 0.0650810000
11308.2998100000 -11.7726960000 0.0635750000
11309.2998100000 -11.7509090000 0.0620700000
11310.4003900000 -11.7271860000 0.0604130000
11311.4003900000 -11.7058600000 0.0589080000
11312.4003900000 -11.6847560000 0.0574030000
11313.5000000000 -11.6618110000 0.0557490000
11314.5000000000 -11.6411790000 0.0542460000
11315.5000000000 -11.6207360000 0.0527420000
11316.5996100000 -11.5985030000 0.0510890000
11317.5996100000 -11.5785050000 0.0495870000
11318.5996100000 -11.5586830000 0.0480840000
11319.7002000000 -11.5371010000 0.0464320000
11320.7002000000 -11.5176800000 0.0449300000
11321.7002000000 -11.4984640000 0.0434280000
11322.7998100000 -11.4775300000 0.0417780000
11323.7998100000 -11.4586730000 0.0402770000
11324.7998100000 -11.4400080000 0.0387770000
11325.9003900000 -11.4196540000 0.0371270000
11326.9003900000 -11.4013290000 0.0356260000
11327.9003900000 -11.3831860000 0.0341280000
11329.0000000000 -11.3633960000 0.0324780000
11330.0000000000 -11.3455920000 0.0309800000
11331.0000000000 -11.3279270000 0.0294820000
11332.0996100000 -11.3086880000 0.0278350000
11333.0996100000 -11.2913600000 0.0263380000
11334.2002000000 -11.2724500000 0.0246900000
11335.2002000000 -11.2554160000 0.0231920000
11336.2002000000 -11.2385410000 0.0216970000
11337.2998100000 -11.2201380000 0.0200520000
11338.2998100000 -11.2035400000 0.0185560000
11339.2998100000 -11.1870790000 0.0170590000
11340.4003900000 -11.1691270000 0.0154130000
11341.4003900000 -11.1529610000 0.0139200000
11342.5000000000 -11.1353250000 0.0122770000
11343.5000000000 -11.1194150000 0.0107810000
11344.5000000000 -11.1036460000 0.0092890000
11345.5996100000 -11.0864400000 0.0076470000
11346.5996100000 -11.0709140000 0.0061530000
11347.5996100000 -11.0555090000 0.0046600000
11348.7002000000 -11.0386970000 0.0030170000
11349.7002000000 -11.0235520000 0.0015260000
11350.7998100000 -11.0070220000 9.9998860000
11351.7998100000 -10.9921020000 9.9983940000
11352.7998100000 -10.9773060000 9.9969030000
11353.9003900000 -10.9611420000 9.9952630000
11354.9003900000 -10.9465610000 9.9937720000
11356.0000000000 -10.9306570000 9.9921330000
11357.0000000000 -10.9162990000 9.9906440000
11358.0000000000 -10.9020580000 9.9891550000
11359.0996100000 -10.8865060000 9.9875170000
11360.0996100000 -10.8724630000 9.9860290000
11361.2002000000 -10.8571290000 9.9843900000
11362.2002000000 -10.8433070000 9.9829030000
11363.2002000000 -10.8295660000 9.9814150000
11364.2998100000 -10.8145740000 9.9797800000
11451.6259800000 -9.8896980000 9.8511650000
11675.5341800000 -8.6273360000 9.5324250000
11903.8203100000 -7.9843340000 9.2229650000
12136.5693400000 -7.6699590000 8.9225520000
12373.8701200000 -7.6435540000 8.6309550000
12615.8105500000 -8.0830250000 8.3479610000
12639.9003900000 -8.1786570000 8.3205590000
12641.0996100000 -8.1838620000 8.3191970000
12642.4003900000 -8.1895580000 8.3177210000
12643.7002000000 -8.1953040000 8.3162470000
12645.0000000000 -8.2011050000 8.3147740000
12646.2998100000 -8.2069580000 8.3133010000
12647.5996100000 -8.2128730000 8.3118290000
12648.9003900000 -8.2188480000 8.3103540000
12650.2002000000 -8.2248780000 8.3088830000
12651.5000000000 -8.2309680000 8.3074100000
12652.7998100000 -8.2371170000 8.3059390000
12654.0000000000 -8.2428510000 8.3045810000
12655.2998100000 -8.2491180000 8.3031090000
12656.5996100000 -8.2554480000 8.3016400000
12657.9003900000 -8.2618470000 8.3001680000
12659.2002000000 -8.2683050000 8.2986980000
12660.5000000000 -8.2748240000 8.2972310000
12661.7998100000 -8.2814140000 8.2957620000
12663.0996100000 -8.2880720000 8.2942930000
12664.4003900000 -8.2948040000 8.2928250000
12665.7002000000 -8.3016000000 8.2913570000
12667.0000000000 -8.3084670000 8.2898890000
12668.2998100000 -8.3154060000 8.2884230000
12669.5996100000 -8.3224170000 8.2869570000
12670.9003900000 -8.3295090000 8.2854890000
12672.2002000000 -8.3366710000 8.2840240000
12673.4003900000 -8.3433490000 8.2826710000
12674.7002000000 -8.3506600000 8.2812060000
12676.0000000000 -8.3580490000 8.2797420000
12677.2998100000 -8.3655200000 8.2782770000
12678.5996100000 -8.3730730000 8.2768140000
12679.9003900000 -8.3807140000 8.2753500000
12681.2002000000 -8.3884340000 8.2738870000
12682.5000000000 -8.3962420000 8.2724240000
12683.7998100000 -8.4041370000 8.2709620000
12685.0996100000 -8.4121220000 8.2695000000
12686.4003900000 -8.4202030000 8.2680370000
12687.7002000000 -8.4283710000 8.2665760000
12689.0000000000 -8.4366350000 8.2651160000
12690.2998100000 -8.4449940000 8.2636550000
12691.5996100000 -8.4534520000 8.2621960000
12692.9003900000 -8.4620160000 8.2607350000
12694.2002000000 -8.4706750000 8.2592750000
12695.5000000000 -8.4794390000 8.2578160000
12696.7998100000 -8.4883080000 8.2563580000
12698.0996100000 -8.4972790000 8.2549010000
12699.4003900000 -8.5063740000 8.2534430000
12700.7002000000 -8.5155740000 8.2519860000
12702.0000000000 -8.5248900000 8.2505280000
12703.2998100000 -8.5343230000 8.2490720000
12704.5996100000 -8.5438760000 8.2476160000
12705.9003900000 -8.5535570000 8.2461590000
12707.2002000000 -8.5633570000 8.2447030000
12708.5000000000 -8.5732850000 8.2432480000
12709.7998100000 -8.5833440000 8.2417940000
12711.0996100000 -8.5935350000 8.2403390000
12712.4003900000 -8.6038710000 8.2388850000
12713.7002000000 -8.6143400000 8.2374320000
12715.0000000000 -8.6249500000 8.2359780000
12716.2998100000 -8.6357080000 8.2345260000
12717.5996100000 -8.6466150000 8.2330730000
12719.0000000000 -8.6585340000 8.2315090000
12720.2998100000 -8.6697640000 8.2300580000
12721.5996100000 -8.6811550000 8.2286060000
12722.9003900000 -8.6927200000 8.2271550000
12724.2002000000 -8.7044470000 8.2257040000
12725.5000000000 -8.7163470000 8.2242550000
12726.7998100000 -8.7284250000 8.2228050000
12728.0996100000 -8.7406870000 8.2213550000
12729.4003900000 -8.7531460000 8.2199060000
12730.7002000000 -8.7657900000 8.2184570000
12732.0000000000 -8.7786320000 8.2170090000
12733.2998100000 -8.7916780000 8.2155610000
12734.5996100000 -8.8049350000 8.2141140000
12735.9003900000 -8.8184080000 8.2126670000
12737.2002000000 -8.8321030000 8.2112200000
12738.5996100000 -8.8471100000 8.2096620000
12739.9003900000 -8.8612990000 8.2082160000
12741.2002000000 -8.8757220000 8.2067700000
12742.5000000000 -8.8903960000 8.2053250000
12743.7998100000 -8.9053300000 8.2038800000
12745.0996100000 -8.9205310000 8.2024360000
12746.4003900000 -8.9360220000 8.2009910000
12747.7002000000 -8.9517750000 8.1995490000
12749.0000000000 -8.9678340000 8.1981060000
12750.2998100000 -8.9842000000 8.1966630000
12751.7002000000 -9.0021940000 8.1951070000
12753.0000000000 -9.0192310000 8.1936660000
12754.2998100000 -9.0366090000 8.1922250000
12755.5996100000 -9.0543400000 8.1907830000
12756.9003900000 -9.0724530000 8.1893410000
12758.2002000000 -9.0909340000 8.1879010000
12759.5000000000 -9.1097970000 8.1864610000
12760.7998100000 -9.1290870000 8.1850210000
12762.2002000000 -9.1503590000 8.1834700000
12763.5000000000 -9.1705630000 8.1820320000
12764.7998100000 -9.1912350000 8.1805930000
12766.0996100000 -9.2123960000 8.1791540000
12767.4003900000 -9.2340840000 8.1777150000
12768.7002000000 -9.2562920000 8.1762780000
12770.0000000000 -9.2790600000 8.1748410000
12771.4003900000 -9.3042410000 8.1732930000
12772.7002000000 -9.3282620000 8.1718570000
12774.0000000000 -9.3529350000 8.1704210000
12775.2998100000 -9.3782920000 8.1689850000
12776.5996100000 -9.4043700000 8.1675500000
12777.9003900000 -9.4312310000 8.1661140000
12779.2998100000 -9.4610210000 8.1645710000
12780.5996100000 -9.4895870000 8.1631360000
12781.9003900000 -9.5190820000 8.1617010000
12783.2002000000 -9.5495200000 8.1602680000
12784.5000000000 -9.5809850000 8.1588350000
12785.7998100000 -9.6135460000 8.1574030000
12787.2002000000 -9.6499270000 8.1558600000
12788.5000000000 -9.6850130000 8.1544280000
12789.7998100000 -9.7214540000 8.1529970000
12791.0996100000 -9.7593550000 8.1515660000
12792.4003900000 -9.7988620000 8.1501340000
12793.7998100000 -9.8432660000 8.1485950000
12795.0996100000 -9.8864590000 8.1471640000
12796.4003900000 -9.9317290000 8.1457340000
12797.7002000000 -9.9792050000 8.1443050000
12799.0000000000 -10.0291450000 8.1428760000
12800.4003900000 -10.0860300000 8.1413360000
12801.7002000000 -10.1419790000 8.1399090000
12803.0000000000 -10.2013520000 8.1384810000
12804.2998100000 -10.2645380000 8.1370540000
12805.7002000000 -10.3376130000 8.1355170000
12807.0000000000 -10.4106730000 8.1340900000
12808.2998100000 -10.4896160000 8.1326640000
12809.5996100000 -10.5754540000 8.1312380000
12810.9003900000 -10.6695560000 8.1298110000
12812.2998100000 -10.7818810000 8.1282780000
12813.5996100000 -10.8990470000 8.1268530000
12814.9003900000 -11.0319960000 8.1254280000
12816.2002000000 -11.1853310000 8.1240040000
12817.5996100000 -11.3818130000 8.1224720000
12818.9003900000 -11.6071930000 8.1210480000
12820.2002000000 -11.8979640000 8.1196250000
12821.5000000000 -12.3083560000 8.1182020000
12822.9003900000 -13.0930620000 8.1166700000
12824.2002000000 -15.6223830000 1.3148550000
12825.5000000000 -12.9436640000 1.3129240000
12826.9003900000 -12.2354860000 1.3108430000
12828.2002000000 -11.8455630000 1.3089110000
12829.5000000000 -11.5635400000 1.3069810000
12830.7998100000 -11.3423400000 1.3050520000
12832.2002000000 -11.1474610000 1.3029740000
12833.5000000000 -10.9944070000 1.3010440000
12834.7998100000 -10.8610410000 1.2991160000
12836.0996100000 -10.7428430000 1.2971890000
12837.5000000000 -10.6289400000 1.2951130000
12838.7998100000 -10.5332580000 1.2931850000
12840.0996100000 -10.4455910000 1.2912600000
12841.5000000000 -10.3586470000 1.2891840000
12842.7998100000 -10.2839400000 1.2872580000
12844.0996100000 -10.2141810000 1.2853340000
12845.5000000000 -10.1438720000 1.2832610000
12846.7998100000 -10.0825280000 1.2813370000
12848.0996100000 -10.0245440000 1.2794140000
12849.5000000000 -9.9654450000 1.2773430000
12850.7998100000 -9.9133670000 1.2754210000
12852.0996100000 -9.8637180000 1.2734990000
12853.4003900000 -9.8162450000 1.2715760000
12854.7998100000 -9.7674060000 1.2695070000
12856.0996100000 -9.7239730000 1.2675880000
12857.4003900000 -9.6822340000 1.2656670000
12858.7998100000 -9.6390240000 1.2636000000
12860.0996100000 -9.6004050000 1.2616820000
12861.4003900000 -9.5630970000 1.2597620000
12862.4814500000 -9.5330620000 1.2581670000
12862.7998100000 -9.5243650000 1.2576980000
12864.0996100000 -9.4895850000 1.2557800000
12865.5000000000 -9.4533130000 1.2537150000
12866.7998100000 -9.4207380000 1.2518000000
12868.0996100000 -9.3890920000 1.2498850000
12869.5000000000 -9.3559900000 1.2478200000
12870.7998100000 -9.3261550000 1.2459050000
12872.0996100000 -9.2971180000 1.2439910000
12873.5000000000 -9.2666890000 1.2419300000
12874.7998100000 -9.2391800000 1.2400170000
12876.0996100000 -9.2123490000 1.2381040000
12877.5000000000 -9.1841720000 1.2360450000
12878.7998100000 -9.1586470000 1.2341330000
12880.2002000000 -9.1317890000 1.2320730000
12881.5000000000 -9.1074480000 1.2301630000
12882.7998100000 -9.0836360000 1.2282520000
12884.2002000000 -9.0585580000 1.2261950000
12885.5000000000 -9.0357780000 1.2242860000
12886.7998100000 -9.0134630000 1.2223780000
12888.2002000000 -8.9899260000 1.2203230000
12889.5000000000 -8.9685170000 1.2184140000
12890.9003900000 -8.9459020000 1.2163590000
12892.2002000000 -8.9253280000 1.2144530000
12893.5000000000 -8.9051330000 1.2125460000
12894.9003900000 -8.8837910000 1.2104940000
12896.2002000000 -8.8643400000 1.2085890000
12897.5996100000 -8.8437830000 1.2065390000
12898.9003900000 -8.8250090000 1.2046340000
12900.2998100000 -8.8051560000 1.2025830000
12901.5996100000 -8.7870390000 1.2006800000
12902.9003900000 -8.7692030000 1.1987760000
12904.2998100000 -8.7503390000 1.1967290000
12905.5996100000 -8.7330970000 1.1948270000
12907.0000000000 -8.7148250000 1.1927800000
12908.2998100000 -8.6981280000 1.1908790000
12909.7002000000 -8.6804120000 1.1888310000
12911.0000000000 -8.6642270000 1.1869320000
12912.2998100000 -8.6482770000 1.1850320000
12913.7002000000 -8.6313540000 1.1829870000
12915.0000000000 -8.6158710000 1.1810890000
12916.4003900000 -8.5994380000 1.1790460000
12917.7002000000 -8.5843960000 1.1771480000
12919.0996100000 -8.5684250000 1.1751050000
12920.4003900000 -8.5537900000 1.1732080000
12921.7998100000 -8.5382660000 1.1711670000
12923.0996100000 -8.5240370000 1.1692720000
12924.5000000000 -8.5089060000 1.1672310000
12925.7998100000 -8.4950630000 1.1653390000
12927.2002000000 -8.4803260000 1.1632980000
12928.5000000000 -8.4668270000 1.1614050000
12929.9003900000 -8.4524750000 1.1593660000
12931.2002000000 -8.4393150000 1.1574740000
12932.5000000000 -8.4263130000 1.1555820000
12933.9003900000 -8.4124720000 1.1535430000
12935.2002000000 -8.3997940000 1.1516540000
12936.5996100000 -8.3862930000 1.1496190000
12937.9003900000 -8.3738990000 1.1477280000
12939.2998100000 -8.3607240000 1.1456950000
12940.5996100000 -8.3486260000 1.1438060000
12942.0000000000 -8.3357360000 1.1417710000
12943.2998100000 -8.3239140000 1.1398840000
12944.7002000000 -8.3113230000 1.1378510000
12946.0996100000 -8.2988860000 1.1358200000
12947.4003900000 -8.2874520000 1.1339330000
12948.7998100000 -8.2752790000 1.1319030000
12950.0996100000 -8.2641000000 1.1300170000
12951.5000000000 -8.2521900000 1.1279880000
12952.7998100000 -8.2412490000 1.1261030000
12954.2002000000 -8.2295910000 1.1240750000
12955.5000000000 -8.2188840000 1.1221910000
12956.9003900000 -8.2074730000 1.1201630000
12958.2002000000 -8.1970470000 1.1182800000
12959.5996100000 -8.1859130000 1.1162560000
12960.9003900000 -8.1757180000 1.1143730000
12962.2998100000 -8.1647810000 1.1123500000
12963.5996100000 -8.1547090000 1.1104690000
12965.0000000000 -8.1439570000 1.1084430000
12966.4003900000 -8.1333200000 1.1064200000
12967.7002000000 -8.1235390000 1.1045410000
12969.0996100000 -8.1131060000 1.1025180000
12970.4003900000 -8.1035030000 1.1006390000
12971.7998100000 -8.0932740000 1.0986190000
12973.0996100000 -8.0838590000 1.0967430000
12974.5000000000 -8.0738130000 1.0947220000
12975.9003900000 -8.0638580000 1.0927010000
12977.2002000000 -8.0547060000 1.0908250000
12978.5996100000 -8.0449460000 1.0888080000
12979.9003900000 -8.0359530000 1.0869320000
12981.2998100000 -8.0263680000 1.0849160000
12982.7002000000 -8.0168600000 1.0828970000
12984.0000000000 -8.0081170000 1.0810250000
12985.4003900000 -7.9987840000 1.0790080000
12986.7002000000 -7.9901950000 1.0771370000
12988.0996100000 -7.9810250000 1.0751220000
12989.5000000000 -7.9719380000 1.0731070000
12990.7998100000 -7.9635730000 1.0712370000
12992.2002000000 -7.9546420000 1.0692230000
12993.5000000000 -7.9464220000 1.0673540000
12994.9003900000 -7.9376360000 1.0653400000
12996.2998100000 -7.9289410000 1.0633300000
12997.5996100000 -7.9209290000 1.0614620000
12999.0000000000 -7.9123740000 1.0594510000
13000.4003900000 -7.9038850000 1.0574400000
13001.7002000000 -7.8960760000 1.0555730000
13003.0996100000 -7.8877390000 1.0535650000
13004.4003900000 -7.8800520000 1.0516990000
13005.7998100000 -7.8718460000 1.0496910000
13007.2002000000 -7.8637100000 1.0476830000
13008.5000000000 -7.8562170000 1.0458190000
13009.9003900000 -7.8482120000 1.0438130000
13113.9746100000 -7.4007960000 0.8961640000
13219.4003900000 -7.1692070000 0.7496050000
13220.7998100000 -7.1675360000 0.7476810000
13222.2002000000 -7.1659020000 0.7457530000
13223.5996100000 -7.1643120000 0.7438300000
13225.0000000000 -7.1627610000 0.7419040000
13226.4003900000 -7.1612520000 0.7399800000
13227.7998100000 -7.1597860000 0.7380570000
13229.2002000000 -7.1583600000 0.7361330000
13230.5996100000 -7.1569790000 0.7342120000
13232.0996100000 -7.1555440000 0.7321520000
13233.5000000000 -7.1542500000 0.7302300000
13234.9003900000 -7.1529990000 0.7283090000
13236.2998100000 -7.1517930000 0.7263890000
13237.7002000000 -7.1506300000 0.7244680000
13239.0996100000 -7.1495130000 0.7225490000
13240.5000000000 -7.1484390000 0.7206300000
13241.9003900000 -7.1474120000 0.7187110000
13243.4003900000 -7.1463610000 0.7166570000
13244.7998100000 -7.1454300000 0.7147400000
13246.2002000000 -7.1445440000 0.7128220000
13247.5996100000 -7.1437060000 0.7109070000
13249.0000000000 -7.1429160000 0.7089910000
13250.4003900000 -7.1421730000 0.7070750000
13251.9003900000 -7.1414320000 0.7050230000
13253.2998100000 -7.1407910000 0.7031100000
13254.7002000000 -7.1402000000 0.7011950000
13256.0996100000 -7.1396600000 0.6992840000
13257.5000000000 -7.1391710000 0.6973710000
13258.9003900000 -7.1387320000 0.6954570000
13260.4003900000 -7.1383210000 0.6934090000
13261.7998100000 -7.1379920000 0.6914990000
13263.2002000000 -7.1377170000 0.6895890000
13264.5996100000 -7.1374960000 0.6876780000
13266.0000000000 -7.1373290000 0.6857690000
13267.5000000000 -7.1372130000 0.6837230000
13268.9003900000 -7.1371630000 0.6818150000
13270.2998100000 -7.1371690000 0.6799070000
13271.7002000000 -7.1372350000 0.6779990000
13273.0996100000 -7.1373590000 0.6760920000
13274.5996100000 -7.1375580000 0.6740490000
13276.0000000000 -7.1378060000 0.6721440000
13277.4003900000 -7.1381160000 0.6702380000
13278.7998100000 -7.1384890000 0.6683340000
13280.2002000000 -7.1389250000 0.6664300000
13281.7002000000 -7.1394630000 0.6643900000
13283.0996100000 -7.1400340000 0.6624870000
13284.5000000000 -7.1406710000 0.6605830000
13285.9003900000 -7.1413760000 0.6586810000
13287.4003900000 -7.1422080000 0.6566430000
13288.7998100000 -7.1430570000 0.6547420000
13290.2002000000 -7.1439770000 0.6528420000
13291.5996100000 -7.1449690000 0.6509430000
13293.0996100000 -7.1461150000 0.6489070000
13294.5000000000 -7.1472640000 0.6470060000
13295.9003900000 -7.1484880000 0.6451080000
13297.2998100000 -7.1497900000 0.6432110000
13298.7998100000 -7.1512740000 0.6411780000
13300.2002000000 -7.1527450000 0.6392790000
13301.5996100000 -7.1542960000 0.6373840000
13303.0000000000 -7.1559350000 0.6354870000
13304.5000000000 -7.1577850000 0.6334570000
13305.9003900000 -7.1596050000 0.6315600000
13307.2998100000 -7.1615130000 0.6296670000
13308.7998100000 -7.1636620000 0.6276380000
13310.2002000000 -7.1657650000 0.6257450000
13311.5996100000 -7.1679650000 0.6238520000
13313.0000000000 -7.1702640000 0.6219600000
13314.5000000000 -7.1728400000 0.6199320000
13315.9003900000 -7.1753530000 0.6180390000
13317.2998100000 -7.1779690000 0.6161500000
13318.7998100000 -7.1808960000 0.6141240000
13320.2002000000 -7.1837430000 0.6122340000
13321.5996100000 -7.1867050000 0.6103450000
13323.0996100000 -7.1900080000 0.6083230000
13324.5000000000 -7.1932210000 0.6064330000
13325.9003900000 -7.1965560000 0.6045460000
13327.4003900000 -7.2002710000 0.6025230000
13328.7998100000 -7.2038760000 0.6006360000
13330.2002000000 -7.2076160000 0.5987500000
13331.5996100000 -7.2114930000 0.5968660000
13333.0996100000 -7.2158110000 0.5948460000
13334.5000000000 -7.2199970000 0.5929600000
13336.0000000000 -7.2246500000 0.5909410000
13337.4003900000 -7.2291570000 0.5890570000
13338.7998100000 -7.2338250000 0.5871750000
13340.2998100000 -7.2390170000 0.5851580000
13341.7002000000 -7.2440490000 0.5832750000
13343.0996100000 -7.2492550000 0.5813950000
13344.5996100000 -7.2550450000 0.5793790000
13346.0000000000 -7.2606520000 0.5774980000
13347.4003900000 -7.2664650000 0.5756180000
13348.9003900000 -7.2729230000 0.5736040000
13350.2998100000 -7.2791720000 0.5717260000
13351.7002000000 -7.2856530000 0.5698470000
13353.2002000000 -7.2928610000 0.5678350000
13354.5996100000 -7.2998440000 0.5659580000
13356.0996100000 -7.3076120000 0.5639470000
13357.5000000000 -7.3151420000 0.5620700000
13358.9003900000 -7.3229540000 0.5601940000
13360.4003900000 -7.3316530000 0.5581850000
13361.7998100000 -7.3400920000 0.5563100000
13363.2998100000 -7.3494900000 0.5543030000
13364.7002000000 -7.3586270000 0.5524270000
13366.0996100000 -7.3681120000 0.5505550000
13367.5996100000 -7.3787040000 0.5485490000
13369.0000000000 -7.3890110000 0.5466760000
13370.3857400000 -7.3996230000 0.5448230000
13370.5000000000 -7.4005120000 0.5446710000
13371.9003900000 -7.4117260000 0.5427980000
13373.4003900000 -7.4242640000 0.5407940000
13374.7998100000 -7.4364830000 0.5389250000
13376.2002000000 -7.4492530000 0.5370550000
13377.7002000000 -7.4635790000 0.5350520000
13379.0996100000 -7.4775900000 0.5331840000
13380.5996100000 -7.4933410000 0.5311820000
13382.0000000000 -7.5087850000 0.5293140000
13383.5000000000 -7.5261920000 0.5273130000
13384.9003900000 -7.5433070000 0.5254470000
13386.2998100000 -7.5613330000 0.5235810000
13387.7998100000 -7.5817520000 0.5215820000
13389.2002000000 -7.6019350000 0.5197170000
13390.7002000000 -7.6248940000 0.5177190000
13392.0996100000 -7.6476760000 0.5158560000
13393.5996100000 -7.6737440000 0.5138590000
13395.0000000000 -7.6998000000 0.5119950000
13396.5000000000 -7.7297490000 0.5100000000
13397.9003900000 -7.7599260000 0.5081380000
13399.4003900000 -7.7949320000 0.5061430000
13400.7998100000 -7.8304790000 0.5042830000
13402.2998100000 -7.8722420000 0.5022900000
13403.7002000000 -7.9152510000 0.5004290000
13405.2002000000 -7.9665640000 0.4984370000
13406.5996100000 -8.0204400000 0.4965780000
13408.0996100000 -8.0862390000 0.4945880000
13409.5000000000 -8.1575470000 0.4927290000
13411.0000000000 -8.2481970000 0.4907390000
13412.4003900000 -8.3517890000 0.4888820000
13413.9003900000 -8.4945130000 0.4868930000
13415.2998100000 -8.6794090000 0.4850380000
13416.7998100000 -9.0046040000 0.4830500000
13418.2002000000 -9.9055280000 0.4811940000
13419.7002000000 -9.1809780000 2.1188200000
13421.0996100000 -8.7737610000 2.1168920000
13422.5996100000 -8.5317130000 2.1148230000
13424.0000000000 -8.3744020000 2.1128940000
13425.5000000000 -8.2442670000 2.1108270000
13426.9003900000 -8.1450870000 2.1088970000
13428.4003900000 -8.0551590000 2.1068330000
13429.7998100000 -7.9821890000 2.1049050000
13431.2998100000 -7.9129230000 2.1028400000
13432.7998100000 -7.8509240000 2.1007780000
13434.2002000000 -7.7982330000 2.0988500000
13435.7002000000 -7.7464280000 2.0967870000
13437.0996100000 -7.7017290000 2.0948640000
13438.5996100000 -7.6570880000 2.0928010000
13440.0000000000 -7.6180730000 2.0908780000
13441.5000000000 -7.5787320000 2.0888160000
13443.0000000000 -7.5416240000 2.0867560000
13444.4003900000 -7.5087510000 2.0848310000
13445.9003900000 -7.4752730000 2.0827730000
13447.2998100000 -7.4454320000 2.0808520000
13448.7998100000 -7.4148300000 2.0787930000
13450.2002000000 -7.3874340000 2.0768720000
13451.7002000000 -7.3592070000 2.0748150000
13453.2002000000 -7.3320290000 2.0727580000
13454.5996100000 -7.3073940000 2.0708400000
13456.0996100000 -7.2826970000 2.0687840000
13457.5000000000 -7.2596520000 2.0668640000
13459.0000000000 -7.2358920000 2.0648100000
13460.5000000000 -7.2128650000 2.0627560000
13461.9003900000 -7.1919770000 2.0608380000
13463.4003900000 -7.1702240000 2.0587840000
13464.9003900000 -7.1490780000 2.0567320000
13466.2998100000 -7.1298320000 2.0548170000
13467.7998100000 -7.1097140000 2.0527650000
13469.2002000000 -7.0913830000 2.0508510000
13470.7002000000 -7.0721900000 2.0488000000
13472.2002000000 -7.0534370000 2.0467490000
13473.5996100000 -7.0363230000 2.0448380000
13475.0996100000 -7.0183530000 2.0427890000
13476.5996100000 -7.0007570000 2.0407400000
13478.0000000000 -6.9846570000 2.0388280000
13479.5000000000 -6.9677340000 2.0367800000
13481.0000000000 -6.9511340000 2.0347330000
13482.4003900000 -6.9359200000 2.0328230000
13483.9003900000 -6.9199040000 2.0307770000
13485.4003900000 -6.9041690000 2.0287310000
13486.7998100000 -6.8897290000 2.0268220000
13488.2998100000 -6.8745160000 2.0247790000
13489.7998100000 -6.8595410000 2.0227350000
13491.2002000000 -6.8457720000 2.0208260000
13492.7002000000 -6.8312500000 2.0187840000
13494.2002000000 -6.8169570000 2.0167420000
13495.5996100000 -6.8038020000 2.0148360000
13497.0996100000 -6.7899040000 2.0127940000
13498.5996100000 -6.7762020000 2.0107540000
13500.0000000000 -6.7635870000 2.0088490000
13501.5000000000 -6.7502470000 2.0068090000
13503.0000000000 -6.7370850000 2.0047690000
13504.4003900000 -6.7249570000 2.0028670000
13505.9003900000 -6.7121210000 2.0008280000
13507.4003900000 -6.6994460000 1.9987900000
13508.9003900000 -6.6869270000 1.9967530000
13510.2998100000 -6.6753860000 1.9948530000
13511.7998100000 -6.6631540000 1.9928160000
13513.2998100000 -6.6510630000 1.9907810000
13514.7998100000 -6.6391100000 1.9887450000
13516.2002000000 -6.6280750000 1.9868460000
13517.7002000000 -6.6163750000 1.9848120000
13519.2002000000 -6.6048030000 1.9827780000
13520.5996100000 -6.5941200000 1.9808820000
13522.0996100000 -6.5827810000 1.9788480000
13523.5996100000 -6.5715580000 1.9768160000
13525.0996100000 -6.5604470000 1.9747840000
13526.5000000000 -6.5501780000 1.9728880000
13528.0000000000 -6.5392770000 1.9708580000
13529.5000000000 -6.5284810000 1.9688270000
13531.0000000000 -6.5177870000 1.9667980000
13532.5000000000 -6.5071920000 1.9647680000
13533.9003900000 -6.4973920000 1.9628750000
13535.4003900000 -6.4869820000 1.9608470000
13536.9003900000 -6.4766640000 1.9588190000
13538.4003900000 -6.4664370000 1.9567920000
13539.7998100000 -6.4569780000 1.9549020000
13541.2998100000 -6.4469180000 1.9528750000
13542.7998100000 -6.4369440000 1.9508500000
13544.2998100000 -6.4270510000 1.9488250000
13545.7998100000 -6.4172380000 1.9468000000
13547.2002000000 -6.4081520000 1.9449110000
13548.7002000000 -6.3984900000 1.9428870000
13550.2002000000 -6.3889040000 1.9408640000
13551.7002000000 -6.3793910000 1.9388410000
13553.2002000000 -6.3699570000 1.9368210000
13554.5996100000 -6.3612110000 1.9349340000
13556.0996100000 -6.3519060000 1.9329130000
13557.5996100000 -6.3426690000 1.9308920000
13559.0996100000 -6.3335060000 1.9288730000
13560.5996100000 -6.3244010000 1.9268540000
13562.0996100000 -6.3153610000 1.9248350000
13563.5000000000 -6.3069740000 1.9229500000
13565.0000000000 -6.2980600000 1.9209330000
13566.5000000000 -6.2892010000 1.9189160000
13568.0000000000 -6.2804010000 1.9168990000
13569.5000000000 -6.2716600000 1.9148820000
13571.0000000000 -6.2629760000 1.9128660000
13572.5000000000 -6.2543480000 1.9108510000
13573.9003900000 -6.2463460000 1.9089700000
13575.4003900000 -6.2378250000 1.9069560000
13576.9003900000 -6.2293570000 1.9049420000
13578.4003900000 -6.2209410000 1.9029280000
13579.9003900000 -6.2125770000 1.9009150000
13581.4003900000 -6.2042690000 1.8989040000
13582.9003900000 -6.1960060000 1.8968930000
13584.2998100000 -6.1883390000 1.8950150000
13585.7998100000 -6.1801700000 1.8930040000
13587.2998100000 -6.1720530000 1.8909950000
13588.7998100000 -6.1639790000 1.8889860000
13590.2998100000 -6.1559500000 1.8869760000
13591.7998100000 -6.1479660000 1.8849670000
13593.2998100000 -6.1400280000 1.8829580000
13594.7998100000 -6.1321330000 1.8809510000
13596.2998100000 -6.1242820000 1.8789430000
13597.7998100000 -6.1164730000 1.8769370000
13599.2002000000 -6.1092230000 1.8750650000
13600.7002000000 -6.1014950000 1.8730580000
13602.2002000000 -6.0938080000 1.8710540000
13603.7002000000 -6.0861610000 1.8690480000
13605.2002000000 -6.0785580000 1.8670450000
13606.7002000000 -6.0709900000 1.8650420000
13608.2002000000 -6.0634590000 1.8630380000
13609.7002000000 -6.0559670000 1.8610350000
13611.2002000000 -6.0485130000 1.8590340000
13612.7002000000 -6.0410950000 1.8570320000
13614.2002000000 -6.0337140000 1.8550310000
13615.7002000000 -6.0263730000 1.8530310000
13617.2002000000 -6.0190630000 1.8510310000
13618.7002000000 -6.0117880000 1.8490310000
13620.2002000000 -6.0045480000 1.8470330000
13621.7002000000 -5.9973420000 1.8450340000
13623.2002000000 -5.9901690000 1.8430360000
13624.7002000000 -5.9830300000 1.8410380000
13631.8105500000 -5.9496320000 1.8315770000
13898.3466800000 -5.0091660000 1.4850120000
14170.0937500000 -4.3506930000 1.1471900000
14447.1543000000 -3.8297020000 0.8178460000
14729.6328100000 -3.4000590000 0.4970850000
15017.6337900000 -3.0312880000 0.1847120000
15311.2666000000 -2.7117280000 9.8802520000
15610.6396500000 -2.4318240000 9.5835080000
15915.8671900000 -2.1848320000 9.2942890000
16227.0615200000 -1.9657600000 9.0124070000
16544.3418000000 -1.7707710000 8.7376910000
16867.8242200000 -1.5911220000 8.4692960000
17197.6328100000 -1.4355450000 8.2071980000
17533.8906300000 -1.3219370000 7.9529730000
17876.7207000000 -1.2000390000 7.7092030000
18226.2558600000 -1.0910910000 7.4723630000
18582.6250000000 -0.9938060000 7.2422750000
18945.9628900000 -0.9070680000 7.0187630000
19316.4023400000 -0.8299000000 6.8016570000
19694.0878900000 -0.7614400000 6.5907880000
20079.1562500000 -0.7009270000 6.3859950000
20471.7539100000 -0.6476810000 6.1871170000
20872.0273400000 -0.6010920000 5.9939980000
21280.1289100000 -0.5606140000 5.8064840000
21696.2070300000 -0.5257530000 5.6244290000
22120.4238300000 -0.4960610000 5.4476860000
22552.9335900000 -0.4706560000 5.2760990000
22993.8984400000 -0.4507120000 5.1095090000
23443.4882800000 -0.4342230000 4.9478200000
23901.8671900000 -0.4214850000 4.7908970000
24369.2070300000 -0.4122160000 4.6386100000
24845.6875000000 -0.4061580000 4.4908320000
25331.4824200000 -0.4030750000 4.3474430000
25826.7753900000 -0.4047460000 4.2083980000
26331.7539100000 -0.4070270000 4.0736420000
26846.6054700000 -0.4117210000 3.9430810000
27371.5234400000 -0.4185000000 3.8168700000
27906.7070300000 -0.4272190000 3.6945220000
28452.3515600000 -0.4377280000 3.5759260000
29008.6660200000 -0.4498580000 3.4609700000
29575.8593800000 -0.4635380000 3.3495470000
30154.1406300000 -0.4786290000 3.2415560000
30743.7304700000 -0.4950220000 3.1368940000
31344.8476600000 -0.5126200000 3.0354640000
31957.7168000000 -0.5313340000 2.9371700000
32582.5703100000 -0.5510830000 2.8419190000
33219.6406300000 -0.5717920000 2.7496220000
33869.1679700000 -0.5933940000 2.6601910000
34531.3945300000 -0.6158280000 2.5735400000
35206.5703100000 -0.6390420000 2.4895890000
35894.9492200000 -0.6629860000 2.4082540000
36596.7851600000 -0.6876190000 2.3294600000
37312.3437500000 -0.7129060000 2.2531310000
38041.8906300000 -0.7388140000 2.1791920000
38785.7070300000 -0.7653210000 2.1075700000
39544.0625000000 -0.7924070000 2.0381990000
40317.2500000000 -0.8200590000 1.9710090000
41105.5546900000 -0.8482700000 1.9059350000
41909.2695300000 -0.8770370000 1.8429140000
42728.6992200000 -0.9063670000 1.7818830000
43564.1523400000 -0.9361650000 1.7227810000
44415.9414100000 -0.9666570000 1.6655520000
45284.3867200000 -0.9978490000 1.6101390000
46169.8085900000 -1.0296140000 1.5564860000
47072.5429700000 -1.0620790000 1.5045410000
47992.9296900000 -1.0953010000 1.4542490000
48931.3125000000 -1.1298750000 1.4055730000
49888.0429700000 -1.1648230000 1.3584720000
50863.4765600000 -1.2007720000 1.3128770000
51857.9843800000 -1.2378400000 1.2687430000
52871.9375000000 -1.2761700000 1.2260250000
53905.7187500000 -1.3159320000 1.1846790000
54959.7109400000 -1.3584070000 1.1446770000
56034.3085900000 -1.4034650000 1.1060210000
57129.9218800000 -1.4489050000 1.0686700000
58246.9531300000 -1.4989790000 1.0325380000
59385.8281300000 -1.5499990000 0.9976860000
60546.9687500000 -1.6046160000 0.9639660000
61730.8125000000 -1.6635850000 0.9313440000
62937.8046900000 -1.7291340000 0.8998070000
64168.3984400000 -1.8000880000 0.8693040000
65423.0507800000 -1.8795240000 0.8397980000
66702.2343800000 -1.9700470000 0.8112550000
68006.4296900000 -2.0748170000 0.7836410000
69336.1250000000 -2.2015180000 0.7569190000
70087.2031300000 -2.2848350000 0.7424310000
70126.8984400000 -2.2895310000 0.7416770000
70166.6015600000 -2.2942610000 0.7409240000
70206.2968800000 -2.2990230000 0.7401720000
70246.1015600000 -2.3038320000 0.7394200000
70285.8984400000 -2.3086720000 0.7386690000
70325.7968800000 -2.3135610000 0.7379160000
70365.7031300000 -2.3184850000 0.7371660000
70405.6015600000 -2.3234440000 0.7364160000
70445.7031300000 -2.3284640000 0.7356640000
70485.7031300000 -2.3335090000 0.7349140000
70525.7968800000 -2.3386030000 0.7341640000
70565.8984400000 -2.3437350000 0.7334160000
70606.1015600000 -2.3489210000 0.7326660000
70646.2968800000 -2.3541430000 0.7319180000
70686.6015600000 -2.3594210000 0.7311690000
70691.8203100000 -2.3601080000 0.7310720000
70727.0000000000 -2.3647530000 0.7304190000
70767.2968800000 -2.3701120000 0.7296720000
70807.7031300000 -2.3755280000 0.7289250000
70848.2031300000 -2.3810010000 0.7281760000
70888.7031300000 -2.3865170000 0.7274290000
70929.2968800000 -2.3920920000 0.7266820000
70969.8984400000 -2.3977120000 0.7259350000
71010.5000000000 -2.4033790000 0.7251900000
71051.2031300000 -2.4091080000 0.7244440000
71091.8984400000 -2.4148840000 0.7236990000
71132.7031300000 -2.4207260000 0.7229540000
71173.6015600000 -2.4266300000 0.7222080000
71214.3984400000 -2.4325720000 0.7214640000
71255.3984400000 -2.4385950000 0.7207190000
71296.2968800000 -2.4446560000 0.7199760000
71337.3984400000 -2.4508010000 0.7192310000
71378.3984400000 -2.4569880000 0.7184890000
71419.6015600000 -2.4632620000 0.7177440000
71460.7031300000 -2.4695780000 0.7170030000
71501.8984400000 -2.4759670000 0.7162600000
71543.2031300000 -2.4824340000 0.7155170000
71584.5000000000 -2.4889610000 0.7147760000
71625.7968800000 -2.4955500000 0.7140350000
71667.2968800000 -2.5022370000 0.7132920000
71708.7031300000 -2.5089740000 0.7125520000
71750.2031300000 -2.5157940000 0.7118110000
71791.7031300000 -2.5226810000 0.7110720000
71833.2968800000 -2.5296540000 0.7103320000
71875.0000000000 -2.5367170000 0.7095910000
71916.7031300000 -2.5438540000 0.7088520000
71958.3984400000 -2.5510640000 0.7081130000
72000.2031300000 -2.5583710000 0.7073740000
72042.0000000000 -2.5657530000 0.7066370000
72074.0234400000 -2.5714640000 0.7060720000
72083.8984400000 -2.5732350000 0.7058980000
72125.8984400000 -2.5808170000 0.7051590000
72167.7968800000 -2.5884640000 0.7044230000
72209.8984400000 -2.5962370000 0.7036850000
72251.8984400000 -2.6040780000 0.7029490000
72294.1015600000 -2.6120470000 0.7022120000
72336.2968800000 -2.6201090000 0.7014750000
72378.5000000000 -2.6282680000 0.7007400000
72420.7968800000 -2.6365430000 0.7000040000
72463.1015600000 -2.6449200000 0.6992690000
72505.5000000000 -2.6534180000 0.6985330000
72547.8984400000 -2.6620220000 0.6977990000
72590.3984400000 -2.6707560000 0.6970640000
72632.8984400000 -2.6796010000 0.6963310000
72675.5000000000 -2.6885820000 0.6955960000
72718.1015600000 -2.6976820000 0.6948630000
72760.7968800000 -2.7069230000 0.6941300000
72803.5000000000 -2.7162900000 0.6933970000
72846.2968800000 -2.7258080000 0.6926640000
72889.1015600000 -2.7354580000 0.6919330000
72932.0000000000 -2.7452660000 0.6912000000
72974.8984400000 -2.7552160000 0.6904690000
73017.8984400000 -2.7653330000 0.6897370000
73060.8984400000 -2.7755990000 0.6890070000
73104.0000000000 -2.7860430000 0.6882760000
73147.1015600000 -2.7966480000 0.6875460000
73190.2968800000 -2.8074390000 0.6868160000
73233.5000000000 -2.8184000000 0.6860870000
73276.7968800000 -2.8295610000 0.6853570000
73320.1015600000 -2.8409050000 0.6846280000
73363.5000000000 -2.8524630000 0.6838990000
73407.0000000000 -2.8642390000 0.6831700000
73450.3984400000 -2.8761910000 0.6824430000
73483.2500000000 -2.8853750000 0.6818940000
73494.0000000000 -2.8884070000 0.6817140000
73537.6015600000 -2.9008380000 0.6809870000
73581.2031300000 -2.9134900000 0.6802600000
73624.8984400000 -2.9264060000 0.6795330000
73668.7031300000 -2.9395940000 0.6788060000
73712.5000000000 -2.9530320000 0.6780790000
73756.2968800000 -2.9667280000 0.6773540000
73800.2031300000 -2.9807320000 0.6766290000
73844.2031300000 -2.9950480000 0.6759030000
73888.2031300000 -3.0096620000 0.6751780000
73932.2031300000 -3.0245810000 0.6744540000
73976.2968800000 -3.0398510000 0.6737300000
74020.5000000000 -3.0554970000 0.6730050000
74064.7031300000 -3.0714950000 0.6722820000
74109.0000000000 -3.0878930000 0.6715580000
74153.2968800000 -3.1046770000 0.6708350000
74197.7031300000 -3.1219060000 0.6701120000
74242.1015600000 -3.1395590000 0.6693900000
74286.6015600000 -3.1576950000 0.6686680000
74331.1015600000 -3.1763040000 0.6679460000
74375.7031300000 -3.1954500000 0.6672250000
74420.3984400000 -3.2151590000 0.6665030000
74465.1015600000 -3.2354280000 0.6657810000
74509.7968800000 -3.2562740000 0.6650620000
74554.6015600000 -3.2777920000 0.6643410000
74599.5000000000 -3.3000150000 0.6636210000
74644.3984400000 -3.3229380000 0.6629010000
74689.3984400000 -3.3466580000 0.6621810000
74734.3984400000 -3.3711750000 0.6614630000
74779.5000000000 -3.3966030000 0.6607440000
74824.6015600000 -3.4229410000 0.6600260000
74869.7968800000 -3.4503200000 0.6593070000
74915.0000000000 -3.4787610000 0.6585900000
74920.0312500000 -3.4819930000 0.6585110000
74960.2968800000 -3.5084040000 0.6578730000
75005.7031300000 -3.5393640000 0.6571550000
75051.1015600000 -3.5716640000 0.6564380000
75096.5000000000 -3.6054320000 0.6557220000
75142.0000000000 -3.6408890000 0.6550060000
75187.6015600000 -3.6781980000 0.6542900000
75233.2031300000 -3.7174640000 0.6535750000
75278.8984400000 -3.7589910000 0.6528590000
75324.6015600000 -3.8029430000 0.6521450000
75370.3984400000 -3.8497190000 0.6514300000
75416.2968800000 -3.8996870000 0.6507150000
75462.2031300000 -3.9531860000 0.6500010000
75508.1015600000 -4.0107180000 0.6492880000
75554.1015600000 -4.0730750000 0.6485750000
75600.2031300000 -4.1411200000 0.6478620000
75646.2968800000 -4.2157440000 0.6471500000
75692.5000000000 -4.2985720000 0.6464370000
75738.7968800000 -4.3915280000 0.6457240000
75785.1015600000 -4.4971060000 0.6450120000
75831.3984400000 -4.6191760000 0.6443010000
75877.7968800000 -4.7641420000 0.6435900000
75924.2968800000 -4.9422640000 0.6428790000
75970.7968800000 -5.1723860000 0.6421690000
76017.3984400000 -5.4980090000 0.6414590000
76064.0000000000 -6.0552430000 0.6407490000
76110.7031300000 -10.1702590000 0.6400390000
76157.5000000000 -6.0605090000 3.1994980000
76204.2968800000 -5.4888290000 3.1966700000
76251.1015600000 -5.1538750000 3.1938420000
76298.1015600000 -4.9147380000 3.1910030000
76345.0000000000 -4.7293240000 3.1881720000
76384.9062500000 -4.5984730000 3.1857640000
76392.1015600000 -4.5768730000 3.1853300000
76439.2031300000 -4.4477860000 3.1824890000
76486.2968800000 -4.3357680000 3.1796490000
76533.5000000000 -4.2365700000 3.1768040000
76580.7968800000 -4.1475310000 3.1739550000
76628.1015600000 -4.0668440000 3.1711060000
76675.5000000000 -3.9929520000 3.1682530000
76723.0000000000 -3.9247400000 3.1653950000
76770.5000000000 -3.8615100000 3.1625380000
76818.1015600000 -3.8024540000 3.1596760000
76865.7031300000 -3.7471510000 3.1568160000
76913.3984400000 -3.6950370000 3.1539500000
76961.1015600000 -3.6458450000 3.1510860000
77008.8984400000 -3.5991860000 3.1482180000
77056.7968800000 -3.5547820000 3.1453440000
77104.7031300000 -3.5124960000 3.1424710000
77152.7031300000 -3.4720730000 3.1395950000
77200.7031300000 -3.4334120000 3.1367190000
77248.7968800000 -3.3963020000 3.1338390000
77297.0000000000 -3.3605990000 3.1309540000
77345.2031300000 -3.3262740000 3.1280700000
77393.5000000000 -3.2931550000 3.1251810000
77441.7968800000 -3.2612270000 3.1222940000
77490.2031300000 -3.2303280000 3.1194020000
77538.7031300000 -3.2004060000 3.1165060000
77587.2031300000 -3.1714500000 3.1136110000
77635.7968800000 -3.1433470000 3.1107110000
77684.3984400000 -3.1160930000 3.1078130000
77733.1015600000 -3.0895830000 3.1049090000
77781.8984400000 -3.0637830000 3.1020020000
77830.7031300000 -3.0386980000 3.0990960000
77878.4218800000 -3.0148260000 3.0962550000
77879.6015600000 -3.0142460000 3.0961850000
77928.6015600000 -2.9903880000 3.0932690000
77977.6015600000 -2.9671460000 3.0903560000
78026.6015600000 -2.9444840000 3.0874430000
78075.7968800000 -2.9222900000 3.0845200000
78125.0000000000 -2.9006230000 3.0815990000
78174.2031300000 -2.8794620000 3.0786780000
78223.6015600000 -2.8587020000 3.0757480000
78272.8984400000 -2.8384490000 3.0728250000
78322.3984400000 -2.8185560000 3.0698910000
78371.8984400000 -2.7990900000 3.0669590000
78421.5000000000 -2.7799910000 3.0640230000
78471.1015600000 -2.7612880000 3.0610870000
78520.7968800000 -2.7429250000 3.0581480000
78570.6015600000 -2.7248880000 3.0552040000
78620.3984400000 -2.7072050000 3.0522620000
78670.2968800000 -2.6898240000 3.0493150000
78720.2031300000 -2.6727660000 3.0463700000
78770.2031300000 -2.6559890000 3.0434200000
78820.2968800000 -2.6394870000 3.0404660000
78870.3984400000 -2.6232750000 3.0375130000
78920.7031300000 -2.6072850000 3.0345510000
78970.8984400000 -2.5916020000 3.0315950000
79021.2968800000 -2.5761270000 3.0286300000
79071.6015600000 -2.5609350000 3.0256720000
79122.1015600000 -2.5459380000 3.0227040000
79172.6015600000 -2.5311830000 3.0197370000
79223.2031300000 -2.5166340000 3.0167660000
79273.8984400000 -2.5022910000 3.0137920000
79324.6015600000 -2.4881670000 3.0108180000
79375.3984400000 -2.4742340000 3.0078410000
79401.1406300000 -2.4672540000 3.0063320000
79426.2031300000 -2.4605100000 3.0048640000
79477.1015600000 -2.4469640000 3.0018840000
79528.1015600000 -2.4335940000 2.9989000000
79579.2031300000 -2.4203920000 2.9959110000
79630.2968800000 -2.4073810000 2.9929240000
79681.5000000000 -2.3945260000 2.9899330000
79732.7031300000 -2.3818540000 2.9869430000
79784.0000000000 -2.3693360000 2.9839500000
79835.3984400000 -2.3569740000 2.9809530000
79886.7968800000 -2.3447400000 2.9779570000
79938.2968800000 -2.3326810000 2.9749570000
79989.8984400000 -2.3207520000 2.9719520000
80041.5000000000 -2.3090450000 2.9689590000
80093.2031300000 -2.2974830000 2.9659660000
80145.0000000000 -2.2860500000 2.9629720000
80196.8984400000 -2.2747400000 2.9599760000
80248.7968800000 -2.2635750000 2.9569850000
80300.7031300000 -2.2525470000 2.9539980000
80352.7968800000 -2.2416160000 2.9510040000
80404.8984400000 -2.2308190000 2.9480140000
80457.1015600000 -2.2201330000 2.9450220000
80509.2968800000 -2.2095750000 2.9420350000
80561.6015600000 -2.1991230000 2.9390460000
80614.0000000000 -2.1887760000 2.9360560000
80666.5000000000 -2.1785300000 2.9330650000
80719.0000000000 -2.1684010000 2.9300780000
80771.6015600000 -2.1583720000 2.9270890000
80824.2031300000 -2.1484550000 2.9241050000
80876.8984400000 -2.1386340000 2.9211190000
80929.7031300000 -2.1289020000 2.9181330000
80953.6328100000 -2.1245270000 2.9167800000
80982.6015600000 -2.1192610000 2.9151440000
81035.5000000000 -2.1097270000 2.9121610000
81088.5000000000 -2.1002780000 2.9091750000
81141.6015600000 -2.0909150000 2.9061890000
81194.7031300000 -2.0816510000 2.9032070000
81247.8984400000 -2.0724700000 2.9002230000
81301.2031300000 -2.0633680000 2.8972380000
81354.6015600000 -2.0543460000 2.8942530000
81408.0000000000 -2.0454170000 2.8912710000
81461.5000000000 -2.0365630000 2.8882880000
81515.0000000000 -2.0278010000 2.8853100000
81568.6015600000 -2.0191110000 2.8823300000
81622.2968800000 -2.0104940000 2.8793490000
81676.1015600000 -2.0019460000 2.8763670000
81730.0000000000 -1.9934690000 2.8733840000
81783.8984400000 -1.9850760000 2.8704050000
81837.8984400000 -1.9767490000 2.8674250000
81891.8984400000 -1.9685040000 2.8644490000
81946.0000000000 -1.9603230000 2.8614720000
82000.2031300000 -1.9522060000 2.8584940000
82054.5000000000 -1.9441530000 2.8555150000
82108.7968800000 -1.9361760000 2.8525410000
82163.2031300000 -1.9282590000 2.8495650000
82217.7031300000 -1.9204010000 2.8465880000
82272.2968800000 -1.9126050000 2.8436110000
82326.8984400000 -1.9048790000 2.8406370000
82381.6015600000 -1.8972100000 2.8376620000
82436.3984400000 -1.8895980000 2.8346870000
82491.2031300000 -1.8820550000 2.8317150000
82536.4765600000 -1.8758750000 2.8292640000
82546.2031300000 -1.8745530000 2.8287370000
82601.2031300000 -1.8671190000 2.8257640000
82656.2031300000 -1.8597510000 2.8227960000
82711.3984400000 -1.8524230000 2.8198210000
82766.6015600000 -1.8451590000 2.8168500000
82821.8984400000 -1.8379460000 2.8138780000
82877.2031300000 -1.8307950000 2.8109110000
82932.7031300000 -1.8236810000 2.8079380000
82988.2031300000 -1.8166290000 2.8049680000
83043.7968800000 -1.8096250000 2.8019990000
83099.3984400000 -1.8026820000 2.7990330000
83155.2031300000 -1.7957710000 2.7960610000
83211.0000000000 -1.7889200000 2.7930940000
84150.2734400000 -1.6816300000 2.7438050000
85795.6250000000 -1.5235070000 2.6603740000
87473.1406300000 -1.3913410000 2.5789440000
89183.4609400000 -1.2788570000 2.4994820000
90927.2187500000 -1.1818950000 2.4219630000
92705.0781300000 -1.0975330000 2.3463540000
94517.6953100000 -1.0236420000 2.2726270000
96365.7500000000 -0.9586090000 2.2007520000
98249.9453100000 -0.9011880000 2.1306990000
100170.9766000000 -0.8596210000 2.0635790000
102129.5703000000 -0.8150550000 1.9990260000
104126.4609000000 -0.7753640000 1.9363730000
106162.3906000000 -0.7399830000 1.8755660000
108238.1328000000 -0.7084320000 1.8165570000
110354.4609000000 -0.6803030000 1.7592940000
112512.1641000000 -0.6552430000 1.7037300000
114712.0547000000 -0.6329480000 1.6498180000
116954.9688000000 -0.6131490000 1.5975110000
119241.7266000000 -0.5956130000 1.5467650000
121573.2031000000 -0.5801300000 1.4975370000
123950.2656000000 -0.5665170000 1.4497830000
126373.8047000000 -0.5546070000 1.4034640000
128844.7266000000 -0.5442530000 1.3585380000
131363.9688000000 -0.5353210000 1.3149670000
133932.4531000000 -0.5276900000 1.2727120000
136551.1719000000 -0.5212520000 1.2317350000
139221.0938000000 -0.5159060000 1.1920020000
141943.2188000000 -0.5115630000 1.1534760000
144718.5625000000 -0.5081400000 1.1161240000
147548.1719000000 -0.5055620000 1.0799120000
150433.1094000000 -0.5037590000 1.0448070000
153374.4531000000 -0.5065010000 1.0109370000
156373.2969000000 -0.5061160000 0.9783680000
159430.7969000000 -0.5062960000 0.9468200000
162548.0625000000 -0.5069910000 0.9162640000
165726.2813000000 -0.5081550000 0.8866680000
168966.6406000000 -0.5097470000 0.8580030000
172270.3750000000 -0.5117280000 0.8302400000
175638.6875000000 -0.5140620000 0.8033530000
179072.8594000000 -0.5167160000 0.7773130000
182574.1875000000 -0.5196600000 0.7520960000
186143.9688000000 -0.5228660000 0.7276750000
189783.5469000000 -0.5263070000 0.7040270000
193494.2969000000 -0.5299590000 0.6811270000
197277.5938000000 -0.5338000000 0.6589530000
201134.8594000000 -0.5378090000 0.6374810000
205067.5469000000 -0.5419660000 0.6166910000
209077.1406000000 -0.5462550000 0.5965610000
213165.1250000000 -0.5506580000 0.5770710000
217333.0313000000 -0.5551600000 0.5582010000
221582.4375000000 -0.5597470000 0.5399320000
225914.9219000000 -0.5644060000 0.5222460000
230332.1250000000 -0.5691240000 0.5051230000
234835.7031000000 -0.5738920000 0.4885470000
239427.3281000000 -0.5786960000 0.4725010000
244108.7344000000 -0.5835300000 0.4569680000
248881.6719000000 -0.5883830000 0.4419330000
253747.9219000000 -0.5932470000 0.4273790000
258709.3281000000 -0.5981160000 0.4132920000
263767.7500000000 -0.6029810000 0.3996570000
268925.0625000000 -0.6078360000 0.3864600000
274183.2188000000 -0.6126760000 0.3736870000
279544.1875000000 -0.6174960000 0.3613260000
285010.0000000000 -0.6222890000 0.3493630000
290582.6563000000 -0.6270520000 0.3377850000
296264.2500000000 -0.6317800000 0.3265810000
302056.9688000000 -0.6364700000 0.3157390000
307962.9375000000 -0.6411190000 0.3052480000
313984.3750000000 -0.6457230000 0.2950960000
320123.5625000000 -0.6502790000 0.2852730000
326382.7813000000 -0.6547850000 0.2757680000
332764.3750000000 -0.6654570000 0.2667390000
339270.7500000000 -0.6698310000 0.2582010000
345904.3438000000 -0.6741320000 0.2499460000
352667.6563000000 -0.6783590000 0.2419640000
359563.1875000000 -0.6825110000 0.2342460000
366593.5625000000 -0.6865880000 0.2267830000
373761.3750000000 -0.6905890000 0.2195660000
381069.3438000000 -0.6945150000 0.2125880000
388520.2188000000 -0.6983660000 0.2058390000
396116.7500000000 -0.7021400000 0.1993120000
403861.8125000000 -0.7058400000 0.1930000000
411758.3438000000 -0.7094640000 0.1868950000
419809.2500000000 -0.7130140000 0.1809910000
428017.5625000000 -0.7164900000 0.1752800000
436386.3750000000 -0.7198920000 0.1697560000
444918.8125000000 -0.7232220000 0.1644130000
453618.0938000000 -0.7264790000 0.1592450000
462487.4688000000 -0.7296640000 0.1542450000
471530.2500000000 -0.7327790000 0.1494080000
480749.8438000000 -0.7358250000 0.1447290000
490149.7188000000 -0.7388010000 0.1402020000
499733.3750000000 -0.7417090000 0.1358230000
509504.4063000000 -0.7445500000 0.1315860000
519466.5000000000 -0.7473250000 0.1274860000
529623.3750000000 -0.7500350000 0.1235190000
539978.8125000000 -0.7526810000 0.1196810000
550536.7500000000 -0.7552630000 0.1159660000
561301.1250000000 -0.7577840000 0.1123720000
572276.0000000000 -0.7602440000 0.1088940000
583465.4375000000 -0.7626440000 0.1055280000
594873.6250000000 -0.7649850000 0.1022710000
606504.8750000000 -0.7672680000 0.0991180000
618363.5625000000 -0.7694940000 0.0960670000
630454.1250000000 -0.7716650000 0.0931130000
642781.1250000000 -0.7737810000 0.0902550000
655349.0625000000 -0.7758440000 0.0874880000
668162.8125000000 -0.7778550000 0.0848100000
681227.0625000000 -0.7798140000 0.0822170000
694546.7500000000 -0.7817230000 0.0797070000
