30.0000000000 -64.3296510000 7.1916150000
30.5865750000 -64.3110280000 7.1139620000
31.1846200000 -64.3220900000 7.0305160000
31.7943570000 -64.3705830000 6.9415000000
32.4160160000 -64.4677510000 6.8471490000
33.0498310000 -64.6306230000 6.7477100000
33.6960370000 -64.8865970000 6.6434440000
34.3548770000 -65.2831120000 6.5346160000
35.0266040000 -66.0776370000 1.2455970000
35.7114600000 -64.3396300000 0.8946060000
36.4097100000 -63.4199520000 0.5530410000
37.1216090000 -62.7983670000 0.2203890000
37.8474310000 -62.3449290000 9.8961950000
38.5874440000 -62.0079420000 9.5800550000
39.3419230000 -61.7639310000 9.2716150000
40.1111560000 -61.6043820000 8.9705620000
40.8954320000 -61.6996230000 9.3156820000
41.6950380000 -61.3019220000 9.0298090000
42.5102810000 -61.1094630000 8.7513640000
43.3414650000 -61.0124550000 8.4801810000
44.1888960000 -60.9994010000 8.2161190000
45.0529020000 -61.0818250000 7.9590560000
45.9338000000 -61.9582940000 0.2814430000
46.8319210000 -60.6724430000 9.9343270000
47.7476010000 -60.0612140000 9.5982370000
48.6811870000 -59.6470110000 9.2729520000
49.6330260000 -59.3373530000 8.9582740000
50.6034740000 -59.0963550000 8.6540220000
51.5928990000 -58.9058190000 8.3600330000
52.6016690000 -58.7549710000 8.0761570000
53.6301650000 -58.6368060000 7.8022600000
54.6787680000 -58.5464170000 7.5382230000
55.7478750000 -58.4802130000 7.2839330000
56.8378870000 -58.4354400000 7.0392890000
57.9492070000 -58.4099460000 6.8042040000
59.0822600000 -58.4019850000 6.5785950000
60.2374690000 -58.4101560000 6.3623880000
61.4152600000 -58.4332700000 6.1555200000
62.6160810000 -58.4703450000 5.9579370000
63.8403850000 -58.5205570000 5.7695880000
65.0886230000 -58.5832100000 5.5904360000
66.3612670000 -58.6577110000 5.4204520000
67.6587980000 -58.7435800000 5.2596130000
68.9816970000 -58.8404050000 5.1079080000
70.3304600000 -58.9478720000 4.9653410000
71.7055970000 -59.0657310000 4.8319220000
73.1076200000 -59.1938170000 4.7076750000
74.5370640000 -59.3320470000 4.5926440000
75.9944460000 -59.4804270000 4.4868820000
77.4803310000 -59.6390760000 4.3904660000
78.9952620000 -59.8082960000 4.3034880000
80.5398180000 -59.9886050000 4.2260660000
82.1145710000 -60.1809690000 4.1583390000
83.7201160000 -60.3928640000 4.1692660000
85.3570560000 -60.5731960000 4.1236050000
87.0260010000 -60.7740550000 4.0882710000
88.7275770000 -60.9882050000 4.0635330000
90.4624250000 -61.2142180000 4.0497010000
92.2311940000 -61.4517480000 4.0471320000
94.0345380000 -61.7008320000 4.0562300000
95.8731540000 -61.9617040000 4.0774610000
97.7477110000 -62.2347070000 4.1113500000
99.6589200000 -62.6691670000 4.1626820000
101.6075060000 -62.9634020000 4.2278300000
103.5941850000 -63.2713430000 4.3073930000
105.6197130000 -63.5936550000 4.4022340000
107.6848450000 -63.9310680000 4.5133220000
109.7903520000 -64.2843860000 4.6417450000
111.9370270000 -64.6544720000 4.7887170000
114.1256790000 -65.5929490000 4.9576390000
116.3571170000 -65.9805300000 5.1614310000
118.6321950000 -66.3881680000 5.3872050000
120.9517520000 -66.8170470000 5.6369190000
123.3166580000 -67.2684560000 5.9127570000
125.7278060000 -67.7437360000 6.2171500000
128.1860960000 -68.2443310000 6.5528090000
130.6924590000 -68.7717670000 6.9227570000
133.2478330000 -69.3276370000 7.3303660000
135.8531490000 -69.9136350000 7.7793910000
138.5094300000 -70.5385510000 8.2740550000
141.2176360000 -71.1903080000 8.8193960000
143.9787900000 -71.8777920000 9.4203020000
146.7939300000 -72.6030580000 0.0826470000
149.6641240000 -73.3682170000 0.8130080000
152.5904390000 -74.1754840000 1.6187570000
155.5739590000 -75.0271000000 2.5081500000
158.6158140000 -75.9253690000 3.4904590000
161.7171480000 -76.8726270000 4.5761080000
164.8791350000 -64.3721850000 5.2139090000
168.1029360000 -64.2195510000 5.7122540000
171.3897710000 -64.0473330000 6.2142450000
174.7408600000 -63.8552320000 6.7189060000
178.1574860000 -63.6430090000 7.2252220000
181.6409150000 -63.4104840000 7.7321470000
185.1924440000 -63.1926350000 8.2400670000
188.8134160000 -62.9190100000 8.7467630000
192.5051880000 -62.6249770000 9.2507000000
196.2691500000 -62.3106990000 9.7507210000
200.1067050000 -61.9764600000 0.2456460000
204.0192870000 -61.6226580000 0.7342830000
208.0083770000 -61.2498170000 1.2154390000
212.0754700000 -60.8586240000 1.6879100000
216.2220760000 -60.4499440000 2.1504900000
220.4497530000 -60.0248530000 2.6019820000
224.7601010000 -59.5846900000 3.0411990000
229.1547240000 -59.1311570000 3.4669630000
233.6352690000 -58.6663970000 3.8781200000
238.2034300000 -58.1932110000 4.2735420000
242.8609010000 -57.7153660000 4.6521220000
247.6094360000 -57.2381360000 5.0128020000
252.4508210000 -56.7693480000 5.3545480000
257.3868710000 -56.3214760000 5.6763760000
262.4194340000 -56.0566020000 6.6927640000
267.5503850000 -55.2528920000 7.0070780000
272.7816770000 -54.6007310000 7.2999900000
278.1152340000 -53.9620440000 8.1154420000
283.5530700000 -53.1273840000 8.3860030000
289.0972600000 -52.3489040000 8.6336780000
294.7498170000 -51.5884860000 8.8578950000
300.5129390000 -50.8355750000 9.0581550000
306.3887020000 -50.0862240000 9.2340320000
312.3793640000 -49.3389470000 9.3851720000
318.4871830000 -48.5934640000 9.5113010000
324.7143860000 -47.8501510000 9.6122130000
331.0633850000 -47.1097640000 9.6877900000
337.5364990000 -46.3880960000 9.7387500000
344.1361690000 -45.6572190000 9.7644120000
350.8648990000 -44.9328880000 9.7648620000
357.7251890000 -44.2166400000 9.7402880000
364.7196040000 -43.5101700000 9.6909470000
371.8508000000 -42.8153190000 9.6171720000
379.1213990000 -42.1341590000 9.5193670000
386.5341800000 -41.4690320000 9.3980060000
394.0918880000 -40.8226890000 9.2536280000
401.7973630000 -40.1984600000 9.0868360000
409.6535340000 -39.6005970000 8.8982930000
417.6632690000 -39.0348360000 8.6887210000
425.8296200000 -38.5094070000 8.4588890000
434.1556700000 -38.0371130000 8.2096200000
442.6445010000 -37.6397170000 7.9417820000
451.2993160000 -37.2411120000 9.1526170000
460.1233520000 -36.2741930000 8.8659380000
469.1199040000 -35.5001450000 8.5631480000
478.2923890000 -34.8109550000 8.2452320000
487.6441960000 -34.1783410000 7.9131970000
497.1788640000 -33.5921360000 7.5680690000
506.8999330000 -33.0495300000 7.2108820000
516.8110960000 -32.5528600000 6.8426880000
526.9160770000 -32.0604780000 6.8277910000
537.2185670000 -31.4785500000 6.4488620000
547.7225340000 -30.9592610000 6.0620520000
558.4318850000 -30.4803030000 5.6683860000
569.3506470000 -30.0355030000 5.2688750000
580.4828490000 -29.6228660000 4.8645110000
591.8327640000 -29.2424010000 4.4562630000
603.4046020000 -28.8958570000 4.0450760000
615.2026370000 -28.5873700000 3.6318680000
627.2313840000 -28.6061950000 3.7514130000
639.4953610000 -27.9595600000 3.3407170000
651.9990840000 -27.2791250000 2.9289910000
664.7473140000 -26.9172250000 2.5118660000
677.7447510000 -26.5917820000 2.0963270000
690.9963990000 -26.2946640000 1.6830600000
704.5070800000 -26.0217990000 1.2727130000
718.2819820000 -25.7706790000 0.8658770000
732.3261720000 -25.5395550000 0.4631160000
746.6450200000 -25.3270400000 0.0649320000
761.2437740000 -25.1318050000 9.6717990000
776.1279910000 -30.3882160000 9.4306160000
791.3032230000 -30.1046560000 9.2003080000
806.7752080000 -29.8305530000 8.9682710000
822.5496830000 -29.5655330000 8.7346920000
838.6325680000 -29.3091790000 8.4997560000
855.0299680000 -29.0609870000 8.2636380000
871.7479250000 -28.7129570000 8.0236090000
888.7927860000 -28.4761980000 7.7823600000
906.1708980000 -28.2446580000 7.5402830000
923.8888550000 -28.0162280000 7.2975230000
941.9531860000 -27.7873820000 7.0542280000
960.3707280000 -27.5516680000 6.8105300000
979.1483760000 -27.2957000000 6.5665650000
998.2931520000 -26.9851190000 6.3224600000
1017.8123170000 -26.8431430000 6.0537200000
1037.7131350000 -26.7344610000 5.7819850000
1058.0029300000 -26.6863710000 5.5118010000
1078.6895750000 -26.6188790000 5.2431950000
1099.7806400000 -26.6186770000 4.9765470000
1121.2841800000 -26.5884360000 4.7141310000
1143.2080080000 -26.5720560000 4.4541710000
1165.5606690000 -26.5701810000 4.1966690000
1188.3502200000 -26.5835610000 3.9416330000
1211.5854490000 -26.6130710000 3.6890660000
1235.2750240000 -26.6597270000 3.4389720000
1259.4277340000 -26.7247160000 3.1913570000
1284.0527340000 -26.8094250000 2.9462250000
1309.1591800000 -26.9154890000 2.7035820000
1334.7564700000 -27.0448400000 2.4634300000
1360.8542480000 -27.1997810000 2.2257760000
1387.4624020000 -27.3830780000 1.9906230000
1414.5908200000 -27.5980890000 1.7579770000
1442.2495120000 -27.8489380000 1.5278450000
1470.4492190000 -28.1407790000 1.3002290000
1499.2000730000 -28.4801520000 1.0751380000
1528.5131840000 -28.8755590000 0.8525750000
1558.3995360000 -29.3395730000 0.6325490000
1588.8701170000 -29.8855080000 0.4150980000
1619.9365230000 -30.5372310000 0.2001970000
1651.6103520000 -31.3294640000 9.9878480000
1683.9034420000 -32.3192830000 9.7780620000
1716.8280030000 -33.6098370000 9.5708410000
1750.3962400000 -35.4121360000 9.3661930000
1784.6208500000 -38.2624590000 9.1643940000
1819.5146480000 -43.7067180000 8.9662730000
1855.0908200000 -59.7750430000 8.7707970000
1891.3624270000 -72.8721770000 6.7037730000
1928.3432620000 -27.1731300000 3.9173010000
1966.0472410000 -9.1213060000 9.7225040000
2004.4884030000 2.8617610000 2.5232430000
2043.6811520000 -4.7038940000 4.5640960000
2083.6401370000 -12.1285990000 6.9544530000
2124.3806150000 -18.0858690000 3.4107110000
2165.9174800000 -23.1014400000 1.6501130000
2208.2666020000 -27.7789860000 0.7898970000
2251.4438480000 -32.6914830000 0.4989900000
2295.4653320000 -38.5243340000 0.7213090000
2340.3474120000 -46.5658070000 1.6315020000
2386.1069340000 -56.4134520000 8.4244590000
2432.7612300000 -69.3301470000 3.0137670000
2480.3278810000 -36.0191990000 6.1986540000
2528.8244630000 -43.7689210000 8.8707830000
2578.2692870000 -15.8611960000 8.5267700000
2628.6809080000 -15.3714650000 7.7041280000
2680.0783690000 -16.6759780000 6.9146390000
2732.4804690000 -13.9458680000 7.9146690000
2785.9074710000 -12.9928330000 7.1178020000
2840.3789060000 -12.3657650000 6.3786540000
2895.9152830000 -12.0159410000 5.6950590000
2952.5378420000 -11.5523830000 6.1860790000
3010.2673340000 -10.3825550000 5.5757220000
3069.1254880000 -9.6651360000 4.9152770000
3129.1347660000 -9.0386070000 4.2688710000
3190.3171390000 -8.5002640000 3.6350170000
3252.6958010000 -8.0182620000 3.0143410000
3316.2941890000 -7.5824720000 2.4066330000
3381.1359860000 -7.1862660000 1.8116950000
3447.2456050000 -6.8248720000 1.2293220000
3514.6479490000 -6.5048080000 0.6601470000
3583.3681640000 -6.2039480000 0.1046010000
3653.4318850000 -5.9286070000 9.5614620000
3724.8657230000 -5.6766920000 9.0305190000
3797.6960450000 -5.4472120000 8.5116060000
3871.9506840000 -5.2443180000 8.0056860000
3947.6569820000 -5.0573600000 7.5120910000
4024.8435060000 -4.8836160000 7.0302510000
4103.5390630000 -4.7258990000 6.5598110000
4183.7739260000 -4.5831800000 6.1005500000
4265.5771480000 -4.4545330000 5.6522600000
4348.9794920000 -4.3391130000 5.2147360000
4434.0131840000 -4.2361450000 4.7877610000
4520.7089840000 -4.1449270000 4.3711390000
4609.1005860000 -4.0648070000 3.9646570000
4699.2197270000 -3.9951970000 3.5681260000
4791.1015630000 -3.9434340000 3.1818520000
4884.7792970000 -3.8934140000 2.8054890000
4980.2890630000 -3.8704570000 2.4390410000
5077.6660160000 -3.8379560000 2.0818010000
5176.9472660000 -3.8295300000 1.7337410000
5278.1694340000 -3.8128740000 1.3947880000
5381.3710940000 -3.8145330000 1.0646620000
5486.5903320000 -3.8127330000 0.7439720000
5593.8666990000 -3.8176920000 0.4315960000
5703.2412110000 -3.8291870000 0.1273430000
5814.7534180000 -3.8470250000 9.8310350000
5928.4467770000 -3.8777680000 9.5428950000
6044.3627930000 -3.9080480000 9.2626820000
6162.5449220000 -3.9442200000 8.9899220000
6283.0380860000 -3.9862160000 8.7244360000
6405.8872070000 -4.0340030000 8.4660580000
6531.1386720000 -4.0875900000 8.2146190000
6658.8383790000 -4.1470230000 7.9699560000
6789.0356450000 -4.2123960000 7.7319060000
6921.7783200000 -4.2838550000 7.5003120000
7057.1162110000 -4.3616030000 7.2750190000
7195.1005860000 -4.4459130000 7.0558730000
7335.7827150000 -4.5371330000 6.8427280000
7479.2158200000 -4.6357080000 6.6354350000
7625.4531250000 -4.7421950000 6.4338520000
7774.5498050000 -4.8572880000 6.2378390000
7926.5620120000 -4.9818560000 6.0472580000
8081.5458980000 -5.1169870000 5.8619750000
8239.5605470000 -5.2723820000 5.6821040000
8400.6640630000 -5.4385850000 5.5075510000
8564.9189450000 -5.6233910000 5.3383470000
8732.3837890000 -5.8185910000 5.1740220000
8903.1240230000 -6.0366070000 5.0143560000
9077.2021480000 -6.2790470000 4.8613880000
9254.6845700000 -6.5559340000 4.7128530000
9435.6367190000 -6.8781990000 4.5686280000
9620.1269530000 -7.2631240000 4.4285930000
9808.2246090000 -7.7407340000 4.2926340000
10000.0000000000 -8.3689730000 4.1606410000
10195.5253900000 -9.2904910000 4.0324990000
10394.8730500000 -11.0656670000 3.9081760000
10411.0000000000 -11.3100520000 3.8983850000
10411.9003900000 -11.3246150000 3.8978390000
10412.7002000000 -11.3376480000 3.8973550000
10413.5996100000 -11.3523990000 3.8968100000
10414.5000000000 -11.3672750000 3.8962650000
10415.4003900000 -11.3822630000 3.8957200000
10416.2002000000 -11.3956790000 3.8952360000
10417.0996100000 -11.4108650000 3.8946910000
10418.0000000000 -11.4261850000 3.8941470000
10418.9003900000 -11.4416220000 3.8936020000
10419.7002000000 -11.4554430000 3.8931190000
10420.5996100000 -11.4710930000 3.8925750000
10421.5000000000 -11.4868830000 3.8920310000
10422.4003900000 -11.5027990000 3.8914870000
10423.2002000000 -11.5170510000 3.8910030000
10424.0996100000 -11.5331930000 3.8904600000
10425.0000000000 -11.5494830000 3.8899160000
10425.9003900000 -11.5659070000 3.8893730000
10426.7002000000 -11.5806190000 3.8888900000
10427.5996100000 -11.5972840000 3.8883470000
10428.5000000000 -11.6141080000 3.8878040000
10429.4003900000 -11.6310750000 3.8872610000
10430.2002000000 -11.6462760000 3.8867780000
10431.0996100000 -11.6635010000 3.8862360000
10432.0000000000 -11.6808940000 3.8856930000
10432.9003900000 -11.6984400000 3.8851500000
10433.7998100000 -11.7161230000 3.8846080000
10434.5996100000 -11.7319870000 3.8841260000
10435.5000000000 -11.7499900000 3.8835840000
10436.4003900000 -11.7681560000 3.8830420000
10437.2998100000 -11.7864700000 3.8825000000
10438.0996100000 -11.8029060000 3.8820190000
10439.0000000000 -11.8215630000 3.8814770000
10439.9003900000 -11.8403950000 3.8809350000
10440.7998100000 -11.8593860000 3.8803940000
10441.7002000000 -11.8785810000 3.8798530000
10442.5000000000 -11.8957970000 3.8793710000
10443.4003900000 -11.9153450000 3.8788300000
10444.2998100000 -11.9350670000 3.8782890000
10445.2002000000 -11.9550070000 3.8777480000
10446.0996100000 -11.9751250000 3.8772080000
10446.9003900000 -11.9932190000 3.8767270000
10447.7998100000 -12.0137290000 3.8761870000
10448.7002000000 -12.0344730000 3.8756460000
10449.5996100000 -12.0554140000 3.8751070000
10450.5000000000 -12.0765980000 3.8745660000
10451.2998100000 -12.0956170000 3.8740860000
10452.2002000000 -12.1172350000 3.8735460000
10453.0996100000 -12.1390670000 3.8730070000
10454.0000000000 -12.1611860000 3.8724660000
10454.9003900000 -12.1835300000 3.8719260000
10455.7998100000 -12.2061020000 3.8713870000
10456.5996100000 -12.2263770000 3.8709080000
10457.5000000000 -12.2494920000 3.8703680000
10458.4003900000 -12.2728510000 3.8698290000
10459.2998100000 -12.2964620000 3.8692910000
10460.2002000000 -12.3203810000 3.8687520000
10461.0000000000 -12.3418830000 3.8682730000
10461.9003900000 -12.3663550000 3.8677340000
10462.7998100000 -12.3911060000 3.8671950000
10463.7002000000 -12.4161920000 3.8666570000
10464.5996100000 -12.4415710000 3.8661190000
10465.5000000000 -12.4673050000 3.8655810000
10466.2998100000 -12.4904580000 3.8651020000
10467.2002000000 -12.5168320000 3.8645640000
10468.0996100000 -12.5435310000 3.8640270000
10469.0000000000 -12.5706210000 3.8634890000
10469.9003900000 -12.5980840000 3.8629510000
10470.7998100000 -12.6258990000 3.8624140000
10471.7002000000 -12.6541680000 3.8618760000
10472.5000000000 -12.6795750000 3.8613990000
10473.4003900000 -12.7085880000 3.8608610000
10474.2998100000 -12.7379960000 3.8603250000
10475.2002000000 -12.7679080000 3.8597870000
10476.0996100000 -12.7982090000 3.8592510000
10477.0000000000 -12.8290100000 3.8587140000
10477.7998100000 -12.8567550000 3.8582370000
10478.7002000000 -12.8885130000 3.8577000000
10479.5996100000 -12.9207140000 3.8571640000
10480.5000000000 -12.9534780000 3.8566280000
10481.4003900000 -12.9867870000 3.8560910000
10482.2998100000 -13.0206240000 3.8555560000
10483.2002000000 -13.0550800000 3.8550200000
10484.0000000000 -13.0862100000 3.8545430000
10484.9003900000 -13.1218260000 3.8540080000
10485.7998100000 -13.1580480000 3.8534720000
10486.7002000000 -13.1949780000 3.8529370000
10487.5996100000 -13.2325610000 3.8524020000
10488.5000000000 -13.2709050000 3.8518670000
10489.4003900000 -13.3100400000 3.8513310000
10490.2998100000 -13.3498710000 3.8507960000
10491.0996100000 -13.3859430000 3.8503220000
10492.0000000000 -13.4273730000 3.8497870000
10492.9003900000 -13.4697240000 3.8492510000
10493.7998100000 -13.5128970000 3.8487170000
10494.7002000000 -13.5570680000 3.8481820000
10495.5996100000 -13.6021870000 3.8476490000
10496.5000000000 -13.6483950000 3.8471140000
10497.4003900000 -13.6956940000 3.8465800000
10498.2998100000 -13.7440840000 3.8460470000
10499.0996100000 -13.7881420000 3.8455720000
10500.0000000000 -13.8389000000 3.8450380000
10500.9003900000 -13.8909760000 3.8445040000
10501.7998100000 -13.9443840000 3.8439710000
10502.7002000000 -13.9993110000 3.8434380000
10503.5996100000 -14.0557240000 3.8429050000
10504.5000000000 -14.1138940000 3.8423710000
10505.4003900000 -14.1737370000 3.8418380000
10506.2998100000 -14.2353520000 3.8413050000
10507.0996100000 -14.2917390000 3.8408320000
10508.0000000000 -14.3572860000 3.8402990000
10508.9003900000 -14.4249730000 3.8397660000
10509.7998100000 -14.4949430000 3.8392340000
10510.7002000000 -14.5675150000 3.8387020000
10511.5996100000 -14.6427260000 3.8381700000
10512.5000000000 -14.7209440000 3.8376380000
10513.4003900000 -14.8023280000 3.8371060000
10514.2998100000 -14.8870530000 3.8365740000
10515.2002000000 -14.9756940000 3.8360420000
10516.0996100000 -15.0682190000 3.8355100000
10517.0000000000 -15.1653070000 3.8349790000
10517.7998100000 -15.2556000000 3.8345070000
10518.7002000000 -15.3625260000 3.8339750000
10519.5996100000 -15.4752000000 3.8334440000
10520.5000000000 -15.5946780000 3.8329130000
10521.4003900000 -15.7216840000 3.8323820000
10522.2998100000 -15.8570780000 3.8318510000
10523.2002000000 -16.0023750000 3.8313200000
10524.0996100000 -16.1587750000 3.8307900000
10525.0000000000 -16.3285030000 3.8302600000
10525.9003900000 -16.5140130000 3.8297280000
10526.7998100000 -16.7178340000 3.8291990000
10527.7002000000 -16.9447860000 3.8286680000
10528.5996100000 -17.2001670000 3.8281390000
10529.5000000000 -17.4928280000 3.8276090000
10530.4003900000 -17.8350560000 3.8270790000
10531.2002000000 -18.1968940000 3.8266080000
10532.0996100000 -18.6996440000 3.8260790000
10533.0000000000 -19.3704550000 3.8255490000
10533.9003900000 -20.3793260000 3.8250190000
10534.7998100000 -22.4694210000 3.8244910000
10535.7002000000 -22.9576840000 0.2302490000
10536.5996100000 -20.5519870000 0.2287670000
10537.5000000000 -19.4758420000 0.2272830000
10538.4003900000 -18.7750170000 0.2258010000
10539.2998100000 -18.2544020000 0.2243190000
10540.2002000000 -17.8392540000 0.2228370000
10541.0996100000 -17.4945300000 0.2213570000
10542.0000000000 -17.1992020000 0.2198760000
10542.9003900000 -16.9410760000 0.2183950000
10543.7998100000 -16.7120360000 0.2169160000
10544.7002000000 -16.5055750000 0.2154340000
10545.5996100000 -16.3183560000 0.2139560000
10546.5000000000 -16.1465950000 0.2124770000
10547.4003900000 -15.9880780000 0.2109980000
10548.2998100000 -15.8410560000 0.2095190000
10549.2002000000 -15.7036980000 0.2080410000
10550.0996100000 -15.5750660000 0.2065640000
10551.0000000000 -15.4538730000 0.2050870000
10551.9003900000 -15.3392970000 0.2036070000
10552.7998100000 -15.2309820000 0.2021310000
10553.7002000000 -15.1279690000 0.2006540000
10554.5996100000 -15.0299620000 0.1991790000
10555.5000000000 -14.9363040000 0.1977020000
10556.4003900000 -14.8467160000 0.1962260000
10557.2998100000 -14.7609470000 0.1947520000
10558.0996100000 -14.6875240000 0.1934400000
10559.0000000000 -14.6079200000 0.1919660000
10559.9003900000 -14.5312720000 0.1904910000
10560.7998100000 -14.4574470000 0.1890180000
10561.7002000000 -14.3860970000 0.1875440000
10562.5996100000 -14.3172040000 0.1860710000
10563.5000000000 -14.2503950000 0.1845960000
10564.4003900000 -14.1857490000 0.1831230000
10565.2998100000 -14.1231310000 0.1816520000
10566.2002000000 -14.0622930000 0.1801790000
10567.0996100000 -14.0032580000 0.1787080000
10568.0000000000 -13.9458040000 0.1772370000
10568.9003900000 -13.8899050000 0.1757650000
10569.9003900000 -13.8295140000 0.1741290000
10570.7998100000 -13.7766920000 0.1726610000
10571.7002000000 -13.7251360000 0.1711900000
10572.5996100000 -13.6748870000 0.1697220000
10573.5000000000 -13.6257810000 0.1682510000
10574.4003900000 -13.5778150000 0.1667810000
10575.2998100000 -13.5309390000 0.1653120000
10576.2002000000 -13.4851050000 0.1638430000
10577.0996100000 -13.4403110000 0.1623760000
10578.0000000000 -13.3964240000 0.1609080000
10578.9003900000 -13.3534520000 0.1594400000
10579.7998100000 -13.3113990000 0.1579730000
10580.7002000000 -13.2701440000 0.1565060000
10581.5996100000 -13.2297390000 0.1550410000
10582.5000000000 -13.1900270000 0.1535720000
10583.4003900000 -13.1511070000 0.1521050000
10584.2998100000 -13.1129470000 0.1506410000
10585.2002000000 -13.0754410000 0.1491760000
10586.0996100000 -13.0386450000 0.1477120000
10587.0000000000 -13.0024550000 0.1462460000
10587.9003900000 -12.9668900000 0.1447810000
10588.7998100000 -12.9319650000 0.1433180000
10589.7002000000 -12.8975860000 0.1418540000
10590.5996100000 -12.8637710000 0.1403900000
10591.5000000000 -12.8305030000 0.1389270000
10592.4003900000 -12.7977640000 0.1374640000
10593.2998100000 -12.7655710000 0.1360020000
10594.2002000000 -12.7338410000 0.1345400000
10595.0996100000 -12.7026240000 0.1330790000
10596.0000000000 -12.6718430000 0.1316170000
10597.0000000000 -12.6381690000 0.1299920000
10597.9003900000 -12.6083310000 0.1285310000
10598.1191400000 -12.6011570000 0.1281770000
10598.7998100000 -12.5789500000 0.1270710000
10599.7002000000 -12.5499530000 0.1256100000
10600.5996100000 -12.5213880000 0.1241520000
10601.5000000000 -12.4931870000 0.1226920000
10602.4003900000 -12.4653380000 0.1212310000
10603.2998100000 -12.4379200000 0.1197730000
10604.2002000000 -12.4108340000 0.1183140000
10605.0996100000 -12.3841300000 0.1168570000
10606.0000000000 -12.3577400000 0.1153980000
10606.9003900000 -12.3316860000 0.1139400000
10607.7998100000 -12.3059860000 0.1124840000
10608.7002000000 -12.2805790000 0.1110260000
10609.5996100000 -12.2554820000 0.1095690000
10610.5996100000 -12.2279750000 0.1079510000
10611.5000000000 -12.2035110000 0.1064950000
10612.4003900000 -12.1793360000 0.1050390000
10613.2998100000 -12.1554680000 0.1035840000
10614.2002000000 -12.1318250000 0.1021270000
10615.0996100000 -12.1085020000 0.1006740000
10616.0000000000 -12.0854190000 0.0992180000
10616.9003900000 -12.0625930000 0.0977640000
10617.7998100000 -12.0400430000 0.0963120000
10618.7002000000 -12.0177150000 0.0948570000
10619.5996100000 -11.9956530000 0.0934050000
10620.5996100000 -11.9713880000 0.0917900000
10621.5000000000 -11.9497960000 0.0903370000
10622.4003900000 -11.9284310000 0.0888840000
10623.2998100000 -11.9073090000 0.0874340000
10624.2002000000 -11.8863810000 0.0859810000
10625.0996100000 -11.8656890000 0.0845320000
10626.0000000000 -11.8451620000 0.0830780000
10626.9003900000 -11.8248620000 0.0816270000
10627.7998100000 -11.8047830000 0.0801780000
10628.7002000000 -11.7848800000 0.0787280000
10629.7002000000 -11.7629880000 0.0771160000
10630.5996100000 -11.7435090000 0.0756680000
10631.5000000000 -11.7241950000 0.0742190000
10632.4003900000 -11.7050620000 0.0727690000
10633.2998100000 -11.6861290000 0.0713210000
10634.2002000000 -11.6673500000 0.0698730000
10635.0996100000 -11.6487650000 0.0684260000
10636.0000000000 -11.6303280000 0.0669780000
10637.0000000000 -11.6100360000 0.0653700000
10637.9003900000 -11.5919480000 0.0639230000
10638.7998100000 -11.5740380000 0.0624770000
10639.7002000000 -11.5562680000 0.0610300000
10640.5996100000 -11.5386710000 0.0595860000
10641.5000000000 -11.5211890000 0.0581380000
10642.4003900000 -11.5038750000 0.0566930000
10643.2998100000 -11.4867270000 0.0552490000
10644.2998100000 -11.4678390000 0.0536440000
10645.2002000000 -11.4509760000 0.0521990000
10646.0996100000 -11.4342530000 0.0507560000
10647.0000000000 -11.4176670000 0.0493120000
10647.9003900000 -11.4012180000 0.0478680000
10648.7998100000 -11.3849190000 0.0464260000
10649.7002000000 -11.3687340000 0.0449830000
10650.7002000000 -11.3509010000 0.0433790000
10651.5996100000 -11.3350040000 0.0419380000
10652.5000000000 -11.3192150000 0.0404960000
10653.4003900000 -11.3035500000 0.0390540000
10654.2998100000 -11.2880220000 0.0376140000
10655.2002000000 -11.2725970000 0.0361730000
10656.2002000000 -11.2555960000 0.0345720000
10657.0996100000 -11.2404350000 0.0331330000
10658.0000000000 -11.2253710000 0.0316930000
10658.9003900000 -11.2104220000 0.0302520000
10659.7998100000 -11.1955980000 0.0288140000
10660.7002000000 -11.1808680000 0.0273750000
10805.3388700000 -9.6415310000 9.8001150000
11016.6103500000 -8.5842840000 9.4818700000
11232.0127000000 -8.0503760000 9.1731750000
11451.6259800000 -7.8467760000 8.8737730000
11675.5341800000 -8.0172260000 8.5834460000
11797.9003900000 -8.4110010000 8.4308520000
11799.0000000000 -8.4164910000 8.4295000000
11800.2002000000 -8.4225440000 8.4280230000
11801.2998100000 -8.4281400000 8.4266710000
11802.4003900000 -8.4337940000 8.4253180000
11803.5000000000 -8.4394960000 8.4239670000
11804.7002000000 -8.4457780000 8.4224930000
11805.7998100000 -8.4515920000 8.4211430000
11806.9003900000 -8.4574680000 8.4197910000
11808.0000000000 -8.4633940000 8.4184410000
11809.2002000000 -8.4699300000 8.4169670000
11810.2998100000 -8.4759750000 8.4156180000
11811.4003900000 -8.4820840000 8.4142680000
11812.5000000000 -8.4882480000 8.4129190000
11813.7002000000 -8.4950410000 8.4114480000
11814.7998100000 -8.5013360000 8.4100990000
11815.9003900000 -8.5076930000 8.4087510000
11817.0000000000 -8.5141090000 8.4074030000
11818.2002000000 -8.5211800000 8.4059330000
11819.2998100000 -8.5277300000 8.4045870000
11820.4003900000 -8.5343510000 8.4032390000
11821.5000000000 -8.5410340000 8.4018940000
11822.7002000000 -8.5484080000 8.4004240000
11823.7998100000 -8.5552330000 8.3990780000
11824.9003900000 -8.5621350000 8.3977330000
11826.0996100000 -8.5697350000 8.3962670000
11827.2002000000 -8.5767870000 8.3949210000
11828.2998100000 -8.5839060000 8.3935780000
11829.4003900000 -8.5911070000 8.3922330000
11830.5996100000 -8.5990450000 8.3907670000
11831.7002000000 -8.6064070000 8.3894230000
11832.7998100000 -8.6138410000 8.3880810000
11834.0000000000 -8.6220450000 8.3866160000
11835.0996100000 -8.6296480000 8.3852740000
11836.2002000000 -8.6373420000 8.3839310000
11837.2998100000 -8.6451140000 8.3825890000
11838.5000000000 -8.6536980000 8.3811250000
11839.5996100000 -8.6616520000 8.3797850000
11840.7002000000 -8.6697020000 8.3784440000
11841.9003900000 -8.6785880000 8.3769800000
11843.0000000000 -8.6868230000 8.3756410000
11844.0996100000 -8.6951530000 8.3743010000
11845.2998100000 -8.7043510000 8.3728410000
11846.4003900000 -8.7128920000 8.3715010000
11847.5000000000 -8.7215250000 8.3701620000
11848.7002000000 -8.7310700000 8.3687010000
11849.7998100000 -8.7399190000 8.3673640000
11850.9003900000 -8.7488820000 8.3660250000
11852.0996100000 -8.7587700000 8.3645680000
11853.2002000000 -8.7679630000 8.3632300000
11854.2998100000 -8.7772630000 8.3618940000
11855.5000000000 -8.7875480000 8.3604350000
11856.5996100000 -8.7970910000 8.3590990000
11857.7002000000 -8.8067640000 8.3577620000
11858.9003900000 -8.8174490000 8.3563060000
11860.0000000000 -8.8273740000 8.3549720000
11861.0996100000 -8.8374280000 8.3536370000
11862.2998100000 -8.8485570000 8.3521800000
11863.4003900000 -8.8589000000 8.3508450000
11864.5000000000 -8.8693720000 8.3495120000
11865.7002000000 -8.8809600000 8.3480580000
11866.7998100000 -8.8917300000 8.3467250000
11867.9003900000 -8.9026700000 8.3453900000
11869.0996100000 -8.9147480000 8.3439390000
11870.2002000000 -8.9260010000 8.3426060000
11871.2998100000 -8.9374030000 8.3412740000
11872.5000000000 -8.9500410000 8.3398210000
11873.5996100000 -8.9617910000 8.3384900000
11874.7998100000 -8.9748090000 8.3370390000
11875.9003900000 -8.9869360000 8.3357080000
11877.0000000000 -8.9992350000 8.3343780000
11878.2002000000 -9.0128790000 8.3329260000
11879.2998100000 -9.0255770000 8.3315970000
11880.4003900000 -9.0384830000 8.3302670000
11881.5996100000 -9.0527730000 8.3288190000
11882.7002000000 -9.0661130000 8.3274900000
11883.9003900000 -9.0809140000 8.3260400000
11885.0000000000 -9.0947010000 8.3247130000
11886.0996100000 -9.1087190000 8.3233860000
11887.2998100000 -9.1242820000 8.3219390000
11888.4003900000 -9.1388150000 8.3206110000
11889.5996100000 -9.1549460000 8.3191640000
11890.7002000000 -9.1700170000 8.3178370000
11891.7998100000 -9.1853440000 8.3165110000
11893.0000000000 -9.2023840000 8.3150650000
11894.0996100000 -9.2183040000 8.3137410000
11895.2998100000 -9.2360290000 8.3122950000
11896.4003900000 -9.2525990000 8.3109690000
11897.5000000000 -9.2694750000 8.3096460000
11898.7002000000 -9.2882680000 8.3082020000
11899.7998100000 -9.3058540000 8.3068790000
11901.0000000000 -9.3254650000 8.3054340000
11902.0996100000 -9.3438170000 8.3041120000
11903.2998100000 -9.3642820000 8.3026700000
11903.8203100000 -9.3733130000 8.3020440000
11904.4003900000 -9.3834960000 8.3013460000
11905.5000000000 -9.4030980000 8.3000240000
11906.7002000000 -9.4249880000 8.2985830000
11907.7998100000 -9.4455300000 8.2972620000
11909.0000000000 -9.4685090000 8.2958200000
11910.0996100000 -9.4900780000 8.2945000000
11911.2998100000 -9.5142130000 8.2930600000
11912.4003900000 -9.5369290000 8.2917390000
11913.5996100000 -9.5623550000 8.2903000000
11914.7002000000 -9.5863170000 8.2889800000
11915.7998100000 -9.6109000000 8.2876620000
11917.0000000000 -9.6384920000 8.2862230000
11918.0996100000 -9.6645260000 8.2849050000
11919.2998100000 -9.6938140000 8.2834670000
11920.4003900000 -9.7214960000 8.2821480000
11921.5996100000 -9.7526130000 8.2807130000
11922.7002000000 -9.7821230000 8.2793950000
11923.9003900000 -9.8154130000 8.2779580000
11925.0000000000 -9.8469700000 8.2766430000
11926.2002000000 -9.8826480000 8.2752080000
11927.2998100000 -9.9165740000 8.2738910000
11928.5000000000 -9.9550590000 8.2724560000
11929.5996100000 -9.9917220000 8.2711420000
11930.7002000000 -10.0298840000 8.2698260000
11931.9003900000 -10.0732950000 8.2683930000
11933.0000000000 -10.1148820000 8.2670790000
11934.2002000000 -10.1624450000 8.2656450000
11935.2998100000 -10.2081580000 8.2643320000
11936.5000000000 -10.2606260000 8.2629000000
11937.5996100000 -10.3113370000 8.2615880000
11938.7998100000 -10.3699050000 8.2601560000
11939.9003900000 -10.4268590000 8.2588420000
11941.0996100000 -10.4929130000 8.2574130000
11942.2002000000 -10.5577910000 8.2561000000
11943.4003900000 -10.6336840000 8.2546700000
11944.5000000000 -10.7087670000 8.2533600000
11945.7002000000 -10.7978270000 8.2519290000
11946.7998100000 -10.8870480000 8.2506200000
11948.0000000000 -10.9944780000 8.2491910000
11949.0996100000 -11.1042510000 8.2478820000
11950.2998100000 -11.2396920000 8.2464530000
11951.5000000000 -11.3961530000 8.2450260000
11952.5996100000 -11.5646340000 8.2437180000
11953.7998100000 -11.7877700000 8.2422900000
11954.9003900000 -12.0471280000 8.2409810000
11956.0996100000 -12.4341990000 8.2395560000
11957.2002000000 -12.9968470000 8.2382490000
11958.4003900000 -14.6473520000 8.2368220000
11959.5000000000 -13.6511710000 1.4650270000
11960.7002000000 -12.7074190000 1.4630770000
11961.7998100000 -12.2552640000 1.4612890000
11963.0000000000 -11.9168580000 1.4593390000
11964.0996100000 -11.6811680000 1.4575530000
11965.2998100000 -11.4731960000 1.4556050000
11966.4003900000 -11.3131050000 1.4538170000
11967.5996100000 -11.1626030000 1.4518700000
11968.7998100000 -11.0309840000 1.4499240000
11969.9003900000 -10.9231940000 1.4481370000
11971.0996100000 -10.8170130000 1.4461920000
11972.2002000000 -10.7281750000 1.4444070000
11973.4003900000 -10.6391230000 1.4424620000
11974.5000000000 -10.5635800000 1.4406810000
11975.7002000000 -10.4867860000 1.4387350000
11976.7998100000 -10.4210000000 1.4369540000
11978.0000000000 -10.3535590000 1.4350110000
11979.2002000000 -10.2900630000 1.4330660000
11980.2998100000 -10.2350360000 1.4312870000
11981.5000000000 -10.1780440000 1.4293450000
11982.5996100000 -10.1283320000 1.4275670000
11983.7998100000 -10.0765440000 1.4256250000
11985.0000000000 -10.0271620000 1.4236840000
11986.0996100000 -9.9837970000 1.4219060000
11987.2998100000 -9.9383450000 1.4199670000
11988.4003900000 -9.8982910000 1.4181880000
11989.5996100000 -9.8562770000 1.4162520000
11990.7002000000 -9.8190800000 1.4144740000
11991.9003900000 -9.7798960000 1.4125360000
11993.0996100000 -9.7421260000 1.4106010000
11994.2002000000 -9.7085620000 1.4088250000
11995.4003900000 -9.6730790000 1.4068880000
11996.5000000000 -9.6415610000 1.4051140000
11997.7002000000 -9.6081720000 1.4031800000
11998.9003900000 -9.5757420000 1.4012440000
12000.0000000000 -9.5468560000 1.3994720000
12001.2002000000 -9.5161790000 1.3975390000
12002.4003900000 -9.4863070000 1.3956050000
12003.5000000000 -9.4596410000 1.3938340000
12004.7002000000 -9.4312380000 1.3919010000
12005.7998100000 -9.4058500000 1.3901310000
12007.0000000000 -9.3787980000 1.3882000000
12008.2002000000 -9.3523670000 1.3862690000
12009.2998100000 -9.3287010000 1.3845000000
12010.5000000000 -9.3034410000 1.3825700000
12011.7002000000 -9.2787220000 1.3806400000
12012.7998100000 -9.2565560000 1.3788730000
12014.0000000000 -9.2328620000 1.3769450000
12015.2002000000 -9.2096420000 1.3750170000
12016.2998100000 -9.1887920000 1.3732510000
12017.5000000000 -9.1664790000 1.3713250000
12018.5996100000 -9.1464110000 1.3695590000
12019.7998100000 -9.1249020000 1.3676330000
12021.0000000000 -9.1038140000 1.3657080000
12022.0996100000 -9.0848280000 1.3639450000
12023.2998100000 -9.0644580000 1.3620200000
12024.5000000000 -9.0444670000 1.3600960000
12025.5996100000 -9.0264510000 1.3583340000
12026.7998100000 -9.0071040000 1.3564100000
12028.0000000000 -8.9880980000 1.3544880000
12029.0996100000 -8.9709570000 1.3527270000
12030.2998100000 -8.9525340000 1.3508040000
12031.5000000000 -8.9344220000 1.3488850000
12032.5996100000 -8.9180730000 1.3471250000
12033.7998100000 -8.9004880000 1.3452040000
12035.0000000000 -8.8831870000 1.3432850000
12036.0996100000 -8.8675600000 1.3415270000
12037.2998100000 -8.8507410000 1.3396070000
12038.5000000000 -8.8341830000 1.3376900000
12039.7002000000 -8.8178500000 1.3357720000
12040.7998100000 -8.8030990000 1.3340150000
12042.0000000000 -8.7872200000 1.3320990000
12043.2002000000 -8.7715500000 1.3301820000
12044.2998100000 -8.7573880000 1.3284270000
12045.5000000000 -8.7421370000 1.3265120000
12046.7002000000 -8.7270770000 1.3245970000
12047.7998100000 -8.7134600000 1.3228440000
12049.0000000000 -8.6987880000 1.3209300000
12050.2002000000 -8.6842930000 1.3190160000
12051.4003900000 -8.6699940000 1.3171040000
12052.5000000000 -8.6570460000 1.3153520000
12053.7002000000 -8.6430760000 1.3134390000
12054.9003900000 -8.6292880000 1.3115290000
12056.0000000000 -8.6167970000 1.3097780000
12057.2002000000 -8.6033150000 1.3078670000
12058.4003900000 -8.5900040000 1.3059580000
12059.5996100000 -8.5768480000 1.3040490000
12060.7002000000 -8.5649150000 1.3022990000
12061.9003900000 -8.5520490000 1.3003910000
12063.0996100000 -8.5393290000 1.2984850000
12064.2998100000 -8.5267510000 1.2965770000
12065.4003900000 -8.5153360000 1.2948290000
12066.5996100000 -8.5030240000 1.2929230000
12067.7998100000 -8.4908470000 1.2910180000
12069.0000000000 -8.4787900000 1.2891120000
12070.0996100000 -8.4678630000 1.2873670000
12071.2998100000 -8.4560600000 1.2854630000
12072.5000000000 -8.4443730000 1.2835580000
12073.7002000000 -8.4328170000 1.2816550000
12074.7998100000 -8.4223290000 1.2799120000
12076.0000000000 -8.4109890000 1.2780080000
12077.2002000000 -8.3997730000 1.2761070000
12078.4003900000 -8.3886600000 1.2742050000
12079.5000000000 -8.3785800000 1.2724630000
12080.7002000000 -8.3676860000 1.2705630000
12081.9003900000 -8.3568900000 1.2686620000
12083.0996100000 -8.3462150000 1.2667650000
12084.2002000000 -8.3365060000 1.2650230000
12085.4003900000 -8.3260100000 1.2631240000
12086.5996100000 -8.3156290000 1.2612290000
12087.7998100000 -8.3053300000 1.2593300000
12089.0000000000 -8.2951350000 1.2574330000
12090.0996100000 -8.2858730000 1.2556950000
12091.2998100000 -8.2758490000 1.2537980000
12092.5000000000 -8.2659240000 1.2519040000
12093.7002000000 -8.2560820000 1.2500080000
12094.9003900000 -8.2463350000 1.2481140000
12096.0000000000 -8.2374780000 1.2463780000
12097.2002000000 -8.2278890000 1.2444840000
12098.4003900000 -8.2183920000 1.2425910000
12099.5996100000 -8.2089780000 1.2406990000
12100.7998100000 -8.1996450000 1.2388080000
12101.9003900000 -8.1911550000 1.2370730000
12103.0996100000 -8.1819750000 1.2351820000
12104.2998100000 -8.1728740000 1.2332920000
12105.5000000000 -8.1638430000 1.2314000000
12106.7002000000 -8.1548950000 1.2295110000
12107.7998100000 -8.1467580000 1.2277800000
12109.0000000000 -8.1379450000 1.2258900000
12110.2002000000 -8.1292120000 1.2240030000
12111.4003900000 -8.1205430000 1.2221140000
12112.5996100000 -8.1119590000 1.2202290000
12113.7998100000 -8.1034310000 1.2183410000
12114.9003900000 -8.0956750000 1.2166110000
12116.0996100000 -8.0872910000 1.2147270000
12117.2998100000 -8.0789610000 1.2128410000
12118.5000000000 -8.0707040000 1.2109570000
12119.7002000000 -8.0625060000 1.2090710000
12136.5693400000 -7.9537860000 1.1826350000
12362.5996100000 -7.2250210000 0.8375130000
12363.7998100000 -7.2241890000 0.8357240000
12365.0000000000 -7.2233970000 0.8339370000
12366.2998100000 -7.2225840000 0.8320010000
12367.5000000000 -7.2218740000 0.8302140000
12368.7002000000 -7.2212050000 0.8284270000
12370.0000000000 -7.2205260000 0.8264930000
12371.2002000000 -7.2199420000 0.8247070000
12372.5000000000 -7.2193560000 0.8227730000
12373.7002000000 -7.2188590000 0.8209900000
12373.8701200000 -7.2187920000 0.8207370000
12374.9003900000 -7.2184040000 0.8192040000
12376.2002000000 -7.2179600000 0.8172740000
12377.4003900000 -7.2175950000 0.8154910000
12378.5996100000 -7.2172740000 0.8137090000
12379.9003900000 -7.2169770000 0.8117780000
12381.0996100000 -7.2167490000 0.8099970000
12382.2998100000 -7.2165660000 0.8082160000
12383.5996100000 -7.2164200000 0.8062880000
12384.7998100000 -7.2163340000 0.8045060000
12386.0000000000 -7.2162960000 0.8027270000
12387.2998100000 -7.2163080000 0.8007990000
12388.5000000000 -7.2163690000 0.7990200000
12389.7998100000 -7.2164910000 0.7970930000
12391.0000000000 -7.2166550000 0.7953170000
12392.2002000000 -7.2168700000 0.7935380000
12393.5000000000 -7.2171610000 0.7916140000
12394.7002000000 -7.2174830000 0.7898370000
12396.0000000000 -7.2178910000 0.7879130000
12397.2002000000 -7.2183240000 0.7861370000
12398.4003900000 -7.2188120000 0.7843630000
12399.7002000000 -7.2194010000 0.7824400000
12400.9003900000 -7.2200040000 0.7806650000
12402.2002000000 -7.2207200000 0.7787460000
12403.4003900000 -7.2214430000 0.7769710000
12404.5996100000 -7.2222220000 0.7752010000
12405.9003900000 -7.2231360000 0.7732790000
12407.0996100000 -7.2240410000 0.7715080000
12408.4003900000 -7.2250930000 0.7695880000
12409.5996100000 -7.2261280000 0.7678190000
12410.7998100000 -7.2272270000 0.7660470000
12412.0996100000 -7.2284910000 0.7641310000
12413.2998100000 -7.2297270000 0.7623620000
12414.5996100000 -7.2311420000 0.7604460000
12415.7998100000 -7.2325200000 0.7586760000
12417.0996100000 -7.2340920000 0.7567610000
12418.2998100000 -7.2356160000 0.7549930000
12419.5000000000 -7.2372150000 0.7532250000
12420.7998100000 -7.2390290000 0.7513120000
12422.0000000000 -7.2407830000 0.7495460000
12423.2998100000 -7.2427700000 0.7476340000
12424.5000000000 -7.2446870000 0.7458680000
12425.7998100000 -7.2468530000 0.7439580000
12427.0000000000 -7.2489400000 0.7421920000
12428.2998100000 -7.2512960000 0.7402810000
12429.5000000000 -7.2535590000 0.7385190000
12430.7998100000 -7.2561110000 0.7366090000
12432.0000000000 -7.2585620000 0.7348450000
12433.2002000000 -7.2611030000 0.7330840000
12434.5000000000 -7.2639630000 0.7311750000
12435.7002000000 -7.2667060000 0.7294140000
12437.0000000000 -7.2697870000 0.7275070000
12438.2002000000 -7.2727380000 0.7257470000
12439.5000000000 -7.2760520000 0.7238410000
12440.7002000000 -7.2792240000 0.7220800000
12442.0000000000 -7.2827840000 0.7201760000
12443.2002000000 -7.2861860000 0.7184180000
12444.5000000000 -7.2900040000 0.7165140000
12445.7002000000 -7.2936550000 0.7147550000
12447.0000000000 -7.2977430000 0.7128530000
12448.2002000000 -7.3016540000 0.7110970000
12449.5000000000 -7.3060350000 0.7091940000
12450.7002000000 -7.3102190000 0.7074390000
12452.0000000000 -7.3149080000 0.7055380000
12453.2002000000 -7.3193870000 0.7037830000
12454.5000000000 -7.3244040000 0.7018820000
12455.7002000000 -7.3291930000 0.7001300000
12457.0000000000 -7.3345590000 0.6982310000
12458.2002000000 -7.3396850000 0.6964770000
12459.5000000000 -7.3454260000 0.6945790000
12460.7002000000 -7.3509060000 0.6928270000
12462.0000000000 -7.3570470000 0.6909300000
12463.2002000000 -7.3629160000 0.6891780000
12464.5000000000 -7.3694890000 0.6872830000
12465.7002000000 -7.3757670000 0.6855330000
12467.0000000000 -7.3828060000 0.6836380000
12468.2998100000 -7.3901030000 0.6817440000
12469.5000000000 -7.3970760000 0.6799960000
12470.7998100000 -7.4049000000 0.6781020000
12472.0000000000 -7.4123860000 0.6763530000
12473.2998100000 -7.4207840000 0.6744600000
12474.5000000000 -7.4288190000 0.6727140000
12475.7998100000 -7.4378450000 0.6708230000
12477.0000000000 -7.4464950000 0.6690760000
12478.2998100000 -7.4562120000 0.6671860000
12479.5996100000 -7.4663170000 0.6652960000
12480.7998100000 -7.4760050000 0.6635510000
12482.0996100000 -7.4869160000 0.6616630000
12483.2998100000 -7.4973970000 0.6599180000
12484.5996100000 -7.5092050000 0.6580310000
12485.7998100000 -7.5205560000 0.6562880000
12487.0996100000 -7.5333720000 0.6544010000
12488.4003900000 -7.5467730000 0.6525140000
12489.5996100000 -7.5596670000 0.6507740000
12490.9003900000 -7.5742870000 0.6488870000
12492.0996100000 -7.5883920000 0.6471470000
12493.4003900000 -7.6044100000 0.6452620000
12494.5996100000 -7.6198870000 0.6435240000
12495.9003900000 -7.6375210000 0.6416390000
12497.2002000000 -7.6560880000 0.6397560000
12498.4003900000 -7.6741510000 0.6380170000
12499.7002000000 -7.6947840000 0.6361350000
12500.9003900000 -7.7149140000 0.6343980000
12502.2002000000 -7.7380200000 0.6325180000
12503.5000000000 -7.7626170000 0.6306370000
12504.7002000000 -7.7868090000 0.6289010000
12506.0000000000 -7.8147600000 0.6270220000
12507.2002000000 -7.8424440000 0.6252860000
12508.5000000000 -7.8746830000 0.6234080000
12509.7998100000 -7.9096210000 0.6215300000
12511.0000000000 -7.9446340000 0.6197970000
12512.2998100000 -7.9860710000 0.6179200000
12513.5996100000 -8.0318210000 0.6160430000
12514.7998100000 -8.0786900000 0.6143100000
12516.0996100000 -8.1355480000 0.6124350000
12517.2998100000 -8.1950620000 0.6107040000
12518.5996100000 -8.2693880000 0.6088290000
12519.9003900000 -8.3575320000 0.6069550000
12521.0996100000 -8.4560380000 0.6052260000
12522.4003900000 -8.5912270000 0.6033510000
12523.7002000000 -8.7766730000 0.6014800000
12524.9003900000 -9.0422100000 0.5997510000
12526.2002000000 -9.7132110000 0.5978780000
12527.5000000000 -9.4648850000 2.2538430000
12528.7002000000 -8.9777390000 2.2520470000
12530.0000000000 -8.7094630000 2.2501010000
12531.2998100000 -8.5301950000 2.2481560000
12532.5000000000 -8.4041170000 2.2463590000
12533.7998100000 -8.2934340000 2.2444130000
12535.0996100000 -8.2007530000 2.2424700000
12536.2998100000 -8.1266540000 2.2406760000
12537.5996100000 -8.0556970000 2.2387320000
12538.9003900000 -7.9922650000 2.2367880000
12540.0996100000 -7.9391870000 2.2349970000
12541.4003900000 -7.8863750000 2.2330530000
12542.7002000000 -7.8377560000 2.2311120000
12543.9003900000 -7.7959720000 2.2293190000
12545.2002000000 -7.7536440000 2.2273790000
12546.5000000000 -7.7139590000 2.2254380000
12547.7998100000 -7.6764040000 2.2234990000
12549.0000000000 -7.6437070000 2.2217090000
12550.2998100000 -7.6099610000 2.2197700000
12551.5996100000 -7.5778200000 2.2178330000
12552.7998100000 -7.5494200000 2.2160430000
12554.0996100000 -7.5199370000 2.2141060000
12555.4003900000 -7.4916300000 2.2121670000
12556.5996100000 -7.4665130000 2.2103820000
12557.9003900000 -7.4402230000 2.2084450000
12559.2002000000 -7.4148760000 2.2065090000
12560.5000000000 -7.3903820000 2.2045740000
12561.7002000000 -7.3684760000 2.2027880000
12563.0000000000 -7.3454470000 2.2008540000
12564.2998100000 -7.3231020000 2.1989210000
12565.5996100000 -7.3013940000 2.1969880000
12566.7998100000 -7.2818750000 2.1952030000
12568.0996100000 -7.2612820000 2.1932720000
12569.4003900000 -7.2412020000 2.1913390000
12570.7002000000 -7.2216330000 2.1894070000
12571.9003900000 -7.2039870000 2.1876250000
12573.2002000000 -7.1852940000 2.1856950000
12574.5000000000 -7.1670200000 2.1837650000
12575.7998100000 -7.1491430000 2.1818360000
12577.0000000000 -7.1329780000 2.1800560000
12578.2998100000 -7.1158090000 2.1781270000
12579.5996100000 -7.0989810000 2.1762000000
12580.9003900000 -7.0824670000 2.1742710000
12582.0996100000 -7.0675110000 2.1724920000
12583.4003900000 -7.0515810000 2.1705650000
12584.7002000000 -7.0359470000 2.1686380000
12586.0000000000 -7.0205840000 2.1667130000
12587.2002000000 -7.0066360000 2.1649360000
12588.5000000000 -6.9917630000 2.1630120000
12589.7998100000 -6.9771300000 2.1610880000
12591.0996100000 -6.9627280000 2.1591640000
12592.4003900000 -6.9485360000 2.1572390000
12593.5996100000 -6.9356470000 2.1554660000
12594.9003900000 -6.9218580000 2.1535430000
12596.2002000000 -6.9082770000 2.1516210000
12597.5000000000 -6.8948870000 2.1496990000
12598.7998100000 -6.8816810000 2.1477790000
12600.0000000000 -6.8696400000 2.1460050000
12601.2998100000 -6.8567710000 2.1440850000
12602.5996100000 -6.8440770000 2.1421670000
12603.9003900000 -6.8315240000 2.1402460000
12605.2002000000 -6.8191380000 2.1383280000
12606.4003900000 -6.8078300000 2.1365570000
12607.7002000000 -6.7957280000 2.1346390000
12609.0000000000 -6.7837690000 2.1327220000
12610.2998100000 -6.7719460000 2.1308050000
12611.5996100000 -6.7602580000 2.1288890000
12612.9003900000 -6.7486910000 2.1269710000
12614.0996100000 -6.7381420000 2.1252050000
12615.4003900000 -6.7268140000 2.1232890000
12615.8105500000 -6.7232680000 2.1226850000
12616.7002000000 -6.7156130000 2.1213750000
12618.0000000000 -6.7045270000 2.1194610000
12619.2998100000 -6.6935550000 2.1175480000
12620.5996100000 -6.6826930000 2.1156350000
12621.7998100000 -6.6727610000 2.1138700000
12623.0996100000 -6.6621010000 2.1119580000
12624.4003900000 -6.6515360000 2.1100440000
12625.7002000000 -6.6410760000 2.1081330000
12627.0000000000 -6.6307140000 2.1062230000
12628.2998100000 -6.6204450000 2.1043130000
12629.5996100000 -6.6102690000 2.1024040000
12630.7998100000 -6.6009490000 2.1006390000
12632.0996100000 -6.5909500000 2.0987320000
12633.4003900000 -6.5810230000 2.0968230000
12634.7002000000 -6.5711870000 2.0949140000
12636.0000000000 -6.5614330000 2.0930070000
12637.2998100000 -6.5517590000 2.0911010000
12638.5996100000 -6.5421630000 2.0891940000
12639.9003900000 -6.5326370000 2.0872870000
12641.0996100000 -6.5239180000 2.0855280000
12642.4003900000 -6.5145340000 2.0836220000
12643.7002000000 -6.5052300000 2.0817170000
12645.0000000000 -6.4959960000 2.0798130000
12646.2998100000 -6.4868380000 2.0779100000
12647.5996100000 -6.4777400000 2.0760080000
12648.9003900000 -6.4687030000 2.0741030000
12650.2002000000 -6.4597370000 2.0722020000
12651.5000000000 -6.4508340000 2.0702990000
12652.7998100000 -6.4419940000 2.0683980000
12654.0000000000 -6.4338830000 2.0666430000
12655.2998100000 -6.4251600000 2.0647420000
12656.5996100000 -6.4164960000 2.0628420000
12657.9003900000 -6.4078840000 2.0609420000
12659.2002000000 -6.3993340000 2.0590420000
12660.5000000000 -6.3908470000 2.0571450000
12661.7998100000 -6.3824090000 2.0552470000
12663.0996100000 -6.3740240000 2.0533490000
12664.4003900000 -6.3656870000 2.0514510000
12665.7002000000 -6.3574080000 2.0495540000
12667.0000000000 -6.3491790000 2.0476580000
12668.2998100000 -6.3410020000 2.0457620000
12669.5996100000 -6.3328730000 2.0438670000
12670.9003900000 -6.3247870000 2.0419710000
12672.2002000000 -6.3167550000 2.0400760000
12673.4003900000 -6.3093830000 2.0383280000
12674.7002000000 -6.3014410000 2.0364350000
12676.0000000000 -6.2935450000 2.0345420000
12677.2998100000 -6.2856930000 2.0326490000
12678.5996100000 -6.2778850000 2.0307570000
12679.9003900000 -6.2701160000 2.0288640000
12681.2002000000 -6.2623940000 2.0269730000
12682.5000000000 -6.2547150000 2.0250830000
12683.7998100000 -6.2470780000 2.0231920000
12685.0996100000 -6.2394810000 2.0213020000
12686.4003900000 -6.2319190000 2.0194120000
12687.7002000000 -6.2244020000 2.0175230000
12689.0000000000 -6.2169250000 2.0156350000
12690.2998100000 -6.2094860000 2.0137460000
12691.5996100000 -6.2020850000 2.0118590000
12692.9003900000 -6.1947160000 2.0099710000
12694.2002000000 -6.1873890000 2.0080840000
12695.5000000000 -6.1800980000 2.0061980000
12696.7998100000 -6.1728430000 2.0043130000
12698.0996100000 -6.1656280000 2.0024290000
12699.4003900000 -6.1584370000 2.0005430000
12700.7002000000 -6.1512830000 1.9986590000
12702.0000000000 -6.1441560000 1.9967750000
12703.2998100000 -6.1370320000 1.9948910000
12704.5996100000 -6.1315050000 1.9930090000
12705.9003900000 -6.1243280000 1.9911250000
12707.2002000000 -6.1173270000 1.9892440000
12708.5000000000 -6.1103690000 1.9873630000
12709.7998100000 -6.1034460000 1.9854820000
12711.0996100000 -6.0965550000 1.9836030000
12712.4003900000 -6.0896910000 1.9817210000
12713.7002000000 -6.0828630000 1.9798420000
12715.0000000000 -6.0760660000 1.9779630000
12716.2998100000 -6.0692970000 1.9760850000
12862.4814500000 -5.4405140000 1.7677380000
13113.9746100000 -4.6761610000 1.4222160000
13370.3857400000 -4.0935620000 1.0858190000
13631.8105500000 -3.6176660000 0.7582850000
13898.3466800000 -3.2128670000 0.4389490000
14170.0937500000 -2.8663960000 0.1278050000
14447.1543000000 -2.5640710000 9.8247510000
14729.6328100000 -2.2979380000 9.5295710000
15017.6337900000 -2.0622120000 9.2420580000
15311.2666000000 -1.8525060000 8.9620110000
15610.6396500000 -1.6529440000 8.6887270000
15915.8671900000 -1.4853170000 8.4204710000
16227.0615200000 -1.3353170000 8.1588930000
16544.3418000000 -1.2281580000 7.9080760000
16867.8242200000 -1.1103210000 7.6652130000
17197.6328100000 -1.0049650000 7.4292380000
17533.8906300000 -0.9108810000 7.1999780000
17876.7207000000 -0.8270110000 6.9772600000
18226.2558600000 -0.7524300000 6.7609130000
18582.6250000000 -0.6863420000 6.5507760000
18945.9628900000 -0.6279650000 6.3466840000
19316.4023400000 -0.5766740000 6.1484830000
19694.0878900000 -0.5318840000 5.9560160000
20079.1562500000 -0.4930670000 5.7691340000
20471.7539100000 -0.4597460000 5.5876900000
20872.0273400000 -0.4319600000 5.4115420000
21280.1289100000 -0.4090700000 5.2405890000
21696.2070300000 -0.3897880000 5.0746900000
22120.4238300000 -0.3744770000 4.9136730000
22552.9335900000 -0.3628370000 4.7574090000
22993.8984400000 -0.3545910000 4.6057670000
23443.4882800000 -0.3494870000 4.4586220000
23901.8671900000 -0.3472890000 4.3158550000
24369.2070300000 -0.3504380000 4.1776170000
24845.6875000000 -0.3534420000 4.0435320000
25331.4824200000 -0.3591810000 3.9135040000
25826.7753900000 -0.3666040000 3.7874160000
26331.7539100000 -0.3759880000 3.6651370000
26846.6054700000 -0.3871950000 3.5467340000
27371.5234400000 -0.4000460000 3.4323900000
27906.7070300000 -0.4143890000 3.3215730000
28452.3515600000 -0.4301080000 3.2141820000
29008.6660200000 -0.4470990000 3.1101140000
29575.8593800000 -0.4652670000 3.0092710000
30154.1406300000 -0.4845230000 2.9115570000
30743.7304700000 -0.5047890000 2.8168800000
31344.8476600000 -0.5259920000 2.7251490000
31957.7168000000 -0.5480660000 2.6362770000
32582.5703100000 -0.5709530000 2.5501790000
33219.6406300000 -0.5946000000 2.4667710000
33869.1679700000 -0.6189610000 2.3859730000
34531.3945300000 -0.6439950000 2.3077080000
35206.5703100000 -0.6696680000 2.2318980000
35894.9492200000 -0.6959510000 2.1584700000
36596.7851600000 -0.7228210000 2.0873540000
37312.3437500000 -0.7502600000 2.0184780000
38041.8906300000 -0.7777110000 1.9517730000
38785.7070300000 -0.8062420000 1.8871720000
39544.0625000000 -0.8353260000 1.8246140000
40317.2500000000 -0.8650910000 1.7640390000
41105.5546900000 -0.8953060000 1.7053870000
41909.2695300000 -0.9262120000 1.6486000000
42728.6992200000 -0.9576410000 1.5936210000
43564.1523400000 -0.9897280000 1.5403940000
44415.9414100000 -1.0225230000 1.4888640000
45284.3867200000 -1.0560810000 1.4389800000
46169.8085900000 -1.0910680000 1.3907120000
47072.5429700000 -1.1263790000 1.3440060000
47992.9296900000 -1.1627090000 1.2987980000
48931.3125000000 -1.2001810000 1.2550420000
49888.0429700000 -1.2389420000 1.2126950000
50863.4765600000 -1.2796470000 1.1717170000
51857.9843800000 -1.3232190000 1.1320710000
52871.9375000000 -1.3670360000 1.0938000000
53905.7187500000 -1.4130950000 1.0567670000
54959.7109400000 -1.4639180000 1.0210160000
56034.3085900000 -1.5157170000 0.9864730000
57129.9218800000 -1.5712200000 0.9530560000
58246.9531300000 -1.6325750000 0.9207610000
59385.8281300000 -1.6980820000 0.8895220000
60546.9687500000 -1.7704880000 0.8593060000
61730.8125000000 -1.8517020000 0.8300790000
62937.8046900000 -1.9444080000 0.8018100000
64168.3984400000 -2.0528490000 0.7744680000
65423.0507800000 -2.1835690000 0.7480240000
66337.2968800000 -2.2970410000 0.7296080000
66372.7968800000 -2.3018440000 0.7289070000
66408.2968800000 -2.3066810000 0.7282070000
66443.8984400000 -2.3115670000 0.7275060000
66479.5000000000 -2.3164860000 0.7268060000
66515.2031300000 -2.3214550000 0.7261050000
66550.8984400000 -2.3264580000 0.7254050000
66586.7031300000 -2.3315140000 0.7247040000
66622.3984400000 -2.3365910000 0.7240060000
66658.2031300000 -2.3417220000 0.7233070000
66694.1015600000 -2.3469040000 0.7226070000
66702.2343800000 -2.3480830000 0.7224490000
66730.0000000000 -2.3521260000 0.7219090000
66765.8984400000 -2.3573870000 0.7212110000
66801.8984400000 -2.3627030000 0.7205120000
66837.8984400000 -2.3680610000 0.7198150000
66874.0000000000 -2.3734760000 0.7191160000
66910.1015600000 -2.3789330000 0.7184190000
66946.2031300000 -2.3844340000 0.7177220000
66982.3984400000 -2.3899930000 0.7170250000
67018.6015600000 -2.3955990000 0.7163290000
67054.7968800000 -2.4012490000 0.7156330000
67091.1015600000 -2.4069630000 0.7149370000
67127.3984400000 -2.4127230000 0.7142420000
67163.7968800000 -2.4185480000 0.7135460000
67200.2031300000 -2.4244230000 0.7128510000
67236.6015600000 -2.4303480000 0.7121570000
67273.1015600000 -2.4363410000 0.7114620000
67309.6015600000 -2.4423850000 0.7107680000
67346.2031300000 -2.4485010000 0.7100730000
67382.7968800000 -2.4546680000 0.7093800000
67419.3984400000 -2.4608920000 0.7086870000
67456.1015600000 -2.4671910000 0.7079940000
67492.7968800000 -2.4735470000 0.7073010000
67529.6015600000 -2.4799800000 0.7066080000
67566.3984400000 -2.4864720000 0.7059150000
67603.2031300000 -2.4930270000 0.7052240000
67640.1015600000 -2.4996600000 0.7045320000
67677.0000000000 -2.5063590000 0.7038410000
67714.0000000000 -2.5131410000 0.7031490000
67751.0000000000 -2.5199900000 0.7024580000
67788.1015600000 -2.5269270000 0.7017660000
67825.1015600000 -2.5339140000 0.7010770000
67862.2968800000 -2.5410090000 0.7003860000
67899.3984400000 -2.5481600000 0.6996970000
67936.6015600000 -2.5554040000 0.6990080000
67973.8984400000 -2.5627440000 0.6983170000
68006.4296900000 -2.5692090000 0.6977160000
68011.2031300000 -2.5701620000 0.6976280000
68048.5000000000 -2.5776600000 0.6969400000
68085.8984400000 -2.5852600000 0.6962510000
68123.2968800000 -2.5929440000 0.6955630000
68160.7031300000 -2.6007150000 0.6948760000
68198.2031300000 -2.6085930000 0.6941880000
68235.7031300000 -2.6165610000 0.6935010000
68273.2968800000 -2.6246420000 0.6928140000
68310.8984400000 -2.6328180000 0.6921270000
68348.6015600000 -2.6411140000 0.6914400000
68386.2968800000 -2.6495090000 0.6907540000
68424.0000000000 -2.6580070000 0.6900680000
68461.7968800000 -2.6666300000 0.6893820000
68499.6015600000 -2.6753630000 0.6886970000
68537.5000000000 -2.6842270000 0.6880110000
68575.3984400000 -2.6932070000 0.6873270000
68613.3984400000 -2.7023260000 0.6866410000
68651.3984400000 -2.7115660000 0.6859570000
68689.3984400000 -2.7209290000 0.6852730000
68727.5000000000 -2.7304440000 0.6845890000
68765.6015600000 -2.7400890000 0.6839060000
68803.7031300000 -2.7498680000 0.6832240000
68841.8984400000 -2.7598090000 0.6825410000
68880.2031300000 -2.7699220000 0.6818570000
68918.5000000000 -2.7801810000 0.6811750000
68956.7968800000 -2.7905880000 0.6804930000
68995.2031300000 -2.8011830000 0.6798110000
69033.6015600000 -2.8119370000 0.6791290000
69072.1015600000 -2.8228850000 0.6784480000
69110.6015600000 -2.8340080000 0.6777660000
69149.1015600000 -2.8453050000 0.6770870000
69187.7031300000 -2.8568170000 0.6764060000
69226.2968800000 -2.8685140000 0.6757260000
69265.0000000000 -2.8804420000 0.6750460000
69303.7031300000 -2.8925740000 0.6743670000
69336.1250000000 -2.9028990000 0.6737980000
69342.5000000000 -2.9049450000 0.6736870000
69381.2968800000 -2.9175340000 0.6730080000
69420.1015600000 -2.9303550000 0.6723300000
69459.0000000000 -2.9434380000 0.6716510000
69498.0000000000 -2.9568020000 0.6709720000
69536.8984400000 -2.9703820000 0.6702950000
69576.0000000000 -2.9842990000 0.6696160000
69615.0000000000 -2.9984540000 0.6689400000
69654.1015600000 -3.0129300000 0.6682630000
69693.2968800000 -3.0277420000 0.6675850000
69732.5000000000 -3.0428640000 0.6669090000
69771.7031300000 -3.0583130000 0.6662330000
69811.0000000000 -3.0741340000 0.6655570000
69850.2968800000 -3.0903120000 0.6648820000
69889.7031300000 -3.1069050000 0.6642060000
69929.1015600000 -3.1238820000 0.6635310000
69968.6015600000 -3.1413140000 0.6628550000
70008.1015600000 -3.1591700000 0.6621810000
70047.7031300000 -3.1775250000 0.6615060000
70087.2031300000 -3.1963010000 0.6608330000
70126.8984400000 -3.2156710000 0.6601590000
70166.6015600000 -3.2355720000 0.6594850000
70206.2968800000 -3.2560230000 0.6588120000
70246.1015600000 -3.2771170000 0.6581390000
70285.8984400000 -3.2988300000 0.6574670000
70325.7968800000 -3.3212630000 0.6567940000
70365.7031300000 -3.3443980000 0.6561220000
70405.6015600000 -3.3682800000 0.6554510000
70445.7031300000 -3.3930820000 0.6547780000
70485.7031300000 -3.4186760000 0.6541080000
70525.7968800000 -3.4452440000 0.6534370000
70565.8984400000 -3.4727980000 0.6527670000
70606.1015600000 -3.5014850000 0.6520960000
70646.2968800000 -3.5313020000 0.6514260000
70686.6015600000 -3.5624440000 0.6507560000
70691.8203100000 -3.5665720000 0.6506690000
70727.0000000000 -3.5950060000 0.6500850000
70767.2968800000 -3.6289520000 0.6494170000
70807.7031300000 -3.6645900000 0.6487480000
70848.2031300000 -3.7020810000 0.6480790000
70888.7031300000 -3.7415120000 0.6474110000
70929.2968800000 -3.7831990000 0.6467420000
70969.8984400000 -3.8273020000 0.6460740000
71010.5000000000 -3.8740920000 0.6454070000
71051.2031300000 -3.9240520000 0.6447400000
71091.8984400000 -3.9774670000 0.6440730000
71132.7031300000 -4.0350170000 0.6434060000
71173.6015600000 -4.0973150000 0.6427390000
71214.3984400000 -4.1648830000 0.6420740000
71255.3984400000 -4.2392340000 0.6414070000
71296.2968800000 -4.3211630000 0.6407430000
71337.3984400000 -4.4131210000 0.6400760000
71378.3984400000 -4.5169520000 0.6394120000
71419.6015600000 -4.6371130000 0.6387460000
71460.7031300000 -4.7782920000 0.6380820000
71501.8984400000 -4.9503210000 0.6374180000
71543.2031300000 -5.1701630000 0.6367540000
71584.5000000000 -5.4731350000 0.6360900000
71625.7968800000 -5.9617240000 0.6354280000
71667.2968800000 -7.3722800000 0.6347630000
71708.7031300000 -6.3295020000 3.2284030000
71750.2031300000 -5.6429980000 3.2257080000
71791.7031300000 -5.2710220000 3.2230140000
71833.2968800000 -5.0133720000 3.2203150000
71875.0000000000 -4.8156630000 3.2176100000
71916.7031300000 -4.6553520000 3.2149060000
71958.3984400000 -4.5204450000 3.2122030000
72000.2031300000 -4.4036020000 3.2094940000
72042.0000000000 -4.3007700000 3.2067870000
72074.0234400000 -4.2295140000 3.2047130000
72083.8984400000 -4.2086610000 3.2040740000
72125.8984400000 -4.1252150000 3.2013550000
72167.7968800000 -4.0492620000 3.1986450000
72209.8984400000 -3.9790510000 3.1959220000
72251.8984400000 -3.9142150000 3.1932060000
72294.1015600000 -3.8535650000 3.1904790000
72336.2968800000 -3.7968270000 3.1877530000
72378.5000000000 -3.7435080000 3.1850280000
72420.7968800000 -3.6931160000 3.1822980000
72463.1015600000 -3.6454260000 3.1795680000
72505.5000000000 -3.6000700000 3.1768340000
72547.8984400000 -3.5569120000 3.1741000000
72590.3984400000 -3.5156440000 3.1713610000
72632.8984400000 -3.4762040000 3.1686240000
72675.5000000000 -3.4383350000 3.1658800000
72718.1015600000 -3.4019990000 3.1631380000
72760.7968800000 -3.3670000000 3.1603910000
72803.5000000000 -3.3333050000 3.1576450000
72846.2968800000 -3.3007500000 3.1548930000
72889.1015600000 -3.2693270000 3.1521430000
72932.0000000000 -3.2388890000 3.1493870000
72974.8984400000 -3.2094410000 3.1466330000
73017.8984400000 -3.1808530000 3.1438730000
73060.8984400000 -3.1531380000 3.1411140000
73104.0000000000 -3.1261820000 3.1383510000
73147.1015600000 -3.0999950000 3.1355880000
73190.2968800000 -3.0744870000 3.1328200000
73233.5000000000 -3.0496720000 3.1300540000
73276.7968800000 -3.0254590000 3.1272820000
73320.1015600000 -3.0018660000 3.1245110000
73363.5000000000 -2.9788150000 3.1217350000
73407.0000000000 -2.9562820000 3.1189540000
73450.3984400000 -2.9343350000 3.1161810000
73483.2500000000 -2.9180670000 3.1140820000
73494.0000000000 -2.9128050000 3.1133960000
73537.6015600000 -2.8917680000 3.1106120000
73581.2031300000 -2.8712050000 3.1078300000
73624.8984400000 -2.8510440000 3.1050420000
73668.7031300000 -2.8312710000 3.1022500000
73712.5000000000 -2.8119130000 3.0994580000
73756.2968800000 -2.7929580000 3.0966680000
73800.2031300000 -2.7743370000 3.0938730000
73844.2031300000 -2.7560470000 3.0910730000
73888.2031300000 -2.7381100000 3.0882740000
73932.2031300000 -2.7205180000 3.0854760000
73976.2968800000 -2.7032200000 3.0826740000
74020.5000000000 -2.6861970000 3.0798660000
74064.7031300000 -2.6694820000 3.0770590000
74109.0000000000 -2.6530310000 3.0742480000
74153.2968800000 -2.6368680000 3.0714380000
74197.7031300000 -2.6209460000 3.0686230000
74242.1015600000 -2.6052930000 3.0658090000
74286.6015600000 -2.5898700000 3.0629910000
74331.1015600000 -2.5746980000 3.0601740000
74375.7031300000 -2.5597390000 3.0573510000
74420.3984400000 -2.5449880000 3.0545240000
74465.1015600000 -2.5304650000 3.0516980000
74509.7968800000 -2.5161710000 3.0488740000
74554.6015600000 -2.5020600000 3.0460440000
74599.5000000000 -2.4881340000 3.0432100000
74644.3984400000 -2.4744160000 3.0403780000
74689.3984400000 -2.4608680000 3.0375400000
74734.3984400000 -2.4475180000 3.0347040000
74779.5000000000 -2.4343270000 3.0318630000
74824.6015600000 -2.4213250000 3.0290230000
74869.7968800000 -2.4084760000 3.0261790000
74915.0000000000 -2.3958030000 3.0233360000
74920.0312500000 -2.3944040000 3.0230200000
74960.2968800000 -2.3832760000 3.0204880000
75005.7031300000 -2.3708880000 3.0176350000
75051.1015600000 -2.3586670000 3.0147840000
75096.5000000000 -2.3466070000 3.0119350000
75142.0000000000 -2.3346730000 3.0090800000
75187.6015600000 -2.3228380000 3.0062210000
75233.2031300000 -2.3112600000 3.0033640000
75278.8984400000 -2.2997150000 3.0005010000
75324.6015600000 -2.2883260000 2.9976400000
75370.3984400000 -2.2770560000 2.9947750000
75416.2968800000 -2.2659000000 2.9919050000
75462.2031300000 -2.2548770000 2.9890360000
75508.1015600000 -2.2439890000 2.9861690000
75554.1015600000 -2.2332070000 2.9832970000
75600.2031300000 -2.2225270000 2.9804200000
75646.2968800000 -2.2119750000 2.9775460000
75692.5000000000 -2.2015190000 2.9746660000
75738.7968800000 -2.1911600000 2.9717820000
75785.1015600000 -2.1809190000 2.9688990000
75831.3984400000 -2.1707950000 2.9660180000
75877.7968800000 -2.1607600000 2.9631330000
75924.2968800000 -2.1508160000 2.9602430000
75970.7968800000 -2.1409800000 2.9573550000
76017.3984400000 -2.1312300000 2.9544610000
76064.0000000000 -2.1215840000 2.9515700000
76110.7031300000 -2.1120220000 2.9486730000
76157.5000000000 -2.1025410000 2.9457730000
76204.2968800000 -2.0931600000 2.9428740000
76251.1015600000 -2.0838770000 2.9399770000
76298.1015600000 -2.0746500000 2.9370690000
76345.0000000000 -2.0655380000 2.9341700000
76384.9062500000 -2.0578590000 2.9317040000
76392.1015600000 -2.0564800000 2.9312590000
76439.2031300000 -2.0475150000 2.9283500000
76486.2968800000 -2.0386400000 2.9254430000
76533.5000000000 -2.0298340000 2.9225310000
76580.7968800000 -2.0210990000 2.9196160000
76628.1015600000 -2.0124470000 2.9167010000
76675.5000000000 -2.0038640000 2.9137830000
76723.0000000000 -1.9953460000 2.9108600000
76770.5000000000 -1.9869100000 2.9079380000
76818.1015600000 -1.9785380000 2.9050130000
76865.7031300000 -1.9702460000 2.9020890000
76913.3984400000 -1.9620150000 2.8991610000
76961.1015600000 -1.9538600000 2.8962340000
77008.8984400000 -1.9457680000 2.8933040000
77056.7968800000 -1.9377330000 2.8903690000
77104.7031300000 -1.9297710000 2.8874350000
77152.7031300000 -1.9218670000 2.8844980000
77200.7031300000 -1.9140350000 2.8815620000
77248.7968800000 -1.9062610000 2.8786230000
77297.0000000000 -1.8985380000 2.8756780000
77345.2031300000 -1.8908860000 2.8727360000
77393.5000000000 -1.8832860000 2.8697890000
77441.7968800000 -1.8757550000 2.8668450000
77490.2031300000 -1.8682730000 2.8638960000
77538.7031300000 -1.8608440000 2.8609430000
77587.2031300000 -1.8534790000 2.8579910000
77635.7968800000 -1.8461650000 2.8550370000
77684.3984400000 -1.8389140000 2.8520830000
77733.1015600000 -1.8317100000 2.8491260000
77781.8984400000 -1.8245540000 2.8461640000
77830.7031300000 -1.8174590000 2.8432040000
77878.4218800000 -1.8105790000 2.8403120000
77879.6015600000 -1.8104110000 2.8402400000
77928.6015600000 -1.8034070000 2.8372720000
77977.6015600000 -1.7964650000 2.8343070000
79401.1406300000 -1.6174550000 2.7490200000
80953.6328100000 -1.4626180000 2.6615460000
82536.4765600000 -1.3343710000 2.5787700000
84150.2734400000 -1.2255890000 2.4988490000
85795.6250000000 -1.1320710000 2.4216780000
87473.1406300000 -1.0508440000 2.3471560000
89183.4609400000 -0.9797190000 2.2751840000
90927.2187500000 -0.9170300000 2.2056700000
92705.0781300000 -0.8614720000 2.1385220000
94517.6953100000 -0.8029550000 2.0723640000
96365.7500000000 -0.7580710000 2.0076880000
98249.9453100000 -0.7180370000 1.9448680000
100170.9766000000 -0.6822990000 1.8838550000
102129.5703000000 -0.6503870000 1.8246020000
104126.4609000000 -0.6219000000 1.7670630000
106162.3906000000 -0.5964910000 1.7111940000
108238.1328000000 -0.5738600000 1.6569500000
110354.4609000000 -0.5537430000 1.6042890000
112512.1641000000 -0.5359080000 1.5531690000
114712.0547000000 -0.5201480000 1.5035500000
116954.9688000000 -0.5062810000 1.4553900000
119241.7266000000 -0.4941410000 1.4086520000
121573.2031000000 -0.4835820000 1.3632980000
123950.2656000000 -0.4744700000 1.3192900000
126373.8047000000 -0.4666860000 1.2765920000
128844.7266000000 -0.4601200000 1.2351690000
131363.9688000000 -0.4546730000 1.1949860000
133932.4531000000 -0.4502540000 1.1560110000
136551.1719000000 -0.4467810000 1.1182090000
139221.0938000000 -0.4441770000 1.0815480000
141943.2188000000 -0.4423740000 1.0459980000
144718.5625000000 -0.4471130000 1.0118310000
147548.1719000000 -0.4467960000 0.9790390000
150433.1094000000 -0.4470480000 0.9472780000
153374.4531000000 -0.4478200000 0.9165170000
156373.2969000000 -0.4490660000 0.8867250000
159430.7969000000 -0.4507430000 0.8578730000
162548.0625000000 -0.4528130000 0.8299310000
165726.2813000000 -0.4552390000 0.8028720000
168966.6406000000 -0.4579890000 0.7766700000
172270.3750000000 -0.4610310000 0.7512960000
175638.6875000000 -0.4643360000 0.7267270000
179072.8594000000 -0.4678790000 0.7029380000
182574.1875000000 -0.4716350000 0.6799040000
186143.9688000000 -0.4755810000 0.6576020000
189783.5469000000 -0.4796970000 0.6360100000
193494.2969000000 -0.4839620000 0.6151050000
197277.5938000000 -0.4883590000 0.5948680000
201134.8594000000 -0.4928720000 0.5752760000
205067.5469000000 -0.4974840000 0.5563100000
209077.1406000000 -0.5021810000 0.5379510000
213165.1250000000 -0.5069500000 0.5201790000
217333.0313000000 -0.5117780000 0.5029770000
221582.4375000000 -0.5166560000 0.4863270000
225914.9219000000 -0.5215700000 0.4702120000
230332.1250000000 -0.5265130000 0.4546150000
234835.7031000000 -0.5314750000 0.4395190000
239427.3281000000 -0.5364470000 0.4249100000
244108.7344000000 -0.5414230000 0.4107730000
248881.6719000000 -0.5463940000 0.3970910000
253747.9219000000 -0.5513560000 0.3838520000
258709.3281000000 -0.5563000000 0.3710410000
263767.7500000000 -0.5612230000 0.3586440000
268925.0625000000 -0.5661180000 0.3466500000
274183.2188000000 -0.5709820000 0.3350450000
279544.1875000000 -0.5758100000 0.3238160000
285010.0000000000 -0.5805990000 0.3129530000
290582.6563000000 -0.5853440000 0.3024440000
296264.2500000000 -0.5900440000 0.2922760000
302056.9688000000 -0.5946940000 0.2824410000
307962.9375000000 -0.5992920000 0.2729270000
313984.3750000000 -0.6101460000 0.2639300000
320123.5625000000 -0.6146050000 0.2553920000
326382.7813000000 -0.6189890000 0.2471380000
332764.3750000000 -0.6232970000 0.2391600000
339270.7500000000 -0.6275280000 0.2314470000
345904.3438000000 -0.6316830000 0.2239920000
352667.6563000000 -0.6357600000 0.2167830000
359563.1875000000 -0.6397610000 0.2098150000
366593.5625000000 -0.6436830000 0.2030770000
373761.3750000000 -0.6475290000 0.1965630000
381069.3438000000 -0.6512980000 0.1902650000
388520.2188000000 -0.6549900000 0.1841750000
396116.7500000000 -0.6586060000 0.1782870000
403861.8125000000 -0.6621460000 0.1725930000
411758.3438000000 -0.6656120000 0.1670870000
419809.2500000000 -0.6690020000 0.1617620000
428017.5625000000 -0.6723200000 0.1566130000
436386.3750000000 -0.6755640000 0.1516340000
444918.8125000000 -0.6787360000 0.1468180000
453618.0938000000 -0.6818370000 0.1421600000
462487.4688000000 -0.6848670000 0.1376560000
471530.2500000000 -0.6878280000 0.1332990000
480749.8438000000 -0.6907210000 0.1290850000
490149.7188000000 -0.6935460000 0.1250080000
499733.3750000000 -0.6963050000 0.1210660000
509504.4063000000 -0.6989990000 0.1172520000
519466.5000000000 -0.7016280000 0.1135620000
529623.3750000000 -0.7041940000 0.1099930000
539978.8125000000 -0.7066980000 0.1065400000
550536.7500000000 -0.7091410000 0.1031990000
561301.1250000000 -0.7115240000 0.0999670000
572276.0000000000 -0.7138470000 0.0968410000
583465.4375000000 -0.7161140000 0.0938150000
594873.6250000000 -0.7183230000 0.0908880000
606504.8750000000 -0.7204770000 0.0880560000
618363.5625000000 -0.7225770000 0.0853150000
630454.1250000000 -0.7246230000 0.0826630000
642781.1250000000 -0.7266170000 0.0800960000
655349.0625000000 -0.7285590000 0.0776130000
668162.8125000000 -0.7304520000 0.0752090000
681227.0625000000 -0.7322950000 0.0728830000
694546.7500000000 -0.7340900000 0.0706320000
