30.0000000000 -64.8444440000 9.8138550000
30.5865750000 -64.6191710000 9.7613170000
31.1846200000 -64.4001620000 9.6988970000
31.7943570000 -64.1882400000 9.6267830000
32.4160160000 -63.9842800000 9.5451940000
33.0498310000 -63.7892070000 9.4543740000
33.6960370000 -63.6040000000 9.3545980000
34.3548770000 -63.4297140000 9.2461630000
35.0266040000 -63.2675060000 9.1293920000
35.7114600000 -63.1186640000 9.0046290000
36.4097100000 -62.9846500000 8.8722410000
37.1216090000 -62.8671680000 8.7326120000
37.8474310000 -62.7682340000 8.5861430000
38.5874440000 -62.6903150000 8.4332490000
39.3419230000 -62.6365090000 8.2743640000
40.1111560000 -62.6108170000 8.1099260000
40.8954320000 -62.6185910000 7.9403870000
41.6950380000 -62.6672480000 7.7662030000
42.5102810000 -62.7674750000 7.5878350000
43.3414650000 -62.9354520000 7.4057490000
44.1888960000 -63.1970520000 7.2204130000
45.0529020000 -63.5967830000 7.0322890000
45.9338000000 -64.4635700000 1.1709600000
46.8319210000 -63.0230980000 1.3947170000
47.7476010000 -61.9823990000 0.9715620000
48.6811870000 -61.3296010000 0.5642190000
49.6330260000 -60.8679730000 0.1719230000
50.6034740000 -60.5294570000 9.7939920000
51.5928990000 -60.2817760000 9.4298320000
52.6016690000 -60.1078070000 9.0789150000
53.6301650000 -59.9987950000 8.7407830000
54.6787680000 -59.9519080000 8.4150340000
55.7478750000 -59.9700850000 8.1013150000
56.8378870000 -60.0639080000 7.7993150000
57.9492070000 -60.2571980000 7.5087660000
59.0822600000 -60.1910820000 9.5238950000
60.2374690000 -59.5451660000 9.1444360000
61.4152600000 -59.1738850000 8.7817470000
62.6160810000 -58.9280700000 8.4353250000
63.8403850000 -58.7595290000 8.1047070000
65.0886230000 -58.6463660000 7.7894680000
66.3612670000 -58.5754510000 7.4892180000
67.6587980000 -58.5389750000 7.2035920000
68.9816970000 -58.5314830000 6.9322570000
70.3304600000 -58.5490460000 6.6749100000
71.7055970000 -58.5887180000 6.4312620000
73.1076200000 -58.6482430000 6.2010560000
74.5370640000 -58.7258680000 5.9840550000
75.9944460000 -58.8202250000 5.7800450000
77.4803310000 -58.9302790000 5.5888300000
78.9952620000 -59.0553210000 5.4102390000
80.5398180000 -59.1949620000 5.2441230000
82.1145710000 -59.3492510000 5.0903520000
83.7201160000 -59.6259990000 5.0243500000
85.3570560000 -59.6896480000 4.8970260000
87.0260010000 -59.8527600000 4.7818350000
88.7275770000 -60.0331380000 4.6787500000
90.4624250000 -60.2267110000 4.5877730000
92.2311940000 -60.4321710000 4.5089410000
94.0345380000 -60.6489490000 4.4423220000
95.8731540000 -60.8768010000 4.3880210000
97.7477110000 -61.1156540000 4.3461900000
99.6589200000 -61.3655890000 4.3170190000
101.6075060000 -61.6267360000 4.3007490000
103.5941850000 -61.8993340000 4.2976760000
105.6197130000 -62.1836970000 4.3081540000
107.6848450000 -62.4802060000 4.3326010000
109.7903520000 -62.7893070000 4.3715050000
111.9370270000 -63.1115070000 4.4254330000
114.1256790000 -63.7175480000 4.4983820000
116.3571170000 -64.0583420000 4.5918990000
118.6321950000 -64.4143140000 4.7021190000
120.9517520000 -64.7862780000 4.8300340000
123.3166580000 -65.1750870000 4.9767640000
125.7278060000 -65.5816960000 5.1435680000
128.1860960000 -66.0071260000 5.3318590000
130.6924590000 -66.4524540000 5.5432230000
133.2478330000 -67.3828660000 5.7837200000
135.8531490000 -67.8531340000 6.0596020000
138.5094300000 -68.3475190000 6.3634410000
141.2176360000 -68.8674550000 6.6977860000
143.9787900000 -69.4144740000 7.0654740000
146.7939300000 -69.9901960000 7.4696660000
149.6641240000 -70.5963290000 7.9138850000
152.5904390000 -71.2346800000 8.4020590000
155.5739590000 -71.9071350000 8.9385590000
158.6158140000 -72.6156770000 9.5282690000
161.7171480000 -73.3623890000 0.1766410000
164.8791350000 -74.1494370000 0.8897670000
168.1029360000 -74.9790730000 1.6744440000
171.3897710000 -75.8536220000 2.5382830000
174.7408600000 -76.7754670000 3.4897980000
178.1574860000 -77.7470550000 4.5385270000
181.6409150000 -78.7037280000 5.6951250000
185.1924440000 -79.7812580000 6.9680350000
188.8134160000 -65.0246430000 7.5296230000
192.5051880000 -64.8197330000 8.0925600000
196.2691500000 -64.5920100000 8.6572970000
200.1067050000 -64.3413090000 9.2225880000
204.0192870000 -64.0675430000 9.7871510000
208.0083770000 -63.7707330000 0.3496740000
212.0754700000 -63.4510190000 0.9088150000
216.2220760000 -63.1086770000 1.4631980000
220.4497530000 -62.7441330000 2.0114310000
224.7601010000 -62.3579710000 2.5521090000
229.1547240000 -61.9509890000 3.0838130000
233.6352690000 -61.5423050000 3.6054690000
238.2034300000 -61.0970690000 4.1159170000
242.8609010000 -60.6350780000 4.6131230000
247.6094360000 -60.1585920000 5.0956900000
252.4508210000 -59.6706200000 5.5622370000
257.3868710000 -59.1753120000 6.0114100000
262.4194340000 -58.6786610000 6.4418930000
267.5503850000 -58.1898920000 6.8523940000
272.7816770000 -57.7244300000 7.2416860000
278.1152340000 -57.1776430000 8.2626300000
283.5530700000 -56.4626920000 8.6459920000
289.0972600000 -55.8072470000 9.0064540000
294.7498170000 -55.1142770000 9.8278480000
300.5129390000 -54.2782820000 0.1660820000
306.3887020000 -53.4769480000 0.4796350000
312.3793640000 -52.6839180000 0.7677420000
318.4871830000 -51.8918420000 1.0297180000
324.7143860000 -51.0981640000 1.2649480000
331.0633850000 -50.3022880000 1.4729140000
337.5364990000 -49.5125080000 1.6533510000
344.1361690000 -48.7138060000 1.8059920000
350.8648990000 -47.9150920000 1.9303340000
357.7251890000 -47.1177220000 2.0261990000
364.7196040000 -46.3232310000 2.0935100000
371.8508000000 -45.5332980000 2.1322630000
379.1213990000 -44.7497520000 2.1425630000
386.5341800000 -43.9745670000 2.1245840000
394.0918880000 -43.2099150000 2.0786020000
401.7973630000 -42.4581830000 2.0049670000
409.6535340000 -41.7220920000 1.9041120000
417.6632690000 -41.0048290000 1.7765560000
425.8296200000 -40.3102570000 1.6228870000
434.1556700000 -39.6433330000 1.4437620000
442.6445010000 -39.0107960000 1.2399140000
451.2993160000 -38.4224740000 1.0121350000
460.1233520000 -37.8939170000 0.7612710000
469.1199040000 -38.5796660000 2.0285490000
478.2923890000 -36.7371100000 1.7495060000
487.6441960000 -35.7610440000 1.4498580000
497.1788640000 -34.9298740000 1.1306270000
506.8999330000 -34.1742250000 0.7928640000
516.8110960000 -33.4729420000 0.4376580000
526.9160770000 -32.8183590000 0.0661090000
537.2185670000 -32.2091370000 9.6793420000
547.7225340000 -31.8990170000 9.6417640000
558.4318850000 -31.0480770000 9.2361660000
569.3506470000 -30.4113620000 8.8187560000
580.4828490000 -29.8315260000 8.3906650000
591.8327640000 -29.2925280000 7.9530070000
603.4046020000 -28.7896920000 7.5068870000
615.2026370000 -28.3218480000 7.0533960000
627.2313840000 -27.8898940000 6.5936010000
639.4953610000 -27.4968910000 6.1285340000
651.9990840000 -27.1494200000 5.6592140000
664.7473140000 -26.8110920000 5.7251680000
677.7447510000 -26.2944560000 5.2539940000
690.9963990000 -25.8613550000 4.7812060000
704.5070800000 -25.4730910000 4.3076780000
718.2819820000 -25.1184460000 3.8342210000
732.3261720000 -24.7923810000 3.3616240000
746.6450200000 -24.4920310000 2.8906140000
761.2437740000 -24.2155210000 2.4218920000
776.1279910000 -23.9614640000 1.9560970000
791.3032230000 -23.7286930000 1.4938370000
806.7752080000 -23.5165230000 1.0356640000
822.5496830000 -23.3239250000 0.5820920000
838.6325680000 -23.1502700000 0.1335930000
855.0299680000 -22.7749370000 9.6896190000
871.7479250000 -28.4633480000 9.2693350000
888.7927860000 -28.1925810000 8.9971940000
906.1708980000 -27.9336490000 8.7218040000
923.8888550000 -27.6870610000 8.4433940000
941.9531860000 -27.4532600000 8.1622030000
960.3707280000 -27.2327560000 7.8784710000
979.1483760000 -27.0263920000 7.5924450000
998.2931520000 -26.8355660000 7.3043770000
1017.8123170000 -26.6879560000 7.0187990000
1037.7131350000 -26.5543650000 6.7333320000
1058.0029300000 -26.4323750000 6.4476660000
1078.6895750000 -26.3224070000 6.1618520000
1099.7806400000 -26.2979300000 5.8775350000
1121.2841800000 -26.2306270000 5.5968040000
1143.2080080000 -26.1741310000 5.3177680000
1165.5606690000 -26.2131120000 5.0419420000
1188.3502200000 -26.1943300000 4.7713280000
1211.5854490000 -26.1901150000 4.5034390000
1235.2750240000 -26.2011870000 4.2382760000
1259.4277340000 -26.2283840000 3.9758400000
1284.0527340000 -26.2726900000 3.7161320000
1309.1591800000 -26.3352490000 3.4591540000
1334.7564700000 -26.4174080000 3.2049040000
1360.8542480000 -26.5207440000 2.9533840000
1387.4624020000 -26.6471350000 2.7045950000
1414.5908200000 -26.7988090000 2.4585360000
1442.2495120000 -26.9784450000 2.2152110000
1470.4492190000 -27.1892990000 1.9746190000
1499.2000730000 -27.4353560000 1.7367620000
1528.5131840000 -27.7215960000 1.5016420000
1558.3995360000 -28.0543190000 1.2692590000
1588.8701170000 -28.4431590000 1.0396410000
1619.9365230000 -28.8960840000 0.8127870000
1651.6103520000 -29.4294620000 0.5886770000
1683.9034420000 -30.0647340000 0.3673180000
1716.8280030000 -30.8344020000 0.1487080000
1750.3962400000 -31.7913040000 9.9328520000
1784.6208500000 -33.0295520000 9.7197500000
1819.5146480000 -34.7383000000 9.5094060000
1855.0908200000 -37.3658490000 9.3018210000
1891.3624270000 -42.2939340000 9.0977020000
1928.3432620000 -55.8845140000 8.8970620000
1966.0472410000 -89.8164220000 7.3262410000
2004.4884030000 -25.4395140000 5.1199420000
2043.6811520000 -19.2117040000 7.8009340000
2083.6401370000 2.6249030000 5.6484870000
2124.3806150000 -4.0678250000 5.9695820000
2165.9174800000 -11.3894320000 7.6914420000
2208.2666020000 -17.3765490000 3.8573820000
2251.4438480000 -22.3821300000 1.9563410000
2295.4653320000 -27.0105040000 1.0185820000
2340.3474120000 -31.8223920000 0.6750930000
2386.1069340000 -37.4837880000 0.8462510000
2432.7612300000 -45.3031230000 1.6781360000
2480.3278810000 -54.0741620000 8.2710080000
2528.8244630000 -65.9368130000 2.4526410000
2578.2692870000 -34.7986410000 5.8663920000
2628.6809080000 -41.8699150000 8.1948220000
2680.0783690000 -15.6887410000 8.4612450000
2732.4804690000 -15.1730440000 7.6523760000
2785.9074710000 -15.6878970000 6.8767240000
2840.3789060000 -13.8206730000 7.8757400000
2895.9152830000 -12.8512370000 7.0970900000
2952.5378420000 -12.1825740000 6.3889660000
3010.2673340000 -11.7597950000 5.7347350000
3069.1254880000 -11.3226660000 6.1626130000
3129.1347660000 -10.2528250000 5.4820980000
3190.3171390000 -9.5246140000 4.8160320000
3252.6958010000 -8.9216290000 4.1650790000
3316.2941890000 -8.3901790000 3.5286080000
3381.1359860000 -7.9157560000 2.9063400000
3447.2456050000 -7.4879020000 2.2980400000
3514.6479490000 -7.0997610000 1.7034800000
3583.3681640000 -6.7463940000 1.1224290000
3653.4318850000 -6.4321020000 0.5551890000
3724.8657230000 -6.1383740000 0.0022410000
3797.6960450000 -5.8698200000 9.4624000000
3871.9506840000 -5.6242660000 8.9354340000
3947.6569820000 -5.3994830000 8.4211010000
4024.8435060000 -5.1815810000 7.9171540000
4103.5390630000 -4.9968070000 7.4247250000
4183.7739260000 -4.8261470000 6.9440360000
4265.5771480000 -4.6714060000 6.4747370000
4348.9794920000 -4.5315680000 6.0166070000
4434.0131840000 -4.4057060000 5.5694300000
4520.7089840000 -4.2929870000 5.1330020000
4609.1005860000 -4.1926430000 4.7071050000
4699.2197270000 -4.1039750000 4.2915440000
4791.1015630000 -4.0263410000 3.8861060000
4884.7792970000 -3.9591560000 3.4905960000
4980.2890630000 -3.9115300000 3.1055190000
5077.6660160000 -3.8639020000 2.7303350000
5176.9472660000 -3.8436050000 2.3648250000
5278.1694340000 -3.8133090000 2.0087460000
5381.3710940000 -3.7910560000 1.6616570000
5486.5903320000 -3.7928260000 1.3236020000
5593.8666990000 -3.7992770000 0.9945210000
5703.2412110000 -3.7996150000 0.6752310000
5814.7534180000 -3.8066680000 0.3642520000
5928.4467770000 -3.8202190000 0.0613940000
6044.3627930000 -3.8400790000 9.7664710000
6162.5449220000 -3.8720260000 9.4796550000
6283.0380860000 -3.9042590000 9.2007260000
6405.8872070000 -3.9423780000 8.9292350000
6531.1386720000 -3.9863250000 8.6650050000
6658.8383790000 -4.0360760000 8.4078700000
6789.0356450000 -4.0916510000 8.1576570000
6921.7783200000 -4.1531090000 7.9142040000
7057.1162110000 -4.2205580000 7.6773500000
7195.1005860000 -4.2941610000 7.4469320000
7335.7827150000 -4.3741430000 7.2228010000
7479.2158200000 -4.4607970000 7.0047990000
7625.4531250000 -4.5545030000 6.7927790000
7774.5498050000 -4.6557410000 6.5865950000
7926.5620120000 -4.7651100000 6.3861040000
8081.5458980000 -4.8833590000 6.1911640000
8239.5605470000 -5.0114270000 6.0016380000
8400.6640630000 -5.1504880000 5.8173920000
8564.9189450000 -5.3101120000 5.6384960000
8732.3837890000 -5.4759060000 5.4648740000
8903.1240230000 -5.6722870000 5.2965560000
9077.2021480000 -5.8722690000 5.1353750000
9254.6845700000 -6.0957360000 4.9788570000
9435.6367190000 -6.3485280000 4.8268720000
9620.1269530000 -6.6390830000 4.6792950000
9808.2246090000 -6.9802110000 4.5360030000
10000.0000000000 -7.3927740000 4.3968770000
10195.5253900000 -7.9143050000 4.2618000000
10394.8730500000 -8.6240600000 4.1306690000
10598.1191400000 -9.7405240000 4.0033700000
10744.7998100000 -11.2801380000 3.9153330000
10745.7002000000 -11.2944130000 3.9148020000
10746.7002000000 -11.3103960000 3.9142120000
10747.5996100000 -11.3248750000 3.9136820000
10748.5000000000 -11.3394760000 3.9131520000
10749.5000000000 -11.3558270000 3.9125630000
10750.4003900000 -11.3706580000 3.9120330000
10751.2998100000 -11.3855850000 3.9115030000
10752.2998100000 -11.4023220000 3.9109140000
10753.2002000000 -11.4175050000 3.9103850000
10754.0996100000 -11.4327900000 3.9098550000
10755.0996100000 -11.4499150000 3.9092680000
10756.0000000000 -11.4654670000 3.9087380000
10756.9003900000 -11.4811600000 3.9082080000
10757.9003900000 -11.4987100000 3.9076210000
10758.7998100000 -11.5146340000 3.9070920000
10759.7002000000 -11.5307050000 3.9065630000
10760.7002000000 -11.5487170000 3.9059760000
10761.5996100000 -11.5650500000 3.9054470000
10762.5000000000 -11.5815350000 3.9049190000
10763.5000000000 -11.6000170000 3.9043310000
10764.4003900000 -11.6167960000 3.9038030000
10765.2998100000 -11.6337010000 3.9032750000
10766.2998100000 -11.6526780000 3.9026880000
10767.2002000000 -11.6699100000 3.9021600000
10768.0996100000 -11.6872750000 3.9016330000
10769.0996100000 -11.7067540000 3.9010470000
10770.0000000000 -11.7244830000 3.9005190000
10770.9003900000 -11.7423540000 3.8999910000
10771.9003900000 -11.7623840000 3.8994050000
10772.7998100000 -11.7805810000 3.8988790000
10773.7998100000 -11.8010220000 3.8982930000
10774.7002000000 -11.8195980000 3.8977660000
10775.5996100000 -11.8383300000 3.8972390000
10776.5996100000 -11.8593780000 3.8966540000
10777.5000000000 -11.8785110000 3.8961270000
10778.4003900000 -11.8978310000 3.8956010000
10779.4003900000 -11.9195220000 3.8950150000
10780.2998100000 -11.9392260000 3.8944900000
10781.2002000000 -11.9591480000 3.8939630000
10782.2002000000 -11.9815030000 3.8933790000
10783.0996100000 -12.0018350000 3.8928530000
10784.0996100000 -12.0247000000 3.8922690000
10785.0000000000 -12.0455040000 3.8917430000
10785.9003900000 -12.0665280000 3.8912170000
10786.9003900000 -12.0901550000 3.8906340000
10787.7998100000 -12.1116370000 3.8901090000
10788.7998100000 -12.1358110000 3.8895250000
10789.7002000000 -12.1578190000 3.8889990000
10790.5996100000 -12.1800500000 3.8884750000
10791.5996100000 -12.2050520000 3.8878920000
10792.5000000000 -12.2278460000 3.8873670000
10793.4003900000 -12.2509290000 3.8868420000
10794.4003900000 -12.2768460000 3.8862590000
10795.2998100000 -12.3004590000 3.8857350000
10796.2998100000 -12.3270610000 3.8851530000
10797.2002000000 -12.3513080000 3.8846280000
10798.0996100000 -12.3758290000 3.8841050000
10799.0996100000 -12.4034660000 3.8835220000
10800.0000000000 -12.4286710000 3.8829980000
10801.0000000000 -12.4570310000 3.8824170000
10801.9003900000 -12.4829570000 3.8818920000
10802.9003900000 -12.5121100000 3.8813110000
10803.7998100000 -12.5387130000 3.8807880000
10804.7002000000 -12.5657040000 3.8802650000
10805.3388700000 -12.5850870000 3.8798930000
10805.7002000000 -12.5961360000 3.8796830000
10806.5996100000 -12.6238960000 3.8791610000
10807.5996100000 -12.6552390000 3.8785790000
10808.5000000000 -12.6838730000 3.8780570000
10809.4003900000 -12.7129260000 3.8775340000
10810.4003900000 -12.7456860000 3.8769530000
10811.2998100000 -12.7756630000 3.8764310000
10812.2998100000 -12.8094830000 3.8758510000
10813.2002000000 -12.8404460000 3.8753290000
10814.2002000000 -12.8754280000 3.8747480000
10815.0996100000 -12.9074100000 3.8742270000
10816.0000000000 -12.9399490000 3.8737040000
10817.0000000000 -12.9767440000 3.8731250000
10817.9003900000 -13.0104470000 3.8726030000
10818.9003900000 -13.0485450000 3.8720240000
10819.7998100000 -13.0834610000 3.8715030000
10820.7998100000 -13.1230340000 3.8709230000
10821.7002000000 -13.1593330000 3.8704020000
10822.7002000000 -13.2004610000 3.8698230000
10823.5996100000 -13.2381730000 3.8693020000
10824.5000000000 -13.2766550000 3.8687810000
10825.5000000000 -13.3202660000 3.8682030000
10826.4003900000 -13.3604260000 3.8676820000
10827.4003900000 -13.4059310000 3.8671040000
10828.2998100000 -13.4477860000 3.8665840000
10829.2998100000 -13.4954020000 3.8660060000
10830.2002000000 -13.5392480000 3.8654850000
10831.2002000000 -13.5891290000 3.8649080000
10832.0996100000 -13.6350610000 3.8643880000
10833.0996100000 -13.6873810000 3.8638110000
10834.0000000000 -13.7357130000 3.8632910000
10835.0000000000 -13.7908320000 3.8627130000
10835.9003900000 -13.8417710000 3.8621940000
10836.7998100000 -13.8939880000 3.8616750000
10837.7998100000 -13.9537280000 3.8610980000
10838.7002000000 -14.0090600000 3.8605790000
10839.7002000000 -14.0723400000 3.8600020000
10840.5996100000 -14.1311090000 3.8594830000
10841.5996100000 -14.1984460000 3.8589070000
10842.5000000000 -14.2611060000 3.8583880000
10843.5000000000 -14.3331230000 3.8578120000
10844.4003900000 -14.4002270000 3.8572940000
10845.4003900000 -14.4775360000 3.8567180000
10846.2998100000 -14.5496810000 3.8562000000
10847.2998100000 -14.6330350000 3.8556240000
10848.2002000000 -14.7112100000 3.8551060000
10849.2002000000 -14.8018220000 3.8545310000
10850.0996100000 -14.8869330000 3.8540140000
10851.0996100000 -14.9860670000 3.8534380000
10852.0000000000 -15.0796760000 3.8529210000
10853.0000000000 -15.1889930000 3.8523460000
10853.9003900000 -15.2928400000 3.8518290000
10854.9003900000 -15.4149230000 3.8512540000
10855.7998100000 -15.5313950000 3.8507370000
10856.7998100000 -15.6694360000 3.8501630000
10857.7002000000 -15.8023370000 3.8496460000
10858.7002000000 -15.9609770000 3.8490720000
10859.5996100000 -16.1154590000 3.8485560000
10860.5996100000 -16.3021340000 3.8479820000
10861.5000000000 -16.4865440000 3.8474660000
10862.5000000000 -16.7134900000 3.8468920000
10863.4003900000 -16.9422000000 3.8463750000
10864.4003900000 -17.2311270000 3.8458020000
10865.2998100000 -17.5317730000 3.8452870000
10866.2998100000 -17.9287610000 3.8447140000
10867.2002000000 -18.3686580000 3.8441980000
10868.2002000000 -19.0056110000 3.8436250000
10869.0996100000 -19.8245640000 3.8431100000
10870.0996100000 -21.4648900000 3.8425370000
10871.0996100000 -24.3110870000 0.2172060000
10872.0000000000 -20.8436530000 0.2157830000
10873.0000000000 -19.5290760000 0.2142020000
10873.9003900000 -18.8037850000 0.2127790000
10874.9003900000 -18.2184910000 0.2111990000
10875.7998100000 -17.8058780000 0.2097790000
10876.7998100000 -17.4279980000 0.2082000000
10877.7002000000 -17.1387670000 0.2067790000
10878.7002000000 -16.8591380000 0.2052000000
10879.5996100000 -16.6367610000 0.2037800000
10880.5996100000 -16.4148560000 0.2022020000
10881.5000000000 -16.2338640000 0.2007820000
10882.5000000000 -16.0500700000 0.1992050000
10883.5000000000 -15.8812720000 0.1976280000
10884.4003900000 -15.7404190000 0.1962090000
10885.4003900000 -15.5944820000 0.1946330000
10886.2998100000 -15.4716130000 0.1932150000
10887.2998100000 -15.3431830000 0.1916410000
10888.2002000000 -15.2340040000 0.1902230000
10889.2002000000 -15.1191320000 0.1886480000
10890.0996100000 -15.0210870000 0.1872320000
10891.0996100000 -14.9172550000 0.1856580000
10892.0996100000 -14.8185170000 0.1840850000
10893.0000000000 -14.7334680000 0.1826690000
10894.0000000000 -14.6429160000 0.1810950000
10894.9003900000 -14.5647070000 0.1796790000
10895.9003900000 -14.4811540000 0.1781060000
10896.7998100000 -14.4088390000 0.1766920000
10897.7998100000 -14.3313500000 0.1751210000
10898.7998100000 -14.2566070000 0.1735500000
10899.7002000000 -14.1915930000 0.1721350000
10900.7002000000 -14.1216810000 0.1705650000
10901.5996100000 -14.0608020000 0.1691520000
10902.5996100000 -13.9951930000 0.1675830000
10903.5996100000 -13.9315540000 0.1660130000
10904.5000000000 -13.8759220000 0.1646000000
10905.5000000000 -13.8158190000 0.1630310000
10906.4003900000 -13.7631930000 0.1616180000
10907.4003900000 -13.7063060000 0.1600510000
10908.4003900000 -13.6508980000 0.1584830000
10909.2998100000 -13.6023320000 0.1570730000
10910.2998100000 -13.5496220000 0.1555050000
10911.2002000000 -13.5033160000 0.1540950000
10912.2002000000 -13.4531020000 0.1525300000
10913.2002000000 -13.4040380000 0.1509630000
10914.0996100000 -13.3609110000 0.1495540000
10915.0996100000 -13.3140200000 0.1479900000
10916.0000000000 -13.2726350000 0.1465800000
10917.0000000000 -13.2276940000 0.1450160000
10918.0000000000 -13.1836730000 0.1434510000
10918.9003900000 -13.1448480000 0.1420420000
10919.9003900000 -13.1025890000 0.1404800000
10920.7998100000 -13.0652530000 0.1390720000
10921.7998100000 -13.0245840000 0.1375100000
10922.7998100000 -12.9846670000 0.1359460000
10923.7002000000 -12.9493970000 0.1345400000
10924.7002000000 -12.9109380000 0.1329780000
10925.7002000000 -12.8731510000 0.1314160000
10926.5996100000 -12.8397660000 0.1300130000
10927.5996100000 -12.8032540000 0.1284500000
10928.5000000000 -12.7709440000 0.1270460000
10929.5000000000 -12.7356610000 0.1254860000
10930.5000000000 -12.7009410000 0.1239260000
10931.4003900000 -12.6701910000 0.1225210000
10932.4003900000 -12.6365540000 0.1209620000
10933.4003900000 -12.6034900000 0.1194040000
10934.2998100000 -12.5741880000 0.1180020000
10935.2998100000 -12.5420780000 0.1164430000
10936.2998100000 -12.5104640000 0.1148840000
10937.2002000000 -12.4824250000 0.1134820000
10938.2002000000 -12.4517390000 0.1119260000
10939.2002000000 -12.4214790000 0.1103690000
10940.0996100000 -12.3946530000 0.1089690000
10941.0996100000 -12.3652480000 0.1074130000
10942.0000000000 -12.3390890000 0.1060110000
10943.0000000000 -12.3104660000 0.1044560000
10944.0000000000 -12.2822110000 0.1029010000
10944.9003900000 -12.2571130000 0.1015010000
10945.9003900000 -12.2296090000 0.0999470000
10946.9003900000 -12.2024420000 0.0983920000
10947.7998100000 -12.1783270000 0.0969940000
10948.7998100000 -12.1518300000 0.0954410000
10949.7998100000 -12.1256980000 0.0938880000
10950.7002000000 -12.1024430000 0.0924900000
10951.7002000000 -12.0769070000 0.0909380000
10952.7002000000 -12.0516880000 0.0893840000
10953.5996100000 -12.0292810000 0.0879890000
10954.5996100000 -12.0046640000 0.0864380000
10955.5996100000 -11.9803180000 0.0848870000
10956.5996100000 -11.9562840000 0.0833370000
10957.5000000000 -11.9348510000 0.0819400000
10958.5000000000 -11.9113440000 0.0803900000
10959.5000000000 -11.8880830000 0.0788390000
10960.4003900000 -11.8673750000 0.0774450000
10961.4003900000 -11.8446310000 0.0758960000
10962.4003900000 -11.8221180000 0.0743470000
10963.2998100000 -11.8020910000 0.0729550000
10964.2998100000 -11.7800410000 0.0714060000
10965.2998100000 -11.7582490000 0.0698600000
10966.2002000000 -11.7388190000 0.0684660000
10967.2002000000 -11.7174430000 0.0669180000
10968.2002000000 -11.6963110000 0.0653720000
10969.2002000000 -11.6753770000 0.0638260000
10970.0996100000 -11.6567410000 0.0624350000
10971.0996100000 -11.6362100000 0.0608890000
10972.0996100000 -11.6159050000 0.0593440000
10973.0000000000 -11.5977880000 0.0579540000
10974.0000000000 -11.5778440000 0.0564080000
10975.0000000000 -11.5580950000 0.0548630000
10976.0000000000 -11.5385560000 0.0533200000
10976.9003900000 -11.5211160000 0.0519300000
10977.9003900000 -11.5019130000 0.0503860000
10978.9003900000 -11.4829080000 0.0488440000
10979.7998100000 -11.4659410000 0.0474560000
10980.7998100000 -11.4472700000 0.0459150000
10981.7998100000 -11.4287550000 0.0443720000
10982.7998100000 -11.4104250000 0.0428300000
10983.7002000000 -11.3940550000 0.0414430000
10984.7002000000 -11.3760200000 0.0399020000
10985.7002000000 -11.3581470000 0.0383610000
10986.5996100000 -11.3422130000 0.0369750000
10987.5996100000 -11.3246520000 0.0354370000
10988.5996100000 -11.3072270000 0.0338960000
10989.5996100000 -11.2899690000 0.0323570000
10990.5000000000 -11.2745330000 0.0309710000
10991.5000000000 -11.2575530000 0.0294330000
10992.5000000000 -11.2407000000 0.0278940000
10993.5000000000 -11.2240030000 0.0263570000
10994.4003900000 -11.2090820000 0.0249730000
10995.4003900000 -11.1926310000 0.0234350000
10996.4003900000 -11.1763130000 0.0218970000
10997.4003900000 -11.1601440000 0.0203620000
10998.2998100000 -11.1457060000 0.0189800000
10999.2998100000 -11.1297660000 0.0174440000
11000.2998100000 -11.1139690000 0.0159090000
11001.2998100000 -11.0982810000 0.0143740000
11002.2002000000 -11.0842680000 0.0129920000
11003.2002000000 -11.0688110000 0.0114560000
11004.2002000000 -11.0534880000 0.0099230000
11005.2002000000 -11.0382680000 0.0083890000
11006.2002000000 -11.0231780000 0.0068560000
11007.0996100000 -11.0096970000 0.0054770000
11008.0996100000 -10.9948080000 0.0039430000
11009.0996100000 -10.9800300000 0.0024110000
11010.0996100000 -10.9653750000 0.0008790000
11011.0000000000 -10.9522670000 9.9995000000
11016.6103500000 -10.8724780000 9.9909120000
11232.0127000000 -9.0835670000 9.6692340000
11451.6259800000 -8.2648000000 9.3567060000
11675.5341800000 -7.8478740000 9.0531080000
11903.8203100000 -7.7321110000 8.7582310000
12136.5693400000 -8.0216240000 8.4718940000
12216.4003900000 -8.3081670000 8.3768920000
12217.5996100000 -8.3138980000 8.3754760000
12218.7998100000 -8.3196830000 8.3740610000
12220.0000000000 -8.3255290000 8.3726440000
12221.2002000000 -8.3314270000 8.3712300000
12222.4003900000 -8.3373860000 8.3698140000
12223.5996100000 -8.3433930000 8.3684020000
12224.7998100000 -8.3494690000 8.3669860000
12226.0000000000 -8.3556000000 8.3655730000
12227.2998100000 -8.3623100000 8.3640420000
12228.5000000000 -8.3685730000 8.3626290000
12229.7002000000 -8.3748920000 8.3612170000
12230.9003900000 -8.3812810000 8.3598030000
12232.0996100000 -8.3877230000 8.3583930000
12233.2998100000 -8.3942400000 8.3569800000
12234.5000000000 -8.4008180000 8.3555700000
12235.7002000000 -8.4074690000 8.3541580000
12236.9003900000 -8.4141830000 8.3527480000
12238.0996100000 -8.4209650000 8.3513380000
12239.2998100000 -8.4278180000 8.3499290000
12240.5000000000 -8.4347490000 8.3485180000
12241.7002000000 -8.4417460000 8.3471100000
12242.9003900000 -8.4488220000 8.3457000000
12244.2002000000 -8.4565620000 8.3441760000
12245.4003900000 -8.4637970000 8.3427680000
12246.5996100000 -8.4710970000 8.3413610000
12247.7998100000 -8.4784870000 8.3399530000
12249.0000000000 -8.4859520000 8.3385470000
12250.2002000000 -8.4935050000 8.3371390000
12251.4003900000 -8.5011350000 8.3357330000
12252.5996100000 -8.5088490000 8.3343280000
12253.7998100000 -8.5166500000 8.3329220000
12255.0996100000 -8.5252000000 8.3314000000
12256.2998100000 -8.5331910000 8.3299940000
12257.5000000000 -8.5412660000 8.3285900000
12258.7002000000 -8.5494400000 8.3271860000
12259.9003900000 -8.5577020000 8.3257820000
12261.0996100000 -8.5660600000 8.3243790000
12262.2998100000 -8.5745160000 8.3229760000
12263.5000000000 -8.5830780000 8.3215720000
12264.7002000000 -8.5917360000 8.3201700000
12266.0000000000 -8.6012330000 8.3186520000
12267.2002000000 -8.6101150000 8.3172490000
12268.4003900000 -8.6190990000 8.3158480000
12269.5996100000 -8.6281920000 8.3144470000
12270.7998100000 -8.6373980000 8.3130470000
12272.0000000000 -8.6467270000 8.3116460000
12273.2002000000 -8.6561640000 8.3102460000
12274.5000000000 -8.6665260000 8.3087310000
12275.7002000000 -8.6762240000 8.3073310000
12276.9003900000 -8.6860390000 8.3059320000
12278.0996100000 -8.6959830000 8.3045340000
12279.2998100000 -8.7060580000 8.3031360000
12280.5000000000 -8.7162750000 8.3017380000
12281.7998100000 -8.7274920000 8.3002230000
12283.0000000000 -8.7379950000 8.2988270000
12284.2002000000 -8.7486560000 8.2974290000
12285.4003900000 -8.7594860000 8.2960330000
12286.5996100000 -8.7714140000 8.2946390000
12287.7998100000 -8.7814960000 8.2932420000
12289.0996100000 -8.7937500000 8.2917310000
12290.2998100000 -8.8051870000 8.2903360000
12291.5000000000 -8.8167910000 8.2889400000
12292.7002000000 -8.8285510000 8.2875470000
12293.9003900000 -8.8404940000 8.2861520000
12295.2002000000 -8.8536230000 8.2846420000
12296.4003900000 -8.8659330000 8.2832500000
12297.5996100000 -8.8784310000 8.2818570000
12298.7998100000 -8.8911230000 8.2804640000
12300.0000000000 -8.9040240000 8.2790720000
12301.2998100000 -8.9182220000 8.2775640000
12302.5000000000 -8.9315470000 8.2761730000
12303.7002000000 -8.9451000000 8.2747810000
12304.9003900000 -8.9588650000 8.2733910000
12306.0996100000 -8.9728620000 8.2720000000
12307.4003900000 -8.9883070000 8.2704940000
12308.5996100000 -9.0027950000 8.2691050000
12309.7998100000 -9.0175600000 8.2677150000
12311.0000000000 -9.0325750000 8.2663260000
12312.2002000000 -9.0478720000 8.2649360000
12313.5000000000 -9.0647470000 8.2634330000
12314.7002000000 -9.0806230000 8.2620450000
12315.9003900000 -9.0968100000 8.2606560000
12317.0996100000 -9.1132810000 8.2592710000
12318.4003900000 -9.1315160000 8.2577670000
12319.5996100000 -9.1486660000 8.2563820000
12320.7998100000 -9.1661890000 8.2549950000
12322.0000000000 -9.1840560000 8.2536100000
12323.2998100000 -9.2038340000 8.2521090000
12324.5000000000 -9.2225060000 8.2507230000
12325.7002000000 -9.2415660000 8.2493380000
12326.9003900000 -9.2610600000 8.2479520000
12328.2002000000 -9.2826590000 8.2464530000
12329.4003900000 -9.3030680000 8.2450700000
12330.5996100000 -9.3239540000 8.2436870000
12331.7998100000 -9.3453380000 8.2423040000
12333.0996100000 -9.3690940000 8.2408060000
12334.2998100000 -9.3916060000 8.2394230000
12335.5000000000 -9.4146740000 8.2380410000
12336.7998100000 -9.4403460000 8.2365440000
12338.0000000000 -9.4647180000 8.2351620000
12339.2002000000 -9.4897380000 8.2337810000
12340.4003900000 -9.5154790000 8.2324000000
12341.7002000000 -9.5441830000 8.2309050000
12342.9003900000 -9.5714920000 8.2295250000
12344.0996100000 -9.5996300000 8.2281460000
12345.2998100000 -9.6286480000 8.2267670000
12346.5996100000 -9.6611410000 8.2252730000
12347.7998100000 -9.6921940000 8.2238930000
12349.0000000000 -9.7242850000 8.2225150000
12350.2998100000 -9.7603370000 8.2210230000
12351.5000000000 -9.7948810000 8.2196460000
12352.7002000000 -9.8307630000 8.2182670000
12354.0000000000 -9.8712040000 8.2167760000
12355.2002000000 -9.9101190000 8.2154000000
12356.4003900000 -9.9507230000 8.2140230000
12357.7002000000 -9.9967150000 8.2125330000
12358.9003900000 -10.0412120000 8.2111580000
12360.0996100000 -10.0878690000 8.2097830000
12361.4003900000 -10.1411420000 8.2082920000
12362.5996100000 -10.1929770000 8.2069200000
12363.7998100000 -10.2478280000 8.2055440000
12365.0000000000 -10.3059070000 8.2041710000
12366.2998100000 -10.3730000000 8.2026830000
12367.5000000000 -10.4393460000 8.2013090000
12368.7002000000 -10.5104480000 8.1999370000
12370.0000000000 -10.5937640000 8.1984500000
12371.2002000000 -10.6775240000 8.1970780000
12372.5000000000 -10.7769860000 8.1955920000
12373.7002000000 -10.8785730000 8.1942210000
12373.8701200000 -10.8938240000 8.1940270000
12374.9003900000 -10.9918200000 8.1928490000
12376.2002000000 -11.1308040000 8.1913650000
12377.4003900000 -11.2790990000 8.1899950000
12378.5996100000 -11.4528830000 8.1886250000
12379.9003900000 -11.6831950000 8.1871410000
12381.0996100000 -11.9554700000 8.1857720000
12382.2998100000 -12.3291740000 8.1844030000
12383.5996100000 -12.9975670000 8.1829210000
12384.7998100000 -14.9817030000 8.1815520000
12386.0000000000 -13.3516510000 1.3953160000
12387.2998100000 -12.4969210000 1.3932860000
12388.5000000000 -12.0651690000 1.3914110000
12389.7998100000 -11.7401260000 1.3893820000
12391.0000000000 -11.5101700000 1.3875100000
12392.2002000000 -11.3218830000 1.3856370000
12393.5000000000 -11.1503540000 1.3836100000
12394.7002000000 -11.0137140000 1.3817390000
12396.0000000000 -10.8833930000 1.3797130000
12397.2002000000 -10.7758990000 1.3778420000
12398.4003900000 -10.6784600000 1.3759720000
12399.7002000000 -10.5821640000 1.3739470000
12400.9003900000 -10.5004010000 1.3720780000
12402.2002000000 -10.4185340000 1.3700550000
12403.4003900000 -10.3480990000 1.3681870000
12404.5996100000 -10.2821480000 1.3663220000
12405.9003900000 -10.2149250000 1.3642980000
12407.0996100000 -10.1564720000 1.3624320000
12408.4003900000 -10.0965120000 1.3604100000
12409.5996100000 -10.0440820000 1.3585460000
12410.7998100000 -9.9940190000 1.3566800000
12412.0996100000 -9.9423280000 1.3546610000
12413.2998100000 -9.8967290000 1.3527980000
12414.5996100000 -9.8494100000 1.3507790000
12415.7998100000 -9.8074720000 1.3489150000
12417.0996100000 -9.7638320000 1.3468970000
12418.2998100000 -9.7250590000 1.3450360000
12419.5000000000 -9.6875950000 1.3431730000
12420.7998100000 -9.6484430000 1.3411580000
12422.0000000000 -9.6135190000 1.3392970000
12423.2998100000 -9.5769020000 1.3372830000
12424.5000000000 -9.5441400000 1.3354230000
12425.7998100000 -9.5097700000 1.3334100000
12427.0000000000 -9.4789330000 1.3315510000
12428.2998100000 -9.4465020000 1.3295370000
12429.5000000000 -9.4173970000 1.3276810000
12430.7998100000 -9.3867130000 1.3256690000
12432.0000000000 -9.3591120000 1.3238120000
12433.2002000000 -9.3322090000 1.3219560000
12434.5000000000 -9.3037840000 1.3199450000
12435.7002000000 -9.2781650000 1.3180890000
12437.0000000000 -9.2510850000 1.3160800000
12438.2002000000 -9.2266680000 1.3142260000
12439.5000000000 -9.2008090000 1.3122190000
12440.7002000000 -9.1774500000 1.3103640000
12442.0000000000 -9.1527050000 1.3083570000
12443.2002000000 -9.1303470000 1.3065050000
12444.5000000000 -9.1066230000 1.3045000000
12445.7002000000 -9.0851510000 1.3026470000
12447.0000000000 -9.0623820000 1.3006440000
12448.2002000000 -9.0417410000 1.2987920000
12449.5000000000 -9.0198210000 1.2967880000
12450.7002000000 -8.9999670000 1.2949390000
12452.0000000000 -8.9788480000 1.2929360000
12453.2002000000 -8.9596910000 1.2910870000
12454.5000000000 -8.9393170000 1.2890850000
12455.7002000000 -8.9208370000 1.2872380000
12457.0000000000 -8.9011570000 1.2852370000
12458.2002000000 -8.8832820000 1.2833900000
12459.5000000000 -8.8642480000 1.2813900000
12460.7002000000 -8.8469660000 1.2795450000
12462.0000000000 -8.8285380000 1.2775470000
12463.2002000000 -8.8117830000 1.2757010000
12464.5000000000 -8.7939230000 1.2737040000
12465.7002000000 -8.7776900000 1.2718600000
12467.0000000000 -8.7603650000 1.2698630000
12468.2998100000 -8.7433040000 1.2678670000
12469.5000000000 -8.7277870000 1.2660260000
12470.7998100000 -8.7112150000 1.2640300000
12472.0000000000 -8.6961230000 1.2621880000
12473.2998100000 -8.6800130000 1.2601950000
12474.5000000000 -8.6653460000 1.2583540000
12475.7998100000 -8.6496720000 1.2563620000
12477.0000000000 -8.6353860000 1.2545210000
12478.2998100000 -8.6201250000 1.2525290000
12479.5996100000 -8.6050700000 1.2505380000
12480.7998100000 -8.5913530000 1.2487000000
12482.0996100000 -8.5766810000 1.2467100000
12483.2998100000 -8.5632980000 1.2448720000
12484.5996100000 -8.5489880000 1.2428830000
12485.7998100000 -8.5359440000 1.2410480000
12487.0996100000 -8.5219810000 1.2390590000
12488.4003900000 -8.5081820000 1.2370700000
12489.5996100000 -8.4956150000 1.2352370000
12490.9003900000 -8.4821390000 1.2332500000
12492.0996100000 -8.4698530000 1.2314160000
12493.4003900000 -8.4566850000 1.2294290000
12494.5996100000 -8.4446870000 1.2275980000
12495.9003900000 -8.4318140000 1.2256120000
12497.2002000000 -8.4190990000 1.2236280000
12498.4003900000 -8.4074820000 1.2217960000
12499.7002000000 -8.3950430000 1.2198120000
12500.9003900000 -8.3836860000 1.2179830000
12502.2002000000 -8.3715120000 1.2160010000
12503.5000000000 -8.3594710000 1.2140200000
12504.7002000000 -8.3484660000 1.2121900000
12506.0000000000 -8.3366830000 1.2102110000
12507.2002000000 -8.3259040000 1.2083820000
12508.5000000000 -8.3143520000 1.2064020000
12509.7998100000 -8.3029220000 1.2044230000
12511.0000000000 -8.2924780000 1.2025980000
12512.2998100000 -8.2812740000 1.2006200000
12513.5996100000 -8.2701850000 1.1986420000
12514.7998100000 -8.2600400000 1.1968160000
12516.0996100000 -8.2491650000 1.1948390000
12517.2998100000 -8.2392230000 1.1930160000
12518.5996100000 -8.2285550000 1.1910410000
12519.9003900000 -8.2179820000 1.1890650000
12521.0996100000 -8.2083230000 1.1872430000
12522.4003900000 -8.1979480000 1.1852670000
12523.7002000000 -8.1876860000 1.1832950000
12524.9003900000 -8.1782880000 1.1814730000
12526.2002000000 -8.1682040000 1.1795010000
12527.5000000000 -8.1582160000 1.1775290000
12528.7002000000 -8.1490800000 1.1757100000
12530.0000000000 -8.1392700000 1.1737390000
12531.2998100000 -8.1295490000 1.1717690000
12532.5000000000 -8.1206480000 1.1699500000
12533.7998100000 -8.1110970000 1.1679800000
12535.0996100000 -8.1016310000 1.1660120000
12536.2998100000 -8.0929700000 1.1641960000
12537.5996100000 -8.0836660000 1.1622280000
12538.9003900000 -8.0744370000 1.1602590000
12540.0996100000 -8.0660050000 1.1584460000
12541.4003900000 -8.0569310000 1.1564790000
12542.7002000000 -8.0479410000 1.1545130000
12543.9003900000 -8.0397070000 1.1526980000
12545.2002000000 -8.0308670000 1.1507330000
12546.5000000000 -8.0221010000 1.1487690000
12547.7998100000 -8.0134100000 1.1468060000
12549.0000000000 -8.0054530000 1.1449950000
12550.2998100000 -7.9969020000 1.1430320000
12551.5996100000 -7.9884210000 1.1410700000
12552.7998100000 -7.9806510000 1.1392580000
12554.0996100000 -7.9723050000 1.1372980000
12555.4003900000 -7.9640220000 1.1353360000
12556.5996100000 -7.9564490000 1.1335280000
12557.9003900000 -7.9482950000 1.1315670000
12559.2002000000 -7.9402130000 1.1296080000
12560.5000000000 -7.9321970000 1.1276500000
12561.7002000000 -7.9248550000 1.1258430000
12615.8105500000 -7.6423530000 1.0448060000
12783.2002000000 -7.1865910000 0.7997350000
12784.5000000000 -7.1852460000 0.7978640000
12785.7998100000 -7.1839390000 0.7959940000
12787.2002000000 -7.1825760000 0.7939810000
12788.5000000000 -7.1813510000 0.7921110000
12789.7998100000 -7.1801650000 0.7902430000
12791.0996100000 -7.1790200000 0.7883750000
12792.4003900000 -7.1779140000 0.7865060000
12793.7998100000 -7.1767700000 0.7844960000
12795.0996100000 -7.1757500000 0.7826300000
12796.4003900000 -7.1747710000 0.7807630000
12797.7002000000 -7.1738340000 0.7788970000
12799.0000000000 -7.1729400000 0.7770320000
12800.4003900000 -7.1720230000 0.7750230000
12801.7002000000 -7.1712180000 0.7731580000
12803.0000000000 -7.1704560000 0.7712950000
12804.2998100000 -7.1697390000 0.7694330000
12805.7002000000 -7.1690150000 0.7674260000
12807.0000000000 -7.1683900000 0.7655630000
12808.2998100000 -7.1678100000 0.7637010000
12809.5996100000 -7.1672760000 0.7618410000
12810.9003900000 -7.1667880000 0.7599780000
12812.2998100000 -7.1663160000 0.7579770000
12813.5996100000 -7.1659270000 0.7561170000
12814.9003900000 -7.1655850000 0.7542560000
12816.2002000000 -7.1652920000 0.7523980000
12817.5996100000 -7.1650320000 0.7503990000
12818.9003900000 -7.1648430000 0.7485390000
12820.2002000000 -7.1647030000 0.7466820000
12821.5000000000 -7.1646150000 0.7448250000
12822.9003900000 -7.1645780000 0.7428260000
12824.2002000000 -7.1645980000 0.7409700000
12825.5000000000 -7.1646710000 0.7391160000
12826.9003900000 -7.1648110000 0.7371170000
12828.2002000000 -7.1649970000 0.7352630000
12829.5000000000 -7.1652390000 0.7334090000
12830.7998100000 -7.1655370000 0.7315560000
12832.2002000000 -7.1659220000 0.7295610000
12833.5000000000 -7.1663400000 0.7277090000
12834.7998100000 -7.1668170000 0.7258570000
12836.0996100000 -7.1673540000 0.7240060000
12837.5000000000 -7.1680000000 0.7220130000
12838.7998100000 -7.1686640000 0.7201620000
12840.0996100000 -7.1693900000 0.7183130000
12841.5000000000 -7.1702450000 0.7163200000
12842.7998100000 -7.1711060000 0.7144720000
12844.0996100000 -7.1720320000 0.7126240000
12845.5000000000 -7.1731060000 0.7106330000
12846.7998100000 -7.1741730000 0.7087860000
12848.0996100000 -7.1753110000 0.7069400000
12849.5000000000 -7.1766150000 0.7049510000
12850.7998100000 -7.1779010000 0.7031060000
12852.0996100000 -7.1792610000 0.7012610000
12853.4003900000 -7.1806970000 0.6994140000
12854.7998100000 -7.1823290000 0.6974290000
12856.0996100000 -7.1839250000 0.6955840000
12857.4003900000 -7.1856000000 0.6937420000
12858.7998100000 -7.1874960000 0.6917570000
12860.0996100000 -7.1893430000 0.6899150000
12861.4003900000 -7.1912760000 0.6880710000
12862.4814500000 -7.1929480000 0.6865420000
12862.7998100000 -7.1934520000 0.6860900000
12864.0996100000 -7.1955660000 0.6842490000
12865.5000000000 -7.1979460000 0.6822660000
12866.7998100000 -7.2002490000 0.6804280000
12868.0996100000 -7.2026490000 0.6785890000
12869.5000000000 -7.2053450000 0.6766070000
12870.7998100000 -7.2079500000 0.6747680000
12872.0996100000 -7.2106570000 0.6729310000
12873.5000000000 -7.2136890000 0.6709520000
12874.7998100000 -7.2166170000 0.6691150000
12876.0996100000 -7.2196540000 0.6672790000
12877.5000000000 -7.2230530000 0.6653020000
12878.7998100000 -7.2263280000 0.6634660000
12880.2002000000 -7.2299930000 0.6614890000
12881.5000000000 -7.2335210000 0.6596560000
12882.7998100000 -7.2371750000 0.6578220000
12884.2002000000 -7.2412570000 0.6558470000
12885.5000000000 -7.2451860000 0.6540150000
12886.7998100000 -7.2492520000 0.6521820000
12888.2002000000 -7.2537920000 0.6502090000
12889.5000000000 -7.2581590000 0.6483770000
12890.9003900000 -7.2630350000 0.6464040000
12892.2002000000 -7.2677220000 0.6445740000
12893.5000000000 -7.2725710000 0.6427440000
12894.9003900000 -7.2779810000 0.6407740000
12896.2002000000 -7.2831840000 0.6389460000
12897.5996100000 -7.2889840000 0.6369770000
12898.9003900000 -7.2945700000 0.6351480000
12900.2998100000 -7.3007980000 0.6331810000
12901.5996100000 -7.3067890000 0.6313530000
12902.9003900000 -7.3129930000 0.6295260000
12904.2998100000 -7.3199070000 0.6275610000
12905.5996100000 -7.3265650000 0.6257350000
12907.0000000000 -7.3339980000 0.6237700000
12908.2998100000 -7.3411540000 0.6219450000
12909.7002000000 -7.3491530000 0.6199800000
12911.0000000000 -7.3568530000 0.6181560000
12912.2998100000 -7.3648310000 0.6163340000
12913.7002000000 -7.3737530000 0.6143700000
12915.0000000000 -7.3823550000 0.6125490000
12916.4003900000 -7.3919800000 0.6105870000
12917.7002000000 -7.4012680000 0.6087670000
12919.0996100000 -7.4116720000 0.6068060000
12920.4003900000 -7.4217300000 0.6049840000
12921.7998100000 -7.4329930000 0.6030260000
12923.0996100000 -7.4438940000 0.6012070000
12924.5000000000 -7.4561430000 0.5992470000
12925.7998100000 -7.4679910000 0.5974300000
12927.2002000000 -7.4813350000 0.5954710000
12928.5000000000 -7.4942740000 0.5936550000
12929.9003900000 -7.5088530000 0.5916990000
12931.2002000000 -7.5230290000 0.5898830000
12932.5000000000 -7.5378650000 0.5880670000
12933.9003900000 -7.5546490000 0.5861110000
12935.2002000000 -7.5710070000 0.5842970000
12936.5996100000 -7.5895670000 0.5823440000
12937.9003900000 -7.6077510000 0.5805290000
12939.2998100000 -7.6284090000 0.5785770000
12940.5996100000 -7.6487240000 0.5767650000
12942.0000000000 -7.6719490000 0.5748120000
12943.2998100000 -7.6948640000 0.5730000000
12944.7002000000 -7.7211790000 0.5710500000
12946.0996100000 -7.7493760000 0.5691010000
12947.4003900000 -7.7775140000 0.5672890000
12948.7998100000 -7.8101510000 0.5653410000
12950.0996100000 -7.8429500000 0.5635320000
12951.5000000000 -7.8813920000 0.5615840000
12952.7998100000 -7.9204650000 0.5597750000
12954.2002000000 -7.9668740000 0.5578290000
12955.5000000000 -8.0147950000 0.5560220000
12956.9003900000 -8.0728650000 0.5540740000
12958.2002000000 -8.1342250000 0.5522680000
12959.5996100000 -8.2107430000 0.5503240000
12960.9003900000 -8.2950000000 0.5485180000
12962.2998100000 -8.4058110000 0.5465760000
12963.5996100000 -8.5375320000 0.5447710000
12965.0000000000 -8.7341580000 0.5428280000
12966.4003900000 -9.0593960000 0.5408850000
12967.7002000000 -9.9323710000 0.5390830000
12969.0996100000 -9.2515340000 2.1865420000
12970.4003900000 -8.8377520000 2.1846610000
12971.7998100000 -8.5924910000 2.1826390000
12973.0996100000 -8.4341560000 2.1807610000
12974.5000000000 -8.3026620000 2.1787390000
12975.9003900000 -8.1960600000 2.1767160000
12977.2002000000 -8.1122790000 2.1748390000
12978.5996100000 -8.0338700000 2.1728200000
12979.9003900000 -7.9693010000 2.1709430000
12981.2998100000 -7.9068760000 2.1689240000
12982.7002000000 -7.8502300000 2.1669040000
12984.0000000000 -7.8019840000 2.1650300000
12985.4003900000 -7.7539040000 2.1630120000
12986.7002000000 -7.7123360000 2.1611390000
12988.0996100000 -7.6704110000 2.1591210000
12989.5000000000 -7.6310490000 2.1571040000
12990.7998100000 -7.5965180000 2.1552320000
12992.2002000000 -7.5612500000 2.1532160000
12993.5000000000 -7.5301350000 2.1513450000
12994.9003900000 -7.4976080000 2.1493290000
12996.2998100000 -7.4673080000 2.1473170000
12997.5996100000 -7.4400770000 2.1454470000
12999.0000000000 -7.4118700000 2.1434340000
13000.4003900000 -7.3847180000 2.1414200000
13001.7002000000 -7.3604110000 2.1395520000
13003.0996100000 -7.3351270000 2.1375420000
13004.4003900000 -7.3123760000 2.1356730000
13005.7998100000 -7.2886440000 2.1336620000
13007.2002000000 -7.2656420000 2.1316520000
13008.5000000000 -7.2448920000 2.1297860000
13009.9003900000 -7.2231550000 2.1277770000
13011.2998100000 -7.2020120000 2.1257690000
13012.5996100000 -7.1828800000 2.1239030000
13014.0000000000 -7.1627800000 2.1218960000
13015.4003900000 -7.1431740000 2.1198890000
13016.7002000000 -7.1253870000 2.1180260000
13018.0996100000 -7.1066560000 2.1160190000
13019.5000000000 -7.0883410000 2.1140140000
13020.7998100000 -7.0716920000 2.1121520000
13022.2002000000 -7.0541100000 2.1101470000
13023.5996100000 -7.0369090000 2.1081430000
13024.9003900000 -7.0212210000 2.1062810000
13026.2998100000 -7.0046610000 2.1042800000
13027.7002000000 -6.9883890000 2.1022760000
13029.0000000000 -6.9735560000 2.1004170000
13030.4003900000 -6.9578540000 2.0984150000
13031.7998100000 -6.9424230000 2.0964140000
13033.0996100000 -6.9283390000 2.0945580000
13034.5000000000 -6.9133880000 2.0925560000
13035.9003900000 -6.8986880000 2.0905560000
13037.2998100000 -6.8842180000 2.0885570000
13038.5996100000 -6.8709810000 2.0867010000
13040.0000000000 -6.8569290000 2.0847030000
13041.4003900000 -6.8430830000 2.0827050000
13042.7002000000 -6.8304040000 2.0808520000
13044.0996100000 -6.8169330000 2.0788550000
13045.5000000000 -6.8036460000 2.0768590000
13046.9003900000 -6.7905280000 2.0748620000
13048.2002000000 -6.7785110000 2.0730090000
13049.5996100000 -6.7657370000 2.0710150000
13051.0000000000 -6.7531150000 2.0690210000
13052.4003900000 -6.7406410000 2.0670260000
13053.7002000000 -6.7292020000 2.0651760000
13055.0996100000 -6.7170310000 2.0631850000
13056.5000000000 -6.7049860000 2.0611910000
13057.9003900000 -6.6930870000 2.0591990000
13059.2002000000 -6.6821590000 2.0573500000
13060.5996100000 -6.6705220000 2.0553610000
13062.0000000000 -6.6589950000 2.0533700000
13063.4003900000 -6.6475990000 2.0513800000
13064.7002000000 -6.6371250000 2.0495330000
13066.0996100000 -6.6259640000 2.0475450000
13067.5000000000 -6.6149010000 2.0455560000
13068.9003900000 -6.6039550000 2.0435690000
13070.2002000000 -6.5938890000 2.0417230000
13071.5996100000 -6.5831480000 2.0397370000
13073.0000000000 -6.5725080000 2.0377500000
13074.4003900000 -6.5619680000 2.0357650000
13075.7998100000 -6.5515250000 2.0337790000
13077.0996100000 -6.5419140000 2.0319370000
13078.5000000000 -6.5316510000 2.0299520000
13079.9003900000 -6.5214720000 2.0279670000
13081.2998100000 -6.5113950000 2.0259850000
13082.7002000000 -6.5013960000 2.0240020000
13084.0000000000 -6.4921880000 2.0221610000
13085.4003900000 -6.4823440000 2.0201790000
13086.7998100000 -6.4725930000 2.0181990000
13088.2002000000 -6.4629080000 2.0162160000
13089.5996100000 -6.4533130000 2.0142370000
13090.9003900000 -6.4444590000 2.0123990000
13092.2998100000 -6.4350080000 2.0104210000
13093.7002000000 -6.4256170000 2.0084400000
13095.0996100000 -6.4163080000 2.0064630000
13096.5000000000 -6.4070570000 2.0044840000
13097.9003900000 -6.3978800000 2.0025070000
13099.2002000000 -6.3894200000 2.0006710000
13100.5996100000 -6.3803760000 1.9986960000
13102.0000000000 -6.3713840000 1.9967190000
13103.4003900000 -6.3624620000 1.9947440000
13104.7998100000 -6.3536010000 1.9927690000
13106.2002000000 -6.3448000000 1.9907950000
13107.5996100000 -6.3360650000 1.9888220000
13108.9003900000 -6.3279960000 1.9869890000
13110.2998100000 -6.3193660000 1.9850160000
13111.7002000000 -6.3107930000 1.9830440000
13113.0996100000 -6.3022760000 1.9810710000
13113.9746100000 -6.2969820000 1.9798400000
13114.5000000000 -6.2938120000 1.9791000000
13115.9003900000 -6.2854020000 1.9771290000
13117.2998100000 -6.2770440000 1.9751590000
13118.5996100000 -6.2693310000 1.9733300000
13120.0000000000 -6.2610710000 1.9713610000
13121.4003900000 -6.2528570000 1.9693910000
13122.7998100000 -6.2447020000 1.9674230000
13124.2002000000 -6.2365900000 1.9654550000
13125.5996100000 -6.2285260000 1.9634880000
13127.0000000000 -6.2205080000 1.9615210000
13128.4003900000 -6.2125310000 1.9595540000
13129.7998100000 -6.2046100000 1.9575890000
13131.2002000000 -6.1967280000 1.9556240000
13132.5000000000 -6.1894490000 1.9537990000
13133.9003900000 -6.1816450000 1.9518330000
13135.2998100000 -6.1738950000 1.9498700000
13136.7002000000 -6.1661760000 1.9479060000
13138.0996100000 -6.1585090000 1.9459440000
13139.5000000000 -6.1508780000 1.9439820000
13140.9003900000 -6.1432810000 1.9420190000
13142.2998100000 -6.1357340000 1.9400580000
13143.7002000000 -6.1282160000 1.9380960000
13145.0996100000 -6.1207470000 1.9361360000
13146.5000000000 -6.1133100000 1.9341760000
13147.9003900000 -6.1059050000 1.9322160000
13149.2998100000 -6.0985470000 1.9302580000
13150.7002000000 -6.0912160000 1.9282980000
13152.0000000000 -6.0844460000 1.9264800000
13153.4003900000 -6.0771880000 1.9245220000
13154.7998100000 -6.0699700000 1.9225670000
13156.2002000000 -6.0627770000 1.9206090000
13157.5996100000 -6.0556270000 1.9186540000
13159.0000000000 -6.0485010000 1.9166980000
13160.4003900000 -6.0414130000 1.9147420000
13161.7998100000 -6.0343630000 1.9127890000
13370.3857400000 -5.2153920000 1.6270350000
13631.8105500000 -4.5064520000 1.2835070000
13898.3466800000 -3.9557130000 0.9489710000
14170.0937500000 -3.5083530000 0.6233500000
14447.1543000000 -3.1242740000 0.3073280000
14729.6328100000 -2.7925800000 9.9997070000
15017.6337900000 -2.5027070000 9.7002540000
15311.2666000000 -2.2472810000 9.4087440000
15610.6396500000 -2.0208910000 9.1249650000
15915.8671900000 -1.8194020000 8.8487060000
16227.0615200000 -1.6255870000 8.5786730000
16544.3418000000 -1.4640560000 8.3139510000
16867.8242200000 -1.3423340000 8.0560440000
17197.6328100000 -1.2154880000 7.8092670000
17533.8906300000 -1.1020310000 7.5694850000
17876.7207000000 -1.0006410000 7.3365180000
18226.2558600000 -0.9101550000 7.1101880000
18582.6250000000 -0.8295570000 6.8903250000
18945.9628900000 -0.7579550000 6.6767610000
19316.4023400000 -0.6945590000 6.4693340000
19694.0878900000 -0.6386630000 6.2678800000
20079.1562500000 -0.5896380000 6.0722470000
20471.7539100000 -0.5469190000 5.8822780000
20872.0273400000 -0.5105340000 5.6978300000
21280.1289100000 -0.4789570000 5.5187540000
21696.2070300000 -0.4522700000 5.3449050000
22120.4238300000 -0.4297030000 5.1761050000
22552.9335900000 -0.4117260000 5.0122530000
22993.8984400000 -0.3976160000 4.8532200000
23443.4882800000 -0.3870800000 4.6988760000
23901.8671900000 -0.3798500000 4.5490960000
24369.2070300000 -0.3756790000 4.4037560000
24845.6875000000 -0.3770540000 4.2627800000
25331.4824200000 -0.3783760000 4.1262550000
25826.7753900000 -0.3821040000 3.9938200000
26331.7539100000 -0.3884660000 3.8653960000
26846.6054700000 -0.3970870000 3.7410170000
27371.5234400000 -0.4070540000 3.6208350000
27906.7070300000 -0.4187250000 3.5043460000
28452.3515600000 -0.4319670000 3.3914440000
29008.6660200000 -0.4466600000 3.2820210000
29575.8593800000 -0.4626950000 3.1759760000
30154.1406300000 -0.4799700000 3.0732090000
30743.7304700000 -0.4983920000 2.9736240000
31344.8476600000 -0.5178760000 2.8771260000
31957.7168000000 -0.5383460000 2.7836230000
32582.5703100000 -0.5597320000 2.6930280000
33219.6406300000 -0.5819710000 2.6052530000
33869.1679700000 -0.6050060000 2.5202140000
34531.3945300000 -0.6287880000 2.4378300000
35206.5703100000 -0.6532710000 2.3580220000
35894.9492200000 -0.6784180000 2.2807120000
36596.7851600000 -0.7041960000 2.2058270000
37312.3437500000 -0.7305780000 2.1332930000
38041.8906300000 -0.7569600000 2.0630390000
38785.7070300000 -0.7844730000 1.9949900000
39544.0625000000 -0.8125460000 1.9290850000
40317.2500000000 -0.8411750000 1.8652610000
41105.5546900000 -0.8703620000 1.8034540000
41909.2695300000 -0.9002420000 1.7436040000
42728.6992200000 -0.9305760000 1.6856540000
43564.1523400000 -0.9616100000 1.6295440000
44415.9414100000 -0.9931880000 1.5752180000
45284.3867200000 -1.0254450000 1.5226230000
46169.8085900000 -1.0584320000 1.4717030000
47072.5429700000 -1.0922010000 1.4224090000
47992.9296900000 -1.1274130000 1.3747220000
48931.3125000000 -1.1630180000 1.3285630000
49888.0429700000 -1.1996900000 1.2838840000
50863.4765600000 -1.2375600000 1.2406400000
51857.9843800000 -1.2767880000 1.1987860000
52871.9375000000 -1.3186830000 1.1582920000
53905.7187500000 -1.3629660000 1.1191410000
54959.7109400000 -1.4075390000 1.0813330000
56034.3085900000 -1.4545000000 1.0447470000
57129.9218800000 -1.5063620000 1.0094510000
58246.9531300000 -1.5594720000 0.9753210000
59385.8281300000 -1.6165880000 0.9423030000
60546.9687500000 -1.6798950000 0.9103890000
61730.8125000000 -1.7479190000 0.8795200000
62937.8046900000 -1.8235590000 0.8496600000
64168.3984400000 -1.9090310000 0.8207770000
65423.0507800000 -2.0072410000 0.7928360000
66702.2343800000 -2.1238650000 0.7658060000
68006.4296900000 -2.2668550000 0.7396630000
68160.7031300000 -2.2859000000 0.7366600000
68198.2031300000 -2.2906100000 0.7359330000
68235.7031300000 -2.2953520000 0.7352070000
68273.2968800000 -2.3001390000 0.7344800000
68310.8984400000 -2.3049600000 0.7337550000
68348.6015600000 -2.3098290000 0.7330280000
68386.2968800000 -2.3147310000 0.7323030000
68424.0000000000 -2.3196690000 0.7315780000
68461.7968800000 -2.3246560000 0.7308530000
68499.6015600000 -2.3296790000 0.7301290000
68537.5000000000 -2.3347520000 0.7294040000
68575.3984400000 -2.3398630000 0.7286800000
68613.3984400000 -2.3450260000 0.7279550000
68651.3984400000 -2.3502280000 0.7272320000
68689.3984400000 -2.3554690000 0.7265090000
68727.5000000000 -2.3607650000 0.7257860000
68765.6015600000 -2.3661020000 0.7250640000
68803.7031300000 -2.3714810000 0.7243420000
68841.8984400000 -2.3769150000 0.7236210000
68880.2031300000 -2.3824080000 0.7228980000
68918.5000000000 -2.3879450000 0.7221760000
68956.7968800000 -2.3935260000 0.7214560000
68995.2031300000 -2.3991690000 0.7207340000
69033.6015600000 -2.4048570000 0.7200140000
69072.1015600000 -2.4106080000 0.7192930000
69110.6015600000 -2.4164090000 0.7185730000
69149.1015600000 -2.4222570000 0.7178540000
69187.7031300000 -2.4281720000 0.7171350000
69226.2968800000 -2.4341360000 0.7164160000
69265.0000000000 -2.4401700000 0.7156970000
69303.7031300000 -2.4462580000 0.7149790000
69336.1250000000 -2.4513990000 0.7143780000
69342.5000000000 -2.4524140000 0.7142600000
69381.2968800000 -2.4586260000 0.7135420000
69420.1015600000 -2.4648960000 0.7128250000
69459.0000000000 -2.4712380000 0.7121080000
69498.0000000000 -2.4776570000 0.7113900000
69536.8984400000 -2.4841180000 0.7106740000
69576.0000000000 -2.4906750000 0.7099570000
69615.0000000000 -2.4972780000 0.7092420000
69654.1015600000 -2.5039620000 0.7085260000
69693.2968800000 -2.5107280000 0.7078100000
69732.5000000000 -2.5175620000 0.7070940000
69771.7031300000 -2.5244650000 0.7063800000
69811.0000000000 -2.5314530000 0.7056650000
69850.2968800000 -2.5385140000 0.7049510000
69889.7031300000 -2.5456670000 0.7042370000
69929.1015600000 -2.5528930000 0.7035230000
69968.6015600000 -2.5602160000 0.7028090000
70008.1015600000 -2.5676160000 0.7020960000
70047.7031300000 -2.5751160000 0.7013820000
70087.2031300000 -2.5826770000 0.7006710000
70126.8984400000 -2.5903610000 0.6999580000
70166.6015600000 -2.5981330000 0.6992450000
70206.2968800000 -2.6059910000 0.6985340000
70246.1015600000 -2.6139610000 0.6978220000
70285.8984400000 -2.6220210000 0.6971120000
70325.7968800000 -2.6301990000 0.6964000000
70365.7031300000 -2.6384740000 0.6956900000
70405.6015600000 -2.6468490000 0.6949800000
70445.7031300000 -2.6553690000 0.6942690000
70485.7031300000 -2.6639720000 0.6935600000
70525.7968800000 -2.6727040000 0.6928500000
70565.8984400000 -2.6815480000 0.6921420000
70606.1015600000 -2.6905300000 0.6914330000
70646.2968800000 -2.6996260000 0.6907250000
70686.6015600000 -2.7088690000 0.6900160000
70691.8203100000 -2.7100740000 0.6899250000
70727.0000000000 -2.7182560000 0.6893070000
70767.2968800000 -2.7277490000 0.6886010000
70807.7031300000 -2.7373980000 0.6878930000
70848.2031300000 -2.7472060000 0.6871860000
70888.7031300000 -2.7571520000 0.6864790000
70929.2968800000 -2.7672650000 0.6857720000
70969.8984400000 -2.7775290000 0.6850660000
71010.5000000000 -2.7879440000 0.6843610000
71051.2031300000 -2.7985430000 0.6836550000
71091.8984400000 -2.8093030000 0.6829500000
71132.7031300000 -2.8202610000 0.6822450000
71173.6015600000 -2.8314160000 0.6815390000
71214.3984400000 -2.8427240000 0.6808360000
71255.3984400000 -2.8542740000 0.6801310000
71296.2968800000 -2.8659840000 0.6794280000
71337.3984400000 -2.8779530000 0.6787230000
71378.3984400000 -2.8900990000 0.6780210000
71419.6015600000 -2.9025190000 0.6773170000
71460.7031300000 -2.9151280000 0.6766150000
71501.8984400000 -2.9279960000 0.6759130000
71543.2031300000 -2.9411360000 0.6752100000
71584.5000000000 -2.9545220000 0.6745090000
71625.7968800000 -2.9681610000 0.6738080000
71667.2968800000 -2.9821400000 0.6731060000
71708.7031300000 -2.9963640000 0.6724050000
71750.2031300000 -3.0109130000 0.6717050000
71791.7031300000 -3.0257600000 0.6710050000
71833.2968800000 -3.0409600000 0.6703050000
71875.0000000000 -3.0565290000 0.6696050000
71916.7031300000 -3.0724430000 0.6689050000
71958.3984400000 -3.0887150000 0.6682070000
72000.2031300000 -3.1054100000 0.6675070000
72042.0000000000 -3.1224950000 0.6668100000
72074.0234400000 -3.1358640000 0.6662760000
72083.8984400000 -3.1400390000 0.6661110000
72125.8984400000 -3.1580630000 0.6654120000
72167.7968800000 -3.1765000000 0.6647160000
72209.8984400000 -3.1955160000 0.6640170000
72251.8984400000 -3.2149940000 0.6633220000
72294.1015600000 -3.2351040000 0.6626240000
72336.2968800000 -3.2557840000 0.6619270000
72378.5000000000 -3.2770720000 0.6612310000
72420.7968800000 -3.2990470000 0.6605350000
72463.1015600000 -3.3217070000 0.6598400000
72505.5000000000 -3.3451400000 0.6591450000
72547.8984400000 -3.3693450000 0.6584500000
72590.3984400000 -3.3944370000 0.6577550000
72632.8984400000 -3.4204080000 0.6570610000
72675.5000000000 -3.4473930000 0.6563670000
72718.1015600000 -3.4753990000 0.6556730000
72760.7968800000 -3.5045660000 0.6549790000
72803.5000000000 -3.5349300000 0.6542870000
72846.2968800000 -3.5666570000 0.6535930000
72889.1015600000 -3.5997910000 0.6529010000
72932.0000000000 -3.6345400000 0.6522090000
72974.8984400000 -3.6709740000 0.6515170000
73017.8984400000 -3.7093530000 0.6508250000
73060.8984400000 -3.7497870000 0.6501340000
73104.0000000000 -3.7926040000 0.6494430000
73147.1015600000 -3.8379890000 0.6487520000
73190.2968800000 -3.8863570000 0.6480610000
73233.5000000000 -3.9379970000 0.6473720000
73276.7968800000 -3.9935030000 0.6466820000
73320.1015600000 -4.0533420000 0.6459930000
73363.5000000000 -4.1183740000 0.6453030000
73407.0000000000 -4.1895340000 0.6446130000
73450.3984400000 -4.2677050000 0.6439260000
73483.2500000000 -4.3325690000 0.6434060000
73494.0000000000 -4.3550190000 0.6432360000
73537.6015600000 -4.4533140000 0.6425480000
73581.2031300000 -4.5656680000 0.6418610000
73624.8984400000 -4.6970670000 0.6411730000
73668.7031300000 -4.8550620000 0.6404850000
73712.5000000000 -5.0523550000 0.6397980000
73756.2968800000 -5.3147020000 0.6391130000
73800.2031300000 -5.7077180000 0.6384260000
73844.2031300000 -6.5038220000 0.6377400000
73888.2031300000 -6.8541720000 3.2161370000
73932.2031300000 -5.8147220000 3.2133840000
73976.2968800000 -5.3667370000 3.2106250000
74020.5000000000 -5.0760630000 3.2078600000
74064.7031300000 -4.8605130000 3.2050950000
74109.0000000000 -4.6886240000 3.2023250000
74153.2968800000 -4.5457620000 3.1995560000
74197.7031300000 -4.4231730000 3.1967800000
74242.1015600000 -4.3159700000 3.1940050000
74286.6015600000 -4.2204900000 3.1912240000
74331.1015600000 -4.1345260000 3.1884440000
74375.7031300000 -4.0561740000 3.1856580000
74420.3984400000 -3.9841730000 3.1828660000
74465.1015600000 -3.9176540000 3.1800740000
74509.7968800000 -3.8558680000 3.1772840000
74554.6015600000 -3.7980140000 3.1744870000
74599.5000000000 -3.7436310000 3.1716850000
74644.3984400000 -3.6924150000 3.1688830000
74689.3984400000 -3.6439050000 3.1660750000
74734.3984400000 -3.5979190000 3.1632690000
74779.5000000000 -3.5541000000 3.1604560000
74824.6015600000 -3.5123480000 3.1576440000
74869.7968800000 -3.4723820000 3.1548270000
74915.0000000000 -3.4341240000 3.1520090000
74920.0312500000 -3.4299690000 3.1516960000
74960.2968800000 -3.3973650000 3.1491870000
75005.7031300000 -3.3619680000 3.1463580000
75051.1015600000 -3.3279260000 3.1435300000
75096.5000000000 -3.2951280000 3.1407040000
75142.0000000000 -3.2634100000 3.1378710000
75187.6015600000 -3.2327050000 3.1350320000
75233.2031300000 -3.2030100000 3.1321950000
75278.8984400000 -3.1741990000 3.1293520000
75324.6015600000 -3.1462770000 3.1265090000
75370.3984400000 -3.1191320000 3.1236610000
75416.2968800000 -3.0927190000 3.1208070000
75462.2031300000 -3.0670480000 3.1179540000
75508.1015600000 -3.0420870000 3.1151020000
75554.1015600000 -3.0177400000 3.1122440000
75600.2031300000 -2.9939720000 3.1093810000
75646.2968800000 -2.9708160000 3.1065190000
75692.5000000000 -2.9481780000 3.1036510000
75738.7968800000 -2.9260400000 3.1007770000
75785.1015600000 -2.9044260000 3.0979040000
75831.3984400000 -2.8833140000 3.0950330000
75877.7968800000 -2.8626320000 3.0921550000
75924.2968800000 -2.8423660000 3.0892730000
75970.7968800000 -2.8225360000 3.0863910000
76017.3984400000 -2.8030850000 3.0835030000
76064.0000000000 -2.7840340000 3.0806160000
76110.7031300000 -2.7653350000 3.0777240000
76157.5000000000 -2.7469710000 3.0748270000
76204.2968800000 -2.7289670000 3.0719300000
76251.1015600000 -2.7113090000 3.0690350000
76298.1015600000 -2.6939080000 3.0661270000
76345.0000000000 -2.6768700000 3.0632270000
76384.9062500000 -2.6626180000 3.0607600000
76392.1015600000 -2.6600690000 3.0603150000
76439.2031300000 -2.6435730000 3.0574050000
76486.2968800000 -2.6273670000 3.0544950000
76533.5000000000 -2.6114060000 3.0515800000
76580.7968800000 -2.5956880000 3.0486600000
76628.1015600000 -2.5802300000 3.0457390000
76675.5000000000 -2.5650000000 3.0428150000
76723.0000000000 -2.5499860000 3.0398850000
76770.5000000000 -2.5352130000 3.0369560000
76818.1015600000 -2.5206440000 3.0340210000
76865.7031300000 -2.5063030000 3.0310880000
76913.3984400000 -2.4921530000 3.0281490000
76961.1015600000 -2.4782170000 3.0252120000
77008.8984400000 -2.4644650000 3.0222690000
77056.7968800000 -2.4508870000 3.0193210000
77104.7031300000 -2.4375030000 3.0163740000
77152.7031300000 -2.4242890000 3.0134220000
77200.7031300000 -2.4112610000 3.0104710000
77248.7968800000 -2.3983950000 3.0075150000
77297.0000000000 -2.3856770000 3.0045540000
77345.2031300000 -2.3731350000 3.0015930000
77393.5000000000 -2.3607380000 2.9986280000
77441.7968800000 -2.3485100000 2.9956640000
77490.2031300000 -2.3364300000 2.9926940000
77538.7031300000 -2.3244400000 2.9897200000
77587.2031300000 -2.3126430000 2.9867470000
77635.7968800000 -2.3009700000 2.9837690000
77684.3984400000 -2.2894440000 2.9807920000
77733.1015600000 -2.2780370000 2.9778100000
77781.8984400000 -2.2667520000 2.9748230000
77830.7031300000 -2.2556030000 2.9718360000
77878.4218800000 -2.2448340000 2.9689180000
77879.6015600000 -2.2445710000 2.9688460000
77928.6015600000 -2.2336480000 2.9658500000
77977.6015600000 -2.2228580000 2.9628550000
78026.6015600000 -2.2121940000 2.9598620000
78075.7968800000 -2.2016160000 2.9568570000
78125.0000000000 -2.1911580000 2.9538540000
78174.2031300000 -2.1808220000 2.9508520000
78223.6015600000 -2.1705630000 2.9478390000
78272.8984400000 -2.1604430000 2.9448330000
78322.3984400000 -2.1503950000 2.9418170000
78371.8984400000 -2.1404590000 2.9388010000
78421.5000000000 -2.1306120000 2.9357810000
78471.1015600000 -2.1208750000 2.9327620000
78520.7968800000 -2.1112250000 2.9297380000
78570.6015600000 -2.1016590000 2.9267090000
78620.3984400000 -2.0921980000 2.9236820000
78670.2968800000 -2.0828180000 2.9206500000
78720.2031300000 -2.0735370000 2.9176190000
78770.2031300000 -2.0643340000 2.9145840000
78820.2968800000 -2.0552110000 2.9115440000
78870.3984400000 -2.0461810000 2.9085050000
78920.7031300000 -2.0372090000 2.9054560000
78970.8984400000 -2.0283460000 2.9024130000
79021.2968800000 -2.0195400000 2.8993610000
79071.6015600000 -2.0108370000 2.8963150000
79122.1015600000 -2.0021880000 2.8932590000
79172.6015600000 -1.9936260000 2.8902050000
79223.2031300000 -1.9851310000 2.8871450000
79273.8984400000 -1.9767050000 2.8840820000
79324.6015600000 -1.9683590000 2.8810190000
79375.3984400000 -1.9600790000 2.8779520000
79401.1406300000 -1.9559140000 2.8763990000
79426.2031300000 -1.9518780000 2.8748870000
79477.1015600000 -1.9437400000 2.8718160000
79528.1015600000 -1.9356650000 2.8687420000
79579.2031300000 -1.9276500000 2.8656630000
79630.2968800000 -1.9197130000 2.8625860000
79681.5000000000 -1.9118320000 2.8595030000
79732.7031300000 -1.9040260000 2.8564220000
79784.0000000000 -1.8962790000 2.8533380000
79835.3984400000 -1.8885880000 2.8502480000
79886.7968800000 -1.8809670000 2.8471600000
79938.2968800000 -1.8734020000 2.8440680000
79989.8984400000 -1.8658900000 2.8409710000
80041.5000000000 -1.8585420000 2.8379600000
80093.2031300000 -1.8512690000 2.8349680000
80145.0000000000 -1.8440480000 2.8319770000
80196.8984400000 -1.8368770000 2.8289840000
80248.7968800000 -1.8297690000 2.8259980000
80300.7031300000 -1.8227220000 2.8230160000
80352.7968800000 -1.8157130000 2.8200280000
80404.8984400000 -1.8087630000 2.8170460000
80457.1015600000 -1.8018600000 2.8140630000
80509.2968800000 -1.7950160000 2.8110850000
80953.6328100000 -1.7390450000 2.7859500000
82536.4765600000 -1.5674700000 2.6993990000
84150.2734400000 -1.4263000000 2.6156920000
85795.6250000000 -1.3075720000 2.5347330000
87473.1406300000 -1.2061380000 2.4564280000
89183.4609400000 -1.1184600000 2.3806850000
90927.2187500000 -1.0419890000 2.3074170000
92705.0781300000 -0.9748190000 2.2365390000
94517.6953100000 -0.9154810000 2.1679700000
96365.7500000000 -0.8560370000 2.1013930000
98249.9453100000 -0.8086080000 2.0357790000
100170.9766000000 -0.7663670000 1.9720730000
102129.5703000000 -0.7287030000 1.9102240000
104126.4609000000 -0.6951010000 1.8501830000
106162.3906000000 -0.6651210000 1.7919010000
108238.1328000000 -0.6383870000 1.7353300000
110354.4609000000 -0.6145720000 1.6804250000
112512.1641000000 -0.5933930000 1.6271390000
114712.0547000000 -0.5746010000 1.5754300000
116954.9688000000 -0.5579740000 1.5252530000
119241.7266000000 -0.5433180000 1.4765670000
121573.2031000000 -0.5304580000 1.4293310000
123950.2656000000 -0.5192370000 1.3835050000
126373.8047000000 -0.5095160000 1.3390510000
128844.7266000000 -0.5011680000 1.2959300000
131363.9688000000 -0.4940770000 1.2541050000
133932.4531000000 -0.4881390000 1.2135420000
136551.1719000000 -0.4832610000 1.1742040000
139221.0938000000 -0.4793540000 1.1360560000
141943.2188000000 -0.4763400000 1.0990680000
144718.5625000000 -0.4741460000 1.0632040000
147548.1719000000 -0.4727060000 1.0284350000
150433.1094000000 -0.4766010000 0.9951880000
153374.4531000000 -0.4765300000 0.9630180000
156373.2969000000 -0.4770020000 0.9318580000
159430.7969000000 -0.4779680000 0.9016780000
162548.0625000000 -0.4793850000 0.8724480000
165726.2813000000 -0.4812120000 0.8441390000
168966.6406000000 -0.4834120000 0.8167230000
172270.3750000000 -0.4859500000 0.7901720000
175638.6875000000 -0.4887950000 0.7644600000
179072.8594000000 -0.4919170000 0.7395610000
182574.1875000000 -0.4952890000 0.7154500000
186143.9688000000 -0.4988850000 0.6921040000
189783.5469000000 -0.5026820000 0.6694970000
193494.2969000000 -0.5066580000 0.6476090000
197277.5938000000 -0.5107930000 0.6264150000
201134.8594000000 -0.5150690000 0.6058960000
205067.5469000000 -0.5194670000 0.5860300000
209077.1406000000 -0.5239730000 0.5667970000
213165.1250000000 -0.5285720000 0.5481780000
217333.0313000000 -0.5332490000 0.5301530000
221582.4375000000 -0.5379910000 0.5127040000
225914.9219000000 -0.5427880000 0.4958130000
230332.1250000000 -0.5476290000 0.4794620000
234835.7031000000 -0.5525020000 0.4636360000
239427.3281000000 -0.5573990000 0.4483180000
244108.7344000000 -0.5623110000 0.4334910000
248881.6719000000 -0.5672310000 0.4191410000
253747.9219000000 -0.5721510000 0.4052530000
258709.3281000000 -0.5770640000 0.3918120000
263767.7500000000 -0.5819630000 0.3788040000
268925.0625000000 -0.5868450000 0.3662150000
274183.2188000000 -0.5917030000 0.3540340000
279544.1875000000 -0.5965320000 0.3422460000
285010.0000000000 -0.6013280000 0.3308400000
290582.6563000000 -0.6060870000 0.3198030000
296264.2500000000 -0.6108060000 0.3091240000
302056.9688000000 -0.6154800000 0.2987910000
307962.9375000000 -0.6201080000 0.2887950000
313984.3750000000 -0.6246860000 0.2791230000
320123.5625000000 -0.6350550000 0.2697670000
326382.7813000000 -0.6399310000 0.2610790000
332764.3750000000 -0.6443120000 0.2526810000
339270.7500000000 -0.6486170000 0.2445620000
345904.3438000000 -0.6528480000 0.2367120000
352667.6563000000 -0.6570020000 0.2291230000
359563.1875000000 -0.6610800000 0.2217850000
366593.5625000000 -0.6650820000 0.2146900000
373761.3750000000 -0.6690080000 0.2078300000
381069.3438000000 -0.6728570000 0.2011970000
388520.2188000000 -0.6766290000 0.1947820000
396116.7500000000 -0.6803260000 0.1885790000
403861.8125000000 -0.6839480000 0.1825810000
411758.3438000000 -0.6874940000 0.1767800000
419809.2500000000 -0.6909660000 0.1711700000
428017.5625000000 -0.6943640000 0.1657440000
436386.3750000000 -0.6976880000 0.1604970000
444918.8125000000 -0.7009400000 0.1554210000
453618.0938000000 -0.7041200000 0.1505120000
462487.4688000000 -0.7072290000 0.1457640000
471530.2500000000 -0.7102680000 0.1411710000
480749.8438000000 -0.7132380000 0.1367280000
490149.7188000000 -0.7161400000 0.1324300000
499733.3750000000 -0.7189740000 0.1282720000
509504.4063000000 -0.7217420000 0.1242500000
519466.5000000000 -0.7244450000 0.1203580000
529623.3750000000 -0.7270840000 0.1165930000
539978.8125000000 -0.7296590000 0.1129510000
550536.7500000000 -0.7321730000 0.1094260000
561301.1250000000 -0.7346250000 0.1060160000
572276.0000000000 -0.7370180000 0.1027170000
583465.4375000000 -0.7393510000 0.0995240000
594873.6250000000 -0.7416270000 0.0964340000
606504.8750000000 -0.7438460000 0.0934440000
618363.5625000000 -0.7460100000 0.0905510000
630454.1250000000 -0.7481190000 0.0877510000
642781.1250000000 -0.7501740000 0.0850410000
655349.0625000000 -0.7521780000 0.0824180000
668162.8125000000 -0.7541300000 0.0798800000
681227.0625000000 -0.7560310000 0.0774220000
694546.7500000000 -0.7578840000 0.0750440000
