30.0000000000 -72.2748790000 5.1486820000
30.5865750000 -71.9776310000 5.2975690000
31.1846200000 -71.6780550000 5.4401760000
31.7943570000 -71.3765180000 5.5765580000
32.4160160000 -71.0734020000 5.7067960000
33.0498310000 -70.7690730000 5.8309970000
33.6960370000 -67.5594180000 5.8387770000
34.3548770000 -67.1426090000 5.7870120000
35.0266040000 -66.7308430000 5.7185950000
35.7114600000 -66.3251650000 5.6337240000
36.4097100000 -65.9266510000 5.5326520000
37.1216090000 -65.5363540000 5.4156800000
37.8474310000 -65.1553570000 5.2831580000
38.5874440000 -64.7847670000 5.1354890000
39.3419230000 -64.4257130000 4.9731160000
40.1111560000 -64.0793530000 4.7965290000
40.8954320000 -63.7468870000 4.6062560000
41.6950380000 -63.4296040000 4.4028710000
42.5102810000 -63.1288640000 4.1869710000
43.3414650000 -62.8461800000 3.9591950000
44.1888960000 -62.5832410000 3.7202120000
45.0529020000 -62.3419910000 3.4707090000
45.9338000000 -62.1247790000 3.2114030000
46.8319210000 -61.9344900000 2.9430270000
47.7476010000 -61.7748300000 2.6663310000
48.6811870000 -61.6507530000 2.3820770000
49.6330260000 -61.5691640000 2.0910350000
50.6034740000 -61.5401610000 1.7939820000
51.5928990000 -61.5793150000 1.4916930000
52.6016690000 -61.7122310000 1.1849440000
53.6301650000 -61.9845500000 0.8745060000
54.6787680000 -61.8240590000 4.5636230000
55.7478750000 -60.5852050000 4.0139270000
56.8378870000 -59.8363380000 3.4795300000
57.9492070000 -59.3051680000 2.9598290000
59.0822600000 -58.9061580000 2.4543100000
60.2374690000 -58.6006930000 1.9625430000
61.4152600000 -58.3679770000 1.4841680000
62.6160810000 -58.1959000000 1.0188870000
63.8403850000 -58.0772900000 0.5664460000
65.0886230000 -58.0083270000 0.1266400000
66.3612670000 -57.9880140000 9.6992950000
67.6587980000 -58.0183110000 9.2842580000
68.9816970000 -58.1051450000 8.8814040000
70.3304600000 -58.2608260000 8.4906250000
71.7055970000 -62.4476740000 0.3279320000
73.1076200000 -58.4632260000 9.8503800000
74.5370640000 -57.9607540000 9.3908590000
75.9944460000 -57.7042390000 8.9488900000
77.4803310000 -57.5675280000 8.5240150000
78.9952620000 -57.5110240000 8.1157990000
80.5398180000 -57.5189670000 7.7238170000
82.1145710000 -57.5871240000 7.3476540000
83.7201160000 -57.7559320000 7.4081490000
85.3570560000 -57.7097590000 7.0778710000
87.0260010000 -57.8427240000 7.0450590000
88.7275770000 -57.7743070000 6.7580240000
90.4624250000 -57.7966120000 6.4863160000
92.2311940000 -57.8556480000 6.2296310000
94.0345380000 -57.9393200000 5.9876750000
95.8731540000 -58.0421490000 5.7601540000
97.7477110000 -58.1610030000 5.5467860000
99.6589200000 -58.2938610000 5.3472920000
101.6075060000 -58.4394110000 5.1614000000
103.5941850000 -58.5968780000 4.9888490000
105.6197130000 -58.7660980000 4.8293810000
107.6848450000 -58.9477390000 4.6827500000
109.7903520000 -59.1277200000 4.6434870000
111.9370270000 -59.2876930000 4.5240450000
114.1256790000 -59.4628260000 4.4167850000
116.3571170000 -59.6474000000 4.3215060000
118.6321950000 -59.8394810000 4.2380200000
120.9517520000 -60.0381010000 4.1661600000
123.3166580000 -60.2426610000 4.1057700000
125.7278060000 -60.4527850000 4.0567160000
128.1860960000 -61.5763360000 4.0261350000
130.6924590000 -61.7663460000 4.0248130000
133.2478330000 -61.9617270000 4.0326820000
135.8531490000 -62.1624720000 4.0497840000
138.5094300000 -62.3686260000 4.0761830000
141.2176360000 -62.5802500000 4.1119690000
143.9787900000 -62.7974510000 4.1572610000
146.7939300000 -63.0203550000 4.2122040000
149.6641240000 -63.2491040000 4.2769720000
152.5904390000 -63.4838710000 4.3517730000
155.5739590000 -63.7248500000 4.4368450000
158.6158140000 -64.4417270000 4.5441740000
161.7171480000 -64.6761470000 4.6632590000
164.8791350000 -64.9180220000 4.7924100000
168.1029360000 -65.1676410000 4.9320930000
171.3897710000 -65.4252930000 5.0828100000
174.7408600000 -65.6912770000 5.2451100000
178.1574860000 -65.9658970000 5.4195820000
181.6409150000 -66.2494740000 5.6068660000
185.1924440000 -66.5423430000 5.8076520000
188.8134160000 -66.8448330000 6.0226800000
192.5051880000 -67.1572950000 6.2527500000
196.2691500000 -67.4800870000 6.4987260000
200.1067050000 -67.8135600000 6.7615320000
204.0192870000 -68.1580890000 7.0421620000
208.0083770000 -68.5140380000 7.3416890000
212.0754700000 -68.8818050000 7.6612630000
216.2220760000 -69.1470870000 8.0000320000
220.4497530000 -69.5374150000 8.3572440000
224.7601010000 -69.9408870000 8.7382940000
229.1547240000 -70.3579030000 9.1447010000
233.6352690000 -70.7888570000 9.5781070000
238.2034300000 -71.2341540000 0.0402670000
242.8609010000 -71.6942060000 0.5330670000
247.6094360000 -72.1694180000 1.0585380000
252.4508210000 -72.6602020000 1.6188590000
257.3868710000 -73.1669770000 2.2163680000
262.4194340000 -73.6901860000 2.8535820000
267.5503850000 -74.2302550000 3.5332020000
272.7816770000 -74.7876660000 4.2581380000
278.1152340000 -75.3629380000 5.0315110000
283.5530700000 -75.9566420000 5.8566770000
289.0972600000 -76.5841370000 6.7375850000
294.7498170000 -77.2170330000 7.6782490000
300.5129390000 -77.8710560000 8.6824050000
306.3887020000 -78.5477980000 9.7545450000
312.3793640000 -79.2496340000 0.8995290000
318.4871830000 -79.9802320000 2.1225850000
324.7143860000 -80.7455980000 3.4293250000
331.0633850000 -81.5563350000 4.8258300000
337.5364990000 -71.1155320000 6.3315640000
344.1361690000 -70.9136890000 7.2929880000
350.8648990000 -63.2111170000 7.9650330000
357.7251890000 -62.6055410000 8.9807150000
364.7196040000 -61.8185730000 9.5565950000
371.8508000000 -61.0543940000 0.1077330000
379.1213990000 -60.2843590000 0.6323660000
386.5341800000 -59.5011370000 1.1288240000
394.0918880000 -58.7025220000 1.5955240000
401.7973630000 -57.8882900000 2.0309940000
409.6535340000 -57.0592040000 2.4338680000
417.6632690000 -56.2166440000 2.8028870000
425.8296200000 -55.3623730000 3.1369360000
434.1556700000 -54.5029750000 3.4350970000
442.6445010000 -53.6319500000 3.6965940000
451.2993160000 -52.7563060000 3.9205440000
460.1233520000 -51.8789670000 4.1063690000
469.1199040000 -51.0032010000 4.2536320000
478.2923890000 -50.1326900000 4.3620340000
487.6441960000 -49.2717060000 4.4314310000
497.1788640000 -48.4253650000 4.4618070000
506.8999330000 -47.6000710000 4.4533080000
516.8110960000 -46.8043440000 4.4062000000
526.9160770000 -46.0503200000 4.3208920000
537.2185670000 -45.3569490000 4.1979290000
547.7225340000 -45.5445980000 5.7400170000
558.4318850000 -43.7418710000 5.5569880000
569.3506470000 -42.5561940000 5.3382110000
580.4828490000 -41.5112990000 5.0846940000
591.8327640000 -40.5427250000 4.7975230000
603.4046020000 -39.6302600000 4.4778940000
615.2026370000 -38.7666890000 4.1270790000
627.2313840000 -37.9508130000 3.7464370000
639.4953610000 -37.1858900000 3.3373790000
651.9990840000 -36.4863660000 3.2846300000
664.7473140000 -35.6277850000 2.8314550000
677.7447510000 -34.8580470000 2.3544350000
690.9963990000 -34.1431770000 1.8551690000
704.5070800000 -33.4761310000 1.3352870000
718.2819820000 -32.8557550000 0.7964310000
732.3261720000 -32.2837830000 0.2402630000
746.6450200000 -31.7647530000 9.6684360000
761.2437740000 -31.6089840000 9.6184220000
776.1279910000 -30.7677730000 9.0244520000
791.3032230000 -30.1891330000 8.4195560000
806.7752080000 -29.6884100000 7.8053360000
822.5496830000 -29.2432060000 7.1833740000
838.6325680000 -28.8461840000 6.5552200000
855.0299680000 -28.4941860000 5.9223800000
871.7479250000 -28.1857190000 5.2863290000
888.7927860000 -27.9200900000 4.6484930000
906.1708980000 -27.6970440000 4.0102560000
923.8888550000 -27.5164990000 3.3729460000
941.9531860000 -27.3782620000 2.7378440000
960.3707280000 -27.2809520000 2.1061800000
979.1483760000 -27.2171400000 1.4791180000
998.2931520000 -27.1108130000 0.8577770000
1017.8123170000 -26.8390390000 0.5121380000
1037.7131350000 -26.5889260000 0.1909770000
1058.0029300000 -26.3517020000 9.8680550000
1078.6895750000 -26.1274990000 9.5435540000
1099.7806400000 -25.9173740000 9.2177160000
1121.2841800000 -25.7199570000 8.8907550000
1143.2080080000 -25.5361690000 8.5628320000
1165.5606690000 -25.3662660000 8.2341460000
1188.3502200000 -25.2105460000 7.9048980000
1211.5854490000 -25.0693360000 7.5752810000
1235.2750240000 -24.9430030000 7.2455010000
1259.4277340000 -24.8319610000 6.9157540000
1284.0527340000 -24.7449130000 6.5863040000
1309.1591800000 -24.6665630000 6.2581080000
1334.7564700000 -24.6050110000 5.9306690000
1360.8542480000 -24.7579000000 5.6144200000
1387.4624020000 -24.7420600000 5.3006640000
1414.5908200000 -24.9013310000 4.9912480000
1442.2495120000 -24.9301400000 4.6910840000
1470.4492190000 -24.9785690000 4.3941670000
1499.2000730000 -25.0478230000 4.1005670000
1528.5131840000 -25.1393240000 3.8103450000
1558.3995360000 -25.4337080000 3.5241720000
1588.8701170000 -25.5757390000 3.2461160000
1619.9365230000 -25.7457640000 2.9715700000
1651.6103520000 -26.0861130000 2.7042920000
1683.9034420000 -26.3213840000 2.4408270000
1716.8280030000 -26.5956670000 2.1808290000
1750.3962400000 -26.9148350000 1.9242820000
1784.6208500000 -27.2864700000 1.6711710000
1819.5146480000 -27.7205870000 1.4214830000
1855.0908200000 -28.2308390000 1.1752000000
1891.3624270000 -28.8365780000 0.9323140000
1928.3432620000 -29.5666890000 0.6928080000
1966.0472410000 -30.4671730000 0.4566710000
2004.4884030000 -31.6179540000 0.2238900000
2043.6811520000 -33.1775020000 9.9944920000
2083.6401370000 -35.4972460000 9.7684660000
2124.3806150000 -39.6111600000 9.5457620000
2165.9174800000 -50.0510030000 9.3263720000
2208.2666020000 -121.4805370000 9.3826750000
2251.4438480000 -23.3971600000 4.6801530000
2295.4653320000 -53.6670190000 1.5496220000
2340.3474120000 -1.2102050000 9.2510600000
2386.1069340000 -4.5268740000 8.5593280000
2432.7612300000 -10.7222260000 9.5206300000
2480.3278810000 -16.2109110000 5.2085260000
2528.8244630000 -20.9472960000 3.0149530000
2578.2692870000 -25.3794290000 1.8945240000
2628.6809080000 -29.9419570000 1.4298200000
2680.0783690000 -35.2983930000 1.5021170000
2732.4804690000 -43.3995780000 2.2103930000
2785.9074710000 -48.9332770000 8.3771550000
2840.3789060000 -58.9898110000 2.0319080000
2895.9152830000 -31.3971080000 5.5172710000
2952.5378420000 -36.5667610000 7.2270870000
3010.2673340000 -14.9566510000 8.2725280000
3069.1254880000 -14.3934940000 7.4870340000
3129.1347660000 -14.4180920000 6.7186090000
3190.3171390000 -13.2748680000 7.6728340000
3252.6958010000 -12.2169360000 6.8910050000
3316.2941890000 -11.5232630000 6.1321370000
3381.1359860000 -11.1270350000 5.3955630000
3447.2456050000 -10.7393490000 5.7653030000
3514.6479490000 -9.7139360000 5.0661680000
3583.3681640000 -9.0578260000 4.3887230000
3653.4318850000 -8.4991340000 3.7355480000
3724.8657230000 -8.0154620000 3.1029280000
3797.6960450000 -7.5894320000 2.4905200000
3871.9506840000 -7.2066150000 1.8980370000
3947.6569820000 -6.8612550000 1.3252140000
4024.8435060000 -6.5478060000 0.7718560000
4103.5390630000 -6.0965780000 0.2331910000
4183.7739260000 -5.8179880000 9.6827280000
4265.5771480000 -5.5640030000 9.1452850000
4348.9794920000 -5.3325260000 8.6206090000
4434.0131840000 -5.1138830000 8.1082170000
4520.7089840000 -4.9219120000 7.6074370000
4609.1005860000 -4.7469500000 7.1186100000
4699.2197270000 -4.5895670000 6.6414830000
4791.1015630000 -4.4476640000 6.1758860000
4884.7792970000 -4.3202450000 5.7215940000
4980.2890630000 -4.2064030000 5.2783810000
5077.6660160000 -4.1053170000 4.8460240000
5176.9472660000 -4.0162370000 4.4242980000
5278.1694340000 -3.9384800000 4.0129910000
5381.3710940000 -3.8714200000 3.6118880000
5486.5903320000 -3.8233290000 3.2207810000
5593.8666990000 -3.7762690000 2.8404230000
5703.2412110000 -3.7382540000 2.4696840000
5814.7534180000 -3.7088460000 2.1083630000
5928.4467770000 -3.6876460000 1.7562520000
6044.3627930000 -3.6742920000 1.4131540000
6162.5449220000 -3.6684600000 1.0788740000
6283.0380860000 -3.6877630000 0.7532680000
6405.8872070000 -3.7094900000 0.4378480000
6531.1386720000 -3.7247400000 0.1308770000
6658.8383790000 -3.7624590000 9.8322010000
6789.0356450000 -3.7901810000 9.5417320000
6921.7783200000 -3.8296720000 9.2593190000
7057.1162110000 -3.8696680000 8.9847590000
7195.1005860000 -3.9155600000 8.7176000000
7335.7827150000 -3.9673280000 8.4576670000
7479.2158200000 -4.0249970000 8.2047840000
7625.4531250000 -4.0886380000 7.9587830000
7774.5498050000 -4.1583760000 7.7194940000
7926.5620120000 -4.2343990000 7.4867560000
8081.5458980000 -4.3169670000 7.2604070000
8239.5605470000 -4.4064280000 7.0402910000
8400.6640630000 -4.5032460000 6.8262530000
8564.9189450000 -4.6080290000 6.6181430000
8732.3837890000 -4.7216040000 6.4158130000
8903.1240230000 -4.8450490000 6.2191770000
9077.2021480000 -4.9739460000 6.0311530000
9254.6845700000 -5.1134560000 5.8485160000
9435.6367190000 -5.2650530000 5.6711210000
9620.1269530000 -5.4308960000 5.4988290000
9808.2246090000 -5.6129570000 5.3315120000
10000.0000000000 -5.8155030000 5.1690420000
10195.5253900000 -6.0414710000 5.0113050000
10394.8730500000 -6.2981690000 4.8581540000
10598.1191400000 -6.5939060000 4.7094560000
10805.3388700000 -6.9430860000 4.5650840000
11016.6103500000 -7.3690940000 4.4249190000
11232.0127000000 -7.9154580000 4.2888410000
11451.6259800000 -8.6788290000 4.1567370000
11675.5341800000 -9.9603000000 4.0284940000
11764.2998100000 -10.8504070000 3.9793600000
11765.5000000000 -10.8657190000 3.9787020000
11766.5996100000 -10.8798490000 3.9780990000
11767.7002000000 -10.8940940000 3.9774960000
11768.7998100000 -10.9084330000 3.9768940000
11769.9003900000 -10.9228900000 3.9762910000
11771.0000000000 -10.9374420000 3.9756890000
11772.2002000000 -10.9534560000 3.9750320000
11773.2998100000 -10.9682390000 3.9744300000
11774.4003900000 -10.9831480000 3.9738280000
11775.5000000000 -10.9981580000 3.9732270000
11776.5996100000 -11.0132850000 3.9726250000
11777.7002000000 -11.0285430000 3.9720240000
11778.9003900000 -11.0453140000 3.9713680000
11780.0000000000 -11.0608130000 3.9707670000
11781.0996100000 -11.0764360000 3.9701660000
11782.2002000000 -11.0921980000 3.9695650000
11783.2998100000 -11.1080760000 3.9689650000
11784.5000000000 -11.1255620000 3.9683090000
11785.5996100000 -11.1417140000 3.9677090000
11786.7002000000 -11.1580160000 3.9671090000
11787.7998100000 -11.1744410000 3.9665090000
11788.9003900000 -11.1910200000 3.9659090000
11790.0996100000 -11.2092400000 3.9652550000
11791.2002000000 -11.2261330000 3.9646540000
11792.2998100000 -11.2431450000 3.9640550000
11793.4003900000 -11.2603210000 3.9634550000
11794.5996100000 -11.2792030000 3.9628020000
11795.7002000000 -11.2967010000 3.9622030000
11796.7998100000 -11.3143420000 3.9616040000
11797.9003900000 -11.3321600000 3.9610050000
11799.0000000000 -11.3501260000 3.9604070000
11800.2002000000 -11.3699350000 3.9597540000
11801.2998100000 -11.3882550000 3.9591560000
11802.4003900000 -11.4067640000 3.9585570000
11803.5000000000 -11.4254340000 3.9579590000
11804.7002000000 -11.4460110000 3.9573070000
11805.7998100000 -11.4650620000 3.9567090000
11806.9003900000 -11.4843190000 3.9561120000
11808.0000000000 -11.5037500000 3.9555140000
11809.2002000000 -11.5251910000 3.9548620000
11810.2998100000 -11.5450360000 3.9542650000
11811.4003900000 -11.5651030000 3.9536680000
11812.5000000000 -11.5853600000 3.9530710000
11813.7002000000 -11.6077040000 3.9524200000
11814.7998100000 -11.6284290000 3.9518230000
11815.9003900000 -11.6493770000 3.9512270000
11817.0000000000 -11.6705330000 3.9506310000
11818.2002000000 -11.6938810000 3.9499800000
11819.2998100000 -11.7155280000 3.9493840000
11820.4003900000 -11.7374360000 3.9487880000
11821.5000000000 -11.7595750000 3.9481930000
11822.7002000000 -11.7840390000 3.9475430000
11823.7998100000 -11.8067150000 3.9469480000
11824.9003900000 -11.8296780000 3.9463520000
11826.0996100000 -11.8550010000 3.9457030000
11827.2002000000 -11.8785430000 3.9451080000
11828.2998100000 -11.9023500000 3.9445130000
11829.4003900000 -11.9264740000 3.9439180000
11830.5996100000 -11.9531140000 3.9432700000
11831.7002000000 -11.9778760000 3.9426750000
11832.7998100000 -12.0029340000 3.9420810000
11834.0000000000 -12.0306450000 3.9414330000
11835.0996100000 -12.0563940000 3.9408390000
11836.2002000000 -12.0825090000 3.9402450000
11837.2998100000 -12.1089540000 3.9396510000
11838.5000000000 -12.1382470000 3.9390030000
11839.5996100000 -12.1654620000 3.9384100000
11840.7002000000 -12.1930870000 3.9378170000
11841.9003900000 -12.2236770000 3.9371690000
11843.0000000000 -12.2521170000 3.9365760000
11844.0996100000 -12.2809770000 3.9359840000
11845.2998100000 -12.3129600000 3.9353370000
11846.4003900000 -12.3427650000 3.9347440000
11847.5000000000 -12.3730040000 3.9341520000
11848.7002000000 -12.4065670000 3.9335060000
11849.7998100000 -12.4378170000 3.9329140000
11850.9003900000 -12.4696020000 3.9323210000
11852.0996100000 -12.5048200000 3.9316760000
11853.2002000000 -12.5377210000 3.9310840000
11854.2998100000 -12.5711550000 3.9304930000
11855.5000000000 -12.6083260000 3.9298470000
11856.5996100000 -12.6429970000 3.9292560000
11857.7002000000 -12.6783250000 3.9286650000
11858.9003900000 -12.7175750000 3.9280200000
11860.0000000000 -12.7542520000 3.9274290000
11861.0996100000 -12.7916300000 3.9268390000
11862.2998100000 -12.8332740000 3.9261940000
11863.4003900000 -12.8722380000 3.9256040000
11864.5000000000 -12.9119570000 3.9250140000
11865.7002000000 -12.9562290000 3.9243700000
11866.7998100000 -12.9977040000 3.9237800000
11867.9003900000 -13.0401470000 3.9231890000
11869.0996100000 -13.0874050000 3.9225470000
11870.2002000000 -13.1318160000 3.9219570000
11871.2998100000 -13.1772150000 3.9213680000
11872.5000000000 -13.2280150000 3.9207240000
11873.5996100000 -13.2757190000 3.9201350000
11874.7998100000 -13.3291230000 3.9194930000
11875.9003900000 -13.3794200000 3.9189040000
11877.0000000000 -13.4309930000 3.9183150000
11878.2002000000 -13.4888940000 3.9176730000
11879.2998100000 -13.5434580000 3.9170850000
11880.4003900000 -13.5996270000 3.9164960000
11881.5996100000 -13.6626860000 3.9158550000
11882.7002000000 -13.7224110000 3.9152670000
11883.9003900000 -13.7896990000 3.9146250000
11885.0000000000 -13.8533880000 3.9140380000
11886.0996100000 -13.9190710000 3.9134500000
11887.2998100000 -13.9970250000 3.9128100000
11888.4003900000 -14.0677990000 3.9122240000
11889.5996100000 -14.1480240000 3.9115840000
11890.7002000000 -14.2246090000 3.9109980000
11891.7998100000 -14.3042190000 3.9104120000
11893.0000000000 -14.3949030000 3.9097730000
11894.0996100000 -14.4818400000 3.9091880000
11895.2998100000 -14.5813500000 3.9085490000
11896.4003900000 -14.6771780000 3.9079630000
11897.5000000000 -14.7777950000 3.9073780000
11898.7002000000 -14.8937410000 3.9067390000
11899.7998100000 -15.0063200000 3.9061550000
11901.0000000000 -15.1370260000 3.9055160000
11902.0996100000 -15.2647900000 3.9049320000
11903.2998100000 -15.4142690000 3.9042940000
11903.8203100000 -15.4828230000 3.9040180000
11904.4003900000 -15.5621880000 3.9037090000
11905.5000000000 -15.7217300000 3.9031250000
11906.7002000000 -15.9117900000 3.9024880000
11907.7998100000 -16.1035420000 3.9019040000
11909.0000000000 -16.3364700000 3.9012670000
11910.0996100000 -16.5767020000 3.9006840000
11911.2998100000 -16.8767910000 3.9000470000
11912.4003900000 -17.1985050000 3.8994630000
11913.5996100000 -17.6208000000 3.8988270000
11914.7002000000 -18.1068950000 3.8982440000
11915.7998100000 -18.7500550000 3.8976610000
11917.0000000000 -19.8187310000 3.8970250000
11918.0996100000 -21.9023090000 3.8964430000
11919.2998100000 -21.9336200000 0.2089530000
11920.4003900000 -19.8377510000 0.2072990000
11921.5996100000 -18.7636490000 0.2055000000
11922.7002000000 -18.1154170000 0.2038470000
11923.9003900000 -17.5863080000 0.2020450000
11925.0000000000 -17.1994900000 0.2003960000
11926.2002000000 -16.8477800000 0.1985960000
11927.2998100000 -16.5716060000 0.1969460000
11928.5000000000 -16.3076630000 0.1951470000
11929.5996100000 -16.0928190000 0.1934990000
11930.7002000000 -15.8984080000 0.1918500000
11931.9003900000 -15.7057530000 0.1900520000
11933.0000000000 -15.5439210000 0.1884050000
11934.2002000000 -15.3807940000 0.1866070000
11935.2998100000 -15.2420820000 0.1849610000
11936.5000000000 -15.1008080000 0.1831670000
11937.5996100000 -14.9794150000 0.1815210000
11938.7998100000 -14.8546420000 0.1797260000
11939.9003900000 -14.7466270000 0.1780800000
11941.0996100000 -14.6351440000 0.1762880000
11942.2002000000 -14.5378220000 0.1746420000
11943.4003900000 -14.4368550000 0.1728500000
11944.5000000000 -14.3485130000 0.1712070000
11945.7002000000 -14.2562290000 0.1694150000
11946.7998100000 -14.1752290000 0.1677730000
11948.0000000000 -14.0903730000 0.1659820000
11949.0996100000 -14.0155820000 0.1643420000
11950.2998100000 -13.9369300000 0.1625510000
11951.5000000000 -13.8612550000 0.1607620000
11952.5996100000 -13.7942760000 0.1591230000
11953.7998100000 -13.7235660000 0.1573330000
11954.9003900000 -13.6608350000 0.1556940000
11956.0996100000 -13.5946290000 0.1539090000
11957.2002000000 -13.5356810000 0.1522690000
11958.4003900000 -13.4732520000 0.1504820000
11959.5000000000 -13.4177060000 0.1488460000
11960.7002000000 -13.3587770000 0.1470600000
11961.7998100000 -13.3062190000 0.1454250000
11963.0000000000 -13.2503320000 0.1436400000
11964.0996100000 -13.2004580000 0.1420050000
11965.2998100000 -13.1473950000 0.1402220000
11966.4003900000 -13.0999020000 0.1385860000
11967.5996100000 -13.0493560000 0.1368040000
11968.7998100000 -13.0000300000 0.1350220000
11969.9003900000 -12.9558060000 0.1333890000
11971.0996100000 -12.9086620000 0.1316080000
11972.2002000000 -12.8663510000 0.1299740000
11973.4003900000 -12.8212040000 0.1281950000
11974.5000000000 -12.7806840000 0.1265640000
11975.7002000000 -12.7373380000 0.1247840000
11976.7998100000 -12.6984320000 0.1231540000
11978.0000000000 -12.6568120000 0.1213760000
11979.2002000000 -12.6159900000 0.1195970000
11980.2998100000 -12.5793090000 0.1179690000
11981.5000000000 -12.5400240000 0.1161930000
11982.5996100000 -12.5046690000 0.1145650000
11983.7998100000 -12.4667520000 0.1127880000
11985.0000000000 -12.4295560000 0.1110130000
11986.0996100000 -12.3960490000 0.1093870000
11987.2998100000 -12.3600800000 0.1076120000
11988.4003900000 -12.3276580000 0.1059850000
11989.5996100000 -12.2929190000 0.1042130000
11990.7002000000 -12.2615390000 0.1025880000
11991.9003900000 -12.2278460000 0.1008140000
11993.0996100000 -12.1947540000 0.0990440000
11994.2002000000 -12.1648390000 0.0974190000
11995.4003900000 -12.1326940000 0.0956470000
11996.5000000000 -12.1036950000 0.0940250000
11997.7002000000 -12.0725180000 0.0922560000
11998.9003900000 -12.0417880000 0.0904850000
12000.0000000000 -12.0140460000 0.0888630000
12001.2002000000 -11.9842020000 0.0870950000
12002.4003900000 -11.9547680000 0.0853260000
12003.5000000000 -11.9281800000 0.0837070000
12004.7002000000 -11.8995380000 0.0819390000
12005.7998100000 -11.8736580000 0.0803190000
12007.0000000000 -11.8457910000 0.0785540000
12008.2002000000 -11.8182800000 0.0767870000
12009.2998100000 -11.7934070000 0.0751700000
12010.5000000000 -11.7666130000 0.0734050000
12011.7002000000 -11.7401480000 0.0716400000
12012.7998100000 -11.7162080000 0.0700240000
12014.0000000000 -11.6904080000 0.0682610000
12015.2002000000 -11.6649110000 0.0664980000
12016.2998100000 -11.6418390000 0.0648830000
12017.5000000000 -11.6169610000 0.0631220000
12018.5996100000 -11.5944260000 0.0615070000
12019.7998100000 -11.5701020000 0.0597460000
12021.0000000000 -11.5460840000 0.0579850000
12022.0996100000 -11.5243210000 0.0563740000
12023.2998100000 -11.5008190000 0.0546130000
12024.5000000000 -11.4776060000 0.0528550000
12025.5996100000 -11.4565620000 0.0512430000
12026.7998100000 -11.4338310000 0.0494840000
12028.0000000000 -11.4113710000 0.0477270000
12029.0996100000 -11.3910030000 0.0461170000
12030.2998100000 -11.3689940000 0.0443590000
12031.5000000000 -11.3472390000 0.0426030000
12032.5996100000 -11.3275060000 0.0409950000
12033.7998100000 -11.3061750000 0.0392390000
12035.0000000000 -11.2850860000 0.0374850000
12036.0996100000 -11.2659470000 0.0358770000
12037.2998100000 -11.2452560000 0.0341220000
12038.5000000000 -11.2247920000 0.0323700000
12039.7002000000 -11.2045170000 0.0306170000
12040.7998100000 -11.1861270000 0.0290110000
12042.0000000000 -11.1662530000 0.0272600000
12043.2002000000 -11.1465580000 0.0255070000
12044.2998100000 -11.1286880000 0.0239030000
12045.5000000000 -11.1093720000 0.0221530000
12046.7002000000 -11.0902240000 0.0204020000
12047.7998100000 -11.0728480000 0.0188000000
12049.0000000000 -11.0540600000 0.0170510000
12050.2002000000 -11.0354310000 0.0153020000
12051.4003900000 -11.0169890000 0.0135550000
12052.5000000000 -11.0002350000 0.0119530000
12053.7002000000 -10.9820990000 0.0102050000
12054.9003900000 -10.9641390000 0.0084590000
12056.0000000000 -10.9478200000 0.0068590000
12057.2002000000 -10.9301520000 0.0051130000
12058.4003900000 -10.9126520000 0.0033680000
12059.5996100000 -10.8953050000 0.0016240000
12060.7002000000 -10.8795230000 0.0000240000
12061.9003900000 -10.8624610000 9.9982810000
12063.0996100000 -10.8455440000 9.9965380000
12064.2998100000 -10.8287700000 9.9947960000
12065.4003900000 -10.8135050000 9.9931980000
12066.5996100000 -10.7969970000 9.9914570000
12067.7998100000 -10.7806250000 9.9897170000
12069.0000000000 -10.7643760000 9.9879750000
12070.0996100000 -10.7496090000 9.9863800000
12071.2998100000 -10.7336230000 9.9846410000
12072.5000000000 -10.7177520000 9.9829010000
12073.7002000000 -10.7020190000 9.9811620000
12074.7998100000 -10.6877090000 9.9795690000
12076.0000000000 -10.6722000000 9.9778300000
12077.2002000000 -10.6568250000 9.9760930000
12078.4003900000 -10.6415560000 9.9743560000
12079.5000000000 -10.6276760000 9.9727640000
12080.7002000000 -10.6126420000 9.9710280000
12081.9003900000 -10.5977110000 9.9692930000
12083.0996100000 -10.5829140000 9.9675590000
12084.2002000000 -10.5694270000 9.9659680000
12136.5693400000 -10.0174230000 9.8907470000
12373.8701200000 -8.5952010000 9.5610670000
12615.8105500000 -7.8798140000 9.2427630000
12862.4814500000 -7.4998510000 8.9354250000
13113.9746100000 -7.3748120000 8.6386590000
13370.3857400000 -7.5572980000 8.3520830000
13522.0996100000 -7.9371280000 8.1896520000
13523.5996100000 -7.9428200000 8.1880720000
13525.0996100000 -7.9485650000 8.1864920000
13526.5000000000 -7.9539780000 8.1850180000
13528.0000000000 -7.9598310000 8.1834380000
13529.5000000000 -7.9657410000 8.1818600000
13531.0000000000 -7.9717080000 8.1802820000
13532.5000000000 -7.9777340000 8.1787040000
13533.9003900000 -7.9834100000 8.1772320000
13535.4003900000 -7.9895500000 8.1756550000
13536.9003900000 -7.9957500000 8.1740790000
13538.4003900000 -8.0020120000 8.1725030000
13539.7998100000 -8.0079080000 8.1710340000
13541.2998100000 -8.0142920000 8.1694590000
13542.7998100000 -8.0207400000 8.1678850000
13544.2998100000 -8.0272520000 8.1663100000
13545.7998100000 -8.0338310000 8.1647380000
13547.2002000000 -8.0400300000 8.1632690000
13548.7002000000 -8.0467410000 8.1616960000
13550.2002000000 -8.0535190000 8.1601250000
13551.7002000000 -8.0603680000 8.1585530000
13553.2002000000 -8.0672840000 8.1569830000
13554.5996100000 -8.0738080000 8.1555180000
13556.0996100000 -8.0808690000 8.1539480000
13557.5996100000 -8.0880050000 8.1523780000
13559.0996100000 -8.0952130000 8.1508100000
13560.5996100000 -8.1025030000 8.1492410000
13562.0996100000 -8.1098710000 8.1476740000
13563.5000000000 -8.1168230000 8.1462090000
13565.0000000000 -8.1243430000 8.1446430000
13566.5000000000 -8.1319490000 8.1430760000
13568.0000000000 -8.1396400000 8.1415100000
13569.5000000000 -8.1474150000 8.1399440000
13571.0000000000 -8.1552780000 8.1383790000
13572.5000000000 -8.1632300000 8.1368140000
13573.9003900000 -8.1707320000 8.1353540000
13575.4003900000 -8.1788600000 8.1337910000
13576.9003900000 -8.1870800000 8.1322270000
13578.4003900000 -8.1953960000 8.1306650000
13579.9003900000 -8.2038090000 8.1291020000
13581.4003900000 -8.2123150000 8.1275420000
13582.9003900000 -8.2209270000 8.1259790000
13584.2998100000 -8.2290570000 8.1245230000
13585.7998100000 -8.2378690000 8.1229630000
13587.2998100000 -8.2467830000 8.1214040000
13588.7998100000 -8.2558110000 8.1198440000
13590.2998100000 -8.2649490000 8.1182850000
13591.7998100000 -8.2742010000 8.1167270000
13593.2998100000 -8.2835680000 8.1151690000
13594.7998100000 -8.2930540000 8.1136110000
13596.2998100000 -8.3026590000 8.1120540000
13597.7998100000 -8.3123880000 8.1104970000
13599.2002000000 -8.3215810000 8.1090450000
13600.7002000000 -8.3315550000 8.1074890000
13602.2002000000 -8.3416600000 8.1059340000
13603.7002000000 -8.3519000000 8.1043790000
13605.2002000000 -8.3622700000 8.1028260000
13606.7002000000 -8.3727870000 8.1012720000
13608.2002000000 -8.3834480000 8.0997190000
13609.7002000000 -8.3942560000 8.0981660000
13611.2002000000 -8.4052130000 8.0966140000
13612.7002000000 -8.4163260000 8.0950610000
13614.2002000000 -8.4275950000 8.0935110000
13615.7002000000 -8.4390190000 8.0919610000
13617.2002000000 -8.4506170000 8.0904100000
13618.7002000000 -8.4623840000 8.0888610000
13620.2002000000 -8.4743260000 8.0873110000
13621.7002000000 -8.4864470000 8.0857620000
13623.2002000000 -8.4987520000 8.0842130000
13624.7002000000 -8.5112450000 8.0826650000
13626.2002000000 -8.5239240000 8.0811190000
13627.5996100000 -8.5359440000 8.0796750000
13629.0996100000 -8.5490210000 8.0781280000
13630.5996100000 -8.5623080000 8.0765820000
13631.8105500000 -8.5731840000 8.0753350000
13632.0996100000 -8.5758030000 8.0750370000
13633.5996100000 -8.5895270000 8.0734920000
13635.0996100000 -8.6034800000 8.0719470000
13636.5996100000 -8.6176660000 8.0704030000
13638.0996100000 -8.6320870000 8.0688590000
13639.5996100000 -8.6467130000 8.0673160000
13641.0996100000 -8.6663600000 8.0657730000
13642.5996100000 -8.6813460000 8.0642330000
13644.0996100000 -8.6968020000 8.0626930000
13645.5996100000 -8.7125700000 8.0611530000
13647.0996100000 -8.7286400000 8.0596130000
13648.7002000000 -8.7461210000 8.0579720000
13650.2002000000 -8.7628370000 8.0564340000
13651.7002000000 -8.7798830000 8.0548950000
13653.2002000000 -8.7972710000 8.0533580000
13654.7002000000 -8.8150120000 8.0518210000
13656.2002000000 -8.8331200000 8.0502840000
13657.7002000000 -8.8516100000 8.0487480000
13659.2002000000 -8.8704970000 8.0472130000
13660.7002000000 -8.8897840000 8.0456780000
13662.2002000000 -8.9095130000 8.0441430000
13663.7002000000 -8.9296890000 8.0426090000
13665.2002000000 -8.9503330000 8.0410750000
13666.7002000000 -8.9714640000 8.0395420000
13668.2002000000 -8.9931050000 8.0380090000
13669.7002000000 -9.0152800000 8.0364760000
13671.2002000000 -9.0379970000 8.0349450000
13672.7002000000 -9.0613160000 8.0334140000
13674.2002000000 -9.0852480000 8.0318830000
13675.7002000000 -9.1098270000 8.0303530000
13677.2998100000 -9.1367800000 8.0287220000
13678.7998100000 -9.1628030000 8.0271920000
13680.2998100000 -9.1895850000 8.0256630000
13681.7998100000 -9.2171690000 8.0241350000
13683.2998100000 -9.2456010000 8.0226060000
13684.7998100000 -9.2749330000 8.0210790000
13686.2998100000 -9.3052220000 8.0195510000
13687.7998100000 -9.3365080000 8.0180250000
13689.2998100000 -9.3688980000 8.0165000000
13690.9003900000 -9.4047540000 8.0148710000
13692.4003900000 -9.4396110000 8.0133470000
13693.9003900000 -9.4758320000 8.0118220000
13695.4003900000 -9.5134950000 8.0102980000
13696.9003900000 -9.5527200000 8.0087740000
13698.4003900000 -9.5936340000 8.0072500000
13699.9003900000 -9.6363840000 8.0057270000
13701.4003900000 -9.6811390000 8.0042050000
13703.0000000000 -9.7312750000 8.0025830000
13704.5000000000 -9.7808080000 8.0010600000
13706.0000000000 -9.8330300000 7.9995400000
13707.5000000000 -9.8882400000 7.9980190000
13709.0000000000 -9.9467540000 7.9965000000
13710.5000000000 -10.0090670000 7.9949800000
13712.0000000000 -10.0756490000 7.9934610000
13713.5996100000 -10.1520290000 7.9918420000
13715.0996100000 -10.2295410000 7.9903240000
13716.5996100000 -10.3137150000 7.9888060000
13718.0996100000 -10.4057860000 7.9872890000
13719.5996100000 -10.5073600000 7.9857720000
13721.2002000000 -10.6286420000 7.9841540000
13722.7002000000 -10.7576490000 7.9826380000
13724.2002000000 -10.9059740000 7.9811230000
13725.7002000000 -11.0803630000 7.9796080000
13727.2002000000 -11.2918570000 7.9780940000
13728.7998100000 -11.5810280000 7.9764800000
13730.2998100000 -11.9583330000 7.9749660000
13731.7998100000 -12.5694920000 7.9734530000
13733.2998100000 -14.3781090000 7.9719410000
13734.7998100000 -12.9898980000 1.1541580000
13736.4003900000 -12.1282140000 1.1519370000
13737.9003900000 -11.6917370000 1.1498580000
13739.4003900000 -11.3868590000 1.1477790000
13740.9003900000 -11.1523380000 1.1457000000
13742.4003900000 -10.9614310000 1.1436220000
13744.0000000000 -10.7905510000 1.1414070000
13745.5000000000 -10.6526620000 1.1393310000
13747.0000000000 -10.5309460000 1.1372560000
13748.5000000000 -10.4220400000 1.1351800000
13750.0996100000 -10.3172870000 1.1329680000
13751.5996100000 -10.2277820000 1.1308940000
13753.0996100000 -10.1453640000 1.1288200000
13754.5996100000 -10.0689800000 1.1267470000
13756.2002000000 -9.9932180000 1.1245370000
13757.7002000000 -9.9268540000 1.1224650000
13759.2002000000 -9.8644410000 1.1203950000
13760.7002000000 -9.8055310000 1.1183240000
13762.2998100000 -9.7461600000 1.1161170000
13763.7998100000 -9.6933570000 1.1140490000
13765.2998100000 -9.6430730000 1.1119800000
13766.9003900000 -9.5919480000 1.1097750000
13768.4003900000 -9.5461670000 1.1077080000
13769.9003900000 -9.5022860000 1.1056410000
13771.4003900000 -9.4601490000 1.1035760000
13773.0000000000 -9.4169970000 1.1013740000
13774.5000000000 -9.3780550000 1.0993090000
13776.0000000000 -9.3404880000 1.0972450000
13777.5996100000 -9.3018480000 1.0950460000
13779.0996100000 -9.2668350000 1.0929830000
13780.5996100000 -9.2329370000 1.0909210000
13782.2002000000 -9.1979250000 1.0887220000
13783.7002000000 -9.1661140000 1.0866620000
13785.2002000000 -9.1352230000 1.0846010000
13786.7998100000 -9.1032460000 1.0824060000
13788.2998100000 -9.0740950000 1.0803480000
13789.7998100000 -9.0457170000 1.0782900000
13791.4003900000 -9.0162530000 1.0760950000
13792.9003900000 -8.9893480000 1.0740390000
13794.4003900000 -8.9631030000 1.0719820000
13796.0000000000 -8.9358130000 1.0697910000
13797.5000000000 -8.9108300000 1.0677360000
13799.0000000000 -8.8864170000 1.0656810000
13800.5996100000 -8.8609720000 1.0634910000
13802.0996100000 -8.8376690000 1.0614400000
13803.5996100000 -8.8148480000 1.0593870000
13805.2002000000 -8.7910120000 1.0571980000
13806.7002000000 -8.7691640000 1.0551470000
13808.2998100000 -8.7463250000 1.0529600000
13809.7998100000 -8.7253460000 1.0509110000
13811.2998100000 -8.7047690000 1.0488620000
13812.9003900000 -8.6832460000 1.0466770000
13814.4003900000 -8.6634530000 1.0446280000
13816.0000000000 -8.6427460000 1.0424460000
13817.5000000000 -8.6236810000 1.0404000000
13819.0000000000 -8.6049480000 1.0383540000
13820.5996100000 -8.5853310000 1.0361730000
13822.0996100000 -8.5672510000 1.0341280000
13823.7002000000 -8.5482950000 1.0319480000
13825.2002000000 -8.5308250000 1.0299040000
13826.7002000000 -8.5136360000 1.0278620000
13828.2998100000 -8.4956080000 1.0256850000
13829.7998100000 -8.4789710000 1.0236430000
13831.4003900000 -8.4615050000 1.0214660000
13832.9003900000 -8.4453880000 1.0194260000
13834.5000000000 -8.4284580000 1.0172510000
13836.0000000000 -8.4128290000 1.0152120000
13837.5000000000 -8.3974350000 1.0131750000
13839.0996100000 -8.3812470000 1.0110020000
13840.5996100000 -8.3662910000 1.0089650000
13842.2002000000 -8.3505660000 1.0067920000
13843.7002000000 -8.3360350000 1.0047570000
13845.2998100000 -8.3207580000 1.0025870000
13846.7998100000 -8.3066270000 1.0005520000
13848.4003900000 -8.2917590000 0.9983840000
13849.9003900000 -8.2780080000 0.9963500000
13851.5000000000 -8.2635430000 0.9941840000
13853.0000000000 -8.2501540000 0.9921510000
13854.5000000000 -8.2369330000 0.9901200000
13856.0996100000 -8.2230110000 0.9879540000
13857.5996100000 -8.2101350000 0.9859250000
13859.2002000000 -8.1965540000 0.9837590000
13860.7002000000 -8.1839900000 0.9817300000
13862.2998100000 -8.1707580000 0.9795680000
13863.7998100000 -8.1585000000 0.9775410000
13865.4003900000 -8.1455800000 0.9753790000
13866.9003900000 -8.1336140000 0.9733520000
13868.5000000000 -8.1210060000 0.9711930000
13870.0000000000 -8.1093190000 0.9691690000
13871.5996100000 -8.0970040000 0.9670100000
13873.2002000000 -8.0848200000 0.9648500000
13874.7002000000 -8.0735350000 0.9628280000
13876.2998100000 -8.0616390000 0.9606710000
13877.7998100000 -8.0506060000 0.9586500000
13879.4003900000 -8.0389670000 0.9564930000
13880.9003900000 -8.0281750000 0.9544730000
13882.5000000000 -8.0167960000 0.9523200000
13884.0000000000 -8.0062370000 0.9503010000
13885.5996100000 -7.9951010000 0.9481490000
13887.0996100000 -7.9847660000 0.9461310000
13888.7002000000 -7.9738510000 0.9439770000
13890.2002000000 -7.9637320000 0.9419610000
13891.7998100000 -7.9530570000 0.9398120000
13893.4003900000 -7.9424880000 0.9376620000
13894.9003900000 -7.9326820000 0.9356470000
13896.5000000000 -7.9223340000 0.9335000000
13898.0000000000 -7.9127250000 0.9314860000
13898.3466800000 -7.9105150000 0.9310210000
13899.5996100000 -7.9025770000 0.9293390000
13901.0996100000 -7.8931660000 0.9273280000
13902.7002000000 -7.8832130000 0.9251810000
13904.2998100000 -7.8733720000 0.9230380000
13905.7998100000 -7.8642320000 0.9210270000
13907.4003900000 -7.8545760000 0.9188830000
13908.9003900000 -7.8456110000 0.9168740000
13910.5000000000 -7.8361450000 0.9147330000
13912.0996100000 -7.8267670000 0.9125910000
13913.5996100000 -7.8180590000 0.9105840000
13915.2002000000 -7.8088570000 0.9084430000
13916.7998100000 -7.7997500000 0.9063050000
13918.2998100000 -7.7912860000 0.9043000000
13919.9003900000 -7.7823420000 0.9021620000
13921.4003900000 -7.7740350000 0.9001580000
13923.0000000000 -7.7652540000 0.8980210000
13924.5996100000 -7.7565610000 0.8958850000
13926.0996100000 -7.7484820000 0.8938830000
13927.7002000000 -7.7399410000 0.8917480000
13929.2998100000 -7.7314840000 0.8896150000
13930.7998100000 -7.7236240000 0.8876150000
13932.4003900000 -7.7153080000 0.8854810000
13934.0000000000 -7.7070790000 0.8833490000
13935.5000000000 -7.6994280000 0.8813510000
13937.0996100000 -7.6913430000 0.8792210000
13938.7002000000 -7.6833280000 0.8770900000
13940.2002000000 -7.6758790000 0.8750940000
13941.7998100000 -7.6680030000 0.8729660000
13943.4003900000 -7.6601970000 0.8708370000
13944.9003900000 -7.6529440000 0.8688420000
13946.5000000000 -7.6452780000 0.8667160000
14122.7998100000 -7.1173950000 0.6365040000
14124.4003900000 -7.1150580000 0.6344520000
14126.0996100000 -7.1126260000 0.6322720000
14127.7002000000 -7.1103810000 0.6302200000
14129.2998100000 -7.1081810000 0.6281700000
14130.9003900000 -7.1060260000 0.6261200000
14132.5000000000 -7.1039170000 0.6240710000
14134.0996100000 -7.1018520000 0.6220230000
14135.7002000000 -7.0998340000 0.6199740000
14137.2998100000 -7.0978620000 0.6179280000
14138.9003900000 -7.0959340000 0.6158800000
14140.5996100000 -7.0939410000 0.6137080000
14142.2002000000 -7.0921100000 0.6116610000
14143.7998100000 -7.0903280000 0.6096170000
14145.4003900000 -7.0885930000 0.6075730000
14147.0000000000 -7.0869050000 0.6055290000
14148.5996100000 -7.0852670000 0.6034870000
14150.2002000000 -7.0836770000 0.6014450000
14151.7998100000 -7.0821350000 0.5994030000
14153.5000000000 -7.0805520000 0.5972360000
14155.0996100000 -7.0791130000 0.5951950000
14156.7002000000 -7.0777240000 0.5931560000
14158.2998100000 -7.0763860000 0.5911180000
14159.9003900000 -7.0750990000 0.5890780000
14161.5000000000 -7.0738640000 0.5870410000
14163.2002000000 -7.0726080000 0.5848770000
14164.7998100000 -7.0714810000 0.5828420000
14166.4003900000 -7.0704060000 0.5808060000
14168.0000000000 -7.0693850000 0.5787710000
14169.5996100000 -7.0684190000 0.5767370000
14170.0937500000 -7.0681320000 0.5761090000
14171.2998100000 -7.0674520000 0.5745750000
14172.9003900000 -7.0665990000 0.5725420000
14174.5000000000 -7.0658020000 0.5705100000
14176.0996100000 -7.0650620000 0.5684800000
14177.7002000000 -7.0643790000 0.5664480000
14179.4003900000 -7.0637160000 0.5642900000
14181.0000000000 -7.0631540000 0.5622620000
14182.5996100000 -7.0626510000 0.5602320000
14184.2002000000 -7.0622070000 0.5582040000
14185.9003900000 -7.0618030000 0.5560480000
14187.5000000000 -7.0614870000 0.5540220000
14189.0996100000 -7.0612330000 0.5519970000
14190.7002000000 -7.0610420000 0.5499700000
14192.2998100000 -7.0609160000 0.5479450000
14194.0000000000 -7.0608530000 0.5457940000
14195.5996100000 -7.0608630000 0.5437710000
14197.2002000000 -7.0609390000 0.5417470000
14198.7998100000 -7.0610840000 0.5397240000
14200.5000000000 -7.0613140000 0.5375770000
14202.0996100000 -7.0616030000 0.5355550000
14203.7002000000 -7.0619640000 0.5335340000
14205.4003900000 -7.0624270000 0.5313870000
14207.0000000000 -7.0629380000 0.5293690000
14208.5996100000 -7.0635250000 0.5273500000
14210.2002000000 -7.0641890000 0.5253310000
14211.9003900000 -7.0649800000 0.5231880000
14213.5000000000 -7.0658050000 0.5211730000
14215.0996100000 -7.0667110000 0.5191560000
14216.7998100000 -7.0677650000 0.5170150000
14218.4003900000 -7.0688440000 0.5150000000
14220.0000000000 -7.0700080000 0.5129850000
14221.5996100000 -7.0712590000 0.5109730000
14223.2998100000 -7.0726860000 0.5088340000
14224.9003900000 -7.0741230000 0.5068220000
14226.5000000000 -7.0756520000 0.5048100000
14228.2002000000 -7.0773820000 0.5026730000
14229.7998100000 -7.0791100000 0.5006630000
14231.4003900000 -7.0809370000 0.4986530000
14233.0996100000 -7.0829890000 0.4965190000
14234.7002000000 -7.0850280000 0.4945110000
14236.2998100000 -7.0871720000 0.4925040000
14238.0000000000 -7.0895700000 0.4903710000
14239.5996100000 -7.0919400000 0.4883650000
14241.2998100000 -7.0945860000 0.4862340000
14242.9003900000 -7.0971970000 0.4842270000
14244.5000000000 -7.0999230000 0.4822240000
14246.2002000000 -7.1029510000 0.4800940000
14247.7998100000 -7.1058960000 0.4780920000
14249.4003900000 -7.1099210000 0.4760890000
14251.0996100000 -7.1131350000 0.4739630000
14252.7002000000 -7.1165190000 0.4719610000
14254.4003900000 -7.1202850000 0.4698350000
14256.0000000000 -7.1239830000 0.4678360000
14257.5996100000 -7.1278370000 0.4658370000
14259.2998100000 -7.1321030000 0.4637130000
14260.9003900000 -7.1362860000 0.4617150000
14262.5000000000 -7.1406340000 0.4597180000
14264.2002000000 -7.1454450000 0.4575960000
14265.7998100000 -7.1501550000 0.4556010000
14267.5000000000 -7.1553650000 0.4534810000
14269.0996100000 -7.1604630000 0.4514870000
14270.7998100000 -7.1661010000 0.4493680000
14272.4003900000 -7.1716230000 0.4473720000
14274.0000000000 -7.1773530000 0.4453810000
14275.7002000000 -7.1836890000 0.4432640000
14277.2998100000 -7.1898870000 0.4412730000
14279.0000000000 -7.1967420000 0.4391570000
14280.5996100000 -7.2034490000 0.4371680000
14282.2998100000 -7.2108690000 0.4350540000
14283.9003900000 -7.2181350000 0.4330640000
14285.5996100000 -7.2261670000 0.4309520000
14287.2002000000 -7.2340410000 0.4289650000
14288.7998100000 -7.2422320000 0.4269770000
14290.5000000000 -7.2512940000 0.4248680000
14292.0996100000 -7.2601860000 0.4228810000
14293.7998100000 -7.2700330000 0.4207730000
14295.4003900000 -7.2797120000 0.4187870000
14297.0996100000 -7.2904330000 0.4166790000
14298.7002000000 -7.3009760000 0.4146960000
14300.4003900000 -7.3126850000 0.4125890000
14302.0000000000 -7.3242010000 0.4106080000
14303.7002000000 -7.3370160000 0.4085030000
14305.2998100000 -7.3496410000 0.4065230000
14307.0000000000 -7.3637170000 0.4044190000
14308.5996100000 -7.3776130000 0.4024400000
14310.2998100000 -7.3931370000 0.4003370000
14311.9003900000 -7.4085100000 0.3983590000
14313.5996100000 -7.4257110000 0.3962580000
14315.2002000000 -7.4428010000 0.3942810000
14316.9003900000 -7.4619960000 0.3921810000
14318.5996100000 -7.4823450000 0.3900830000
14320.2002000000 -7.5026780000 0.3881080000
14321.9003900000 -7.5256580000 0.3860100000
14323.5000000000 -7.5487030000 0.3840370000
14325.2002000000 -7.5749050000 0.3819410000
14326.7998100000 -7.6013410000 0.3799690000
14328.5000000000 -7.6316070000 0.3778730000
14330.0996100000 -7.6624020000 0.3759020000
14331.7998100000 -7.6979350000 0.3738100000
14333.5000000000 -7.7368860000 0.3717160000
14335.0996100000 -7.7771820000 0.3697480000
14336.7998100000 -7.8246870000 0.3676560000
14338.4003900000 -7.8747590000 0.3656860000
14340.0996100000 -7.9349280000 0.3635980000
14341.7002000000 -8.0001310000 0.3616300000
14343.4003900000 -8.0812850000 0.3595420000
14345.0996100000 -8.1795830000 0.3574540000
14346.7002000000 -8.2955280000 0.3554880000
14348.4003900000 -8.4594360000 0.3534020000
14350.0000000000 -8.6883410000 0.3514390000
14351.7002000000 -9.1655400000 0.3493540000
14353.4003900000 -9.4782610000 1.9707290000
14355.0000000000 -8.8026230000 1.9686780000
14356.7002000000 -8.5021100000 1.9664970000
14358.2998100000 -8.3201910000 1.9644460000
14360.0000000000 -8.1765750000 1.9622690000
14361.7002000000 -8.0625470000 1.9600910000
14363.2998100000 -7.9729660000 1.9580420000
14365.0000000000 -7.8909690000 1.9558650000
14366.7002000000 -7.8191230000 1.9536890000
14368.2998100000 -7.7587040000 1.9516430000
14370.0000000000 -7.7005210000 1.9494680000
14371.7002000000 -7.6474250000 1.9472930000
14373.2998100000 -7.6013420000 1.9452490000
14375.0000000000 -7.5558080000 1.9430760000
14376.7002000000 -7.5133260000 1.9409040000
14378.2998100000 -7.4757790000 1.9388610000
14380.0000000000 -7.4380970000 1.9366890000
14381.7002000000 -7.4024510000 1.9345190000
14383.2998100000 -7.3705720000 1.9324790000
14385.0000000000 -7.3382450000 1.9303090000
14386.7002000000 -7.3073720000 1.9281410000
14388.2998100000 -7.2795340000 1.9261020000
14390.0000000000 -7.2510960000 1.9239350000
14391.7002000000 -7.2237640000 1.9217690000
14393.4003900000 -7.1974140000 1.9196030000
14395.0000000000 -7.1734560000 1.9175650000
14396.7002000000 -7.1488340000 1.9154020000
14398.4003900000 -7.1249850000 1.9132390000
14400.0000000000 -7.1032200000 1.9112030000
14401.7002000000 -7.0807390000 1.9090410000
14403.4003900000 -7.0588950000 1.9068780000
14405.0996100000 -7.0376580000 1.9047180000
14406.7002000000 -7.0181760000 1.9026850000
14408.4003900000 -6.9980270000 1.9005250000
14410.0996100000 -6.9780150000 1.8983670000
14411.7998100000 -6.9589320000 1.8962100000
14413.4003900000 -6.9412260000 1.8941770000
14415.0996100000 -6.9228330000 1.8920220000
14416.7998100000 -6.9048090000 1.8898650000
14418.5000000000 -6.8871580000 1.8877090000
14420.0996100000 -6.8708790000 1.8856810000
14421.7998100000 -6.8538990000 1.8835270000
14423.5000000000 -6.8372400000 1.8813720000
14425.2002000000 -6.8208890000 1.8792190000
14426.7998100000 -6.8057790000 1.8771930000
14428.5000000000 -6.7899860000 1.8750410000
14430.2002000000 -6.7744620000 1.8728900000
14431.9003900000 -6.7592040000 1.8707400000
14433.5996100000 -6.7441940000 1.8685900000
14435.2002000000 -6.7302760000 1.8665680000
14436.9003900000 -6.7157090000 1.8644180000
14438.5996100000 -6.7013690000 1.8622710000
14440.2998100000 -6.6872320000 1.8601240000
14442.0000000000 -6.6732980000 1.8579760000
14443.7002000000 -6.6595690000 1.8558310000
14445.2998100000 -6.6468120000 1.8538110000
14447.0000000000 -6.6334430000 1.8516670000
14447.1543000000 -6.6322360000 1.8514720000
14448.7002000000 -6.6202420000 1.8495230000
14450.4003900000 -6.6072120000 1.8473790000
14452.0996100000 -6.5943530000 1.8452370000
14453.7998100000 -6.5816470000 1.8430940000
14455.4003900000 -6.5698300000 1.8410780000
14457.0996100000 -6.5574250000 1.8389380000
14458.7998100000 -6.5451660000 1.8367990000
14460.5000000000 -6.5330410000 1.8346580000
14462.2002000000 -6.5210510000 1.8325190000
14463.9003900000 -6.5091950000 1.8303790000
14465.5996100000 -6.4974730000 1.8282430000
14467.2998100000 -6.4858770000 1.8261060000
14468.9003900000 -6.4750620000 1.8240940000
14470.5996100000 -6.4637040000 1.8219600000
14472.2998100000 -6.4524490000 1.8198250000
14474.0000000000 -6.4413060000 1.8176900000
14475.7002000000 -6.4302720000 1.8155560000
14477.4003900000 -6.4193440000 1.8134210000
14479.0996100000 -6.4085320000 1.8112910000
14480.7998100000 -6.3978090000 1.8091580000
14482.5000000000 -6.3871840000 1.8070270000
14484.2002000000 -6.3766550000 1.8048950000
14485.7998100000 -6.3668380000 1.8028920000
14487.5000000000 -6.3564890000 1.8007620000
14489.2002000000 -6.3462290000 1.7986330000
14490.9003900000 -6.3360630000 1.7965060000
14492.5996100000 -6.3259820000 1.7943780000
14494.2998100000 -6.3159790000 1.7922520000
14496.0000000000 -6.3060570000 1.7901250000
14497.7002000000 -6.2962210000 1.7880000000
14499.4003900000 -6.2864580000 1.7858740000
14501.0996100000 -6.2767760000 1.7837510000
14502.7998100000 -6.2671640000 1.7816270000
14504.5000000000 -6.2576250000 1.7795040000
14506.2002000000 -6.2481630000 1.7773820000
14507.9003900000 -6.2387660000 1.7752600000
14509.5996100000 -6.2294430000 1.7731390000
14511.2998100000 -6.2201820000 1.7710180000
14513.0000000000 -6.2109930000 1.7688990000
14514.7002000000 -6.2018630000 1.7667800000
14516.4003900000 -6.1927980000 1.7646610000
14518.0996100000 -6.1837990000 1.7625440000
14519.7998100000 -6.1748580000 1.7604260000
14521.5000000000 -6.1659810000 1.7583100000
14523.2002000000 -6.1571580000 1.7561930000
14524.9003900000 -6.1483930000 1.7540780000
14526.5996100000 -6.1396900000 1.7519640000
14528.2998100000 -6.1310430000 1.7498500000
14530.0000000000 -6.1224460000 1.7477370000
14531.7002000000 -6.1139040000 1.7456240000
14533.4003900000 -6.1054130000 1.7435100000
14535.0996100000 -6.0969810000 1.7414000000
14536.7998100000 -6.0885990000 1.7392890000
14538.5000000000 -6.0802640000 1.7371790000
14540.2002000000 -6.0719770000 1.7350690000
14541.9003900000 -6.0637400000 1.7329600000
14543.5996100000 -6.0555550000 1.7308520000
14545.2998100000 -6.0474180000 1.7287450000
14547.0000000000 -6.0393220000 1.7266370000
14548.7002000000 -6.0312730000 1.7245300000
14550.4003900000 -6.0232680000 1.7224250000
14552.2002000000 -6.0148450000 1.7201960000
14553.9003900000 -6.0069320000 1.7180910000
14555.5996100000 -5.9990700000 1.7159890000
14557.2998100000 -5.9912410000 1.7138850000
14559.0000000000 -5.9834550000 1.7117820000
14560.7002000000 -5.9757090000 1.7096800000
14562.4003900000 -5.9680050000 1.7075780000
14564.0996100000 -5.9603490000 1.7054790000
14565.7998100000 -5.9527240000 1.7033790000
14567.5000000000 -5.9451370000 1.7012790000
14569.2998100000 -5.9371500000 1.6990570000
14571.0000000000 -5.9296420000 1.6969580000
14572.7002000000 -5.9221710000 1.6948600000
14574.4003900000 -5.9147410000 1.6927630000
14576.0996100000 -5.9073480000 1.6906680000
14577.7998100000 -5.8999860000 1.6885720000
14579.5000000000 -5.8926590000 1.6864770000
14581.2002000000 -5.8853670000 1.6843810000
14583.0000000000 -5.8776870000 1.6821650000
14584.7002000000 -5.8704660000 1.6800720000
14586.4003900000 -5.8632820000 1.6779800000
14729.6328100000 -5.3474530000 1.5039030000
15017.6337900000 -4.6041000000 1.1667680000
15311.2666000000 -4.0409890000 0.8396710000
15610.6396500000 -3.5586190000 0.5203670000
15915.8671900000 -3.1719240000 0.2070940000
16227.0615200000 -2.8398210000 9.9023760000
16544.3418000000 -2.5507690000 9.6059670000
16867.8242200000 -2.2968620000 9.3176310000
17197.6328100000 -2.0723650000 9.0371380000
17533.8906300000 -1.8729440000 8.7642720000
17876.7207000000 -1.6799520000 8.4986210000
18226.2558600000 -1.5202460000 8.2372230000
18582.6250000000 -1.3777690000 7.9825320000
18945.9628900000 -1.2716620000 7.7375980000
19316.4023400000 -1.1596800000 7.5004010000
19694.0878900000 -1.0597000000 7.2699600000
20079.1562500000 -0.9705530000 7.0461030000
20471.7539100000 -0.8912180000 6.8286570000
20872.0273400000 -0.8207990000 6.6174540000
21280.1289100000 -0.7585040000 6.4123270000
21696.2070300000 -0.7036300000 6.2131210000
22120.4238300000 -0.6555490000 6.0196760000
22552.9335900000 -0.6136980000 5.8318410000
22993.8984400000 -0.5775690000 5.6494660000
23443.4882800000 -0.5467030000 5.4724040000
23901.8671900000 -0.5197410000 5.3005020000
24369.2070300000 -0.4981880000 5.1335460000
24845.6875000000 -0.4814440000 4.9714940000
25331.4824200000 -0.4678600000 4.8142080000
25826.7753900000 -0.4578500000 4.6615600000
26331.7539100000 -0.4512270000 4.5134210000
26846.6054700000 -0.4477640000 4.3698460000
27371.5234400000 -0.4465810000 4.2309850000
27906.7070300000 -0.4483020000 4.0963120000
28452.3515600000 -0.4521250000 3.9657150000
29008.6660200000 -0.4585990000 3.8391010000
29575.8593800000 -0.4666550000 3.7163680000
30154.1406300000 -0.4765330000 3.5973850000
30743.7304700000 -0.4880920000 3.4820440000
31344.8476600000 -0.5012050000 3.3702370000
31957.7168000000 -0.5157520000 3.2618610000
32582.5703100000 -0.5317620000 3.1568160000
33219.6406300000 -0.5485990000 3.0550020000
33869.1679700000 -0.5668290000 2.9563260000
34531.3945300000 -0.5861130000 2.8606960000
35206.5703100000 -0.6063760000 2.7680220000
35894.9492200000 -0.6275480000 2.6782150000
36596.7851600000 -0.6495690000 2.5911930000
37312.3437500000 -0.6723830000 2.5068730000
38041.8906300000 -0.6959370000 2.4251740000
38785.7070300000 -0.7201970000 2.3460170000
39544.0625000000 -0.7451210000 2.2693290000
40317.2500000000 -0.7706770000 2.1950350000
41105.5546900000 -0.7968390000 2.1230630000
41909.2695300000 -0.8235880000 2.0533450000
42728.6992200000 -0.8509080000 1.9858140000
43564.1523400000 -0.8787930000 1.9204030000
44415.9414100000 -0.9072390000 1.8570480000
45284.3867200000 -0.9362500000 1.7956880000
46169.8085900000 -0.9658360000 1.7362640000
47072.5429700000 -0.9961300000 1.6787160000
47992.9296900000 -1.0269230000 1.6229910000
48931.3125000000 -1.0584160000 1.5690310000
49888.0429700000 -1.0899620000 1.5167770000
50863.4765600000 -1.1228470000 1.4661810000
51857.9843800000 -1.1574620000 1.4172060000
52871.9375000000 -1.1920470000 1.3698330000
53905.7187500000 -1.2276210000 1.3239700000
54959.7109400000 -1.2642960000 1.2795720000
56034.3085900000 -1.3022130000 1.2365950000
57129.9218800000 -1.3415350000 1.1949940000
58246.9531300000 -1.3824630000 1.1547280000
59385.8281300000 -1.4261640000 1.1157720000
60546.9687500000 -1.4728030000 1.0781640000
61730.8125000000 -1.5201940000 1.0417790000
62937.8046900000 -1.5728440000 1.0066500000
64168.3984400000 -1.6267160000 0.9727100000
65423.0507800000 -1.6848400000 0.9398720000
66702.2343800000 -1.7481740000 0.9081000000
68006.4296900000 -1.8189190000 0.8773770000
69336.1250000000 -1.8970010000 0.8476600000
70691.8203100000 -1.9858630000 0.8189130000
72074.0234400000 -2.0892580000 0.7911020000
73483.2500000000 -2.2143410000 0.7642110000
74920.0312500000 -2.3686400000 0.7382180000
76384.9062500000 -2.5722660000 0.7130770000
77878.4218800000 -2.8665050000 0.6887600000
79401.1406300000 -3.3668200000 0.6652410000
80953.6328100000 -9.8479650000 3.1577340000
82536.4765600000 -32.3509900000 3.0644350000
84150.2734400000 -2.9276140000 2.9735440000
85795.6250000000 -4.3680810000 2.8850100000
87473.1406300000 -5.1539030000 2.7987820000
89183.4609400000 -6.4518250000 2.7148100000
90927.2187500000 -11.6429420000 2.6330460000
92705.0781300000 11.0370040000 2.5534400000
94517.6953100000 0.6347310000 2.4759450000
96365.7500000000 -1.0196610000 2.4005140000
98249.9453100000 -1.7315970000 2.3271020000
100170.9766000000 -2.1742480000 2.2556640000
102129.5703000000 -2.5330080000 2.1861540000
104126.4609000000 -2.8999310000 2.1185300000
106162.3906000000 -3.3635770000 2.0527480000
108238.1328000000 -4.0855020000 1.9887670000
110354.4609000000 -5.5554500000 1.9265450000
112512.1641000000 -10.8196470000 1.8660410000
114712.0547000000 26.1026270000 1.8073610000
116954.9688000000 3.8211260000 1.7508000000
119241.7266000000 1.3426910000 1.6958970000
121573.2031000000 0.3767460000 1.6426080000
123950.2656000000 -0.1460580000 1.5908890000
126373.8047000000 -0.4808560000 1.5406960000
128844.7266000000 -0.7201810000 1.4919870000
131363.9688000000 -0.9062620000 1.4447230000
133932.4531000000 -1.0617250000 1.3988630000
136551.1719000000 -1.2005210000 1.3543670000
139221.0938000000 -1.3326350000 1.3112000000
141943.2188000000 -1.4666080000 1.2693230000
144718.5625000000 -1.6113710000 1.2287010000
147548.1719000000 -1.7782770000 1.1892990000
150433.1094000000 -1.9844080000 1.1510830000
153374.4531000000 -2.2595280000 1.1140200000
156373.2969000000 -2.6638410000 1.0780770000
159430.7969000000 -3.3446610000 1.0432230000
162548.0625000000 -4.7906470000 1.0094270000
165726.2813000000 -10.2130690000 0.9766590000
168966.6406000000 22.5814970000 0.9450270000
172270.3750000000 4.2251810000 0.9147190000
175638.6875000000 1.9388420000 0.8853690000
179072.8594000000 1.0379540000 0.8569440000
182574.1875000000 0.5525290000 0.8294180000
186143.9688000000 0.2469280000 0.8027610000
189783.5469000000 0.0354620000 0.7769470000
193494.2969000000 -0.1205410000 0.7519500000
197277.5938000000 -0.2411170000 0.7277440000
201134.8594000000 -0.3376980000 0.7043040000
205067.5469000000 -0.4172930000 0.6816070000
209077.1406000000 -0.4844510000 0.6596300000
213165.1250000000 -0.5422580000 0.6383490000
217333.0313000000 -0.5928910000 0.6177440000
221582.4375000000 -0.6379360000 0.5977920000
225914.9219000000 -0.6785850000 0.5784750000
230332.1250000000 -0.7157600000 0.5597710000
234835.7031000000 -0.7501900000 0.5416630000
239427.3281000000 -0.7824730000 0.5241300000
244108.7344000000 -0.8131130000 0.5071550000
248881.6719000000 -0.8425490000 0.4907210000
253747.9219000000 -0.8711780000 0.4748110000
258709.3281000000 -0.8993750000 0.4594080000
263767.7500000000 -0.9275130000 0.4444960000
268925.0625000000 -0.9559750000 0.4300600000
274183.2188000000 -0.9851800000 0.4160850000
279544.1875000000 -1.0156020000 0.4025570000
285010.0000000000 -1.0478050000 0.3894610000
290582.6563000000 -1.0824820000 0.3767830000
296264.2500000000 -1.1205250000 0.3645120000
302056.9688000000 -1.1631160000 0.3526340000
307962.9375000000 -1.2118820000 0.3411360000
313984.3750000000 -1.2691600000 0.3300060000
320123.5625000000 -1.3384390000 0.3192340000
326382.7813000000 -1.4252200000 0.3088070000
332764.3750000000 -1.5387280000 0.2987150000
339270.7500000000 -1.6957600000 0.2889480000
345904.3438000000 -1.9305080000 0.2794940000
352667.6563000000 -2.3250270000 0.2703440000
359563.1875000000 -3.1382620000 0.2614890000
366593.5625000000 -5.8406050000 0.2529190000
373761.3750000000 28.6395260000 0.2446250000
381069.3438000000 2.8875470000 0.2365980000
388520.2188000000 1.1416940000 0.2288310000
396116.7500000000 0.5033810000 0.2213140000
403861.8125000000 0.1711670000 0.2140390000
411758.3438000000 -0.0333200000 0.2070000000
419809.2500000000 -0.1723520000 0.2001880000
428017.5625000000 -0.2733420000 0.1935970000
436386.3750000000 -0.3502480000 0.1872190000
444918.8125000000 -0.4109240000 0.1810470000
453618.0938000000 -0.4601310000 0.1750750000
462487.4688000000 -0.5009240000 0.1692970000
471530.2500000000 -0.5353530000 0.1637070000
480749.8438000000 -0.5648450000 0.1582980000
490149.7188000000 -0.5904270000 0.1530640000
499733.3750000000 -0.6128550000 0.1480010000
509504.4063000000 -0.6326980000 0.1431020000
519466.5000000000 -0.6503950000 0.1383630000
529623.3750000000 -0.6662860000 0.1337780000
539978.8125000000 -0.6806440000 0.1293420000
550536.7500000000 -0.6936870000 0.1250510000
561301.1250000000 -0.7055920000 0.1209000000
572276.0000000000 -0.7165050000 0.1168840000
583465.4375000000 -0.7265470000 0.1130000000
594873.6250000000 -0.7358190000 0.1092420000
606504.8750000000 -0.7444080000 0.1056070000
618363.5625000000 -0.7523860000 0.1020910000
630454.1250000000 -0.7598150000 0.0986900000
642781.1250000000 -0.7667500000 0.0954010000
655349.0625000000 -0.7732380000 0.0922190000
668162.8125000000 -0.7793180000 0.0891420000
681227.0625000000 -0.7850270000 0.0861650000
694546.7500000000 -0.7903970000 0.0832870000
