30.0000000000 -3.7030020000 2.4298110000
30.5865750000 -3.6620560000 2.4238600000
31.1846200000 -3.6218880000 2.4178870000
31.7943570000 -3.5823280000 2.4118940000
32.4160160000 -3.5432530000 2.4058790000
33.0498310000 -3.5045660000 2.3998430000
33.6960370000 -3.4661920000 2.3937800000
34.3548770000 -3.4280650000 2.3876860000
35.0266040000 -3.3901330000 2.3815510000
35.7114600000 -3.3523480000 2.3753670000
36.4097100000 -3.3146690000 2.3691220000
37.1216090000 -3.2039010000 2.3610480000
37.8474310000 -3.1654040000 2.3506800000
38.5874440000 -3.1271020000 2.3401370000
39.3419230000 -3.0889720000 2.3294070000
40.1111560000 -3.0509920000 2.3184770000
40.8954320000 -3.0131440000 2.3073340000
41.6950380000 -2.9754100000 2.2959620000
42.5102810000 -2.9377760000 2.2843430000
43.3414650000 -2.9002320000 2.2724580000
44.1888960000 -2.8627680000 2.2602870000
45.0529020000 -2.8253770000 2.2478110000
45.9338000000 -2.7880530000 2.2350050000
46.8319210000 -2.7507960000 2.2218490000
47.7476010000 -2.7136070000 2.2083180000
48.6811870000 -2.6764870000 2.1943900000
49.6330260000 -2.6394430000 2.1800400000
50.6034740000 -2.6024840000 2.1652440000
51.5928990000 -2.5656200000 2.1499790000
52.6016690000 -2.5288640000 2.1342230000
53.6301650000 -2.4922330000 2.1179510000
54.6787680000 -2.4557450000 2.1011430000
55.7478750000 -2.4194220000 2.0837780000
56.8378870000 -2.3832850000 2.0658360000
57.9492070000 -2.3473610000 2.0472990000
59.0822600000 -2.3116780000 2.0281520000
60.2374690000 -2.2762640000 2.0083780000
61.4152600000 -2.2411520000 1.9879660000
62.6160810000 -2.2063750000 1.9669050000
63.8403850000 -2.1719660000 1.9451870000
65.0886230000 -2.1379630000 1.9228050000
66.3612670000 -2.1044020000 1.8997560000
67.6587980000 -2.0713210000 1.8760400000
68.9816970000 -2.0387600000 1.8516570000
70.3304600000 -2.0067570000 1.8266130000
71.7055970000 -1.9753530000 1.8009150000
73.1076200000 -1.9445870000 1.7745730000
74.5370640000 -1.9144990000 1.7475990000
75.9944460000 -1.8851270000 1.7200100000
77.4803310000 -1.8565120000 1.6918230000
78.9952620000 -1.8286900000 1.6630610000
80.5398180000 -1.8016980000 1.6337460000
82.1145710000 -1.7755730000 1.6039050000
83.7201160000 -1.7503470000 1.5735670000
85.3570560000 -1.7260550000 1.5427630000
87.0260010000 -1.7027270000 1.5115250000
88.7275770000 -1.6803910000 1.4798900000
90.4624250000 -1.6590760000 1.4478940000
92.2311940000 -1.6388040000 1.4155760000
94.0345380000 -1.6196000000 1.3829760000
95.8731540000 -1.6014820000 1.3501360000
97.7477110000 -1.5844690000 1.3170990000
99.6589200000 -1.5685750000 1.2839080000
101.6075060000 -1.5538130000 1.2506060000
103.5941850000 -1.5401920000 1.2172400000
105.6197130000 -1.7431760000 1.1859950000
107.6848450000 -1.7341140000 1.1642370000
109.7903520000 -1.7255450000 1.1426790000
111.9370270000 -1.7174670000 1.1213240000
114.1256790000 -1.7098760000 1.1001730000
116.3571170000 -1.7027700000 1.0792310000
118.6321950000 -1.6961460000 1.0585010000
120.9517520000 -1.6900030000 1.0379840000
123.3166580000 -1.6843370000 1.0176820000
125.7278060000 -1.6791500000 0.9976000000
128.1860960000 -1.6744390000 0.9777370000
130.6924590000 -1.6702040000 0.9580960000
133.2478330000 -1.6664460000 0.9386790000
135.8531490000 -1.6631660000 0.9194870000
138.5094300000 -1.6603650000 0.9005220000
141.2176360000 -1.6580460000 0.8817850000
143.9787900000 -1.6562100000 0.8632770000
146.7939300000 -1.6548620000 0.8449990000
149.6641240000 -1.6540050000 0.8269510000
152.5904390000 -1.6536450000 0.8091350000
155.5739590000 -1.6537880000 0.7915520000
158.6158140000 -1.6544410000 0.7742010000
161.7171480000 -1.6556120000 0.7570840000
164.8791350000 -1.6573080000 0.7402000000
168.1029360000 -1.6595420000 0.7235500000
171.3897710000 -1.6623240000 0.7071330000
174.7408600000 -1.7097560000 0.6917110000
178.1574860000 -1.7126420000 0.6770000000
181.6409150000 -1.7161030000 0.6624570000
185.1924440000 -1.7201610000 0.6480830000
188.8134160000 -1.7248390000 0.6338780000
192.5051880000 -1.7301610000 0.6198440000
196.2691500000 -1.7361560000 0.6059820000
200.1067050000 -1.7428540000 0.5922920000
204.0192870000 -1.7502880000 0.5787750000
208.0083770000 -1.7584950000 0.5654320000
212.0754700000 -1.7675150000 0.5522650000
216.2220760000 -1.7773950000 0.5392740000
220.4497530000 -1.7881830000 0.5264590000
224.7601010000 -1.7999350000 0.5138220000
229.1547240000 -1.8127120000 0.5013640000
233.6352690000 -1.8265840000 0.4890840000
238.2034300000 -1.8416290000 0.4769840000
242.8609010000 -1.8579320000 0.4650640000
247.6094360000 -1.8755940000 0.4533250000
252.4508210000 -1.8947250000 0.4417680000
257.3868710000 -1.9154520000 0.4303920000
262.4194340000 -1.9379200000 0.4191980000
267.5503850000 -1.9622950000 0.4081870000
272.7816770000 -1.9887710000 0.3973580000
278.1152340000 -2.0175700000 0.3867120000
283.5530700000 -2.0489520000 0.3762480000
289.0972600000 -2.0832240000 0.3659680000
294.7498170000 -2.1207490000 0.3558700000
300.5129390000 -2.1619600000 0.3459540000
306.3887020000 -2.2073780000 0.3362210000
312.3793640000 -2.2576370000 0.3266700000
318.4871830000 -2.3135150000 0.3173010000
324.7143860000 -2.3759820000 0.3081130000
331.0633850000 -2.4462590000 0.2991050000
337.5364990000 -2.5259080000 0.2902770000
344.1361690000 -2.6169640000 0.2816280000
350.8648990000 -2.7221340000 0.2731570000
357.7251890000 -2.8450930000 0.2648640000
364.7196040000 -2.9909740000 0.2567470000
371.8508000000 -3.1671830000 0.2488050000
379.1213990000 -3.3848150000 0.2410380000
386.5341800000 -3.6613190000 0.2334440000
394.0918880000 -4.0258190000 0.2260210000
401.7973630000 -9.1384630000 4.0994230000
409.6535340000 -4.4425820000 4.0033610000
417.6632690000 -3.5158200000 3.9086300000
425.8296200000 -2.9505430000 3.8152420000
434.1556700000 -2.5391280000 3.7232070000
442.6445010000 -2.2147450000 3.6325370000
451.2993160000 -1.9470690000 3.5432400000
460.1233520000 -1.7196350000 3.4553230000
469.1199040000 -1.5224710000 3.3687950000
478.2923890000 -1.3490440000 3.2836590000
487.6441960000 -1.1948240000 3.1999210000
497.1788640000 -1.0908990000 3.1179120000
506.8999330000 -0.9655550000 3.0379610000
516.8110960000 -0.8517550000 2.9593800000
526.9160770000 -0.7479980000 2.8821670000
537.2185670000 -0.6530810000 2.8063220000
547.7225340000 -0.5660110000 2.7318430000
558.4318850000 -0.4859650000 2.6587280000
569.3506470000 -0.4122500000 2.5869720000
580.4828490000 -0.3442730000 2.5165740000
591.8327640000 -0.2815230000 2.4475250000
603.4046020000 -0.2235590000 2.3798220000
615.2026370000 -0.1699900000 2.3134570000
627.2313840000 -0.1204750000 2.2484250000
639.4953610000 -0.0747060000 2.1847140000
651.9990840000 -0.0324120000 2.1223190000
664.7473140000 0.0066540000 2.0612300000
677.7447510000 0.0427310000 2.0014360000
690.9963990000 0.0759630000 1.9429270000
704.5070800000 0.1065950000 1.8856930000
718.2819820000 0.1347730000 1.8297210000
732.3261720000 0.1606520000 1.7750000000
746.6450200000 0.1843750000 1.7215170000
761.2437740000 0.2060730000 1.6692590000
776.1279910000 0.2258670000 1.6182130000
791.3032230000 0.2438710000 1.5683650000
806.7752080000 0.2601910000 1.5197000000
822.5496830000 0.2749230000 1.4722040000
838.6325680000 0.2881590000 1.4258630000
855.0299680000 0.2999850000 1.3806600000
871.7479250000 0.3104790000 1.3365810000
888.7927860000 0.3197180000 1.2936090000
906.1708980000 0.3277700000 1.2517290000
923.8888550000 0.3346990000 1.2109230000
941.9531860000 0.3405680000 1.1711770000
960.3707280000 0.3454320000 1.1324730000
979.1483760000 0.3493440000 1.0947940000
998.2931520000 0.3523510000 1.0581230000
1017.8123170000 0.3546360000 1.0235920000
1037.7131350000 0.3562880000 0.9901750000
1058.0029300000 0.3573460000 0.9577370000
1078.6895750000 0.3578510000 0.9262520000
1099.7806400000 0.3578440000 0.8956980000
1121.2841800000 0.3573600000 0.8660490000
1143.2080080000 0.3564350000 0.8372840000
1165.5606690000 0.3551020000 0.8093790000
1188.3502200000 0.3533900000 0.7823120000
1211.5854490000 0.3513300000 0.7560610000
1235.2750240000 0.3489480000 0.7306060000
1259.4277340000 0.3462700000 0.7059240000
1284.0527340000 0.3433200000 0.6819970000
1309.1591800000 0.3401210000 0.6588030000
1334.7564700000 0.3366940000 0.6363220000
1360.8542480000 0.3330590000 0.6145370000
1387.4624020000 0.3292370000 0.5934280000
1414.5908200000 0.3252430000 0.5729770000
1442.2495120000 0.3210950000 0.5531650000
1470.4492190000 0.3168100000 0.5339750000
1499.2000730000 0.3124010000 0.5153910000
1528.5131840000 0.3078830000 0.4973950000
1558.3995360000 0.3032680000 0.4799710000
1588.8701170000 0.2985700000 0.4631030000
1619.9365230000 0.2907220000 0.4468460000
1651.6103520000 0.2858710000 0.4312080000
1683.9034420000 0.2809790000 0.4160810000
1716.8280030000 0.2760550000 0.4014490000
1750.3962400000 0.2711090000 0.3872970000
1784.6208500000 0.2661490000 0.3736110000
1819.5146480000 0.2611810000 0.3603770000
1855.0908200000 0.2562140000 0.3475810000
1891.3624270000 0.2512520000 0.3352100000
1928.3432620000 0.2463030000 0.3232510000
1966.0472410000 0.2413710000 0.3116910000
2004.4884030000 0.2364630000 0.3005170000
2043.6811520000 0.2315820000 0.2897190000
2083.6401370000 0.2267330000 0.2792840000
2124.3806150000 0.2219200000 0.2692010000
2165.9174800000 0.2171460000 0.2594590000
2208.2666020000 0.2124160000 0.2500480000
2251.4438480000 0.2077320000 0.2409570000
2295.4653320000 0.2030960000 0.2321750000
2340.3474120000 0.1985120000 0.2236940000
2386.1069340000 0.1939810000 0.2155040000
2432.7612300000 0.1895070000 0.2075950000
2480.3278810000 0.1850900000 0.1999590000
2528.8244630000 0.1807320000 0.1925860000
2578.2692870000 0.1764350000 0.1854690000
2628.6809080000 0.1722000000 0.1786000000
2680.0783690000 0.1680280000 0.1719690000
2732.4804690000 0.1639200000 0.1655700000
2785.9074710000 0.1598760000 0.1593950000
2840.3789060000 0.1558990000 0.1534370000
2895.9152830000 0.1519870000 0.1476880000
2952.5378420000 0.1481420000 0.1421420000
3010.2673340000 0.1443640000 0.1368000000
3069.1254880000 0.1406540000 0.1316800000
3129.1347660000 0.1370150000 0.1267420000
3190.3171390000 0.1334460000 0.1219810000
3252.6958010000 0.1299460000 0.1173900000
3316.2941890000 0.1265160000 0.1129640000
3381.1359860000 0.1231540000 0.1086970000
3447.2456050000 0.1198610000 0.1045840000
3514.6479490000 0.1166370000 0.1006200000
3583.3681640000 0.1134800000 0.0967980000
3653.4318850000 0.1103890000 0.0931160000
3724.8657230000 0.1073660000 0.0895670000
3797.6960450000 0.1044070000 0.0861470000
3871.9506840000 0.1015140000 0.0828520000
3947.6569820000 0.0986850000 0.0796770000
4024.8435060000 0.0959200000 0.0766180000
4103.5390630000 0.0932170000 0.0736720000
4183.7739260000 0.0905740000 0.0708340000
4265.5771480000 0.0879940000 0.0681000000
4348.9794920000 0.0854740000 0.0654670000
4434.0131840000 0.0830130000 0.0629310000
4520.7089840000 0.0806100000 0.0604900000
4609.1005860000 0.0782650000 0.0581390000
4699.2197270000 0.0759760000 0.0558750000
4791.1015630000 0.0737430000 0.0536960000
4884.7792970000 0.0715640000 0.0515980000
4980.2890630000 0.0694380000 0.0495780000
5077.6660160000 0.0673660000 0.0476340000
5176.9472660000 0.0653450000 0.0457630000
5278.1694340000 0.0633750000 0.0439620000
5381.3710940000 0.0614540000 0.0422290000
5486.5903320000 0.0595830000 0.0405620000
5593.8666990000 0.0577590000 0.0389580000
5703.2412110000 0.0559830000 0.0374140000
5814.7534180000 0.0542520000 0.0359290000
5928.4467770000 0.0525660000 0.0345010000
6044.3627930000 0.0509250000 0.0331270000
6162.5449220000 0.0493260000 0.0318050000
6283.0380860000 0.0477710000 0.0305340000
6405.8872070000 0.0462560000 0.0293120000
6531.1386720000 0.0447820000 0.0281360000
6658.8383790000 0.0433470000 0.0270060000
6789.0356450000 0.0419520000 0.0259190000
6921.7783200000 0.0405940000 0.0248740000
7057.1162110000 0.0392730000 0.0238700000
7195.1005860000 0.0379880000 0.0229050000
7335.7827150000 0.0367390000 0.0219770000
7479.2158200000 0.0355240000 0.0210850000
7625.4531250000 0.0341690000 0.0202310000
7774.5498050000 0.0330240000 0.0194120000
7926.5620120000 0.0319110000 0.0186250000
8081.5458980000 0.0308300000 0.0178690000
8239.5605470000 0.0297790000 0.0171430000
8400.6640630000 0.0287580000 0.0164450000
8564.9189450000 0.0277660000 0.0157750000
8732.3837890000 0.0268030000 0.0151310000
8903.1240230000 0.0258670000 0.0145120000
9077.2021480000 0.0249570000 0.0139200000
9254.6845700000 0.0240740000 0.0133510000
9435.6367190000 0.0232170000 0.0128040000
9620.1269530000 0.0223850000 0.0122790000
9808.2246090000 0.0215780000 0.0117760000
10000.0000000000 0.0207950000 0.0112920000
10195.5253900000 0.0200350000 0.0108280000
10394.8730500000 0.0192980000 0.0103820000
10598.1191400000 0.0185830000 0.0099550000
10805.3388700000 0.0178890000 0.0095440000
11016.6103500000 0.0172170000 0.0091500000
11232.0127000000 0.0165640000 0.0087720000
11451.6259800000 0.0159320000 0.0084090000
11675.5341800000 0.0153190000 0.0080610000
11903.8203100000 0.0147250000 0.0077270000
12136.5693400000 0.0141380000 0.0074060000
12373.8701200000 0.0135790000 0.0070990000
12615.8105500000 0.0130380000 0.0068030000
12862.4814500000 0.0125130000 0.0065200000
13113.9746100000 0.0120050000 0.0062490000
13370.3857400000 0.0115120000 0.0059880000
13631.8105500000 0.0110350000 0.0057380000
13898.3466800000 0.0105730000 0.0054980000
14170.0937500000 0.0101250000 0.0052690000
14447.1543000000 0.0096920000 0.0050480000
14729.6328100000 0.0092720000 0.0048360000
15017.6337900000 0.0088650000 0.0046340000
15311.2666000000 0.0084710000 0.0044390000
15610.6396500000 0.0080900000 0.0042520000
15915.8671900000 0.0077200000 0.0040740000
16227.0615200000 0.0073630000 0.0039020000
16544.3418000000 0.0070170000 0.0037370000
16867.8242200000 0.0066820000 0.0035800000
17197.6328100000 0.0063580000 0.0034290000
17533.8906300000 0.0060440000 0.0032840000
17876.7207000000 0.0057400000 0.0031450000
18226.2558600000 0.0054460000 0.0030110000
18582.6250000000 0.0051620000 0.0028840000
18945.9628900000 0.0048860000 0.0027610000
19316.4023400000 0.0046200000 0.0026440000
19694.0878900000 0.0043620000 0.0025310000
20079.1562500000 0.0041130000 0.0024240000
20471.7539100000 0.0038720000 0.0023200000
20872.0273400000 0.0036390000 0.0022210000
21280.1289100000 0.0034130000 0.0021270000
21696.2070300000 0.0031950000 0.0020360000
22120.4238300000 0.0029840000 0.0019490000
22552.9335900000 0.0027800000 0.0018650000
22993.8984400000 0.0025830000 0.0017850000
23443.4882800000 0.0023920000 0.0017090000
23901.8671900000 0.0022070000 0.0016350000
24369.2070300000 0.0020290000 0.0015650000
24845.6875000000 0.0018560000 0.0014980000
25331.4824200000 0.0016900000 0.0014330000
25826.7753900000 0.0015290000 0.0013710000
26331.7539100000 0.0013730000 0.0013120000
26846.6054700000 0.0012220000 0.0012560000
27371.5234400000 0.0010770000 0.0012020000
27906.7070300000 0.0009360000 0.0011500000
28452.3515600000 0.0008000000 0.0011010000
29008.6660200000 0.0006690000 0.0010540000
29575.8593800000 0.0005420000 0.0010090000
30154.1406300000 0.0004190000 0.0009660000
30743.7304700000 0.0003010000 0.0009240000
31344.8476600000 0.0001860000 0.0008850000
31957.7168000000 0.0000760000 0.0008470000
32582.5703100000 -0.0000310000 0.0008100000
33219.6406300000 -0.0001340000 0.0007750000
33869.1679700000 -0.0002340000 0.0007420000
34531.3945300000 -0.0003300000 0.0007100000
35206.5703100000 -0.0004230000 0.0006800000
35894.9492200000 -0.0005130000 0.0006500000
36596.7851600000 -0.0006000000 0.0006220000
37312.3437500000 -0.0006830000 0.0005950000
38041.8906300000 -0.0007640000 0.0005700000
38785.7070300000 -0.0008420000 0.0005450000
39544.0625000000 -0.0009180000 0.0005210000
40317.2500000000 -0.0009910000 0.0004990000
41105.5546900000 -0.0010610000 0.0004770000
41909.2695300000 -0.0011290000 0.0004570000
42728.6992200000 -0.0011940000 0.0004370000
43564.1523400000 -0.0012580000 0.0004180000
44415.9414100000 -0.0013190000 0.0004000000
45284.3867200000 -0.0013780000 0.0003830000
46169.8085900000 -0.0014350000 0.0003660000
47072.5429700000 -0.0014900000 0.0003500000
47992.9296900000 -0.0015430000 0.0003350000
48931.3125000000 -0.0015940000 0.0003200000
49888.0429700000 -0.0016440000 0.0003060000
50863.4765600000 -0.0016920000 0.0002930000
51857.9843800000 -0.0017380000 0.0002800000
52871.9375000000 -0.0017820000 0.0002680000
53905.7187500000 -0.0018250000 0.0002560000
54959.7109400000 -0.0018670000 0.0002450000
56034.3085900000 -0.0019070000 0.0002340000
57129.9218800000 -0.0019450000 0.0002240000
58246.9531300000 -0.0019830000 0.0002140000
59385.8281300000 -0.0020190000 0.0002050000
60546.9687500000 -0.0020530000 0.0001960000
61730.8125000000 -0.0020870000 0.0001870000
62937.8046900000 -0.0021190000 0.0001790000
64168.3984400000 -0.0021510000 0.0001710000
65423.0507800000 -0.0021810000 0.0001640000
66702.2343800000 -0.0022100000 0.0001570000
68006.4296900000 -0.0022380000 0.0001500000
69336.1250000000 -0.0022650000 0.0001430000
70691.8203100000 -0.0022910000 0.0001370000
72074.0234400000 -0.0023160000 0.0001310000
73483.2500000000 -0.0023410000 0.0001250000
74920.0312500000 -0.0023640000 0.0001200000
76384.9062500000 -0.0023870000 0.0001140000
77878.4218800000 -0.0024090000 0.0001090000
79401.1406300000 -0.0024300000 0.0001040000
80953.6328100000 -0.0024500000 0.0001000000
82536.4765600000 -0.0024700000 0.0000960000
84150.2734400000 -0.0024890000 0.0000910000
85795.6250000000 -0.0025070000 0.0000870000
87473.1406300000 -0.0025240000 0.0000840000
89183.4609400000 -0.0025410000 0.0000800000
90927.2187500000 -0.0025580000 0.0000770000
92705.0781300000 -0.0025730000 0.0000730000
94517.6953100000 -0.0025890000 0.0000700000
96365.7500000000 -0.0026030000 0.0000670000
98249.9453100000 -0.0026180000 0.0000640000
100170.9766000000 -0.0026310000 0.0000610000
102129.5703000000 -0.0026440000 0.0000590000
104126.4609000000 -0.0026570000 0.0000560000
106162.3906000000 -0.0026690000 0.0000540000
108238.1328000000 -0.0026810000 0.0000510000
110354.4609000000 -0.0026930000 0.0000490000
112512.1641000000 -0.0027040000 0.0000470000
114712.0547000000 -0.0027140000 0.0000450000
116954.9688000000 -0.0027240000 0.0000430000
119241.7266000000 -0.0027340000 0.0000410000
121573.2031000000 -0.0027440000 0.0000390000
123950.2656000000 -0.0027530000 0.0000380000
126373.8047000000 -0.0027620000 0.0000360000
128844.7266000000 -0.0027700000 0.0000340000
131363.9688000000 -0.0027790000 0.0000330000
133932.4531000000 -0.0027870000 0.0000310000
136551.1719000000 -0.0027940000 0.0000300000
139221.0938000000 -0.0028020000 0.0000290000
141943.2188000000 -0.0028090000 0.0000270000
144718.5625000000 -0.0028160000 0.0000260000
147548.1719000000 -0.0028220000 0.0000250000
150433.1094000000 -0.0028290000 0.0000240000
153374.4531000000 -0.0028350000 0.0000230000
156373.2969000000 -0.0028410000 0.0000220000
159430.7969000000 -0.0028460000 0.0000210000
162548.0625000000 -0.0028520000 0.0000200000
165726.2813000000 -0.0028570000 0.0000190000
168966.6406000000 -0.0028620000 0.0000180000
172270.3750000000 -0.0028670000 0.0000180000
175638.6875000000 -0.0028720000 0.0000170000
179072.8594000000 -0.0028770000 0.0000160000
182574.1875000000 -0.0028810000 0.0000150000
186143.9688000000 -0.0028860000 0.0000150000
189783.5469000000 -0.0028900000 0.0000140000
193494.2969000000 -0.0028940000 0.0000130000
197277.5938000000 -0.0028980000 0.0000130000
201134.8594000000 -0.0029010000 0.0000120000
205067.5469000000 -0.0029050000 0.0000120000
209077.1406000000 -0.0029080000 0.0000110000
213165.1250000000 -0.0029120000 0.0000110000
217333.0313000000 -0.0029150000 0.0000100000
221582.4375000000 -0.0029180000 0.0000100000
225914.9219000000 -0.0029210000 0.0000090000
230332.1250000000 -0.0029240000 0.0000090000
234835.7031000000 -0.0029260000 0.0000090000
239427.3281000000 -0.0029290000 0.0000080000
244108.7344000000 -0.0029320000 0.0000080000
248881.6719000000 -0.0029340000 0.0000080000
253747.9219000000 -0.0029370000 0.0000070000
258709.3281000000 -0.0029390000 0.0000070000
263767.7500000000 -0.0029410000 0.0000070000
268925.0625000000 -0.0029430000 0.0000060000
274183.2188000000 -0.0029450000 0.0000060000
279544.1875000000 -0.0029470000 0.0000060000
285010.0000000000 -0.0029490000 0.0000060000
290582.6563000000 -0.0029510000 0.0000050000
296264.2500000000 -0.0029530000 0.0000050000
302056.9688000000 -0.0029550000 0.0000050000
307962.9375000000 -0.0029560000 0.0000050000
313984.3750000000 -0.0029580000 0.0000040000
320123.5625000000 -0.0029590000 0.0000040000
326382.7813000000 -0.0029610000 0.0000040000
332764.3750000000 -0.0029620000 0.0000040000
339270.7500000000 -0.0029640000 0.0000040000
345904.3438000000 -0.0029650000 0.0000040000
352667.6563000000 -0.0029660000 0.0000030000
359563.1875000000 -0.0029680000 0.0000030000
366593.5625000000 -0.0029690000 0.0000030000
373761.3750000000 -0.0029700000 0.0000030000
381069.3438000000 -0.0029710000 0.0000030000
388520.2188000000 -0.0029720000 0.0000030000
396116.7500000000 -0.0029730000 0.0000030000
403861.8125000000 -0.0029740000 0.0000020000
411758.3438000000 -0.0029750000 0.0000020000
419809.2500000000 -0.0029760000 0.0000020000
428017.5625000000 -0.0029770000 0.0000020000
436386.3750000000 -0.0029780000 0.0000020000
444918.8125000000 -0.0029790000 0.0000020000
453618.0938000000 -0.0029790000 0.0000020000
462487.4688000000 -0.0029800000 0.0000020000
471530.2500000000 -0.0029810000 0.0000020000
480749.8438000000 -0.0029820000 0.0000020000
490149.7188000000 -0.0029820000 0.0000020000
499733.3750000000 -0.0029830000 0.0000020000
509504.4063000000 -0.0029830000 0.0000010000
519466.5000000000 -0.0029840000 0.0000010000
529623.3750000000 -0.0029850000 0.0000010000
539978.8125000000 -0.0029850000 0.0000010000
550536.7500000000 -0.0029860000 0.0000010000
561301.1250000000 -0.0029860000 0.0000010000
572276.0000000000 -0.0029870000 0.0000010000
583465.4375000000 -0.0029870000 0.0000010000
594873.6250000000 -0.0029880000 0.0000010000
606504.8750000000 -0.0029880000 0.0000010000
618363.5625000000 -0.0029890000 0.0000010000
630454.1250000000 -0.0029890000 0.0000010000
642781.1250000000 -0.0029900000 0.0000010000
655349.0625000000 -0.0029900000 0.0000010000
668162.8125000000 -0.0029900000 0.0000010000
681227.0625000000 -0.0029910000 0.0000010000
694546.7500000000 -0.0029910000 0.0000010000
