30.0000000000 -60.8860090000 4.3328810000
30.5865750000 -59.4965360000 3.5395120000
31.1846200000 -58.4500730000 2.8057730000
31.7943570000 -57.6401100000 2.1271630000
32.4160160000 -57.0031280000 1.4995690000
33.0498310000 -56.4978180000 0.9192160000
33.6960370000 -56.0956500000 0.3826660000
34.3548770000 -55.7759860000 9.8867540000
35.0266040000 -55.5234070000 9.4285860000
35.7114600000 -55.3260770000 9.0055160000
36.4097100000 -55.1747130000 8.6151120000
37.1216090000 -55.0619320000 8.2551490000
37.8474310000 -54.9817540000 7.9235820000
38.5874440000 -54.9293140000 7.6185360000
39.3419230000 -54.9005810000 7.3382980000
40.1111560000 -54.8922230000 7.0812880000
40.8954320000 -54.9014470000 6.8460620000
41.6950380000 -54.9259070000 6.6312950000
42.5102810000 -54.9636310000 6.4357700000
43.3414650000 -55.0129360000 6.2583760000
44.1888960000 -55.0724070000 6.0980910000
45.0529020000 -55.1408390000 5.9539810000
45.9338000000 -55.2172090000 5.8251920000
46.8319210000 -55.3006550000 5.7109450000
47.7476010000 -55.3903880000 5.6105260000
48.6811870000 -55.4858820000 5.5232850000
49.6330260000 -55.5865710000 5.4486330000
50.6034740000 -55.6920470000 5.3860320000
51.5928990000 -55.8019910000 5.3349980000
52.6016690000 -55.9161680000 5.2950920000
53.6301650000 -56.0344580000 5.2659200000
54.6787680000 -56.1568790000 5.2471280000
55.7478750000 -56.2836570000 5.2384040000
56.8378870000 -56.4612390000 5.2815920000
57.9492070000 -56.5436060000 5.2936700000
59.0822600000 -56.6645280000 5.3151150000
60.2374690000 -56.7914510000 5.3457470000
61.4152600000 -56.9222260000 5.3854150000
62.6160810000 -57.0561560000 5.4339930000
63.8403850000 -57.1929170000 5.4913860000
65.0886230000 -57.3323440000 5.5575220000
66.3612670000 -57.4743460000 5.6323510000
67.6587980000 -57.6188740000 5.7158520000
68.9816970000 -57.7659070000 5.8080210000
70.3304600000 -57.9154400000 5.9088770000
71.7055970000 -58.0674900000 6.0184660000
73.1076200000 -58.2220840000 6.1368470000
74.5370640000 -58.3792530000 6.2641050000
75.9944460000 -58.5390400000 6.4003430000
77.4803310000 -58.7014920000 6.5456840000
78.9952620000 -58.8666650000 6.7002710000
80.5398180000 -59.0346110000 6.8642660000
82.1145710000 -59.2053910000 7.0378540000
83.7201160000 -59.3790700000 7.2212370000
85.3570560000 -59.5557100000 7.4146350000
87.0260010000 -59.7353820000 7.6182920000
88.7275770000 -59.9181480000 7.8324690000
90.4624250000 -60.1040800000 8.0574490000
92.2311940000 -60.2932510000 8.2935370000
94.0345380000 -60.4857220000 8.5410560000
95.8731540000 -60.6815720000 8.8003550000
97.7477110000 -60.8808630000 9.0717990000
99.6589200000 -61.0836640000 9.3557810000
101.6075060000 -61.2900470000 9.6527180000
103.5941850000 -61.5000760000 9.9630440000
105.6197130000 -61.7138180000 0.2872280000
107.6848450000 -61.9313390000 0.6257550000
109.7903520000 -62.1526990000 0.9791440000
111.9370270000 -62.3779600000 1.3479340000
114.1256790000 -62.6313930000 1.7339520000
116.3571170000 -62.8642850000 2.1365390000
118.6321950000 -63.1012230000 2.5562900000
120.9517520000 -63.3422660000 2.9938670000
123.3166580000 -63.5874860000 3.4499670000
125.7278060000 -63.8369520000 3.9253230000
128.1860960000 -64.0907440000 4.4206990000
130.6924590000 -52.9379460000 4.7881580000
133.2478330000 -52.7302510000 4.9732110000
135.8531490000 -52.5184250000 5.1541360000
138.5094300000 -52.3028530000 5.3306680000
141.2176360000 -52.0839920000 5.5025450000
143.9787900000 -51.8623540000 5.6695080000
146.7939300000 -51.6385190000 5.8313060000
149.6641240000 -51.4131620000 5.9876940000
152.5904390000 -51.1870540000 6.1384350000
155.5739590000 -50.9611130000 6.2833000000
158.6158140000 -50.7364200000 6.4220640000
161.7171480000 -50.5142750000 6.5545160000
164.8791350000 -50.2962840000 6.6804490000
168.1029360000 -50.0844460000 6.7996690000
171.3897710000 -49.8813400000 6.9119910000
174.7408600000 -49.6903420000 7.0172350000
178.1574860000 -49.5160450000 7.1152380000
181.6409150000 -49.3649060000 7.2058430000
185.1924440000 -49.2464070000 7.2889080000
188.8134160000 -49.1752090000 7.3642980000
192.5051880000 -49.1755370000 7.4318920000
196.2691500000 -50.0463070000 9.9756700000
200.1067050000 -48.6636660000 9.9029080000
204.0192870000 -48.0329780000 9.8318750000
208.0083770000 -47.5334850000 1.4104210000
212.0754700000 -46.5057600000 1.2597030000
216.2220760000 -45.7528570000 1.1145420000
220.4497530000 -45.1231960000 0.9737640000
224.7601010000 -44.5680660000 0.8363170000
229.1547240000 -44.0720980000 0.7014500000
233.6352690000 -43.6067160000 0.5683920000
238.2034300000 -43.1712150000 0.4361670000
242.8609010000 -42.7600670000 0.3041190000
247.6094360000 -42.3694190000 0.1716670000
252.4508210000 -41.9965360000 0.0382980000
257.3868710000 -41.6394390000 9.9035660000
262.4194340000 -41.2967030000 9.7670900000
267.5503850000 -40.9673350000 9.6285400000
272.7816770000 -40.6506500000 9.4876380000
278.1152340000 -40.3462410000 9.3441540000
283.5530700000 -40.0539400000 9.1979060000
289.0972600000 -39.7737770000 9.0487500000
294.7498170000 -39.5060010000 8.8965780000
300.5129390000 -39.2510800000 8.7413230000
306.3887020000 -39.0097270000 8.5829520000
312.3793640000 -38.7829820000 8.4214610000
318.4871830000 -38.5722810000 8.2568720000
324.7143860000 -38.3796420000 8.0892430000
331.0633850000 -38.2079200000 7.9186520000
337.5364990000 -38.0613400000 7.7452050000
344.1361690000 -37.9463230000 7.5690310000
350.8648990000 -37.8732640000 7.3902800000
357.7251890000 -37.8603290000 7.2091220000
364.7196040000 -37.8608700000 8.3071060000
371.8508000000 -37.3462750000 8.1392330000
379.1213990000 -36.9952550000 7.9693390000
386.5341800000 -36.7122690000 7.7976570000
394.0918880000 -36.4731710000 7.6244370000
401.7973630000 -36.2703020000 7.4499450000
409.6535340000 -36.1037520000 7.2744620000
417.6632690000 -35.9232140000 7.4354570000
425.8296200000 -35.6634140000 7.2666890000
434.1556700000 -35.4506530000 7.0979000000
442.6445010000 -35.2656520000 6.9294340000
451.2993160000 -35.1028020000 6.7616480000
460.1233520000 -34.9601170000 6.5949230000
469.1199040000 -34.8372840000 6.4296530000
478.2923890000 -34.7351990000 6.2662540000
487.6441960000 -34.6561360000 6.1051600000
497.1788640000 -34.6044500000 5.9468260000
506.8999330000 -35.0314940000 6.3133070000
516.8110960000 -34.4944730000 6.1661890000
526.9160770000 -33.9782330000 6.0221270000
537.2185670000 -33.8402400000 5.8739050000
547.7225340000 -33.7329410000 5.7305280000
558.4318850000 -33.6482960000 5.5925990000
569.3506470000 -33.5827670000 5.4607560000
580.4828490000 -33.5345340000 5.3356840000
591.8327640000 -33.5025940000 5.2181040000
603.4046020000 -33.4863930000 5.1087950000
615.2026370000 -33.4856260000 5.0085890000
627.2313840000 -33.5001680000 4.9183810000
639.4953610000 -33.5300060000 4.8391360000
651.9990840000 -33.5752110000 4.7718980000
664.7473140000 -33.6359250000 4.7177990000
677.7447510000 -33.7123410000 4.6780670000
690.9963990000 -33.8046910000 4.6540410000
704.5070800000 -33.9132500000 4.6471830000
718.2819820000 -34.0383150000 4.6590940000
732.3261720000 -34.1802250000 4.6915300000
746.6450200000 -34.3393330000 4.7464220000
761.2437740000 -34.5160140000 4.8258970000
776.1279910000 -34.7106550000 4.9323060000
791.3032230000 -30.8414730000 4.9065760000
806.7752080000 -30.8359950000 4.8362820000
822.5496830000 -28.2456360000 4.7462530000
838.6325680000 -28.1163100000 4.5482770000
855.0299680000 -27.9977570000 4.3463340000
871.7479250000 -27.8906040000 4.1405350000
888.7927860000 -27.7955970000 3.9310090000
906.1708980000 -27.7135050000 3.7178980000
923.8888550000 -27.6451970000 3.5013550000
941.9531860000 -27.5916630000 3.2815530000
960.3707280000 -27.5540790000 3.0586730000
979.1483760000 -27.5339370000 2.8329110000
998.2931520000 -27.5334240000 2.6044740000
1017.8123170000 -27.5621090000 2.4068340000
1037.7131350000 -27.6090790000 2.2125970000
1058.0029300000 -27.6746690000 2.0187350000
1078.6895750000 -27.7605800000 1.8253220000
1099.7806400000 -27.8681370000 1.6324290000
1121.2841800000 -27.9995330000 1.4401250000
1143.2080080000 -28.1571660000 1.2484750000
1165.5606690000 -28.3439010000 1.0575450000
1188.3502200000 -28.5632100000 0.8674020000
1211.5854490000 -28.8193420000 0.6781060000
1235.2750240000 -29.1175840000 0.4897190000
1259.4277340000 -29.4646400000 0.3023030000
1284.0527340000 -29.8691920000 0.1159160000
1309.1591800000 -30.3428150000 9.9306160000
1334.7564700000 -30.9014680000 9.7464580000
1360.8542480000 -31.5681400000 9.5634980000
1387.4624020000 -32.3778110000 9.3817890000
1414.5908200000 -33.3875920000 9.2013820000
1442.2495120000 -34.7178800000 9.0225060000
1470.4492190000 -36.5375940000 8.8458860000
1499.2000730000 -39.3454090000 8.6707960000
1528.5131840000 -44.5585940000 8.4972800000
1558.3995360000 -58.3725170000 8.3253770000
1588.8701170000 -263.7018130000 2.7498630000
1619.9365230000 -27.2395340000 0.6114960000
1651.6103520000 -10.3216530000 1.6098860000
1683.9034420000 8.2717680000 8.8904880000
1716.8280030000 -1.1471770000 6.3995780000
1750.3962400000 -10.0409390000 7.3440690000
1784.6208500000 -16.8939420000 3.2995590000
1819.5146480000 -22.4342560000 1.3490590000
1855.0908200000 -27.4137380000 0.4027990000
1891.3624270000 -32.4701190000 0.0525980000
1928.3432620000 -38.2679790000 0.2036300000
1966.0472410000 -45.7502100000 0.9951040000
2004.4884030000 -56.8883170000 2.9124090000
2043.6811520000 -71.5403520000 1.9247530000
2083.6401370000 -38.0219570000 6.6010280000
2124.3806150000 -46.3139310000 9.2622950000
2165.9174800000 -16.3457340000 9.2608590000
2208.2666020000 -15.7398280000 8.3655700000
2251.4438480000 -15.8531780000 7.5173780000
2295.4653320000 -14.5474330000 8.5534740000
2340.3474120000 -13.4824710000 7.6944160000
2386.1069340000 -12.8053680000 6.8941060000
2432.7612300000 -12.3739610000 6.1494980000
2480.3278810000 -12.4499830000 5.4583870000
2528.8244630000 -11.5099740000 5.9726640000
2578.2692870000 -10.7906130000 5.3664020000
2628.6809080000 -10.2625140000 4.8141460000
2680.0783690000 -9.0649770000 4.1753920000
2732.4804690000 -8.6185250000 3.5598200000
2785.9074710000 -8.2237510000 2.9724200000
2840.3789060000 -7.8702550000 2.4132330000
2895.9152830000 -7.5503700000 1.8825860000
2952.5378420000 -6.8908550000 1.3685610000
3010.2673340000 -6.5779690000 0.8142280000
3069.1254880000 -6.2761350000 0.2620030000
3129.1347660000 -5.9992310000 9.7217390000
3190.3171390000 -5.7487290000 9.1933190000
3252.6958010000 -5.5187620000 8.6768070000
3316.2941890000 -5.3101560000 8.1723920000
3381.1359860000 -5.1171980000 7.6796950000
3447.2456050000 -4.9412160000 7.1983930000
3514.6479490000 -4.7811060000 6.7282870000
3583.3681640000 -4.6358720000 6.2691730000
3653.4318850000 -4.5046340000 5.8208490000
3724.8657230000 -4.3965260000 5.3833800000
3797.6960450000 -4.2913340000 4.9563710000
3871.9506840000 -4.2074970000 4.5396900000
3947.6569820000 -4.1253530000 4.1332410000
4024.8435060000 -4.0535780000 3.7366470000
4103.5390630000 -4.0003260000 3.3503750000
4183.7739260000 -3.9480970000 2.9738960000
4265.5771480000 -3.9046700000 2.6067660000
4348.9794920000 -3.8696260000 2.2487920000
4434.0131840000 -3.8425780000 1.8997750000
4520.7089840000 -3.8231750000 1.5595320000
4609.1005860000 -3.8201630000 1.2287660000
4699.2197270000 -3.8153770000 0.9065300000
4791.1015630000 -3.8172880000 0.5925650000
4884.7792970000 -3.8256640000 0.2866900000
4980.2890630000 -3.8403000000 9.9887280000
5077.6660160000 -3.8655050000 9.6989660000
5176.9472660000 -3.8922960000 9.4168030000
5278.1694340000 -3.9248730000 9.1420570000
5381.3710940000 -3.9631520000 8.8745600000
5486.5903320000 -4.0070780000 8.6141440000
5593.8666990000 -4.0566320000 8.3606460000
5703.2412110000 -4.1118320000 8.1139040000
5814.7534180000 -4.1727360000 7.8737630000
5928.4467770000 -4.2394470000 7.6400640000
6044.3627930000 -4.3121160000 7.4126560000
6162.5449220000 -4.3909530000 7.1913930000
6283.0380860000 -4.4762330000 6.9761240000
6405.8872070000 -4.5683040000 6.7667080000
6531.1386720000 -4.6676090000 6.5630020000
6658.8383790000 -4.7746940000 6.3648710000
6789.0356450000 -4.8957930000 6.1722280000
6921.7783200000 -5.0290940000 5.9851420000
7057.1162110000 -5.1641630000 5.8035700000
7195.1005860000 -5.3193640000 5.6273470000
7335.7827150000 -5.4792430000 5.4561780000
7479.2158200000 -5.6545380000 5.2897640000
7625.4531250000 -5.8480140000 5.1279850000
7774.5498050000 -6.0684710000 4.9707980000
7926.5620120000 -6.3106270000 4.8180900000
8081.5458980000 -6.5866200000 4.6696720000
8239.5605470000 -6.9067360000 4.5254330000
8400.6640630000 -7.2869430000 4.3852660000
8564.9189450000 -7.7540840000 4.2490670000
8732.3837890000 -8.3588750000 4.1167340000
8903.1240230000 -9.2287430000 3.9887230000
9077.2021480000 -10.7228480000 3.8659330000
9150.8095700000 -11.9408330000 3.8157910000
9151.4902340000 -11.9562180000 3.8153320000
9152.1601560000 -11.9714550000 3.8148810000
9152.8398440000 -11.9870460000 3.8144230000
9153.5097660000 -12.0025340000 3.8139710000
9154.1904300000 -12.0183610000 3.8135130000
9154.8701170000 -12.0343100000 3.8130550000
9155.5400390000 -12.0501560000 3.8126030000
9156.2197270000 -12.0663290000 3.8121460000
9156.8896480000 -12.0824220000 3.8116950000
9157.5703130000 -12.0988730000 3.8112370000
9158.2500000000 -12.1154550000 3.8107800000
9158.9199220000 -12.1319340000 3.8103290000
9159.5996090000 -12.1487600000 3.8098720000
9160.2802730000 -12.1657700000 3.8094140000
9160.9501950000 -12.1826550000 3.8089630000
9161.6298830000 -12.1998980000 3.8085070000
9162.3095700000 -12.2173100000 3.8080500000
9162.9804690000 -12.2346210000 3.8075990000
9163.6601560000 -12.2523270000 3.8071420000
9164.3398440000 -12.2701850000 3.8066850000
9165.0195310000 -12.2881980000 3.8062290000
9165.6904300000 -12.3061120000 3.8057790000
9166.3701170000 -12.3244410000 3.8053220000
9167.0498050000 -12.3429060000 3.8048660000
9167.7304690000 -12.3615890000 3.8044090000
9168.4101560000 -12.3804150000 3.8039530000
9169.0800780000 -12.3991190000 3.8035040000
9169.7597660000 -12.4182890000 3.8030470000
9170.4404300000 -12.4376660000 3.8025910000
9171.1201170000 -12.4571690000 3.8021350000
9171.7998050000 -12.4768850000 3.8016800000
9172.4697270000 -12.4965080000 3.8012300000
9173.1503910000 -12.5166020000 3.8007750000
9173.8300780000 -12.5368910000 3.8003190000
9174.5097660000 -12.5573810000 3.7998640000
9175.1904300000 -12.5780740000 3.7994080000
9175.8701170000 -12.5989740000 3.7989530000
9176.5498050000 -12.6200870000 3.7984980000
9177.2304690000 -12.6414450000 3.7980420000
9177.9101560000 -12.6629650000 3.7975870000
9178.5898440000 -12.6847400000 3.7971320000
9179.2695310000 -12.7067440000 3.7966770000
9179.9501950000 -12.7289840000 3.7962230000
9180.6298830000 -12.7514640000 3.7957680000
9181.3095700000 -12.7741880000 3.7953130000
9181.9902340000 -12.7971960000 3.7948580000
9182.6699220000 -12.8203950000 3.7944040000
9183.3496090000 -12.8438870000 3.7939500000
9184.0302730000 -12.8676820000 3.7934950000
9184.7099610000 -12.8916830000 3.7930410000
9185.3896480000 -12.9159980000 3.7925870000
9186.0703130000 -12.9406340000 3.7921320000
9186.7500000000 -12.9655280000 3.7916780000
9187.4296880000 -12.9906890000 3.7912250000
9188.1103520000 -13.0162280000 3.7907710000
9188.7900390000 -13.0420480000 3.7903170000
9189.4697270000 -13.0681520000 3.7898640000
9190.1503910000 -13.0946640000 3.7894100000
9190.8300780000 -13.1214770000 3.7889560000
9191.5097660000 -13.1486390000 3.7885030000
9192.2001950000 -13.1765860000 3.7880430000
9192.8798830000 -13.2044400000 3.7875900000
9193.5595700000 -13.2327100000 3.7871370000
9194.2402340000 -13.2614070000 3.7866840000
9194.9199220000 -13.2904210000 3.7862310000
9195.6103520000 -13.3203440000 3.7857710000
9196.2900390000 -13.3502360000 3.7853190000
9196.9697270000 -13.3805620000 3.7848660000
9197.6503910000 -13.4113330000 3.7844130000
9198.3300780000 -13.4425630000 3.7839610000
9199.0195310000 -13.4747140000 3.7835020000
9199.7001950000 -13.5069570000 3.7830490000
9200.3798830000 -13.5396580000 3.7825970000
9201.0595700000 -13.5728290000 3.7821450000
9201.7500000000 -13.6071080000 3.7816860000
9202.4296880000 -13.6414220000 3.7812340000
9203.1103520000 -13.6763560000 3.7807820000
9203.7998050000 -13.7123350000 3.7803240000
9204.4804690000 -13.7484300000 3.7798720000
9205.1601560000 -13.7851570000 3.7794200000
9205.8496090000 -13.8230670000 3.7789620000
9206.5302730000 -13.8611890000 3.7785100000
9207.2099610000 -13.8999060000 3.7780590000
9207.9003910000 -13.9400220000 3.7776010000
9208.5800780000 -13.9802900000 3.7771500000
9209.2695310000 -14.0219280000 3.7766920000
9209.9501950000 -14.0638710000 3.7762410000
9210.6298830000 -14.1065480000 3.7757900000
9211.3203130000 -14.1508500000 3.7753320000
9212.0000000000 -14.1954110000 3.7748820000
9212.6904300000 -14.2416440000 3.7744240000
9213.3701170000 -14.2881900000 3.7739730000
9214.0595700000 -14.3364620000 3.7735160000
9214.7402340000 -14.3851760000 3.7730660000
9215.4296880000 -14.4357490000 3.7726090000
9216.1103520000 -14.4869130000 3.7721580000
9216.7998050000 -14.5400180000 3.7717020000
9217.4804690000 -14.5938070000 3.7712510000
9218.1699220000 -14.6497080000 3.7707950000
9218.8496090000 -14.7062440000 3.7703450000
9219.5400390000 -14.7653270000 3.7698880000
9220.2197270000 -14.8251740000 3.7694390000
9220.9101560000 -14.8877300000 3.7689820000
9221.5898440000 -14.9511980000 3.7685320000
9222.2802730000 -15.0176530000 3.7680760000
9222.9697270000 -15.0861680000 3.7676200000
9223.6503910000 -15.1559790000 3.7671710000
9224.3398440000 -15.2291990000 3.7667150000
9225.0302730000 -15.3051470000 3.7662590000
9225.7099610000 -15.3826990000 3.7658100000
9226.4003910000 -15.4644600000 3.7653540000
9227.0898440000 -15.5493790000 3.7648990000
9227.7695310000 -15.6365880000 3.7644500000
9228.4599610000 -15.7289660000 3.7639940000
9229.1503910000 -15.8255440000 3.7635390000
9229.8300780000 -15.9250020000 3.7630910000
9230.5195310000 -16.0309940000 3.7626360000
9231.2099610000 -16.1427020000 3.7621810000
9231.8896480000 -16.2587570000 3.7617320000
9232.5800780000 -16.3834500000 3.7612770000
9233.2695310000 -16.5157050000 3.7608230000
9233.9599610000 -16.6569120000 3.7603670000
9234.6503910000 -16.8081320000 3.7599120000
9235.3300780000 -16.9680820000 3.7594650000
9236.0195310000 -17.1437740000 3.7590110000
9236.7099610000 -17.3354870000 3.7585570000
9237.4003910000 -17.5460930000 3.7581020000
9238.0898440000 -17.7793710000 3.7576480000
9238.7695310000 -18.0373570000 3.7572000000
9239.4599610000 -18.3355640000 3.7567460000
9240.1503910000 -18.6820490000 3.7562920000
9240.8398440000 -19.0948300000 3.7558380000
9241.5302730000 -19.6071000000 3.7553840000
9242.2197270000 -20.2799110000 3.7549310000
9242.9101560000 -21.2660640000 3.7544770000
9243.5996090000 -23.1346590000 3.7540240000
9244.2802730000 -25.3824210000 0.5540450000
9244.9697270000 -21.9726850000 0.5522100000
9245.6601560000 -20.7054390000 0.5503730000
9246.3496090000 -19.9111540000 0.5485390000
9247.0400390000 -19.3298420000 0.5467040000
9247.7304690000 -18.8714370000 0.5448690000
9248.4199220000 -18.4933410000 0.5430370000
9249.1103520000 -18.1707630000 0.5412040000
9249.7998050000 -17.8901120000 0.5393740000
9250.4902340000 -17.6411000000 0.5375420000
9251.1796880000 -17.4178490000 0.5357140000
9251.8701170000 -17.2150040000 0.5338830000
9252.5595700000 -17.0296040000 0.5320560000
9253.2500000000 -16.8584420000 0.5302270000
9253.9404300000 -16.6996770000 0.5283990000
9254.6298830000 -16.5518230000 0.5265730000
9254.6845700000 -16.5405790000 0.5264290000
9255.3300780000 -16.4112590000 0.5247210000
9256.0195310000 -16.2810730000 0.5228970000
9256.7099610000 -16.1580030000 0.5210710000
9257.4003910000 -16.0414600000 0.5192460000
9258.0898440000 -15.9309300000 0.5174250000
9258.7802730000 -15.8255450000 0.5156010000
9259.4697270000 -15.7251130000 0.5137810000
9260.1601560000 -15.6289310000 0.5119590000
9260.8603520000 -15.5355280000 0.5101120000
9261.5498050000 -15.4472410000 0.5082940000
9262.2402340000 -15.3622390000 0.5064740000
9262.9296880000 -15.2805050000 0.5046570000
9263.6201170000 -15.2015850000 0.5028380000
9264.3203130000 -15.1243570000 0.5009960000
9265.0097660000 -15.0508420000 0.4991810000
9265.7001950000 -14.9796020000 0.4973640000
9266.3896480000 -14.9106830000 0.4955500000
9267.0898440000 -14.8428490000 0.4937110000
9267.7802730000 -14.7779220000 0.4918960000
9268.4697270000 -14.7149360000 0.4900850000
9269.1601560000 -14.6536130000 0.4882710000
9269.8603520000 -14.5931350000 0.4864340000
9270.5498050000 -14.5351390000 0.4846250000
9271.2402340000 -14.4785510000 0.4828140000
9271.9404300000 -14.4226250000 0.4809780000
9272.6298830000 -14.3688860000 0.4791710000
9273.3203130000 -14.3163530000 0.4773620000
9274.0195310000 -14.2644090000 0.4755320000
9274.7099610000 -14.2142750000 0.4737230000
9275.4101560000 -14.1645850000 0.4718910000
9276.0996090000 -14.1167090000 0.4700880000
9276.7900390000 -14.0697840000 0.4682830000
9277.4902340000 -14.0231450000 0.4664510000
9278.1796880000 -13.9782090000 0.4646480000
9278.8798830000 -13.9335040000 0.4628200000
9279.5703130000 -13.8902800000 0.4610180000
9280.2695310000 -13.8473630000 0.4591930000
9280.9599610000 -13.8057760000 0.4573920000
9281.6503910000 -13.7649570000 0.4555910000
9282.3496090000 -13.7243880000 0.4537690000
9283.0400390000 -13.6850350000 0.4519690000
9283.7402340000 -13.6458430000 0.4501460000
9284.4296880000 -13.6079050000 0.4483510000
9285.1298830000 -13.5700480000 0.4465280000
9285.8300780000 -13.5327790000 0.4447050000
9286.5195310000 -13.4967230000 0.4429110000
9287.2197270000 -13.4607110000 0.4410920000
9287.9101560000 -13.4257580000 0.4392970000
9288.6103520000 -13.3908790000 0.4374780000
9289.2998050000 -13.3570540000 0.4356870000
9290.0000000000 -13.3232370000 0.4338700000
9290.7001950000 -13.2899320000 0.4320540000
9291.3896480000 -13.2576110000 0.4302650000
9292.0898440000 -13.2252770000 0.4284500000
9292.7900390000 -13.1933680000 0.4266330000
9293.4804690000 -13.1623820000 0.4248440000
9294.1796880000 -13.1314500000 0.4230340000
9294.8798830000 -13.1009050000 0.4212220000
9295.5703130000 -13.0711870000 0.4194350000
9296.2695310000 -13.0415030000 0.4176250000
9296.9697270000 -13.0121750000 0.4158150000
9297.6601560000 -12.9836250000 0.4140310000
9298.3603520000 -12.9550170000 0.4122190000
9299.0595700000 -12.9268520000 0.4104140000
9299.7597660000 -12.8990080000 0.4086070000
9300.4501950000 -12.8718830000 0.4068240000
9301.1503910000 -12.8447240000 0.4050180000
9301.8496090000 -12.8179320000 0.4032150000
9302.5498050000 -12.7914290000 0.4014100000
9303.2402340000 -12.7655960000 0.3996310000
9303.9404300000 -12.7396800000 0.3978250000
9304.6396480000 -12.7141360000 0.3960250000
9305.3398440000 -12.6888520000 0.3942230000
9306.0400390000 -12.6638580000 0.3924220000
9306.7402340000 -12.6391460000 0.3906210000
9307.4404300000 -12.6146770000 0.3888190000
9308.1298830000 -12.5908730000 0.3870470000
9308.8300780000 -12.5669690000 0.3852480000
9309.5302730000 -12.5433240000 0.3834510000
9310.2304690000 -12.5199320000 0.3816530000
9310.9296880000 -12.4968190000 0.3798590000
9311.6298830000 -12.4738870000 0.3780610000
9312.3300780000 -12.4512250000 0.3762660000
9313.0302730000 -12.4287970000 0.3744720000
9313.7304690000 -12.4065960000 0.3726780000
9314.4296880000 -12.3846510000 0.3708870000
9315.1298830000 -12.3628650000 0.3690930000
9315.8300780000 -12.3413250000 0.3673010000
9316.5302730000 -12.3199960000 0.3655100000
9317.2304690000 -12.2988750000 0.3637200000
9317.9296880000 -12.2779860000 0.3619330000
9318.6298830000 -12.2572390000 0.3601410000
9319.3300780000 -12.2367170000 0.3583530000
9320.0302730000 -12.2163890000 0.3565650000
9320.7304690000 -12.1962480000 0.3547780000
9321.4296880000 -12.1763210000 0.3529950000
9322.1298830000 -12.1565220000 0.3512070000
9322.8300780000 -12.1369290000 0.3494220000
9323.5302730000 -12.1175120000 0.3476380000
9324.2304690000 -12.0982690000 0.3458550000
9324.9404300000 -12.0789100000 0.3440460000
9325.6396480000 -12.0600310000 0.3422660000
9326.3398440000 -12.0412910000 0.3404850000
9327.0400390000 -12.0227130000 0.3387040000
9327.7402340000 -12.0042690000 0.3369220000
9328.4404300000 -11.9860060000 0.3351420000
9329.1503910000 -11.9676500000 0.3333390000
9329.8496090000 -11.9497180000 0.3315640000
9330.5498050000 -11.9318880000 0.3297840000
9331.2500000000 -11.9142270000 0.3280080000
9331.9501950000 -11.8967100000 0.3262320000
9332.6601560000 -11.8791010000 0.3244320000
9333.3603520000 -11.8618440000 0.3226550000
9334.0595700000 -11.8447720000 0.3208840000
9334.7597660000 -11.8278130000 0.3191110000
9335.4697270000 -11.8107360000 0.3173110000
9336.1699220000 -11.7940430000 0.3155390000
9336.8701170000 -11.7774790000 0.3137680000
9337.5800780000 -11.7608200000 0.3119740000
9338.2802730000 -11.7444900000 0.3102020000
9338.9804690000 -11.7283050000 0.3084330000
9339.6904300000 -11.7120250000 0.3066400000
9340.3896480000 -11.6961060000 0.3048740000
9341.0898440000 -11.6802620000 0.3031050000
9341.7998050000 -11.6643440000 0.3013140000
9342.5000000000 -11.6487560000 0.2995490000
9343.2099610000 -11.6330500000 0.2977580000
9435.6367190000 -10.2193790000 0.0704930000
9620.1269530000 -8.9105740000 9.6490730000
9808.2246090000 -8.3310340000 9.2591920000
10000.0000000000 -8.1931020000 8.8982800000
10195.5253900000 -8.6364240000 8.5639240000
10222.0996100000 -8.7914200000 8.5208850000
10223.0000000000 -8.7974400000 8.5194370000
10223.7998100000 -8.8028380000 8.5181490000
10224.7002000000 -8.8089670000 8.5167030000
10225.5000000000 -8.8144640000 8.5154170000
10226.4003900000 -8.8207040000 8.5139700000
10227.2002000000 -8.8263030000 8.5126860000
10228.0000000000 -8.8319420000 8.5114030000
10228.9003900000 -8.8383530000 8.5099590000
10229.7002000000 -8.8441040000 8.5086760000
10230.5996100000 -8.8506280000 8.5072340000
10231.4003900000 -8.8564940000 8.5059510000
10232.2998100000 -8.8631420000 8.5045100000
10233.0996100000 -8.8691120000 8.5032290000
10234.0000000000 -8.8758930000 8.5017880000
10234.7998100000 -8.8819690000 8.5005090000
10235.5996100000 -8.8881080000 8.4992300000
10236.5000000000 -8.8950820000 8.4977910000
10237.2998100000 -8.9013400000 8.4965120000
10238.2002000000 -8.9084510000 8.4950740000
10239.0000000000 -8.9148310000 8.4937970000
10239.9003900000 -8.9220820000 8.4923600000
10240.7002000000 -8.9285810000 8.4910860000
10241.5996100000 -8.9359750000 8.4896500000
10242.4003900000 -8.9426130000 8.4883750000
10243.2998100000 -8.9501490000 8.4869420000
10244.0996100000 -8.9569210000 8.4856670000
10244.9003900000 -8.9637650000 8.4843920000
10245.7998100000 -8.9715280000 8.4829620000
10246.5996100000 -8.9784970000 8.4816900000
10247.5000000000 -8.9864370000 8.4802570000
10248.2998100000 -8.9935510000 8.4789870000
10249.2002000000 -9.0016490000 8.4775560000
10250.0000000000 -9.0089230000 8.4762860000
10250.9003900000 -9.0171930000 8.4748560000
10251.7002000000 -9.0246210000 8.4735870000
10252.5996100000 -9.0330600000 8.4721600000
10253.4003900000 -9.0406580000 8.4708900000
10254.2998100000 -9.0492810000 8.4694650000
10255.0996100000 -9.0570270000 8.4681990000
10256.0000000000 -9.0658490000 8.4667730000
10256.7998100000 -9.0737770000 8.4655070000
10257.7002000000 -9.0827970000 8.4640820000
10258.5000000000 -9.0909040000 8.4628160000
10259.4003900000 -9.1001290000 8.4613930000
10260.2002000000 -9.1084210000 8.4601290000
10261.0996100000 -9.1178490000 8.4587080000
10261.9003900000 -9.1263340000 8.4574440000
10262.7998100000 -9.1359920000 8.4560230000
10263.5996100000 -9.1446670000 8.4547620000
10264.5000000000 -9.1545540000 8.4533420000
10265.2998100000 -9.1634470000 8.4520820000
10266.2002000000 -9.1735740000 8.4506630000
10267.0000000000 -9.1826840000 8.4494020000
10267.9003900000 -9.1930590000 8.4479850000
10268.7002000000 -9.2023940000 8.4467250000
10269.5996100000 -9.2130170000 8.4453110000
10270.4003900000 -9.2225880000 8.4440520000
10271.2998100000 -9.2334800000 8.4426380000
10272.0996100000 -9.2432970000 8.4413810000
10273.0000000000 -9.2544830000 8.4399670000
10273.7998100000 -9.2645550000 8.4387100000
10274.7002000000 -9.2760360000 8.4372980000
10275.5000000000 -9.2863770000 8.4360430000
10276.4003900000 -9.2981670000 8.4346300000
10277.2002000000 -9.3087750000 8.4333780000
10278.0996100000 -9.3208890000 8.4319670000
10278.9003900000 -9.3318030000 8.4307140000
10279.7998100000 -9.3442420000 8.4293060000
10280.5996100000 -9.3554650000 8.4280540000
10281.5000000000 -9.3682730000 8.4266450000
10282.2998100000 -9.3798200000 8.4253940000
10283.2002000000 -9.3930020000 8.4239860000
10284.0000000000 -9.4048890000 8.4227360000
10284.9003900000 -9.4184650000 8.4213300000
10285.7002000000 -9.4306970000 8.4200830000
10286.5996100000 -9.4446720000 8.4186790000
10287.4003900000 -9.4573130000 8.4174300000
10288.2998100000 -9.4717250000 8.4160270000
10289.2002000000 -9.4863930000 8.4146240000
10290.0000000000 -9.4996400000 8.4133780000
10290.9003900000 -9.5147860000 8.4119760000
10291.7002000000 -9.5284680000 8.4107300000
10292.5996100000 -9.5441030000 8.4093300000
10293.4003900000 -9.5582650000 8.4080850000
10294.2998100000 -9.5744350000 8.4066860000
10295.0996100000 -9.5890540000 8.4054440000
10296.0000000000 -9.6058130000 8.4040450000
10296.7998100000 -9.6209730000 8.4028020000
10297.7002000000 -9.6383390000 8.4014050000
10298.5996100000 -9.6560260000 8.4000100000
10299.4003900000 -9.6720740000 8.3987670000
10300.2998100000 -9.6904340000 8.3973730000
10301.0996100000 -9.7070830000 8.3961330000
10302.0000000000 -9.7261830000 8.3947380000
10302.7998100000 -9.7434970000 8.3934990000
10303.7002000000 -9.7633730000 8.3921060000
10304.5000000000 -9.7813810000 8.3908690000
10305.4003900000 -9.8021150000 8.3894760000
10306.2998100000 -9.8232740000 8.3880850000
10307.0996100000 -9.8424860000 8.3868500000
10308.0000000000 -9.8646100000 8.3854600000
10308.7998100000 -9.8847180000 8.3842240000
10309.7002000000 -9.9078660000 8.3828340000
10310.5000000000 -9.9289240000 8.3816000000
10311.4003900000 -9.9531870000 8.3802120000
10312.2998100000 -9.9780570000 8.3788250000
10313.0996100000 -10.0007400000 8.3775920000
10314.0000000000 -10.0269190000 8.3762050000
10314.7998100000 -10.0507990000 8.3749730000
10315.7002000000 -10.0783930000 8.3735880000
10316.5996100000 -10.1067650000 8.3722050000
10317.4003900000 -10.1327230000 8.3709740000
10318.2998100000 -10.1627810000 8.3695900000
10319.0996100000 -10.1902600000 8.3683620000
10320.0000000000 -10.2221670000 8.3669800000
10320.7998100000 -10.2514200000 8.3657510000
10321.7002000000 -10.2854060000 8.3643690000
10322.5996100000 -10.3205640000 8.3629890000
10323.4003900000 -10.3529670000 8.3617610000
10324.2998100000 -10.3906460000 8.3603830000
10325.0996100000 -10.4254090000 8.3591570000
10326.0000000000 -10.4660230000 8.3577790000
10326.9003900000 -10.5083520000 8.3564000000
10327.7002000000 -10.5475270000 8.3551760000
10328.5996100000 -10.5934530000 8.3538000000
10329.4003900000 -10.6361440000 8.3525760000
10330.2998100000 -10.6863720000 8.3512020000
10331.2002000000 -10.7393240000 8.3498250000
10332.0000000000 -10.7886950000 8.3486050000
10332.9003900000 -10.8473220000 8.3472300000
10333.7998100000 -10.9094340000 8.3458590000
10334.5996100000 -10.9680360000 8.3446380000
10335.5000000000 -11.0382120000 8.3432660000
10336.2998100000 -11.1048470000 8.3420460000
10337.2002000000 -11.1853220000 8.3406740000
10338.0996100000 -11.2724500000 8.3393050000
10338.9003900000 -11.3567080000 8.3380850000
10339.7998100000 -11.4601590000 8.3367170000
10340.5996100000 -11.5616470000 8.3355000000
10341.5000000000 -11.6889260000 8.3341310000
10342.4003900000 -11.8336970000 8.3327640000
10343.2002000000 -11.9812510000 8.3315500000
10344.0996100000 -12.1765010000 8.3301820000
10345.0000000000 -12.4158360000 8.3288160000
10345.7998100000 -12.6853770000 8.3276030000
10346.7002000000 -13.1028910000 8.3262370000
10347.5996100000 -13.7936170000 8.3248740000
10348.4003900000 -15.5288530000 8.3236610000
10349.2998100000 -14.1956540000 1.7260480000
10350.0996100000 -13.3668200000 1.7241740000
10351.0000000000 -12.8549810000 1.7220650000
10351.9003900000 -12.5076500000 1.7199580000
10352.7002000000 -12.2705820000 1.7180860000
10353.5996100000 -12.0537090000 1.7159820000
10354.5000000000 -11.8723540000 1.7138780000
10355.2998100000 -11.7328570000 1.7120080000
10356.2002000000 -11.5943780000 1.7099060000
10357.0996100000 -11.4713700000 1.7078060000
10357.9003900000 -11.3721700000 1.7059360000
10358.7998100000 -11.2703840000 1.7038380000
10359.7002000000 -11.1769850000 1.7017390000
10360.5000000000 -11.1000310000 1.6998750000
10361.4003900000 -11.0193060000 1.6977780000
10362.2998100000 -10.9440530000 1.6956830000
10363.0996100000 -10.8810680000 1.6938210000
10364.0000000000 -10.8141520000 1.6917270000
10364.9003900000 -10.7509620000 1.6896330000
10365.7002000000 -10.6976680000 1.6877760000
10366.5996100000 -10.6404750000 1.6856840000
10367.5000000000 -10.5860120000 1.6835930000
10368.2998100000 -10.5397460000 1.6817380000
10369.2002000000 -10.4897740000 1.6796480000
10370.0996100000 -10.4418870000 1.6775610000
10370.9003900000 -10.4009390000 1.6757060000
10371.7998100000 -10.3565890000 1.6736220000
10372.7002000000 -10.3138370000 1.6715360000
10373.5000000000 -10.2771250000 1.6696830000
10374.4003900000 -10.2371650000 1.6676010000
10375.2998100000 -10.1985780000 1.6655200000
10376.0996100000 -10.1652930000 1.6636700000
10377.0000000000 -10.1289480000 1.6615890000
10377.9003900000 -10.0937040000 1.6595100000
10378.7002000000 -10.0632510000 1.6576610000
10379.5996100000 -10.0299440000 1.6555850000
10380.5000000000 -9.9975270000 1.6535080000
10381.2998100000 -9.9694510000 1.6516630000
10382.2002000000 -9.9386450000 1.6495880000
10383.0996100000 -9.9086590000 1.6475150000
10383.9003900000 -9.8825790000 1.6456710000
10384.7998100000 -9.8539720000 1.6436000000
10385.7002000000 -9.8260160000 1.6415280000
10386.5996100000 -9.7987370000 1.6394600000
10387.4003900000 -9.7749570000 1.6376180000
10388.2998100000 -9.7488180000 1.6355510000
10389.2002000000 -9.7232200000 1.6334840000
10390.0000000000 -9.7009240000 1.6316460000
10390.9003900000 -9.6763290000 1.6295800000
10391.7998100000 -9.6522590000 1.6275170000
10392.7002000000 -9.6286430000 1.6254530000
10393.5000000000 -9.6080410000 1.6236190000
10394.4003900000 -9.5852790000 1.6215560000
10394.8730500000 -9.5735160000 1.6204750000
10395.2998100000 -9.5629680000 1.6194960000
10396.0996100000 -9.5434640000 1.6176650000
10397.0000000000 -9.5218930000 1.6156050000
10397.9003900000 -9.5007050000 1.6135460000
10398.7998100000 -9.4799090000 1.6114900000
10399.5996100000 -9.4617050000 1.6096620000
10400.5000000000 -9.4415500000 1.6076060000
10401.4003900000 -9.4217290000 1.6055510000
10402.2002000000 -9.4044050000 1.6037260000
10403.0996100000 -9.3851840000 1.6016730000
10404.0000000000 -9.3662670000 1.5996200000
10404.9003900000 -9.3476450000 1.5975690000
10405.7002000000 -9.3313510000 1.5957480000
10406.5996100000 -9.3132590000 1.5936990000
10407.5000000000 -9.2954350000 1.5916490000
10408.4003900000 -9.2778710000 1.5896010000
10409.2002000000 -9.2624740000 1.5877810000
10410.0996100000 -9.2454000000 1.5857370000
10411.0000000000 -9.2285480000 1.5836920000
10411.9003900000 -9.2119280000 1.5816470000
10412.7002000000 -9.1973480000 1.5798310000
10413.5996100000 -9.1811690000 1.5777900000
10414.5000000000 -9.1651860000 1.5757480000
10415.4003900000 -9.1494130000 1.5737080000
10416.2002000000 -9.1355670000 1.5718950000
10417.0996100000 -9.1201910000 1.5698580000
10418.0000000000 -9.1049930000 1.5678200000
10418.9003900000 -9.0899840000 1.5657820000
10419.7002000000 -9.0768000000 1.5639720000
10420.5996100000 -9.0621520000 1.5619380000
10421.5000000000 -9.0476650000 1.5599040000
10422.4003900000 -9.0333490000 1.5578700000
10423.2002000000 -9.0207670000 1.5560640000
10424.0996100000 -9.0067820000 1.5540330000
10425.0000000000 -8.9929410000 1.5520020000
10425.9003900000 -8.9792580000 1.5499730000
10426.7002000000 -8.9672250000 1.5481680000
10427.5996100000 -8.9538430000 1.5461430000
10428.5000000000 -8.9405950000 1.5441150000
10429.4003900000 -8.9274900000 1.5420890000
10430.2002000000 -8.9159620000 1.5402880000
10431.0996100000 -8.9031350000 1.5382650000
10432.0000000000 -8.8904300000 1.5362420000
10432.9003900000 -8.8778580000 1.5342180000
10433.7998100000 -8.8654300000 1.5321980000
10434.5996100000 -8.8544790000 1.5304010000
10435.5000000000 -8.8422750000 1.5283810000
10436.4003900000 -8.8301940000 1.5263610000
10437.2998100000 -8.8182470000 1.5243450000
10438.0996100000 -8.8077150000 1.5225520000
10439.0000000000 -8.7959770000 1.5205350000
10439.9003900000 -8.7843510000 1.5185190000
10440.7998100000 -8.7728490000 1.5165060000
10441.7002000000 -8.7614450000 1.5144920000
10442.5000000000 -8.7514000000 1.5127030000
10443.4003900000 -8.7401970000 1.5106910000
10444.2998100000 -8.7291110000 1.5086810000
10445.2002000000 -8.7181140000 1.5066700000
10446.0996100000 -8.7072300000 1.5046630000
10446.9003900000 -8.6976170000 1.5028750000
10447.7998100000 -8.6869170000 1.5008700000
10448.7002000000 -8.6763010000 1.4988620000
10449.5996100000 -8.6657910000 1.4968590000
10450.5000000000 -8.6553610000 1.4948530000
10451.2998100000 -8.6461680000 1.4930720000
10452.2002000000 -8.6359080000 1.4910680000
10453.0996100000 -8.6257480000 1.4890670000
10454.0000000000 -8.6156520000 1.4870630000
10454.9003900000 -8.6056520000 1.4850630000
10455.7998100000 -8.5957470000 1.4830650000
10456.5996100000 -8.5870130000 1.4812900000
10457.5000000000 -8.5772420000 1.4792900000
10458.4003900000 -8.5675610000 1.4772920000
10459.2998100000 -8.5579700000 1.4752980000
10460.2002000000 -8.5484460000 1.4733020000
10461.0000000000 -8.5400450000 1.4715300000
10461.9003900000 -8.5306640000 1.4695360000
10462.7998100000 -8.5213690000 1.4675450000
10598.1191400000 -7.6355470000 1.1779170000
10744.7998100000 -7.3259000000 0.8850570000
10745.7002000000 -7.3260570000 0.8833250000
10746.7002000000 -7.3262730000 0.8813990000
10747.5996100000 -7.3265050000 0.8796690000
10748.5000000000 -7.3267730000 0.8779380000
10749.5000000000 -7.3271120000 0.8760160000
10750.4003900000 -7.3274560000 0.8742860000
10751.2998100000 -7.3278370000 0.8725600000
10752.2998100000 -7.3283050000 0.8706390000
10753.2002000000 -7.3287660000 0.8689120000
10754.0996100000 -7.3292650000 0.8671880000
10755.0996100000 -7.3298650000 0.8652730000
10756.0000000000 -7.3304470000 0.8635470000
10756.9003900000 -7.3310700000 0.8618210000
10757.9003900000 -7.3318080000 0.8599090000
10758.7998100000 -7.3325150000 0.8581880000
10759.7002000000 -7.3332640000 0.8564660000
10760.7002000000 -7.3341460000 0.8545540000
10761.5996100000 -7.3349840000 0.8528360000
10762.5000000000 -7.3358660000 0.8511170000
10763.5000000000 -7.3368970000 0.8492070000
10764.4003900000 -7.3378730000 0.8474890000
10765.2998100000 -7.3388920000 0.8457750000
10766.2998100000 -7.3400800000 0.8438670000
10767.2002000000 -7.3411970000 0.8421520000
10768.0996100000 -7.3423610000 0.8404390000
10769.0996100000 -7.3437110000 0.8385360000
10770.0000000000 -7.3449790000 0.8368220000
10770.9003900000 -7.3462950000 0.8351100000
10771.9003900000 -7.3478160000 0.8332090000
10772.7998100000 -7.3492370000 0.8315010000
10773.7998100000 -7.3508800000 0.8296000000
10774.7002000000 -7.3524140000 0.8278910000
10775.5996100000 -7.3540000000 0.8261850000
10776.5996100000 -7.3558270000 0.8242870000
10777.5000000000 -7.3575310000 0.8225800000
10778.4003900000 -7.3592920000 0.8208740000
10779.4003900000 -7.3613150000 0.8189790000
10780.2998100000 -7.3631950000 0.8172770000
10781.2002000000 -7.3651380000 0.8155730000
10782.2002000000 -7.3673650000 0.8136830000
10783.0996100000 -7.3694340000 0.8119820000
10784.0996100000 -7.3718100000 0.8100920000
10785.0000000000 -7.3740170000 0.8083910000
10785.9003900000 -7.3762880000 0.8066910000
10786.9003900000 -7.3788910000 0.8048030000
10787.7998100000 -7.3813030000 0.8031060000
10788.7998100000 -7.3840680000 0.8012200000
10789.7002000000 -7.3866310000 0.7995230000
10790.5996100000 -7.3892650000 0.7978300000
10791.5996100000 -7.3922790000 0.7959480000
10792.5000000000 -7.3950750000 0.7942530000
10793.4003900000 -7.3979540000 0.7925580000
10794.4003900000 -7.4012480000 0.7906780000
10795.2998100000 -7.4046100000 0.7889880000
10796.2998100000 -7.4083480000 0.7871080000
10797.2002000000 -7.4115810000 0.7854190000
10798.0996100000 -7.4148870000 0.7837310000
10799.0996100000 -7.4186660000 0.7818540000
10800.0000000000 -7.4221610000 0.7801660000
10801.0000000000 -7.4261510000 0.7782930000
10801.9003900000 -7.4298500000 0.7766040000
10802.9003900000 -7.4340660000 0.7747330000
10803.7998100000 -7.4379670000 0.7730490000
10804.7002000000 -7.4419750000 0.7713650000
10805.3388700000 -7.4448840000 0.7701700000
10805.7002000000 -7.4465540000 0.7694940000
10806.5996100000 -7.4507850000 0.7678140000
10807.5996100000 -7.4556240000 0.7659440000
10808.5000000000 -7.4601000000 0.7642630000
10809.4003900000 -7.4646960000 0.7625830000
10810.4003900000 -7.4699410000 0.7607180000
10811.2998100000 -7.4747990000 0.7590390000
10812.2998100000 -7.4803450000 0.7571760000
10813.2002000000 -7.4854820000 0.7554990000
10814.2002000000 -7.4913520000 0.7536350000
10815.0996100000 -7.4967800000 0.7519620000
10816.0000000000 -7.5023620000 0.7502870000
10817.0000000000 -7.5087430000 0.7484260000
10817.9003900000 -7.5146530000 0.7467530000
10818.9003900000 -7.5214040000 0.7448960000
10819.7998100000 -7.5276580000 0.7432250000
10820.7998100000 -7.5348200000 0.7413680000
10821.7002000000 -7.5414570000 0.7396970000
10822.7002000000 -7.5490550000 0.7378430000
10823.5996100000 -7.5560910000 0.7361760000
10824.5000000000 -7.5633390000 0.7345080000
10825.5000000000 -7.5716340000 0.7326560000
10826.4003900000 -7.5793480000 0.7309880000
10827.4003900000 -7.5881710000 0.7291380000
10828.2998100000 -7.5963650000 0.7274750000
10829.2998100000 -7.6057740000 0.7256250000
10830.2002000000 -7.6145180000 0.7239620000
10831.2002000000 -7.6245570000 0.7221140000
10832.0996100000 -7.6338860000 0.7204530000
10833.0996100000 -7.6446080000 0.7186090000
10834.0000000000 -7.6546010000 0.7169490000
10835.0000000000 -7.6660980000 0.7151040000
10835.9003900000 -7.6768160000 0.7134460000
10836.7998100000 -7.6878930000 0.7117890000
10837.7998100000 -7.7006750000 0.7099470000
10838.7002000000 -7.7126150000 0.7082900000
10839.7002000000 -7.7263860000 0.7064510000
10840.5996100000 -7.7392820000 0.7047970000
10841.5996100000 -7.7541810000 0.7029600000
10842.5000000000 -7.7681610000 0.7013060000
10843.5000000000 -7.7843600000 0.6994690000
10844.4003900000 -7.7995780000 0.6978170000
10845.4003900000 -7.8172530000 0.6959820000
10846.2998100000 -7.8338810000 0.6943330000
10847.2998100000 -7.8532490000 0.6925010000
10848.2002000000 -7.8715600000 0.6908520000
10849.2002000000 -7.8929560000 0.6890200000
10850.0996100000 -7.9132160000 0.6873740000
10851.0996100000 -7.9370050000 0.6855440000
10852.0000000000 -7.9596520000 0.6838980000
10853.0000000000 -7.9863180000 0.6820710000
10853.9003900000 -8.0118600000 0.6804270000
10854.9003900000 -8.0421410000 0.6785990000
10855.7998100000 -8.0712820000 0.6769580000
10856.7998100000 -8.1061400000 0.6751330000
10857.7002000000 -8.1402110000 0.6734910000
10858.7002000000 -8.1805650000 0.6716700000
10859.5996100000 -8.2206950000 0.6700300000
10860.5996100000 -8.2696350000 0.6682100000
10861.5000000000 -8.3185020000 0.6665710000
10862.5000000000 -8.3793570000 0.6647510000
10863.4003900000 -8.4415020000 0.6631140000
10864.4003900000 -8.5212170000 0.6612950000
10865.2998100000 -8.6056860000 0.6596610000
10866.2998100000 -8.7198440000 0.6578460000
10867.2002000000 -8.8503810000 0.6562120000
10868.2002000000 -9.0490020000 0.6543970000
10869.0996100000 -9.3292210000 0.6527660000
10870.0996100000 -10.1158990000 0.6509530000
10871.0996100000 -9.6611750000 2.3454290000
10872.0000000000 -9.2112410000 2.3437290000
10873.0000000000 -8.9455400000 2.3418410000
10873.9003900000 -8.7819580000 2.3401410000
10874.9003900000 -8.6428630000 2.3382550000
10875.7998100000 -8.5414940000 2.3365590000
10876.7998100000 -8.4464740000 2.3346750000
10877.7002000000 -8.3724150000 2.3329790000
10878.7002000000 -8.2997530000 2.3310960000
10879.5996100000 -8.2412370000 2.3294030000
10880.5996100000 -8.1822010000 2.3275200000
10881.5000000000 -8.1335720000 2.3258280000
10882.5000000000 -8.0837420000 2.3239490000
10883.5000000000 -8.0375750000 2.3220690000
10884.4003900000 -7.9987470000 2.3203780000
10885.4003900000 -7.9582200000 2.3185010000
10886.2998100000 -7.9238570000 2.3168130000
10887.2998100000 -7.8876970000 2.3149380000
10888.2002000000 -7.8567560000 2.3132500000
10889.2002000000 -7.8239970000 2.3113760000
10890.0996100000 -7.7958640000 2.3096900000
10891.0996100000 -7.7658950000 2.3078170000
10892.0996100000 -7.7372210000 2.3059460000
10893.0000000000 -7.7123830000 2.3042620000
10894.0000000000 -7.6857910000 2.3023920000
10894.9003900000 -7.6626990000 2.3007090000
10895.9003900000 -7.6378970000 2.2988400000
10896.7998100000 -7.6163180000 2.2971600000
10897.7998100000 -7.5930750000 2.2952950000
10898.7998100000 -7.5705370000 2.2934270000
10899.7002000000 -7.5508330000 2.2917480000
10900.7002000000 -7.5295410000 2.2898840000
10901.5996100000 -7.5109090000 2.2882070000
10902.5996100000 -7.4907330000 2.2863450000
10903.5996100000 -7.4710650000 2.2844830000
10904.5000000000 -7.4537900000 2.2828070000
10905.5000000000 -7.4350400000 2.2809470000
10906.4003900000 -7.4185470000 2.2792720000
10907.4003900000 -7.4006380000 2.2774140000
10908.4003900000 -7.3831110000 2.2755570000
10909.2998100000 -7.3676810000 2.2738860000
10910.2998100000 -7.3508590000 2.2720290000
10911.2002000000 -7.3360170000 2.2703590000
10912.2002000000 -7.3198520000 2.2685050000
10913.2002000000 -7.3039860000 2.2666500000
10914.0996100000 -7.2899800000 2.2649840000
10915.0996100000 -7.2746880000 2.2631330000
10916.0000000000 -7.2611350000 2.2614640000
10917.0000000000 -7.2463560000 2.2596150000
10918.0000000000 -7.2318170000 2.2577640000
10918.9003900000 -7.2189420000 2.2561000000
10919.9003900000 -7.2048710000 2.2542520000
10920.7998100000 -7.1923890000 2.2525890000
10921.7998100000 -7.1787400000 2.2507430000
10922.7998100000 -7.1652860000 2.2488970000
10923.7002000000 -7.1533520000 2.2472350000
10924.7002000000 -7.1402880000 2.2453930000
10925.7002000000 -7.1274000000 2.2435480000
10926.5996100000 -7.1159690000 2.2418910000
10927.5996100000 -7.1034210000 2.2400480000
10928.5000000000 -7.0922740000 2.2383910000
10929.5000000000 -7.0800560000 2.2365520000
10930.5000000000 -7.0679860000 2.2347120000
10931.4003900000 -7.0572560000 2.2330570000
10932.4003900000 -7.0454750000 2.2312180000
10933.4003900000 -7.0338510000 2.2293830000
10934.2998100000 -7.0235110000 2.2277310000
10935.2998100000 -7.0121400000 2.2258950000
10936.2998100000 -7.0009020000 2.2240590000
10937.2002000000 -6.9908990000 2.2224080000
10938.2002000000 -6.9799130000 2.2205760000
10939.2002000000 -6.9690390000 2.2187430000
10940.0996100000 -6.9593660000 2.2170960000
10941.0996100000 -6.9487250000 2.2152670000
10942.0000000000 -6.9392270000 2.2136180000
10943.0000000000 -6.9287980000 2.2117900000
10944.0000000000 -6.9184670000 2.2099610000
10944.9003900000 -6.9092580000 2.2083160000
10945.9003900000 -6.8991320000 2.2064900000
10946.9003900000 -6.8890960000 2.2046630000
10947.7998100000 -6.8801570000 2.2030220000
10948.7998100000 -6.8703020000 2.2011970000
10949.7998100000 -6.8605490000 2.1993740000
10950.7002000000 -6.8518420000 2.1977340000
10951.7002000000 -6.8422500000 2.1959110000
10952.7002000000 -6.8327440000 2.1940890000
10953.5996100000 -6.8242710000 2.1924520000
10954.5996100000 -6.8149320000 2.1906340000
10955.5996100000 -6.8056650000 2.1888140000
10956.5996100000 -6.7964860000 2.1869970000
10957.5000000000 -6.7882750000 2.1853600000
10958.5000000000 -6.7792410000 2.1835440000
10959.5000000000 -6.7702730000 2.1817280000
10960.4003900000 -6.7622640000 2.1800950000
10961.4003900000 -6.7534400000 2.1782820000
10962.4003900000 -6.7446770000 2.1764680000
10963.2998100000 -6.7368580000 2.1748380000
10964.2998100000 -6.7282240000 2.1730250000
10965.2998100000 -6.7196630000 2.1712160000
10966.2002000000 -6.7120070000 2.1695860000
10967.2002000000 -6.7035600000 2.1677760000
10968.2002000000 -6.6951820000 2.1659690000
10969.2002000000 -6.6868570000 2.1641610000
10970.0996100000 -6.6794240000 2.1625360000
10971.0996100000 -6.6712120000 2.1607280000
10972.0996100000 -6.6630640000 2.1589240000
10973.0000000000 -6.6557740000 2.1573000000
10974.0000000000 -6.6477260000 2.1554960000
10975.0000000000 -6.6397310000 2.1536920000
10976.0000000000 -6.6317990000 2.1518910000
10976.9003900000 -6.6246980000 2.1502700000
10977.9003900000 -6.6168570000 2.1484680000
10978.9003900000 -6.6090740000 2.1466690000
10979.7998100000 -6.6021060000 2.1450490000
10980.7998100000 -6.5944170000 2.1432520000
10981.7998100000 -6.5867700000 2.1414540000
10982.7998100000 -6.5791770000 2.1396590000
10983.7002000000 -6.5723780000 2.1380410000
10984.7002000000 -6.5648660000 2.1362460000
10985.7002000000 -6.5574000000 2.1344510000
10986.5996100000 -6.5507260000 2.1328380000
10987.5996100000 -6.5433510000 2.1310460000
10988.5996100000 -6.5360130000 2.1292530000
10989.5996100000 -6.5287240000 2.1274630000
10990.5000000000 -6.5221870000 2.1258500000
10991.5000000000 -6.5149780000 2.1240620000
10992.5000000000 -6.5078020000 2.1222720000
10993.5000000000 -6.5006740000 2.1204850000
10994.4003900000 -6.4942860000 2.1188760000
10995.4003900000 -6.4872260000 2.1170880000
10996.4003900000 -6.4802040000 2.1153020000
10997.4003900000 -6.4732260000 2.1135190000
10998.2998100000 -6.4669800000 2.1119140000
10999.2998100000 -6.4600660000 2.1101300000
11000.2998100000 -6.4531950000 2.1083490000
11001.2998100000 -6.4463540000 2.1065650000
11002.2002000000 -6.4402280000 2.1049620000
11003.2002000000 -6.4334540000 2.1031820000
11004.2002000000 -6.4267200000 2.1014030000
11005.2002000000 -6.4200140000 2.0996240000
11006.2002000000 -6.4133480000 2.0978470000
11007.0996100000 -6.4073790000 2.0962490000
11008.0996100000 -6.4007690000 2.0944720000
11009.0996100000 -6.3941910000 2.0926950000
11010.0996100000 -6.3876520000 2.0909210000
11011.0000000000 -6.3817880000 2.0893250000
11016.6103500000 -6.3458040000 2.0793870000
11232.0127000000 -5.3613380000 1.7159780000
11451.6259800000 -4.7103830000 1.3791970000
11675.5341800000 -4.2085470000 1.0671650000
11903.8203100000 -3.7974630000 0.7782230000
12136.5693400000 -3.1539990000 0.4817750000
12373.8701200000 -2.8334810000 0.1727700000
12615.8105500000 -2.5540900000 9.8768160000
12862.4814500000 -2.3082710000 9.5933060000
13113.9746100000 -2.0894750000 9.3216860000
13370.3857400000 -1.8934130000 9.0614580000
13631.8105500000 -1.5647590000 8.7921470000
13898.3466800000 -1.3960630000 8.5211040000
14170.0937500000 -1.2646470000 8.2575030000
14447.1543000000 -1.1313110000 8.0042140000
14729.6328100000 -1.0118960000 7.7580450000
15017.6337900000 -0.9050280000 7.5188160000
15311.2666000000 -0.8095080000 7.2863530000
15610.6396500000 -0.7242930000 7.0604880000
15915.8671900000 -0.6484580000 6.8410530000
16227.0615200000 -0.5811880000 6.6278860000
16544.3418000000 -0.5217550000 6.4208260000
16867.8242200000 -0.4695060000 6.2197190000
17197.6328100000 -0.4238540000 6.0244090000
17533.8906300000 -0.3842700000 5.8347500000
17876.7207000000 -0.3502730000 5.6505930000
18226.2558600000 -0.3214260000 5.4717960000
18582.6250000000 -0.2999800000 5.2982920000
18945.9628900000 -0.2803000000 5.1300810000
19316.4023400000 -0.2646520000 4.9668210000
19694.0878900000 -0.2527320000 4.8083790000
20079.1562500000 -0.2442600000 4.6546260000
20471.7539100000 -0.2389800000 4.5054360000
20872.0273400000 -0.2406390000 4.3608710000
21280.1289100000 -0.2410900000 4.2208680000
21696.2070300000 -0.2440390000 4.0850710000
22120.4238300000 -0.2504590000 3.9534730000
22552.9335900000 -0.2578900000 3.8258680000
22993.8984400000 -0.2672960000 3.7021330000
23443.4882800000 -0.2785330000 3.5821560000
23901.8671900000 -0.2914660000 3.4658340000
24369.2070300000 -0.3059740000 3.3530620000
24845.6875000000 -0.3219430000 3.2437390000
25331.4824200000 -0.3392710000 3.1377680000
25826.7753900000 -0.3580790000 3.0350530000
26331.7539100000 -0.3778490000 2.9355030000
26846.6054700000 -0.3986450000 2.8392160000
27371.5234400000 -0.4202250000 2.7464020000
27906.7070300000 -0.4426790000 2.6564970000
28452.3515600000 -0.4659450000 2.5694140000
29008.6660200000 -0.4899710000 2.4850670000
29575.8593800000 -0.5147070000 2.4033740000
30154.1406300000 -0.5401120000 2.3242560000
30743.7304700000 -0.5661500000 2.2476340000
31344.8476600000 -0.5927900000 2.1734340000
31957.7168000000 -0.6200080000 2.1015810000
32582.5703100000 -0.6477840000 2.0320040000
33219.6406300000 -0.6761040000 1.9646360000
33869.1679700000 -0.7050190000 1.8994070000
34531.3945300000 -0.7344060000 1.8362550000
35206.5703100000 -0.7643760000 1.7751140000
35894.9492200000 -0.7948630000 1.7159250000
36596.7851600000 -0.8259200000 1.6586260000
37312.3437500000 -0.8575730000 1.6031600000
38041.8906300000 -0.8898550000 1.5494710000
38785.7070300000 -0.9228110000 1.4975030000
39544.0625000000 -0.9564940000 1.4472050000
40317.2500000000 -0.9915790000 1.3985350000
41105.5546900000 -1.0269310000 1.3514570000
41909.2695300000 -1.0632480000 1.3058990000
42728.6992200000 -1.1006440000 1.2618120000
43564.1523400000 -1.1400090000 1.2191610000
44415.9414100000 -1.1799970000 1.1779000000
45284.3867200000 -1.2227850000 1.1380150000
46169.8085900000 -1.2661450000 1.0994620000
47072.5429700000 -1.3115900000 1.0621640000
47992.9296900000 -1.3609410000 1.0261650000
48931.3125000000 -1.4126280000 0.9913630000
49888.0429700000 -1.4667900000 0.9577090000
50863.4765600000 -1.5250430000 0.9251590000
51857.9843800000 -1.5882830000 0.8936790000
52871.9375000000 -1.6576920000 0.8632330000
53905.7187500000 -1.7352650000 0.8337960000
54959.7109400000 -1.8224860000 0.8053310000
56034.3085900000 -1.9230360000 0.7778050000
57129.9218800000 -2.0419880000 0.7511880000
58246.9531300000 -2.1877220000 0.7254500000
59068.3007800000 -2.3179580000 0.7073700000
59096.3984400000 -2.3228670000 0.7067630000
59124.6015600000 -2.3278300000 0.7061550000
59152.8007800000 -2.3328270000 0.7055490000
59181.1015600000 -2.3378780000 0.7049400000
59209.3007800000 -2.3429460000 0.7043350000
59237.6015600000 -2.3480700000 0.7037280000
59265.8984400000 -2.3532310000 0.7031220000
59294.3007800000 -2.3584490000 0.7025150000
59322.6992200000 -2.3637060000 0.7019080000
59351.1015600000 -2.3690020000 0.7013030000
59379.5000000000 -2.3743380000 0.7006980000
59385.8281300000 -2.3755320000 0.7005630000
59407.8984400000 -2.3797140000 0.7000940000
59436.3984400000 -2.3851500000 0.6994880000
59464.8984400000 -2.3906290000 0.6988840000
59493.3984400000 -2.3961510000 0.6982800000
59522.0000000000 -2.4017360000 0.6976740000
59550.6015600000 -2.4073670000 0.6970700000
59579.1992200000 -2.4130410000 0.6964660000
59607.8984400000 -2.4187810000 0.6958620000
59636.5000000000 -2.4245490000 0.6952590000
59665.1992200000 -2.4303830000 0.6946560000
59694.0000000000 -2.4362870000 0.6940520000
59722.6992200000 -2.4422200000 0.6934500000
59751.5000000000 -2.4482240000 0.6928470000
59780.3007800000 -2.4542800000 0.6922440000
59809.1015600000 -2.4603870000 0.6916430000
59838.0000000000 -2.4665700000 0.6910400000
59866.8984400000 -2.4728050000 0.6904380000
59895.8007800000 -2.4790980000 0.6898370000
59924.8007800000 -2.4854680000 0.6892350000
59953.6992200000 -2.4918740000 0.6886350000
59982.6992200000 -2.4983600000 0.6880340000
60011.8007800000 -2.5049290000 0.6874320000
60040.8007800000 -2.5115370000 0.6868330000
60069.8984400000 -2.5182280000 0.6862330000
60099.1015600000 -2.5250080000 0.6856310000
60128.1992200000 -2.5318290000 0.6850320000
60157.3984400000 -2.5387390000 0.6844320000
60186.6015600000 -2.5457180000 0.6838320000
60215.8007800000 -2.5527660000 0.6832340000
60245.1015600000 -2.5599090000 0.6826340000
60274.3984400000 -2.5671230000 0.6820350000
60303.6992200000 -2.5744120000 0.6814370000
60333.0000000000 -2.5817760000 0.6808390000
60362.3984400000 -2.5892430000 0.6802400000
60391.8007800000 -2.5967880000 0.6796430000
60421.1992200000 -2.6044130000 0.6790450000
60450.6992200000 -2.6121480000 0.6784470000
60480.1992200000 -2.6199660000 0.6778500000
60509.6992200000 -2.6278720000 0.6772530000
60539.1992200000 -2.6358650000 0.6766570000
60546.9687500000 -2.6379860000 0.6765000000
60568.8007800000 -2.6439770000 0.6760600000
60598.3984400000 -2.6521810000 0.6754630000
60628.0000000000 -2.6604800000 0.6748680000
60657.6992200000 -2.6689050000 0.6742710000
60687.3984400000 -2.6774290000 0.6736750000
60717.1015600000 -2.6860570000 0.6730800000
60746.8984400000 -2.6948180000 0.6724840000
60776.6015600000 -2.7036580000 0.6718900000
60806.3984400000 -2.7126380000 0.6712950000
60836.3007800000 -2.7217610000 0.6706990000
60866.1015600000 -2.7309710000 0.6701060000
60896.0000000000 -2.7403320000 0.6695120000
60926.0000000000 -2.7498460000 0.6689160000
60955.8984400000 -2.7594560000 0.6683240000
60985.8984400000 -2.7692280000 0.6677300000
61015.8984400000 -2.7791350000 0.6671360000
61046.0000000000 -2.7892120000 0.6665420000
61076.0000000000 -2.7993970000 0.6659510000
61106.1015600000 -2.8097620000 0.6653580000
61136.3007800000 -2.8203110000 0.6647640000
61166.3984400000 -2.8309790000 0.6641730000
61196.6015600000 -2.8418460000 0.6635810000
61226.8007800000 -2.8528740000 0.6629890000
61257.1015600000 -2.8641120000 0.6623960000
61287.3984400000 -2.8755220000 0.6618050000
61317.6992200000 -2.8871160000 0.6612140000
61348.0000000000 -2.8988960000 0.6606230000
61378.3984400000 -2.9109080000 0.6600320000
61408.8007800000 -2.9231230000 0.6594410000
61439.1992200000 -2.9355410000 0.6588520000
61469.6992200000 -2.9482180000 0.6582610000
61500.1992200000 -2.9611160000 0.6576710000
61530.6992200000 -2.9742460000 0.6570810000
61561.1992200000 -2.9876120000 0.6564930000
61591.8007800000 -3.0012720000 0.6559030000
61622.3984400000 -3.0151880000 0.6553140000
61653.1015600000 -3.0294210000 0.6547240000
61683.8007800000 -3.0439300000 0.6541350000
61714.5000000000 -3.0587300000 0.6535470000
61730.8125000000 -3.0667160000 0.6532350000
61745.1992200000 -3.0738320000 0.6529590000
61776.0000000000 -3.0892980000 0.6523710000
61806.8007800000 -3.1050920000 0.6517830000
61837.6015600000 -3.1212290000 0.6511960000
61868.3984400000 -3.1377210000 0.6506100000
61899.3007800000 -3.1546440000 0.6500220000
61930.1992200000 -3.1719570000 0.6494360000
61961.1992200000 -3.1897410000 0.6488480000
61992.1992200000 -3.2079530000 0.6482610000
62023.1992200000 -3.2266220000 0.6476750000
62054.1992200000 -3.2457620000 0.6470900000
62085.3007800000 -3.2654680000 0.6465040000
62116.3984400000 -3.2857010000 0.6459180000
62147.5000000000 -3.3064920000 0.6453340000
62178.6992200000 -3.3279400000 0.6447480000
62209.8984400000 -3.3500120000 0.6441630000
62241.1015600000 -3.3727450000 0.6435790000
62272.3984400000 -3.3962540000 0.6429940000
62303.6992200000 -3.4205100000 0.6424090000
62335.0000000000 -3.4455630000 0.6418260000
62366.3984400000 -3.4715470000 0.6412410000
62397.8007800000 -3.4984460000 0.6406570000
62429.1992200000 -3.5263180000 0.6400740000
62460.6015600000 -3.5552400000 0.6394920000
62492.1015600000 -3.5853820000 0.6389090000
62523.6015600000 -3.6167520000 0.6383260000
62555.1992200000 -3.6495460000 0.6377430000
62586.6992200000 -3.6836810000 0.6371620000
62618.3984400000 -3.7196070000 0.6365780000
62650.0000000000 -3.7571570000 0.6359970000
62681.6992200000 -3.7967170000 0.6354150000
62713.3984400000 -3.8383860000 0.6348330000
62745.1015600000 -3.8823930000 0.6342530000
62776.8984400000 -3.9291420000 0.6336710000
62808.6992200000 -3.9788420000 0.6330900000
62840.5000000000 -4.0318630000 0.6325110000
62872.3984400000 -4.0888590000 0.6319300000
62904.3007800000 -4.1502530000 0.6313490000
62936.1992200000 -4.2167460000 0.6307700000
62937.8046900000 -4.2202440000 0.6307410000
62968.1992200000 -4.2894980000 0.6301900000
63000.1992200000 -4.3694740000 0.6296100000
63032.1992200000 -4.4582590000 0.6290310000
63064.3007800000 -4.5583080000 0.6284520000
63096.3984400000 -4.6723910000 0.6278730000
63128.5000000000 -4.8050700000 0.6272950000
63160.6015600000 -4.9634140000 0.6267170000
63192.8007800000 -5.1603030000 0.6261390000
63225.1015600000 -5.4201030000 0.6255600000
63257.3007800000 -5.7985210000 0.6249830000
63289.6015600000 -6.5121540000 0.6244060000
63321.8984400000 -7.4424940000 3.2857310000
63354.3007800000 -6.0744670000 3.2832110000
63386.6992200000 -5.5730120000 3.2806940000
63419.1015600000 -5.2582920000 3.2781780000
63451.6015600000 -5.0274490000 3.2756580000
63484.0000000000 -4.8457800000 3.2731480000
63516.6015600000 -4.6946480000 3.2706240000
63549.1015600000 -4.5661710000 3.2681110000
63581.6992200000 -4.4537970000 3.2655930000
63614.3007800000 -4.3541310000 3.2630770000
63647.0000000000 -4.2643090000 3.2605550000
63679.6992200000 -4.1827510000 3.2580360000
63712.3984400000 -4.1080470000 3.2555200000
63745.1992200000 -4.0389090000 3.2529980000
63778.0000000000 -3.9747420000 3.2504790000
63810.8007800000 -3.9148560000 3.2479610000
63843.6015600000 -3.8587180000 3.2454470000
63876.5000000000 -3.8057210000 3.2429270000
63909.5000000000 -3.7555100000 3.2404020000
63942.3984400000 -3.7080860000 3.2378880000
63975.3984400000 -3.6628820000 3.2353680000
64008.3984400000 -3.6198230000 3.2328500000
64041.5000000000 -3.5785940000 3.2303270000
64074.6015600000 -3.5391410000 3.2278070000
64107.6992200000 -3.5013320000 3.2252890000
64140.8984400000 -3.4649100000 3.2227660000
64168.3984400000 -3.4358070000 3.2206780000
64174.1015600000 -3.4298810000 3.2202450000
64207.3007800000 -3.3961490000 3.2177270000
64240.6015600000 -3.3635100000 3.2152040000
64273.8984400000 -3.3319970000 3.2126840000
64307.1992200000 -3.3015200000 3.2101660000
64340.6015600000 -3.2719320000 3.2076420000
64374.0000000000 -3.2432630000 3.2051210000
64407.5000000000 -3.2153760000 3.2025950000
64440.8984400000 -3.1883910000 3.2000800000
64474.3984400000 -3.1620870000 3.1975590000
64508.0000000000 -3.1364290000 3.1950320000
64541.6015600000 -3.1114660000 3.1925080000
64575.1992200000 -3.0871580000 3.1899870000
64608.8007800000 -3.0634690000 3.1874690000
64642.5000000000 -3.0403020000 3.1849460000
64676.1992200000 -3.0176970000 3.1824250000
64710.0000000000 -2.9955640000 3.1798990000
64743.8007800000 -2.9739440000 3.1773750000
64777.6015600000 -2.9528100000 3.1748540000
64811.5000000000 -2.9320880000 3.1723280000
64845.3984400000 -2.9118160000 3.1698050000
64879.3007800000 -2.8919710000 3.1672840000
64913.3007800000 -2.8724860000 3.1647580000
64947.3007800000 -2.8533940000 3.1622340000
64981.3007800000 -2.8346890000 3.1597140000
65015.3984400000 -2.8162970000 3.1571880000
65049.5000000000 -2.7982560000 3.1546650000
65083.6015600000 -2.7805560000 3.1521440000
65117.8007800000 -2.7631380000 3.1496190000
65152.0000000000 -2.7460330000 3.1470950000
65186.3007800000 -2.7291880000 3.1445670000
65220.6015600000 -2.7126390000 3.1420420000
65254.8984400000 -2.6963820000 3.1395190000
65289.3007800000 -2.6803510000 3.1369920000
65323.6992200000 -2.6645910000 3.1344670000
65358.1015600000 -2.6490910000 3.1319440000
65392.6015600000 -2.6337990000 3.1294170000
65423.0507800000 -2.6205070000 3.1271880000
65427.1015600000 -2.6187530000 3.1268920000
65461.6015600000 -2.6039440000 3.1243700000
65496.1992200000 -2.5893240000 3.1218430000
65530.8007800000 -2.5749280000 3.1193180000
65565.5000000000 -2.5607090000 3.1167890000
65600.2031300000 -2.5467000000 3.1142620000
65634.8984400000 -2.5329030000 3.1117390000
65669.7031300000 -2.5192620000 3.1092090000
65704.5000000000 -2.5058190000 3.1066830000
65739.2968800000 -2.4925660000 3.1041600000
65774.2031300000 -2.4794580000 3.1016310000
65809.1015600000 -2.4665310000 3.0991050000
65844.0000000000 -2.4537830000 3.0965820000
65879.0000000000 -2.4411710000 3.0940540000
65914.1015600000 -2.4286880000 3.0915220000
65949.1015600000 -2.4164050000 3.0889990000
65984.2031300000 -2.4042490000 3.0864720000
66019.3984400000 -2.3922130000 3.0839400000
66054.5000000000 -2.3803650000 3.0814180000
66089.7031300000 -2.3686290000 3.0788910000
66125.0000000000 -2.3570100000 3.0763600000
66160.2968800000 -2.3455340000 3.0738320000
66195.6015600000 -2.3341930000 3.0713050000
66231.0000000000 -2.3229590000 3.0687740000
66266.3984400000 -2.3118610000 3.0662470000
66301.7968800000 -2.3008920000 3.0637210000
66337.2968800000 -2.2900200000 3.0611910000
66372.7968800000 -2.2792750000 3.0586640000
66408.2968800000 -2.2686550000 3.0561390000
66443.8984400000 -2.2581030000 3.0536090000
66479.5000000000 -2.2476960000 3.0510820000
66515.2031300000 -2.2373670000 3.0485510000
66550.8984400000 -2.2271550000 3.0460230000
66586.7031300000 -2.2170230000 3.0434900000
66622.3984400000 -2.2070300000 3.0409670000
66658.2031300000 -2.1971130000 3.0384390000
66694.1015600000 -2.1872770000 3.0359070000
66702.2343800000 -2.1850630000 3.0353330000
66730.0000000000 -2.1775430000 3.0333770000
66765.8984400000 -2.1679120000 3.0308500000
66801.8984400000 -2.1583540000 3.0283190000
66837.8984400000 -2.1488920000 3.0257900000
66874.0000000000 -2.1395010000 3.0232570000
66910.1015600000 -2.1302040000 3.0207270000
66946.2031300000 -2.1210010000 3.0181990000
66982.3984400000 -2.1118660000 3.0156670000
67018.6015600000 -2.1028180000 3.0131380000
67054.7968800000 -2.0938610000 3.0106110000
67091.1015600000 -2.0849630000 3.0080800000
67127.3984400000 -2.0761540000 3.0055520000
67163.7968800000 -2.0674030000 3.0030190000
67200.2031300000 -2.0587330000 3.0004880000
67236.6015600000 -2.0501470000 2.9979610000
67273.1015600000 -2.0416180000 2.9954290000
67309.6015600000 -2.0331680000 2.9929000000
67346.2031300000 -2.0247710000 2.9903670000
67382.7968800000 -2.0164540000 2.9878370000
67419.3984400000 -2.0082110000 2.9853090000
67456.1015600000 -2.0000190000 2.9827760000
67492.7968800000 -1.9919010000 2.9802470000
67529.6015600000 -1.9838320000 2.9777130000
67566.3984400000 -1.9758360000 2.9751830000
67603.2031300000 -1.9679090000 2.9726540000
67640.1015600000 -1.9600310000 2.9701220000
67677.0000000000 -1.9522200000 2.9675920000
67714.0000000000 -1.9444560000 2.9650580000
67751.0000000000 -1.9367580000 2.9625270000
67788.1015600000 -1.9291040000 2.9599910000
67825.1015600000 -1.9215360000 2.9574650000
67862.2968800000 -1.9139920000 2.9549290000
67899.3984400000 -1.9065300000 2.9524020000
67936.6015600000 -1.8991090000 2.9498700000
67973.8984400000 -1.8917300000 2.9473350000
68006.4296900000 -1.8853440000 2.9451260000
68011.2031300000 -1.8844120000 2.9448020000
68048.5000000000 -1.8771530000 2.9422720000
68085.8984400000 -1.8699340000 2.9397380000
68123.2968800000 -1.8627730000 2.9372070000
69336.1250000000 -1.6575530000 2.8565770000
70691.8203100000 -1.4750880000 2.7696970000
72074.0234400000 -1.3242140000 2.6844920000
73483.2500000000 -1.1968930000 2.6009690000
74920.0312500000 -1.0880510000 2.5191340000
76384.9062500000 -0.9943790000 2.4389880000
77878.4218800000 -0.9139140000 2.3605330000
79401.1406300000 -0.8465840000 2.2837710000
80953.6328100000 -0.7877770000 2.2111290000
82536.4765600000 -0.7320130000 2.1420830000
84150.2734400000 -0.6826020000 2.0749720000
85795.6250000000 -0.6385630000 2.0097830000
87473.1406300000 -0.5992640000 1.9464670000
89183.4609400000 -0.5641740000 1.8849760000
90927.2187500000 -0.5328410000 1.8252620000
92705.0781300000 -0.5048790000 1.7672800000
94517.6953100000 -0.4799510000 1.7109850000
96365.7500000000 -0.4577660000 1.6563320000
98249.9453100000 -0.4380650000 1.6032790000
100170.9766000000 -0.4206210000 1.5517830000
102129.5703000000 -0.4052340000 1.5018040000
104126.4609000000 -0.3917230000 1.4533010000
106162.3906000000 -0.3799260000 1.4062350000
108238.1328000000 -0.3696990000 1.3605680000
110354.4609000000 -0.3609090000 1.3162620000
112512.1641000000 -0.3534390000 1.2732820000
114712.0547000000 -0.3471800000 1.2315910000
116954.9688000000 -0.3420330000 1.1911540000
119241.7266000000 -0.3379090000 1.1519390000
121573.2031000000 -0.3347250000 1.1139100000
123950.2656000000 -0.3324060000 1.0770360000
126373.8047000000 -0.3308840000 1.0412860000
128844.7266000000 -0.3356950000 1.0071620000
131363.9688000000 -0.3356250000 0.9741720000
133932.4531000000 -0.3361220000 0.9422230000
136551.1719000000 -0.3371380000 0.9112840000
139221.0938000000 -0.3386260000 0.8813230000
141943.2188000000 -0.3405450000 0.8523110000
144718.5625000000 -0.3428540000 0.8242180000
147548.1719000000 -0.3455190000 0.7970180000
150433.1094000000 -0.3485060000 0.7706830000
153374.4531000000 -0.3517840000 0.7451860000
156373.2969000000 -0.3553240000 0.7205010000
159430.7969000000 -0.3591000000 0.6966040000
162548.0625000000 -0.3630870000 0.6734710000
165726.2813000000 -0.3672620000 0.6510780000
168966.6406000000 -0.3716060000 0.6294020000
172270.3750000000 -0.3760970000 0.6084210000
175638.6875000000 -0.3807180000 0.5881150000
179072.8594000000 -0.3854510000 0.5684610000
182574.1875000000 -0.3902830000 0.5494400000
186143.9688000000 -0.3951970000 0.5310320000
189783.5469000000 -0.4001810000 0.5132190000
193494.2969000000 -0.4052220000 0.4959810000
197277.5938000000 -0.4103080000 0.4793020000
201134.8594000000 -0.4154300000 0.4631630000
205067.5469000000 -0.4205770000 0.4475470000
209077.1406000000 -0.4257400000 0.4324390000
213165.1250000000 -0.4309110000 0.4178230000
217333.0313000000 -0.4360820000 0.4036820000
221582.4375000000 -0.4412460000 0.3900030000
225914.9219000000 -0.4463970000 0.3767710000
230332.1250000000 -0.4515280000 0.3639710000
234835.7031000000 -0.4566330000 0.3515910000
239427.3281000000 -0.4617090000 0.3396160000
244108.7344000000 -0.4667500000 0.3280350000
248881.6719000000 -0.4717520000 0.3168340000
253747.9219000000 -0.4767110000 0.3060020000
258709.3281000000 -0.4816240000 0.2955270000
263767.7500000000 -0.4864870000 0.2853980000
268925.0625000000 -0.4912980000 0.2756040000
274183.2188000000 -0.4960680000 0.2661330000
279544.1875000000 -0.5071990000 0.2573400000
285010.0000000000 -0.5117960000 0.2488570000
290582.6563000000 -0.5163140000 0.2406600000
296264.2500000000 -0.5207530000 0.2327390000
302056.9688000000 -0.5251120000 0.2250860000
307962.9375000000 -0.5293910000 0.2176900000
313984.3750000000 -0.5335900000 0.2105430000
320123.5625000000 -0.5377080000 0.2036370000
326382.7813000000 -0.5417460000 0.1969630000
332764.3750000000 -0.5457040000 0.1905130000
339270.7500000000 -0.5495820000 0.1842790000
345904.3438000000 -0.5533810000 0.1782550000
352667.6563000000 -0.5571010000 0.1724320000
359563.1875000000 -0.5607420000 0.1668040000
366593.5625000000 -0.5643060000 0.1613650000
373761.3750000000 -0.5677920000 0.1561080000
381069.3438000000 -0.5712030000 0.1510260000
388520.2188000000 -0.5745370000 0.1461150000
396116.7500000000 -0.5777980000 0.1413670000
403861.8125000000 -0.5809840000 0.1367770000
411758.3438000000 -0.5840980000 0.1323400000
419809.2500000000 -0.5871410000 0.1280520000
428017.5625000000 -0.5901130000 0.1239050000
436386.3750000000 -0.5930150000 0.1198970000
444918.8125000000 -0.5958480000 0.1160220000
453618.0938000000 -0.5986140000 0.1122750000
462487.4688000000 -0.6013140000 0.1086530000
471530.2500000000 -0.6039490000 0.1051510000
480749.8438000000 -0.6065190000 0.1017650000
490149.7188000000 -0.6090270000 0.0984910000
499733.3750000000 -0.6114730000 0.0953250000
509504.4063000000 -0.6138580000 0.0922640000
519466.5000000000 -0.6161840000 0.0893040000
529623.3750000000 -0.6184510000 0.0864420000
539978.8125000000 -0.6206610000 0.0836740000
550536.7500000000 -0.6228150000 0.0809980000
561301.1250000000 -0.6249140000 0.0784090000
572276.0000000000 -0.6269590000 0.0759060000
583465.4375000000 -0.6289520000 0.0734850000
594873.6250000000 -0.6308930000 0.0711430000
606504.8750000000 -0.6327840000 0.0688790000
618363.5625000000 -0.6346250000 0.0666880000
630454.1250000000 -0.6364180000 0.0645700000
642781.1250000000 -0.6381630000 0.0625200000
655349.0625000000 -0.6398620000 0.0605380000
668162.8125000000 -0.6415170000 0.0586210000
681227.0625000000 -0.6431270000 0.0567660000
694546.7500000000 -0.6446940000 0.0549720000
