30.0000000000 -64.0370100000 5.2820690000
30.5865750000 -64.0725860000 5.2148390000
31.1846200000 -64.1354980000 5.1437130000
31.7943570000 -64.2322920000 5.0688720000
32.4160160000 -64.3722530000 4.9905090000
33.0498310000 -64.5691220000 4.9088210000
33.6960370000 -65.0610660000 5.1827830000
34.3548770000 -65.1302490000 5.0931110000
35.0266040000 -65.4921570000 5.0012130000
35.7114600000 -69.3731610000 0.6535580000
36.4097100000 -65.4160690000 0.2309790000
37.1216090000 -64.0819780000 0.0721250000
37.8474310000 -63.1859440000 9.6889180000
38.5874440000 -62.5637930000 9.3233750000
39.3419230000 -62.1041760000 8.9744080000
40.1111560000 -61.7572170000 8.6410290000
40.8954320000 -61.4964070000 8.3223450000
41.6950380000 -61.3065490000 8.0175490000
42.5102810000 -61.1792910000 7.7259040000
43.3414650000 -61.1112940000 7.4467560000
44.1888960000 -61.1039620000 7.1795090000
45.0529020000 -61.1645280000 6.9236220000
45.9338000000 -61.3092690000 6.6786160000
46.8319210000 -64.8219380000 9.4507660000
47.7476010000 -61.3708150000 9.0793480000
48.6811870000 -60.5965350000 8.7253350000
49.6330260000 -60.1310650000 8.3879930000
50.6034740000 -59.8085630000 8.0666410000
51.5928990000 -59.5735930000 7.7606580000
52.6016690000 -59.3999520000 7.4694680000
53.6301650000 -59.2728840000 7.1925490000
54.6787680000 -59.1830600000 6.9294200000
55.7478750000 -59.1241230000 6.6796430000
56.8378870000 -59.0915180000 6.4428180000
57.9492070000 -59.0818520000 6.2185830000
59.0822600000 -59.0925140000 6.0066110000
60.2374690000 -59.1214940000 5.8066100000
61.4152600000 -59.1670530000 5.6183220000
62.6160810000 -59.2279970000 5.4415180000
63.8403850000 -59.3032380000 5.2760020000
65.0886230000 -59.3919330000 5.1216110000
66.3612670000 -59.4934200000 4.9782120000
67.6587980000 -59.6071890000 4.8457020000
68.9816970000 -59.7328610000 4.7240130000
70.3304600000 -59.8702090000 4.6131100000
71.7055970000 -60.0191380000 4.5129900000
73.1076200000 -60.1797290000 4.4236880000
74.5370640000 -60.3522830000 4.3452770000
75.9944460000 -60.5374570000 4.2778700000
77.4803310000 -60.7614140000 4.2824550000
78.9952620000 -60.9299350000 4.2396110000
80.5398180000 -61.1280860000 4.2084190000
82.1145710000 -61.3411750000 4.1891840000
83.7201160000 -61.5672680000 4.1822700000
85.3570560000 -61.8059200000 4.1881070000
87.0260010000 -62.0571670000 4.2071950000
88.7275770000 -62.3212660000 4.2401090000
90.4624250000 -62.5985980000 4.2875130000
92.2311940000 -62.8896640000 4.3501620000
94.0345380000 -63.1950420000 4.4289160000
95.8731540000 -63.5153850000 4.5247530000
97.7477110000 -63.8514290000 4.6387740000
99.6589200000 -64.2039790000 4.7722260000
101.6075060000 -64.5739290000 4.9265160000
103.5941850000 -64.9622270000 5.1032200000
105.6197130000 -65.3699110000 5.3041210000
107.6848450000 -65.7981030000 5.5312150000
109.7903520000 -66.2480010000 5.7867470000
111.9370270000 -66.7208860000 6.0732380000
114.1256790000 -67.2181170000 6.3935190000
116.3571170000 -68.1588360000 6.7606570000
118.6321950000 -68.6944660000 7.1698320000
120.9517520000 -69.2593080000 7.6226730000
123.3166580000 -69.8550950000 8.1237320000
125.7278060000 -70.4836580000 8.6781120000
128.1860960000 -71.1468890000 9.2915530000
130.6924590000 -71.8467560000 9.9705020000
133.2478330000 -72.5852970000 0.7222190000
135.8531490000 -67.1787870000 1.3716070000
138.5094300000 -67.4361950000 1.9191420000
141.2176360000 -67.7010880000 2.5024190000
143.9787900000 -67.9594500000 3.1241580000
146.7939300000 -63.5484960000 3.7178680000
149.6641240000 -63.4171870000 4.1500330000
152.5904390000 -63.2692220000 4.5859240000
155.5739590000 -63.1043360000 5.0247500000
158.6158140000 -62.9222910000 5.4656930000
161.7171480000 -62.7229120000 5.9079140000
164.8791350000 -62.5060730000 6.3505380000
168.1029360000 -62.2717060000 6.7926730000
171.3897710000 -62.0198100000 7.2334000000
174.7408600000 -61.7504540000 7.6717830000
178.1574860000 -61.4637760000 8.1068730000
181.6409150000 -61.1600000000 8.5377060000
185.1924440000 -60.8394360000 8.9633100000
188.8134160000 -60.5269010000 9.3832760000
192.5051880000 -60.1739540000 9.7967550000
196.2691500000 -59.8057520000 0.2020320000
200.1067050000 -59.4230960000 0.5981240000
204.0192870000 -59.0269620000 0.9840580000
208.0083770000 -58.6185380000 1.3588770000
212.0754700000 -58.1992870000 1.7216300000
216.2220760000 -57.7710340000 2.0713900000
220.4497530000 -57.3360940000 2.4072510000
224.7601010000 -56.8974840000 2.7283340000
229.1547240000 -56.4592860000 3.0337890000
233.6352690000 -56.0272600000 3.3227960000
238.2034300000 -55.6100460000 3.5945760000
242.8609010000 -55.2215500000 3.8483850000
247.6094360000 -55.0380520000 4.9576890000
252.4508210000 -54.2274590000 5.2009090000
257.3868710000 -53.6002270000 5.4247670000
262.4194340000 -53.0377460000 6.2800030000
267.5503850000 -52.1908230000 6.4801220000
272.7816770000 -51.4311640000 6.6596810000
278.1152340000 -50.7019920000 6.8182930000
283.5530700000 -49.9881740000 6.9556290000
289.0972600000 -49.2837450000 7.0714280000
294.7498170000 -48.5860900000 7.1654870000
300.5129390000 -47.8941500000 7.2376630000
306.3887020000 -47.2077140000 7.2878780000
312.3793640000 -46.5433200000 7.3166940000
318.4871830000 -45.8694530000 7.3239120000
324.7143860000 -45.2027890000 7.3093570000
331.0633850000 -44.5443340000 7.2732010000
337.5364990000 -43.8952600000 7.2156830000
344.1361690000 -43.2568780000 7.1370980000
350.8648990000 -42.6306420000 7.0378040000
357.7251890000 -42.0181850000 6.9182090000
364.7196040000 -41.4213680000 6.7787900000
371.8508000000 -40.8423500000 6.6200600000
379.1213990000 -40.2837220000 6.4425960000
386.5341800000 -39.7487180000 6.2470190000
394.0918880000 -39.2415920000 6.0339950000
401.7973630000 -38.7682340000 5.8042300000
409.6535340000 -38.3373720000 5.5584720000
417.6632690000 -37.9630050000 5.2975080000
425.8296200000 -38.9333080000 6.4514390000
434.1556700000 -37.1525760000 6.1790070000
442.6445010000 -36.3595470000 5.8935640000
451.2993160000 -35.7058530000 5.5959870000
460.1233520000 -35.1236340000 5.2871700000
469.1199040000 -34.5926780000 4.9680190000
478.2923890000 -34.1060370000 4.6394540000
487.6441960000 -33.6633640000 4.3023950000
497.1788640000 -33.2963220000 4.3118840000
506.8999330000 -32.7481880000 3.9687230000
516.8110960000 -32.2804600000 3.6198580000
526.9160770000 -31.8548720000 3.2661910000
537.2185670000 -31.4626980000 2.9086270000
547.7225340000 -31.1009690000 2.5480420000
558.4318850000 -30.7690410000 2.1853080000
569.3506470000 -30.4679090000 1.8212680000
580.4828490000 -30.2004950000 1.4567530000
591.8327640000 -29.9729190000 1.0925560000
603.4046020000 -29.7815480000 1.2635460000
615.2026370000 -29.3680460000 0.9060210000
627.2313840000 -29.0412770000 0.5508860000
639.4953610000 -31.4641610000 0.2538470000
651.9990840000 -31.1664410000 9.9823360000
664.7473140000 -30.8895450000 9.7121750000
677.7447510000 -30.3726160000 9.4384730000
690.9963990000 -32.3101430000 9.1913970000
704.5070800000 -32.0380130000 8.9820140000
718.2819820000 -31.7775670000 8.7726750000
732.3261720000 -31.5282570000 8.5636560000
746.6450200000 -31.2895660000 8.3552210000
761.2437740000 -31.0611060000 8.1476290000
776.1279910000 -30.8424990000 7.9411200000
791.3032230000 -30.6333870000 7.7359280000
806.7752080000 -30.4333930000 7.5322700000
822.5496830000 -30.2421090000 7.3303570000
838.6325680000 -30.0590500000 7.1303810000
855.0299680000 -29.8836080000 6.9325290000
871.7479250000 -29.7149640000 6.7369710000
888.7927860000 -29.4449440000 6.5420400000
906.1708980000 -29.2830100000 6.3482890000
923.8888550000 -29.1218470000 6.1571250000
941.9531860000 -28.9559970000 5.9686610000
960.3707280000 -28.7743490000 5.7830050000
979.1483760000 -28.5502610000 5.6002450000
998.2931520000 -27.2108780000 5.3745660000
1017.8123170000 -27.0927850000 5.1205030000
1037.7131350000 -27.0491750000 4.8652520000
1058.0029300000 -27.0073570000 4.6126400000
1078.6895750000 -26.9787160000 4.3621640000
1099.7806400000 -26.9638350000 4.1138330000
1121.2841800000 -26.9633900000 3.8676610000
1143.2080080000 -26.9781630000 3.6236550000
1165.5606690000 -27.0090600000 3.3818250000
1188.3502200000 -27.0571350000 3.1421830000
1211.5854490000 -27.1236110000 2.9047370000
1235.2750240000 -27.2099270000 2.6694940000
1259.4277340000 -27.3177600000 2.4364650000
1284.0527340000 -27.4491060000 2.2056620000
1309.1591800000 -27.6063310000 1.9770930000
1334.7564700000 -27.7922840000 1.7507660000
1360.8542480000 -28.0104220000 1.5266920000
1387.4624020000 -28.2650010000 1.3048820000
1414.5908200000 -28.5613350000 1.0853430000
1442.2495120000 -28.9061830000 0.8680890000
1470.4492190000 -29.3093800000 0.6531510000
1499.2000730000 -29.7807200000 0.4405250000
1528.5131840000 -30.3375720000 0.2302150000
1558.3995360000 -31.0037480000 0.0222310000
1588.8701170000 -31.8158910000 9.8165850000
1619.9365230000 -32.8347660000 9.6132860000
1651.6103520000 -34.1712950000 9.4123440000
1683.9034420000 -36.0552060000 9.2137710000
1716.8280030000 -39.0760500000 9.0181790000
1750.3962400000 -44.9910960000 8.8256950000
1784.6208500000 -63.3334390000 8.6356690000
1819.5146480000 -62.3128470000 3.6982190000
1855.0908200000 -30.9670960000 2.4750180000
1891.3624270000 -3.6327870000 7.1630780000
1928.3432620000 3.5891420000 1.0286030000
1966.0472410000 -4.8142940000 3.6846410000
2004.4884030000 -12.4885590000 6.4019430000
2043.6811520000 -18.5459460000 3.0332600000
2083.6401370000 -23.6284310000 1.3717200000
2124.3806150000 -28.3790400000 0.5730720000
2165.9174800000 -33.3923230000 0.3277150000
2208.2666020000 -39.3744130000 0.5960850000
2251.4438480000 -47.5993880000 1.5755540000
2295.4653320000 -58.4889560000 8.6194990000
2340.3474120000 -72.0874790000 3.5007780000
2386.1069340000 -37.3424380000 6.4026970000
2432.7612300000 -46.0326730000 9.4018310000
2480.3278810000 -15.9862940000 8.5493370000
2528.8244630000 -15.5444100000 7.7008880000
2578.2692870000 -16.3455560000 8.7839510000
2628.6809080000 -14.0372990000 7.8990540000
2680.0783690000 -13.1620930000 7.0790180000
2732.4804690000 -12.5887280000 6.3195170000
2785.9074710000 -12.2992700000 5.6175650000
2840.3789060000 -11.9354740000 6.1034240000
2895.9152830000 -10.9964760000 5.4960560000
2952.5378420000 -10.3698180000 4.9527570000
3010.2673340000 -9.1640940000 4.3656640000
3069.1254880000 -8.6197090000 3.7349870000
3129.1347660000 -8.1309130000 3.1166840000
3190.3171390000 -7.6878710000 2.5105610000
3252.6958010000 -7.2841530000 1.9164300000
3316.2941890000 -6.9151360000 1.3341010000
3381.1359860000 -6.5821190000 0.7638850000
3447.2456050000 -6.2733520000 0.2057840000
3514.6479490000 -5.9904700000 9.6592410000
3583.3681640000 -5.7314920000 9.1240810000
3653.4318850000 -5.4967040000 8.6002370000
3724.8657230000 -5.3103450000 8.0923230000
3797.6960450000 -5.1201110000 7.5974390000
3871.9506840000 -4.9430480000 7.1142850000
3947.6569820000 -4.7821400000 6.6425340000
4024.8435060000 -4.6363530000 6.1819760000
4103.5390630000 -4.5047520000 5.7324030000
4183.7739260000 -4.3864800000 5.2935960000
4265.5771480000 -4.2807620000 4.8653600000
4348.9794920000 -4.1868840000 4.4474900000
4434.0131840000 -4.1041910000 4.0397750000
4520.7089840000 -4.0320860000 3.6420250000
4609.1005860000 -3.9938330000 3.2544020000
4699.2197270000 -3.9413940000 2.8772030000
4791.1015630000 -3.8981690000 2.5094140000
4884.7792970000 -3.8789160000 2.1509620000
4980.2890630000 -3.8524630000 1.8018670000
5077.6660160000 -3.8337730000 1.4616070000
5176.9472660000 -3.8344340000 1.1303340000
5278.1694340000 -3.8307160000 0.8084870000
5381.3710940000 -3.8337860000 0.4949790000
5486.5903320000 -3.8434150000 0.1896240000
5593.8666990000 -3.8594020000 9.8922370000
5703.2412110000 -3.8865330000 9.6029430000
5814.7534180000 -3.9149160000 9.3215070000
5928.4467770000 -3.9492000000 9.0475350000
6044.3627930000 -3.9893090000 8.7808560000
6162.5449220000 -4.0352010000 8.5213000000
6283.0380860000 -4.0868730000 8.2686990000
6405.8872070000 -4.1443610000 8.0228880000
6531.1386720000 -4.2077470000 7.7837060000
6658.8383790000 -4.2771580000 7.5509990000
6789.0356450000 -4.3527830000 7.3246070000
6921.7783200000 -4.4348710000 7.1043810000
7057.1162110000 -4.5237450000 6.8901710000
7195.1005860000 -4.6198180000 6.6818300000
7335.7827150000 -4.7236070000 6.4792180000
7479.2158200000 -4.8357590000 6.2821910000
7625.4531250000 -4.9570800000 6.0906140000
7774.5498050000 -5.0885790000 5.9043510000
7926.5620120000 -5.2399580000 5.7235520000
8081.5458980000 -5.4015140000 5.5481050000
8239.5605470000 -5.5808390000 5.3780310000
8400.6640630000 -5.7693190000 5.2128070000
8564.9189450000 -5.9791350000 5.0522200000
8732.3837890000 -6.2152780000 4.8961500000
8903.1240230000 -6.4850090000 4.7445230000
9077.2021480000 -6.7916560000 4.5994140000
9254.6845700000 -7.1543820000 4.4585170000
9435.6367190000 -7.5975380000 4.3217210000
9620.1269530000 -8.1667640000 4.1889090000
9808.2246090000 -8.9636440000 4.0599700000
10000.0000000000 -10.3084860000 3.9348460000
10089.0996100000 -11.4648430000 3.8787770000
10089.9003900000 -11.4788830000 3.8782790000
10090.7002000000 -11.4930200000 3.8777810000
10091.5000000000 -11.5072570000 3.8772840000
10092.2998100000 -11.5215760000 3.8767870000
10093.2002000000 -11.5378290000 3.8762270000
10094.0000000000 -11.5523840000 3.8757300000
10094.7998100000 -11.5670440000 3.8752330000
10095.5996100000 -11.5817930000 3.8747360000
10096.4003900000 -11.5966850000 3.8742380000
10097.2998100000 -11.6135340000 3.8736800000
10098.0996100000 -11.6286440000 3.8731830000
10098.9003900000 -11.6438850000 3.8726860000
10099.7002000000 -11.6592040000 3.8721900000
10100.5996100000 -11.6765810000 3.8716320000
10101.4003900000 -11.6921870000 3.8711350000
10102.2002000000 -11.7078950000 3.8706390000
10103.0000000000 -11.7237060000 3.8701430000
10103.9003900000 -11.7416660000 3.8695850000
10104.7002000000 -11.7577620000 3.8690890000
10105.5000000000 -11.7739870000 3.8685930000
10106.2998100000 -11.7903210000 3.8680980000
10107.0996100000 -11.8068090000 3.8676020000
10108.0000000000 -11.8255210000 3.8670450000
10108.7998100000 -11.8422980000 3.8665490000
10109.5996100000 -11.8592130000 3.8660540000
10110.4003900000 -11.8762700000 3.8655590000
10111.2998100000 -11.8956150000 3.8650020000
10112.0996100000 -11.9129810000 3.8645070000
10112.9003900000 -11.9305180000 3.8640120000
10113.7002000000 -11.9481660000 3.8635180000
10114.5996100000 -11.9682080000 3.8629620000
10115.4003900000 -11.9862300000 3.8624660000
10116.2002000000 -12.0043900000 3.8619720000
10117.0000000000 -12.0226920000 3.8614780000
10117.9003900000 -12.0435300000 3.8609210000
10118.7002000000 -12.0621890000 3.8604270000
10119.5000000000 -12.0810420000 3.8599330000
10120.2998100000 -12.1000490000 3.8594400000
10121.2002000000 -12.1216980000 3.8588840000
10122.0000000000 -12.1410890000 3.8583900000
10122.7998100000 -12.1606910000 3.8578970000
10123.7002000000 -12.1829730000 3.8573410000
10124.5000000000 -12.2029840000 3.8568480000
10125.2998100000 -12.2231670000 3.8563550000
10126.0996100000 -12.2435780000 3.8558620000
10127.0000000000 -12.2667890000 3.8553070000
10127.7998100000 -12.2876430000 3.8548140000
10128.5996100000 -12.3086870000 3.8543210000
10129.4003900000 -12.3300020000 3.8538280000
10130.2998100000 -12.3541980000 3.8532740000
10131.0996100000 -12.3759680000 3.8527810000
10131.9003900000 -12.3980010000 3.8522880000
10132.7998100000 -12.4230200000 3.8517350000
10133.5996100000 -12.4455150000 3.8512430000
10134.4003900000 -12.4683140000 3.8507500000
10135.2002000000 -12.4913430000 3.8502580000
10136.0996100000 -12.5175410000 3.8497050000
10136.9003900000 -12.5411340000 3.8492130000
10137.7002000000 -12.5650030000 3.8487210000
10138.5996100000 -12.5921680000 3.8481680000
10139.4003900000 -12.6166730000 3.8476760000
10140.2002000000 -12.6414450000 3.8471840000
10141.0000000000 -12.6664920000 3.8466940000
10141.9003900000 -12.6950780000 3.8461410000
10142.7002000000 -12.7208240000 3.8456490000
10143.5000000000 -12.7468980000 3.8451580000
10144.4003900000 -12.7766370000 3.8446060000
10145.2002000000 -12.8034040000 3.8441150000
10146.0000000000 -12.8305580000 3.8436250000
10146.7998100000 -12.8580760000 3.8431340000
10147.7002000000 -12.8894860000 3.8425820000
10148.5000000000 -12.9178130000 3.8420910000
10149.2998100000 -12.9465020000 3.8416010000
10150.2002000000 -12.9793070000 3.8410500000
10151.0000000000 -13.0089110000 3.8405590000
10151.7998100000 -13.0389470000 3.8400700000
10152.7002000000 -13.0732770000 3.8395180000
10153.5000000000 -13.1042400000 3.8390290000
10154.2998100000 -13.1357150000 3.8385390000
10155.2002000000 -13.1717160000 3.8379880000
10156.0000000000 -13.2042500000 3.8374980000
10156.7998100000 -13.2373080000 3.8370090000
10157.7002000000 -13.2751480000 3.8364580000
10158.5000000000 -13.3093340000 3.8359690000
10159.2998100000 -13.3441380000 3.8354800000
10160.2002000000 -13.3840150000 3.8349300000
10161.0000000000 -13.4201170000 3.8344410000
10161.7998100000 -13.4568200000 3.8339530000
10162.7002000000 -13.4990070000 3.8334020000
10163.5000000000 -13.5371550000 3.8329140000
10164.2998100000 -13.5760690000 3.8324250000
10165.2002000000 -13.6207490000 3.8318760000
10166.0000000000 -13.6612890000 3.8313870000
10166.7998100000 -13.7025910000 3.8309000000
10167.7002000000 -13.7501290000 3.8303500000
10168.5000000000 -13.7933180000 3.8298620000
10169.2998100000 -13.8374290000 3.8293740000
10170.2002000000 -13.8882140000 3.8288250000
10171.0000000000 -13.9343650000 3.8283380000
10171.7998100000 -13.9816270000 3.8278510000
10172.7002000000 -14.0361270000 3.8273020000
10173.5000000000 -14.0858000000 3.8268140000
10174.2998100000 -14.1366950000 3.8263270000
10175.2002000000 -14.1954940000 3.8257790000
10176.0000000000 -14.2491260000 3.8252920000
10176.7998100000 -14.3042510000 3.8248050000
10177.7002000000 -14.3680760000 3.8242570000
10178.5000000000 -14.4264990000 3.8237700000
10179.2998100000 -14.4865420000 3.8232840000
10180.2002000000 -14.5564000000 3.8227360000
10181.0000000000 -14.6203780000 3.8222500000
10181.7998100000 -14.6864670000 3.8217640000
10182.7002000000 -14.7634280000 3.8212160000
10183.5000000000 -14.8343020000 3.8207300000
10184.4003900000 -14.9170430000 3.8201830000
10185.2002000000 -14.9933520000 3.8196980000
10186.0000000000 -15.0726590000 3.8192120000
10186.9003900000 -15.1656510000 3.8186650000
10187.7002000000 -15.2519310000 3.8181790000
10188.5000000000 -15.3419320000 3.8176940000
10189.4003900000 -15.4480620000 3.8171470000
10190.2002000000 -15.5470150000 3.8166630000
10191.0996100000 -15.6642710000 3.8161170000
10191.9003900000 -15.7745590000 3.8156310000
10192.7002000000 -15.8908410000 3.8151460000
10193.5996100000 -16.0297370000 3.8146010000
10194.4003900000 -16.1617260000 3.8141160000
10195.2002000000 -16.3022350000 3.8136310000
10195.5253900000 -16.3622190000 3.8134340000
10196.0996100000 -16.4724860000 3.8130860000
10196.9003900000 -16.6367190000 3.8126010000
10197.7998100000 -16.8378070000 3.8120570000
10198.5996100000 -17.0344660000 3.8115720000
10199.4003900000 -17.2514170000 3.8110880000
10200.2998100000 -17.5256420000 3.8105430000
10201.0996100000 -17.8031100000 3.8100600000
10202.0000000000 -18.1667960000 3.8095150000
10202.7998100000 -18.5527730000 3.8090310000
10203.5996100000 -19.0253890000 3.8085470000
10204.5000000000 -19.7253060000 3.8080030000
10205.2998100000 -20.6302870000 3.8075200000
10206.2002000000 -22.5762100000 3.8069750000
10207.0000000000 -24.9624580000 0.5008420000
10207.7998100000 -21.5239450000 0.4989530000
10208.7002000000 -20.1527390000 0.4968280000
10209.5000000000 -19.4016490000 0.4949410000
10210.4003900000 -18.7862490000 0.4928180000
10211.2002000000 -18.3572200000 0.4909340000
10212.0000000000 -17.9993920000 0.4890500000
10212.9003900000 -17.6572300000 0.4869300000
10213.7002000000 -17.3929770000 0.4850450000
10214.5996100000 -17.1301690000 0.4829300000
10215.4003900000 -16.9203240000 0.4810460000
10216.2002000000 -16.7295280000 0.4791670000
10217.0996100000 -16.5332390000 0.4770530000
10217.9003900000 -16.3722500000 0.4751710000
10218.7998100000 -16.2047420000 0.4730600000
10219.5996100000 -16.0658860000 0.4711810000
10220.5000000000 -15.9196150000 0.4690690000
10221.2998100000 -15.7974190000 0.4671920000
10222.0996100000 -15.6818820000 0.4653190000
10223.0000000000 -15.5587050000 0.4632090000
10223.7998100000 -15.4548090000 0.4613340000
10224.7002000000 -15.3435660000 0.4592270000
10225.5000000000 -15.2492660000 0.4573540000
10226.4003900000 -15.1478410000 0.4552480000
10227.2002000000 -15.0615090000 0.4533760000
10228.0000000000 -14.9785730000 0.4515080000
10228.9003900000 -14.8887860000 0.4494050000
10229.7002000000 -14.8119850000 0.4475360000
10230.5996100000 -14.7287820000 0.4454360000
10231.4003900000 -14.6572550000 0.4435660000
10232.2998100000 -14.5796630000 0.4414680000
10233.0996100000 -14.5128800000 0.4396020000
10234.0000000000 -14.4401100000 0.4375040000
10234.7998100000 -14.3774890000 0.4356410000
10235.5996100000 -14.3165460000 0.4337780000
10236.5000000000 -14.2499560000 0.4316820000
10237.2998100000 -14.1924340000 0.4298200000
10238.2002000000 -14.1294790000 0.4277260000
10239.0000000000 -14.0750140000 0.4258650000
10239.9003900000 -14.0153180000 0.4237730000
10240.7002000000 -13.9636610000 0.4219160000
10241.5996100000 -13.9069000000 0.4198260000
10242.4003900000 -13.8576650000 0.4179680000
10243.2998100000 -13.8036230000 0.4158810000
10244.0996100000 -13.7566420000 0.4140250000
10244.9003900000 -13.7105980000 0.4121680000
10245.7998100000 -13.6600420000 0.4100840000
10246.5996100000 -13.6160790000 0.4082320000
10247.5000000000 -13.5675440000 0.4061450000
10248.2998100000 -13.5253900000 0.4042950000
10249.2002000000 -13.4788610000 0.4022120000
10250.0000000000 -13.4383250000 0.4003610000
10250.9003900000 -13.3936000000 0.3982800000
10251.7002000000 -13.3546070000 0.3964310000
10252.5996100000 -13.3115970000 0.3943530000
10253.4003900000 -13.2739870000 0.3925040000
10254.2998100000 -13.2325260000 0.3904280000
10255.0996100000 -13.1963320000 0.3885840000
10256.0000000000 -13.1562670000 0.3865080000
10256.7998100000 -13.1212680000 0.3846640000
10257.7002000000 -13.0825510000 0.3825880000
10258.5000000000 -13.0487080000 0.3807460000
10259.4003900000 -13.0112500000 0.3786730000
10260.2002000000 -12.9784900000 0.3768310000
10261.0996100000 -12.9422490000 0.3747630000
10261.9003900000 -12.9105060000 0.3729230000
10262.7998100000 -12.8753360000 0.3708530000
10263.5996100000 -12.8445840000 0.3690170000
10264.5000000000 -12.8104560000 0.3669490000
10265.2998100000 -12.7805680000 0.3651120000
10266.2002000000 -12.7474230000 0.3630470000
10267.0000000000 -12.7183850000 0.3612110000
10267.9003900000 -12.6861700000 0.3591460000
10268.7002000000 -12.6579340000 0.3573120000
10269.5996100000 -12.6266310000 0.3552520000
10270.4003900000 -12.5991540000 0.3534190000
10271.2998100000 -12.5686830000 0.3513610000
10272.0996100000 -12.5419270000 0.3495300000
10273.0000000000 -12.5122130000 0.3474700000
10273.7998100000 -12.4861420000 0.3456410000
10274.7002000000 -12.4571780000 0.3435840000
10275.5000000000 -12.4317580000 0.3417560000
10276.4003900000 -12.4035080000 0.3397000000
10277.2002000000 -12.3787360000 0.3378750000
10278.0996100000 -12.3511680000 0.3358210000
10278.9003900000 -12.3269560000 0.3339970000
10279.7998100000 -12.3000640000 0.3319460000
10280.5996100000 -12.2764160000 0.3301230000
10281.5000000000 -12.2501140000 0.3280720000
10282.2998100000 -12.2270050000 0.3262500000
10283.2002000000 -12.2012960000 0.3242010000
10284.0000000000 -12.1787000000 0.3223800000
10284.9003900000 -12.1535580000 0.3203330000
10285.7002000000 -12.1314810000 0.3185170000
10286.5996100000 -12.1069070000 0.3164730000
10287.4003900000 -12.0852500000 0.3146530000
10288.2998100000 -12.0611950000 0.3126120000
10289.2002000000 -12.0373810000 0.3105680000
10290.0000000000 -12.0164360000 0.3087530000
10290.9003900000 -11.9931100000 0.3067110000
10291.7002000000 -11.9725890000 0.3048970000
10292.5996100000 -11.9497570000 0.3028600000
10293.4003900000 -11.9296210000 0.3010450000
10294.2998100000 -11.9072400000 0.2990090000
10295.0996100000 -11.8875450000 0.2972010000
10296.0000000000 -11.8655730000 0.2951640000
10296.7998100000 -11.8462320000 0.2933550000
10297.7002000000 -11.8246790000 0.2913200000
10298.5996100000 -11.8033630000 0.2892890000
10299.4003900000 -11.7845530000 0.2874790000
10300.2998100000 -11.7636320000 0.2854490000
10301.0996100000 -11.7451890000 0.2836440000
10302.0000000000 -11.7246270000 0.2816120000
10302.7998100000 -11.7065170000 0.2798090000
10303.7002000000 -11.6863220000 0.2777800000
10304.5000000000 -11.6685550000 0.2759790000
10305.4003900000 -11.6486950000 0.2739500000
10306.2998100000 -11.6290610000 0.2719260000
10307.0996100000 -11.6117640000 0.2701270000
10308.0000000000 -11.5924450000 0.2681030000
10308.7998100000 -11.5754220000 0.2663040000
10309.7002000000 -11.5564310000 0.2642800000
10310.5000000000 -11.5396940000 0.2624840000
10311.4003900000 -11.5210180000 0.2604620000
10312.2998100000 -11.5025250000 0.2584430000
10313.0996100000 -11.4862070000 0.2566480000
10314.0000000000 -11.4679960000 0.2546290000
10314.7998100000 -11.4519410000 0.2528350000
10315.7002000000 -11.4340210000 0.2508180000
10316.5996100000 -11.4162710000 0.2488040000
10317.4003900000 -11.4006040000 0.2470120000
10318.2998100000 -11.3831140000 0.2449970000
10319.0996100000 -11.3677080000 0.2432100000
10320.0000000000 -11.3504880000 0.2411970000
10320.7998100000 -11.3353000000 0.2394080000
10321.7002000000 -11.3183420000 0.2373960000
10322.5996100000 -11.3015380000 0.2353880000
10323.4003900000 -11.2866820000 0.2336000000
10394.8730500000 -10.2669700000 0.0767590000
10598.1191400000 -8.8098130000 9.6585630000
10805.3388700000 -8.1348010000 9.2706440000
11016.6103500000 -7.8614330000 8.9105200000
11232.0127000000 -7.9637410000 8.5760150000
11386.2002000000 -8.4312320000 8.3548180000
11387.2002000000 -8.4364400000 8.3534300000
11388.2998100000 -8.4422140000 8.3519040000
11389.2998100000 -8.4475100000 8.3505170000
11390.4003900000 -8.4533920000 8.3489910000
11391.4003900000 -8.4587880000 8.3476060000
11392.5000000000 -8.4647720000 8.3460830000
11393.5000000000 -8.4702650000 8.3446970000
11394.5996100000 -8.4763580000 8.3431750000
11395.5996100000 -8.4819470000 8.3417930000
11396.7002000000 -8.4881570000 8.3402710000
11397.7002000000 -8.4938550000 8.3388880000
11398.7998100000 -8.5001750000 8.3373690000
11399.7998100000 -8.5059740000 8.3359890000
11400.9003900000 -8.5124240000 8.3344680000
11401.9003900000 -8.5183310000 8.3330890000
11403.0000000000 -8.5248910000 8.3315730000
11404.0000000000 -8.5309150000 8.3301940000
11405.0996100000 -8.5376010000 8.3286780000
11406.0996100000 -8.5437360000 8.3273020000
11407.2002000000 -8.5505550000 8.3257870000
11408.2002000000 -8.5568150000 8.3244090000
11409.2998100000 -8.5637620000 8.3228970000
11410.2998100000 -8.5701440000 8.3215220000
11411.4003900000 -8.5772330000 8.3200090000
11412.4003900000 -8.5837350000 8.3186360000
11413.5000000000 -8.5909600000 8.3171260000
11414.5000000000 -8.5975980000 8.3157530000
11415.5996100000 -8.6049680000 8.3142450000
11416.5996100000 -8.6117340000 8.3128740000
11417.7002000000 -8.6192600000 8.3113660000
11418.7002000000 -8.6261710000 8.3099950000
11419.7998100000 -8.6338450000 8.3084890000
11420.7998100000 -8.6409000000 8.3071190000
11421.9003900000 -8.6487410000 8.3056140000
11422.9003900000 -8.6559360000 8.3042470000
11424.0000000000 -8.6639360000 8.3027430000
11425.0000000000 -8.6712910000 8.3013760000
11426.0996100000 -8.6794610000 8.2998740000
11427.0996100000 -8.6869680000 8.2985100000
11428.2002000000 -8.6953220000 8.2970080000
11429.2002000000 -8.7029990000 8.2956430000
11430.2998100000 -8.7115310000 8.2941440000
11431.2998100000 -8.7193780000 8.2927800000
11432.4003900000 -8.7281060000 8.2912810000
11433.5000000000 -8.7369290000 8.2897830000
11434.5000000000 -8.7450380000 8.2884240000
11435.5996100000 -8.7540630000 8.2869270000
11436.5996100000 -8.7623660000 8.2855660000
11437.7002000000 -8.7716060000 8.2840710000
11438.7002000000 -8.7800960000 8.2827130000
11439.7998100000 -8.7895530000 8.2812180000
11440.7998100000 -8.7982430000 8.2798610000
11441.9003900000 -8.8079260000 8.2783680000
11442.9003900000 -8.8168330000 8.2770110000
11444.0000000000 -8.8267420000 8.2755200000
11445.0996100000 -8.8367780000 8.2740300000
11446.0996100000 -8.8460120000 8.2726760000
11447.2002000000 -8.8563070000 8.2711860000
11448.2002000000 -8.8657820000 8.2698320000
11449.2998100000 -8.8763280000 8.2683440000
11450.2998100000 -8.8860450000 8.2669920000
11451.4003900000 -8.8968730000 8.2655040000
11451.6259800000 -8.8991050000 8.2652000000
11452.5000000000 -8.9078380000 8.2640180000
11453.5000000000 -8.9179350000 8.2626690000
11454.5996100000 -8.9291930000 8.2611850000
11455.5996100000 -8.9395700000 8.2598340000
11456.7002000000 -8.9511420000 8.2583500000
11457.7998100000 -8.9628700000 8.2568680000
11458.7998100000 -8.9736760000 8.2555220000
11459.9003900000 -8.9857510000 8.2540380000
11460.9003900000 -8.9968620000 8.2526920000
11462.0000000000 -9.0092620000 8.2512120000
11463.0000000000 -9.0207050000 8.2498660000
11464.0996100000 -9.0334650000 8.2483880000
11465.2002000000 -9.0464340000 8.2469090000
11466.2002000000 -9.0583890000 8.2455670000
11467.2998100000 -9.0717380000 8.2440900000
11468.4003900000 -9.0853130000 8.2426140000
11469.4003900000 -9.0978430000 8.2412710000
11470.5000000000 -9.1118320000 8.2397970000
11471.5000000000 -9.1247610000 8.2384560000
11472.5996100000 -9.1391990000 8.2369820000
11473.7002000000 -9.1538960000 8.2355090000
11474.7002000000 -9.1674640000 8.2341710000
11475.7998100000 -9.1826410000 8.2326990000
11476.7998100000 -9.1966820000 8.2313610000
11477.9003900000 -9.2123950000 8.2298910000
11479.0000000000 -9.2283800000 8.2284210000
11480.0000000000 -9.2431680000 8.2270860000
11481.0996100000 -9.2597430000 8.2256160000
11482.2002000000 -9.2766350000 8.2241480000
11483.2002000000 -9.2922590000 8.2228160000
11484.2998100000 -9.3097730000 8.2213490000
11485.2998100000 -9.3260120000 8.2200160000
11486.4003900000 -9.3442230000 8.2185500000
11487.5000000000 -9.3627960000 8.2170860000
11488.5000000000 -9.3800170000 8.2157550000
11489.5996100000 -9.3993510000 8.2142930000
11490.7002000000 -9.4191260000 8.2128290000
11491.7002000000 -9.4374820000 8.2114990000
11492.7998100000 -9.4580960000 8.2100380000
11493.9003900000 -9.4792030000 8.2085760000
11494.9003900000 -9.4988230000 8.2072490000
11496.0000000000 -9.5208840000 8.2057900000
11497.0996100000 -9.5434860000 8.2043310000
11498.0996100000 -9.5645210000 8.2030070000
11499.2002000000 -9.5882510000 8.2015480000
11500.2998100000 -9.6125830000 8.2000910000
11501.2998100000 -9.6352860000 8.1987670000
11502.4003900000 -9.6609180000 8.1973100000
11503.5000000000 -9.6872490000 8.1958560000
11504.5000000000 -9.7118640000 8.1945330000
11505.5996100000 -9.7396860000 8.1930800000
11506.7002000000 -9.7683770000 8.1916270000
11507.7002000000 -9.7952110000 8.1903070000
11508.7998100000 -9.8256370000 8.1888550000
11509.9003900000 -9.8570980000 8.1874040000
11510.9003900000 -9.8866250000 8.1860840000
11512.0000000000 -9.9201700000 8.1846350000
11513.0996100000 -9.9549320000 8.1831870000
11514.0996100000 -9.9876900000 8.1818690000
11515.2002000000 -10.0250640000 8.1804200000
11516.2998100000 -10.0639100000 8.1789730000
11517.4003900000 -10.1044150000 8.1775260000
11518.4003900000 -10.1427260000 8.1762110000
11519.5000000000 -10.1866950000 8.1747670000
11520.5996100000 -10.2327410000 8.1733230000
11521.5996100000 -10.2766070000 8.1720090000
11522.7002000000 -10.3272470000 8.1705650000
11523.7998100000 -10.3805910000 8.1691230000
11524.9003900000 -10.4370440000 8.1676800000
11525.9003900000 -10.4913220000 8.1663680000
11527.0000000000 -10.5546290000 8.1649280000
11528.0996100000 -10.6222560000 8.1634880000
11529.0996100000 -10.6879900000 8.1621800000
11530.2002000000 -10.7657710000 8.1607410000
11531.2998100000 -10.8500470000 8.1593030000
11532.4003900000 -10.9421580000 8.1578640000
11533.4003900000 -11.0339190000 8.1565570000
11534.5000000000 -11.1454840000 8.1551210000
11535.5996100000 -11.2709440000 8.1536860000
11536.5996100000 -11.4002900000 8.1523820000
11537.7002000000 -11.5650390000 8.1509450000
11538.7998100000 -11.7614070000 8.1495110000
11539.9003900000 -12.0051570000 8.1480770000
11540.9003900000 -12.2919580000 8.1467750000
11542.0000000000 -12.7421260000 8.1453440000
11543.0996100000 -13.5632930000 8.1439130000
11544.2002000000 -15.1284300000 1.3891990000
11545.2002000000 -13.2757800000 1.3874260000
11546.2998100000 -12.6021670000 1.3854780000
11547.4003900000 -12.1964690000 1.3835290000
11548.5000000000 -11.9053780000 1.3815810000
11549.5000000000 -11.6965520000 1.3798110000
11550.5996100000 -11.5067380000 1.3778660000
11551.7002000000 -11.3459140000 1.3759200000
11552.7998100000 -11.2065570000 1.3739770000
11553.7998100000 -11.0941200000 1.3722110000
11554.9003900000 -10.9827520000 1.3702670000
11556.0000000000 -10.8820770000 1.3683250000
11557.0996100000 -10.7901360000 1.3663850000
11558.2002000000 -10.7054490000 1.3644430000
11559.2002000000 -10.6339100000 1.3626790000
11560.2998100000 -10.5604470000 1.3607410000
11561.4003900000 -10.4916550000 1.3588020000
11562.5000000000 -10.4270740000 1.3568650000
11563.5000000000 -10.3715200000 1.3551030000
11564.5996100000 -10.3136010000 1.3531680000
11565.7002000000 -10.2585980000 1.3512330000
11566.7998100000 -10.2063130000 1.3492980000
11567.9003900000 -10.1564040000 1.3473640000
11568.9003900000 -10.1129960000 1.3456080000
11570.0000000000 -10.0671700000 1.3436770000
11571.0996100000 -10.0232050000 1.3417460000
11572.2002000000 -9.9809170000 1.3398150000
11573.2998100000 -9.9402500000 1.3378860000
11574.2998100000 -9.9045290000 1.3361310000
11575.4003900000 -9.8665400000 1.3342020000
11576.5000000000 -9.8298630000 1.3322750000
11577.5996100000 -9.7943790000 1.3303500000
11578.7002000000 -9.7599830000 1.3284230000
11579.7002000000 -9.7296300000 1.3266720000
11580.7998100000 -9.6972100000 1.3247480000
11581.9003900000 -9.6656950000 1.3228240000
11583.0000000000 -9.6350880000 1.3209020000
11584.0996100000 -9.6053110000 1.3189800000
11585.2002000000 -9.5762960000 1.3170590000
11586.2002000000 -9.5505920000 1.3153130000
11587.2998100000 -9.5229910000 1.3133950000
11588.4003900000 -9.4960190000 1.3114730000
11589.5000000000 -9.4697370000 1.3095550000
11590.5996100000 -9.4440660000 1.3076380000
11591.7002000000 -9.4189580000 1.3057210000
11592.7002000000 -9.3966400000 1.3039800000
11593.7998100000 -9.3725970000 1.3020660000
11594.9003900000 -9.3490440000 1.3001510000
11596.0000000000 -9.3260020000 1.2982380000
11597.0996100000 -9.3034320000 1.2963260000
11598.2002000000 -9.2812920000 1.2944130000
11599.2002000000 -9.2615430000 1.2926740000
11600.2998100000 -9.2402350000 1.2907650000
11601.4003900000 -9.2193120000 1.2888540000
11602.5000000000 -9.1987920000 1.2869450000
11603.5996100000 -9.1786460000 1.2850380000
11604.7002000000 -9.1588420000 1.2831300000
11605.7998100000 -9.1394010000 1.2812230000
11606.7998100000 -9.1220050000 1.2794900000
11607.9003900000 -9.1031780000 1.2775840000
11609.0000000000 -9.0846800000 1.2756810000
11610.0996100000 -9.0664840000 1.2737770000
11611.2002000000 -9.0485670000 1.2718730000
11612.2998100000 -9.0309490000 1.2699720000
11613.4003900000 -9.0135910000 1.2680690000
11614.5000000000 -8.9965140000 1.2661700000
11615.5000000000 -8.9812020000 1.2644410000
11616.5996100000 -8.9646130000 1.2625440000
11617.7002000000 -8.9482530000 1.2606440000
11618.7998100000 -8.9321440000 1.2587470000
11619.9003900000 -8.9162520000 1.2568490000
11621.0000000000 -8.9005980000 1.2549540000
11622.0996100000 -8.8851600000 1.2530590000
11623.2002000000 -8.8699220000 1.2511640000
11624.2998100000 -8.8549020000 1.2492710000
11625.2998100000 -8.8414250000 1.2475510000
11626.4003900000 -8.8267710000 1.2456580000
11627.5000000000 -8.8123210000 1.2437670000
11628.5996100000 -8.7980570000 1.2418770000
11629.7002000000 -8.7839490000 1.2399850000
11630.7998100000 -8.7700430000 1.2380960000
11631.9003900000 -8.7562980000 1.2362060000
11633.0000000000 -8.7427330000 1.2343200000
11634.0996100000 -8.7293320000 1.2324330000
11635.2002000000 -8.7160810000 1.2305460000
11636.2998100000 -8.7029970000 1.2286620000
11637.4003900000 -8.6900560000 1.2267760000
11638.4003900000 -8.6784320000 1.2250640000
11639.5000000000 -8.6657860000 1.2231820000
11640.5996100000 -8.6532820000 1.2213000000
11641.7002000000 -8.6409080000 1.2194170000
11642.7998100000 -8.6286830000 1.2175370000
11643.9003900000 -8.6165810000 1.2156550000
11645.0000000000 -8.6046110000 1.2137760000
11646.0996100000 -8.5927810000 1.2118970000
11647.2002000000 -8.5810670000 1.2100180000
11648.2998100000 -8.5694870000 1.2081420000
11649.4003900000 -8.5580180000 1.2062640000
11650.5000000000 -8.5466780000 1.2043900000
11651.5996100000 -8.5354550000 1.2025160000
11652.7002000000 -8.5243360000 1.2006410000
11653.7998100000 -8.5133390000 1.1987680000
11654.9003900000 -8.5024430000 1.1968950000
11656.0000000000 -8.4916650000 1.1950240000
11657.0000000000 -8.4819590000 1.1933230000
11658.0996100000 -8.4713810000 1.1914530000
11659.2002000000 -8.4608880000 1.1895810000
11660.2998100000 -8.4505130000 1.1877130000
11661.4003900000 -8.4402280000 1.1858430000
11662.5000000000 -8.4300490000 1.1839770000
11663.5996100000 -8.4199660000 1.1821110000
11664.7002000000 -8.4099670000 1.1802440000
11665.7998100000 -8.4000690000 1.1783800000
11666.9003900000 -8.3902540000 1.1765150000
11668.0000000000 -8.3805360000 1.1746510000
11669.0996100000 -8.3709060000 1.1727900000
11670.2002000000 -8.3613540000 1.1709260000
11671.2998100000 -8.3518940000 1.1690650000
11672.4003900000 -8.3425110000 1.1672040000
11673.5000000000 -8.3332180000 1.1653450000
11674.5996100000 -8.3240050000 1.1634860000
11675.5341800000 -8.3162380000 1.1619070000
11675.7002000000 -8.3148650000 1.1616270000
11676.7998100000 -8.3058110000 1.1597700000
11677.9003900000 -8.2968260000 1.1579120000
11679.0000000000 -8.2879260000 1.1560560000
11680.0996100000 -8.2790990000 1.1542020000
11681.2002000000 -8.2703400000 1.1523470000
11682.2998100000 -8.2616620000 1.1504930000
11683.4003900000 -8.2530470000 1.1486390000
11684.5000000000 -8.2445100000 1.1467880000
11685.5996100000 -8.2360440000 1.1449370000
11903.8203100000 -7.3514280000 0.7918100000
11934.2002000000 -7.3181030000 0.7448080000
11935.2998100000 -7.3173400000 0.7431160000
11936.5000000000 -7.3165450000 0.7412710000
11937.5996100000 -7.3158520000 0.7395810000
11938.7998100000 -7.3151330000 0.7377360000
11939.9003900000 -7.3145100000 0.7360460000
11941.0996100000 -7.3138700000 0.7342050000
11942.2002000000 -7.3133190000 0.7325140000
11943.4003900000 -7.3127580000 0.7306750000
11944.5000000000 -7.3122820000 0.7289890000
11945.7002000000 -7.3118020000 0.7271480000
11946.7998100000 -7.3114000000 0.7254630000
11948.0000000000 -7.3110030000 0.7236260000
11949.0996100000 -7.3106780000 0.7219420000
11950.2998100000 -7.3103640000 0.7201050000
11951.5000000000 -7.3100960000 0.7182690000
11952.5996100000 -7.3098900000 0.7165890000
11953.7998100000 -7.3097090000 0.7147530000
11954.9003900000 -7.3095840000 0.7130720000
11956.0996100000 -7.3094910000 0.7112420000
11957.2002000000 -7.3094480000 0.7095610000
11958.4003900000 -7.3094470000 0.7077290000
11959.5000000000 -7.3094880000 0.7060520000
11960.7002000000 -7.3095800000 0.7042230000
11961.7998100000 -7.3097080000 0.7025470000
11963.0000000000 -7.3098950000 0.7007180000
11964.0996100000 -7.3101110000 0.6990430000
11965.2998100000 -7.3103960000 0.6972170000
11966.4003900000 -7.3107030000 0.6955430000
11967.5996100000 -7.3110880000 0.6937180000
11968.7998100000 -7.3115260000 0.6918950000
11969.9003900000 -7.3119760000 0.6902220000
11971.0996100000 -7.3125190000 0.6883990000
11972.2002000000 -7.3130660000 0.6867280000
11973.4003900000 -7.3137160000 0.6849080000
11974.5000000000 -7.3143620000 0.6832390000
11975.7002000000 -7.3151240000 0.6814180000
11976.7998100000 -7.3158720000 0.6797510000
11978.0000000000 -7.3167470000 0.6779340000
11979.2002000000 -7.3176820000 0.6761150000
11980.2998100000 -7.3185940000 0.6744500000
11981.5000000000 -7.3196470000 0.6726340000
11982.5996100000 -7.3206690000 0.6709710000
11983.7998100000 -7.3218470000 0.6691550000
11985.0000000000 -7.3230900000 0.6673420000
11986.0996100000 -7.3242870000 0.6656800000
11987.2998100000 -7.3256600000 0.6638670000
11988.4003900000 -7.3269790000 0.6622060000
11989.5996100000 -7.3284840000 0.6603970000
11990.7002000000 -7.3299270000 0.6587360000
11991.9003900000 -7.3315730000 0.6569260000
11993.0996100000 -7.3332890000 0.6551190000
11994.2002000000 -7.3349320000 0.6534610000
11995.4003900000 -7.3367980000 0.6516520000
11996.5000000000 -7.3385750000 0.6499980000
11997.7002000000 -7.3405920000 0.6481920000
11998.9003900000 -7.3426910000 0.6463860000
12000.0000000000 -7.3446870000 0.6447320000
12001.2002000000 -7.3469470000 0.6429300000
12002.4003900000 -7.3492950000 0.6411260000
12003.5000000000 -7.3515230000 0.6394750000
12004.7002000000 -7.3540430000 0.6376720000
12005.7998100000 -7.3564310000 0.6360230000
12007.0000000000 -7.3591290000 0.6342230000
12008.2002000000 -7.3619250000 0.6324230000
12009.2998100000 -7.3645720000 0.6307750000
12010.5000000000 -7.3675580000 0.6289790000
12011.7002000000 -7.3706490000 0.6271800000
12012.7998100000 -7.3735740000 0.6255350000
12014.0000000000 -7.3768690000 0.6237400000
12015.2002000000 -7.3802790000 0.6219440000
12016.2998100000 -7.3835020000 0.6203000000
12017.5000000000 -7.3871300000 0.6185070000
12018.5996100000 -7.3905610000 0.6168650000
12019.7998100000 -7.3944260000 0.6150720000
12021.0000000000 -7.3984150000 0.6132820000
12022.0996100000 -7.4021850000 0.6116420000
12023.2998100000 -7.4064310000 0.6098510000
12024.5000000000 -7.4108110000 0.6080630000
12025.5996100000 -7.4149500000 0.6064240000
12026.7998100000 -7.4196110000 0.6046360000
12028.0000000000 -7.4244170000 0.6028500000
12029.0996100000 -7.4289580000 0.6012140000
12030.2998100000 -7.4340720000 0.5994280000
12031.5000000000 -7.4393450000 0.5976440000
12032.5996100000 -7.4443290000 0.5960090000
12033.7998100000 -7.4499390000 0.5942260000
12035.0000000000 -7.4557280000 0.5924440000
12036.0996100000 -7.4611990000 0.5908120000
12037.2998100000 -7.4673600000 0.5890300000
12038.5000000000 -7.4737190000 0.5872510000
12039.7002000000 -7.4802920000 0.5854700000
12040.7998100000 -7.4865040000 0.5838410000
12042.0000000000 -7.4934980000 0.5820640000
12043.2002000000 -7.5007330000 0.5802860000
12044.2998100000 -7.5075740000 0.5786580000
12045.5000000000 -7.5152820000 0.5768830000
12046.7002000000 -7.5232610000 0.5751080000
12047.7998100000 -7.5308120000 0.5734820000
12049.0000000000 -7.5393280000 0.5717090000
12050.2002000000 -7.5481520000 0.5699360000
12051.4003900000 -7.5572870000 0.5681640000
12052.5000000000 -7.5659490000 0.5665410000
12053.7002000000 -7.5757430000 0.5647700000
12054.9003900000 -7.5858940000 0.5630010000
12056.0000000000 -7.5955350000 0.5613790000
12057.2002000000 -7.6064500000 0.5596100000
12058.4003900000 -7.6177840000 0.5578430000
12059.5996100000 -7.6295680000 0.5560770000
12060.7002000000 -7.6407980000 0.5544580000
12061.9003900000 -7.6535250000 0.5526920000
12063.0996100000 -7.6667890000 0.5509280000
12064.2998100000 -7.6806260000 0.5491650000
12065.4003900000 -7.6938550000 0.5475480000
12066.5996100000 -7.7089010000 0.5457860000
12067.7998100000 -7.7246450000 0.5440250000
12069.0000000000 -7.7411540000 0.5422630000
12070.0996100000 -7.7569820000 0.5406500000
12071.2998100000 -7.7750880000 0.5388920000
12072.5000000000 -7.7941550000 0.5371310000
12073.7002000000 -7.8142370000 0.5353740000
12074.7998100000 -7.8336280000 0.5337640000
12076.0000000000 -7.8559830000 0.5320060000
12077.2002000000 -7.8796730000 0.5302510000
12078.4003900000 -7.9048840000 0.5284950000
12079.5000000000 -7.9294370000 0.5268870000
12080.7002000000 -7.9580140000 0.5251340000
12081.9003900000 -7.9887140000 0.5233800000
12083.0996100000 -8.0217540000 0.5216300000
12084.2002000000 -8.0544900000 0.5200230000
12085.4003900000 -8.0932390000 0.5182710000
12086.5996100000 -8.1356170000 0.5165230000
12087.7998100000 -8.1824660000 0.5147730000
12089.0000000000 -8.2346060000 0.5130250000
12090.0996100000 -8.2881360000 0.5114240000
12091.2998100000 -8.3544790000 0.5096760000
12092.5000000000 -8.4314380000 0.5079300000
12093.7002000000 -8.5229890000 0.5061830000
12094.9003900000 -8.6353850000 0.5044380000
12096.0000000000 -8.7667010000 0.5028400000
12097.2002000000 -8.9642650000 0.5010960000
12098.4003900000 -9.2886350000 0.4993530000
12099.5996100000 -10.3156950000 0.4976120000
12100.7998100000 -9.4635710000 2.1636920000
12101.9003900000 -9.0660380000 2.1620240000
12103.0996100000 -8.8224940000 2.1602050000
12104.2998100000 -8.6542400000 2.1583870000
12105.5000000000 -8.5250600000 2.1565690000
12106.7002000000 -8.4200610000 2.1547530000
12107.7998100000 -8.3382720000 2.1530900000
12109.0000000000 -8.2604470000 2.1512730000
12110.2002000000 -8.1917870000 2.1494590000
12111.4003900000 -8.1301190000 2.1476440000
12112.5996100000 -8.0749020000 2.1458330000
12113.7998100000 -8.0235080000 2.1440200000
12114.9003900000 -7.9800640000 2.1423590000
12116.0996100000 -7.9359780000 2.1405500000
12117.2998100000 -7.8947230000 2.1387380000
12118.5000000000 -7.8560140000 2.1369290000
12119.7002000000 -7.8194760000 2.1351190000
12120.9003900000 -7.7849090000 2.1333110000
12122.0996100000 -7.7520690000 2.1315040000
12123.2002000000 -7.7233080000 2.1298480000
12124.4003900000 -7.6932970000 2.1280410000
12125.5996100000 -7.6645580000 2.1262370000
12126.7998100000 -7.6369750000 2.1244330000
12128.0000000000 -7.6104270000 2.1226270000
12129.2002000000 -7.5848700000 2.1208250000
12130.4003900000 -7.5601850000 2.1190210000
12131.5000000000 -7.5383030000 2.1173700000
12132.7002000000 -7.5151630000 2.1155690000
12133.9003900000 -7.4927180000 2.1137680000
12135.0996100000 -7.4709720000 2.1119700000
12136.2998100000 -7.4498120000 2.1101690000
12136.5693400000 -7.4451540000 2.1097670000
12137.5000000000 -7.4292490000 2.1083720000
12138.7002000000 -7.4092150000 2.1065730000
12139.9003900000 -7.3897090000 2.1047760000
12141.0000000000 -7.3722540000 2.1031300000
12142.2002000000 -7.3536320000 2.1013340000
12143.4003900000 -7.3354570000 2.0995400000
12144.5996100000 -7.3176900000 2.0977460000
12145.7998100000 -7.3003090000 2.0959520000
12147.0000000000 -7.2832830000 2.0941580000
12148.2002000000 -7.2666190000 2.0923670000
12149.4003900000 -7.2502750000 2.0905740000
12150.5996100000 -7.2342730000 2.0887850000
12151.7998100000 -7.2185480000 2.0869940000
12152.9003900000 -7.2043890000 2.0853530000
12154.0996100000 -7.1892300000 2.0835670000
12155.2998100000 -7.1743140000 2.0817780000
12156.5000000000 -7.1596620000 2.0799900000
12157.7002000000 -7.1452430000 2.0782030000
12158.9003900000 -7.1310690000 2.0764170000
12160.0996100000 -7.1171200000 2.0746330000
12161.2998100000 -7.1033860000 2.0728480000
12162.5000000000 -7.0898490000 2.0710630000
12163.7002000000 -7.0765240000 2.0692810000
12164.9003900000 -7.0633810000 2.0674970000
12166.0996100000 -7.0504440000 2.0657180000
12167.2998100000 -7.0376670000 2.0639350000
12168.5000000000 -7.0250730000 2.0621560000
12169.5996100000 -7.0136770000 2.0605240000
12170.7998100000 -7.0013890000 2.0587440000
12172.0000000000 -6.9892680000 2.0569670000
12173.2002000000 -6.9772900000 2.0551880000
12174.4003900000 -6.9654680000 2.0534110000
12175.5996100000 -6.9537890000 2.0516360000
12176.7998100000 -6.9422490000 2.0498600000
12178.0000000000 -6.9308340000 2.0480840000
12179.2002000000 -6.9195580000 2.0463100000
12180.4003900000 -6.9084000000 2.0445360000
12181.5996100000 -6.8973820000 2.0427650000
12182.7998100000 -6.8864760000 2.0409930000
12184.0000000000 -6.8756760000 2.0392210000
12185.2002000000 -6.8649980000 2.0374500000
12186.4003900000 -6.8544230000 2.0356790000
12187.5996100000 -6.8439700000 2.0339120000
12188.7998100000 -6.8336060000 2.0321420000
12190.0000000000 -6.8233510000 2.0303740000
12191.2002000000 -6.8131870000 2.0286050000
12192.4003900000 -6.8031280000 2.0268390000
12193.5996100000 -6.7931640000 2.0250740000
12194.7998100000 -6.7832910000 2.0233090000
12196.0000000000 -6.7735000000 2.0215440000
12197.2002000000 -6.7638040000 2.0197790000
12198.4003900000 -6.7541870000 2.0180160000
12199.5996100000 -6.7446680000 2.0162540000
12200.7998100000 -6.7352170000 2.0144920000
12202.0000000000 -6.7258520000 2.0127310000
12203.2002000000 -6.7165580000 2.0109690000
12204.4003900000 -6.7073480000 2.0092100000
12205.5996100000 -6.6982140000 2.0074510000
12206.7998100000 -6.6891520000 2.0056930000
12208.0000000000 -6.6801540000 2.0039340000
12209.2002000000 -6.6712350000 2.0021770000
12210.4003900000 -6.6623770000 2.0004210000
12211.5996100000 -6.6536020000 1.9986660000
12212.7998100000 -6.6448790000 1.9969100000
12214.0000000000 -6.6362300000 1.9951560000
12215.2002000000 -6.6276410000 1.9934020000
12216.4003900000 -6.6191310000 1.9916490000
12217.5996100000 -6.6107330000 1.9898970000
12218.7998100000 -6.6029750000 1.9881460000
12220.0000000000 -6.5948730000 1.9863940000
12221.2002000000 -6.5866120000 1.9846440000
12222.4003900000 -6.5783820000 1.9828940000
12223.5996100000 -6.5702160000 1.9811470000
12224.7998100000 -6.5620880000 1.9793980000
12226.0000000000 -6.5540190000 1.9776510000
12227.2998100000 -6.5453350000 1.9757600000
12228.5000000000 -6.5373670000 1.9740120000
12229.7002000000 -6.5294560000 1.9722670000
12230.9003900000 -6.5215870000 1.9705220000
12232.0996100000 -6.5137810000 1.9687800000
12233.2998100000 -6.5060100000 1.9670350000
12234.5000000000 -6.4982920000 1.9652930000
12235.7002000000 -6.4906150000 1.9635510000
12236.9003900000 -6.4829900000 1.9618100000
12238.0996100000 -6.4754100000 1.9600700000
12239.2998100000 -6.4678740000 1.9583300000
12240.5000000000 -6.4603760000 1.9565900000
12241.7002000000 -6.4529270000 1.9548520000
12242.9003900000 -6.4455140000 1.9531130000
12244.2002000000 -6.4375420000 1.9512330000
12245.4003900000 -6.4302160000 1.9494950000
12246.5996100000 -6.4229410000 1.9477620000
12247.7998100000 -6.4156950000 1.9460250000
12249.0000000000 -6.4084940000 1.9442910000
12250.2002000000 -6.4013250000 1.9425560000
12251.4003900000 -6.3942010000 1.9408240000
12252.5996100000 -6.3871140000 1.9390920000
12253.7998100000 -6.3800640000 1.9373600000
12255.0996100000 -6.3724660000 1.9354850000
12256.2998100000 -6.3654860000 1.9337540000
12257.5000000000 -6.3585470000 1.9320240000
12258.7002000000 -6.3516370000 1.9302940000
12259.9003900000 -6.3447680000 1.9285660000
12261.0996100000 -6.3379320000 1.9268390000
12262.2998100000 -6.3311300000 1.9251120000
12263.5000000000 -6.3243550000 1.9233850000
12373.8701200000 -5.8035850000 1.7673950000
12615.8105500000 -5.0146270000 1.4438810000
12862.4814500000 -4.4336280000 1.1380720000
13113.9746100000 -3.9649530000 0.8489570000
13370.3857400000 -3.3014780000 0.5551070000
13631.8105500000 -2.9432300000 0.2405340000
13898.3466800000 -2.6314750000 9.9346330000
14170.0937500000 -2.3575440000 9.6371540000
14447.1543000000 -2.1151750000 9.3478450000
14729.6328100000 -1.8996490000 9.0664710000
15017.6337900000 -1.6859180000 8.7926570000
15311.2666000000 -1.5124200000 8.5220600000
15610.6396500000 -1.3574090000 8.2583120000
15915.8671900000 -1.2413710000 8.0039020000
16227.0615200000 -1.1195520000 7.7582140000
16544.3418000000 -1.0102550000 7.5194840000
16867.8242200000 -0.9125970000 7.2875320000
17197.6328100000 -0.8254450000 7.0621820000
17533.8906300000 -0.7478590000 6.8432680000
17876.7207000000 -0.6789900000 6.6306220000
18226.2558600000 -0.6180860000 6.4240810000
18582.6250000000 -0.5644720000 6.2234880000
18945.9628900000 -0.5175450000 6.0286880000
19316.4023400000 -0.4767620000 5.8395300000
19694.0878900000 -0.4416310000 5.6558640000
20079.1562500000 -0.4117080000 5.4775470000
20471.7539100000 -0.3867860000 5.3044420000
20872.0273400000 -0.3661190000 5.1364280000
21280.1289100000 -0.3499710000 4.9733480000
21696.2070300000 -0.3371420000 4.8150770000
22120.4238300000 -0.3278090000 4.6614780000
22552.9335900000 -0.3217100000 4.5124290000
22993.8984400000 -0.3186060000 4.3678040000
23443.4882800000 -0.3217820000 4.2277780000
23901.8671900000 -0.3240450000 4.0920240000
24369.2070300000 -0.3295770000 3.9603830000
24845.6875000000 -0.3363930000 3.8327710000
25331.4824200000 -0.3452200000 3.7090170000
25826.7753900000 -0.3559130000 3.5890130000
26331.7539100000 -0.3683350000 3.4726510000
26846.6054700000 -0.3823470000 3.3600110000
27371.5234400000 -0.3977550000 3.2512850000
27906.7070300000 -0.4144680000 3.1459270000
28452.3515600000 -0.4323880000 3.0438390000
29008.6660200000 -0.4514250000 2.9449220000
29575.8593800000 -0.4714960000 2.8490830000
30154.1406300000 -0.4925260000 2.7562310000
30743.7304700000 -0.5144480000 2.6662750000
31344.8476600000 -0.5371990000 2.5791310000
31957.7168000000 -0.5607250000 2.4947130000
32582.5703100000 -0.5849790000 2.4129390000
33219.6406300000 -0.6099160000 2.3337320000
33869.1679700000 -0.6355010000 2.2570130000
34531.3945300000 -0.6617030000 2.1827080000
35206.5703100000 -0.6881190000 2.1107420000
35894.9492200000 -0.7154660000 2.0410430000
36596.7851600000 -0.7433720000 1.9735460000
37312.3437500000 -0.7718280000 1.9081840000
38041.8906300000 -0.8008340000 1.8448920000
38785.7070300000 -0.8304340000 1.7836070000
39544.0625000000 -0.8605560000 1.7242700000
40317.2500000000 -0.8913610000 1.6668210000
41105.5546900000 -0.9226730000 1.6112030000
41909.2695300000 -0.9546240000 1.5573590000
42728.6992200000 -0.9872610000 1.5052340000
43564.1523400000 -1.0206360000 1.4547770000
44415.9414100000 -1.0553940000 1.4059420000
45284.3867200000 -1.0904550000 1.3587010000
46169.8085900000 -1.1264930000 1.3129770000
47072.5429700000 -1.1636220000 1.2687250000
47992.9296900000 -1.2019770000 1.2258970000
48931.3125000000 -1.2422980000 1.1844560000
49888.0429700000 -1.2836270000 1.1443630000
50863.4765600000 -1.3283930000 1.1056480000
51857.9843800000 -1.3736480000 1.0682010000
52871.9375000000 -1.4234400000 1.0320210000
53905.7187500000 -1.4740730000 0.9970890000
54959.7109400000 -1.5295270000 0.9632990000
56034.3085900000 -1.5877540000 0.9306450000
57129.9218800000 -1.6510550000 0.8990590000
58246.9531300000 -1.7206490000 0.8685080000
59385.8281300000 -1.7982010000 0.8389590000
60546.9687500000 -1.8861730000 0.8103810000
61730.8125000000 -1.9878120000 0.7827440000
62937.8046900000 -2.1086140000 0.7560160000
64168.3984400000 -2.2576050000 0.7301680000
64608.8007800000 -2.3197240000 0.7212420000
64642.5000000000 -2.3247140000 0.7205660000
64676.1992200000 -2.3297400000 0.7198910000
64710.0000000000 -2.3348170000 0.7192150000
64743.8007800000 -2.3399320000 0.7185400000
64777.6015600000 -2.3450850000 0.7178650000
64811.5000000000 -2.3502920000 0.7171900000
64845.3984400000 -2.3555370000 0.7165160000
64879.3007800000 -2.3608240000 0.7158420000
64913.3007800000 -2.3661650000 0.7151680000
64947.3007800000 -2.3715500000 0.7144940000
64981.3007800000 -2.3769750000 0.7138220000
65015.3984400000 -2.3824580000 0.7131490000
65049.5000000000 -2.3879860000 0.7124760000
65083.6015600000 -2.3935590000 0.7118040000
65117.8007800000 -2.3991920000 0.7111320000
65152.0000000000 -2.4048720000 0.7104600000
65186.3007800000 -2.4106150000 0.7097880000
65220.6015600000 -2.4164070000 0.7091160000
65254.8984400000 -2.4222450000 0.7084450000
65289.3007800000 -2.4281520000 0.7077740000
65323.6992200000 -2.4341080000 0.7071030000
65358.1015600000 -2.4401170000 0.7064330000
65392.6015600000 -2.4461950000 0.7057630000
65423.0507800000 -2.4516040000 0.7051710000
65427.1015600000 -2.4523270000 0.7050930000
65461.6015600000 -2.4585130000 0.7044240000
65496.1992200000 -2.4647720000 0.7037540000
65530.8007800000 -2.4710880000 0.7030850000
65565.5000000000 -2.4774810000 0.7024160000
65600.2031300000 -2.4839340000 0.7017470000
65634.8984400000 -2.4904440000 0.7010790000
65669.7031300000 -2.4970380000 0.7004100000
65704.5000000000 -2.5036920000 0.6997430000
65739.2968800000 -2.5104120000 0.6990760000
65774.2031300000 -2.5172170000 0.6984080000
65809.1015600000 -2.5240890000 0.6977410000
65844.0000000000 -2.5310280000 0.6970750000
65879.0000000000 -2.5380560000 0.6964090000
65914.1015600000 -2.5451780000 0.6957410000
65949.1015600000 -2.5523520000 0.6950760000
65984.2031300000 -2.5596200000 0.6944100000
66019.3984400000 -2.5669870000 0.6937430000
66054.5000000000 -2.5744090000 0.6930800000
66089.7031300000 -2.5819350000 0.6924150000
66125.0000000000 -2.5895610000 0.6917490000
66160.2968800000 -2.5972710000 0.6910840000
66195.6015600000 -2.6050710000 0.6904210000
66231.0000000000 -2.6129780000 0.6897560000
66266.3984400000 -2.6209740000 0.6890920000
66301.7968800000 -2.6290640000 0.6884300000
66337.2968800000 -2.6372700000 0.6877660000
66372.7968800000 -2.6455740000 0.6871030000
66408.2968800000 -2.6539770000 0.6864420000
66443.8984400000 -2.6625070000 0.6857790000
66479.5000000000 -2.6711400000 0.6851170000
66515.2031300000 -2.6799070000 0.6844550000
66550.8984400000 -2.6887790000 0.6837930000
66586.7031300000 -2.6977940000 0.6831310000
66622.3984400000 -2.7068980000 0.6824710000
66658.2031300000 -2.7161490000 0.6818110000
66694.1015600000 -2.7255460000 0.6811500000
66702.2343800000 -2.7276930000 0.6810000000
66730.0000000000 -2.7350720000 0.6804890000
66765.8984400000 -2.7447260000 0.6798300000
66801.8984400000 -2.7545400000 0.6791700000
66837.8984400000 -2.7644950000 0.6785100000
66874.0000000000 -2.7746180000 0.6778500000
66910.1015600000 -2.7848890000 0.6771910000
66946.2031300000 -2.7953100000 0.6765330000
66982.3984400000 -2.8059120000 0.6758740000
67018.6015600000 -2.8166780000 0.6752160000
67054.7968800000 -2.8276060000 0.6745590000
67091.1015600000 -2.8387390000 0.6739010000
67127.3984400000 -2.8500440000 0.6732440000
67163.7968800000 -2.8615660000 0.6725860000
67200.2031300000 -2.8732780000 0.6719290000
67236.6015600000 -2.8851820000 0.6712730000
67273.1015600000 -2.8973210000 0.6706160000
67309.6015600000 -2.9096690000 0.6699610000
67346.2031300000 -2.9222700000 0.6693040000
67382.7968800000 -2.9350900000 0.6686490000
67419.3984400000 -2.9481450000 0.6679940000
67456.1015600000 -2.9614810000 0.6673390000
67492.7968800000 -2.9750650000 0.6666840000
67529.6015600000 -2.9889510000 0.6660290000
67566.3984400000 -3.0031050000 0.6653750000
67603.2031300000 -3.0175450000 0.6647220000
67640.1015600000 -3.0323150000 0.6640680000
67677.0000000000 -3.0473960000 0.6634140000
67714.0000000000 -3.0628350000 0.6627610000
67751.0000000000 -3.0786110000 0.6621080000
67788.1015600000 -3.0947810000 0.6614540000
67825.1015600000 -3.1112730000 0.6608030000
67862.2968800000 -3.1282340000 0.6601490000
67899.3984400000 -3.1455540000 0.6594990000
67936.6015600000 -3.1633410000 0.6588470000
67973.8984400000 -3.1816200000 0.6581950000
68006.4296900000 -3.1979420000 0.6576270000
68011.2031300000 -3.2003650000 0.6575430000
68048.5000000000 -3.2196000000 0.6568930000
68085.8984400000 -3.2394030000 0.6562420000
68123.2968800000 -3.2597530000 0.6555920000
68160.7031300000 -3.2806820000 0.6549430000
68198.2031300000 -3.3022740000 0.6542930000
68235.7031300000 -3.3245120000 0.6536440000
68273.2968800000 -3.3474980000 0.6529940000
68310.8984400000 -3.3712170000 0.6523450000
68348.6015600000 -3.3957840000 0.6516960000
68386.2968800000 -3.4211800000 0.6510470000
68424.0000000000 -3.4474740000 0.6504000000
68461.7968800000 -3.4747890000 0.6497520000
68499.6015600000 -3.5031390000 0.6491040000
68537.5000000000 -3.5326700000 0.6484560000
68575.3984400000 -3.5634090000 0.6478090000
68613.3984400000 -3.5955270000 0.6471620000
68651.3984400000 -3.6290710000 0.6465150000
68689.3984400000 -3.6641630000 0.6458690000
68727.5000000000 -3.7010460000 0.6452220000
68765.6015600000 -3.7397990000 0.6445770000
68803.7031300000 -3.7806160000 0.6439320000
68841.8984400000 -3.8238290000 0.6432870000
68880.2031300000 -3.8697500000 0.6426410000
68918.5000000000 -3.9185630000 0.6419960000
68956.7968800000 -3.9706470000 0.6413520000
68995.2031300000 -4.0266450000 0.6407070000
69033.6015600000 -4.0869630000 0.6400640000
69072.1015600000 -4.1524980000 0.6394190000
69110.6015600000 -4.2240210000 0.6387760000
69149.1015600000 -4.3026740000 0.6381330000
69187.7031300000 -4.3902810000 0.6374900000
69226.2968800000 -4.4887290000 0.6368480000
69265.0000000000 -4.6014360000 0.6362050000
69303.7031300000 -4.7326620000 0.6355630000
69336.1250000000 -4.8619560000 0.6350260000
69342.5000000000 -4.8899910000 0.6349210000
69381.2968800000 -5.0855880000 0.6342790000
69420.1015600000 -5.3439690000 0.6336390000
69459.0000000000 -5.7253880000 0.6329970000
69498.0000000000 -6.4637960000 0.6323550000
69536.8984400000 -7.1478950000 3.2445370000
69576.0000000000 -5.9328630000 3.2418330000
69615.0000000000 -5.4568190000 3.2391370000
69654.1015600000 -5.1534700000 3.2364370000
69693.2968800000 -4.9298710000 3.2337320000
69732.5000000000 -4.7528310000 3.2310300000
69771.7031300000 -4.6061250000 3.2283290000
69811.0000000000 -4.4805570000 3.2256240000
69850.2968800000 -4.3709140000 3.2229220000
69889.7031300000 -4.2733340000 3.2202140000
69929.1015600000 -4.1856120000 3.2175090000
69968.6015600000 -4.1056950000 3.2147980000
70008.1015600000 -4.0324760000 3.2120910000
70047.7031300000 -3.9647180000 3.2093780000
70087.2031300000 -3.9019640000 3.2066760000
70126.8984400000 -3.8430900000 3.2039610000
70166.6015600000 -3.7878780000 3.2012490000
70206.2968800000 -3.7359100000 3.1985390000
70246.1015600000 -3.6866820000 3.1958240000
70285.8984400000 -3.6400410000 3.1931130000
70325.7968800000 -3.5955980000 3.1903960000
70365.7031300000 -3.5532580000 3.1876810000
70405.6015600000 -3.5128280000 3.1849690000
70445.7031300000 -3.4739510000 3.1822450000
70485.7031300000 -3.4367750000 3.1795310000
70525.7968800000 -3.4009920000 3.1768120000
70565.8984400000 -3.3665660000 3.1740950000
70606.1015600000 -3.3333180000 3.1713740000
70646.2968800000 -3.3012580000 3.1686560000
70686.6015600000 -3.2702080000 3.1659320000
70691.8203100000 -3.2662640000 3.1655800000
70727.0000000000 -3.2401170000 3.1632040000
70767.2968800000 -3.2110610000 3.1604860000
70807.7031300000 -3.1828310000 3.1577630000
70848.2031300000 -3.1553840000 3.1550350000
70888.7031300000 -3.1287430000 3.1523100000
70929.2968800000 -3.1027950000 3.1495810000
70969.8984400000 -3.0775590000 3.1468530000
71010.5000000000 -3.0530060000 3.1441290000
71051.2031300000 -3.0290320000 3.1413990000
71091.8984400000 -3.0056740000 3.1386730000
71132.7031300000 -2.9828330000 3.1359410000
71173.6015600000 -2.9605010000 3.1332060000
71214.3984400000 -2.9387480000 3.1304790000
71255.3984400000 -2.9173970000 3.1277420000
71296.2968800000 -2.8965830000 3.1250140000
71337.3984400000 -2.8761290000 3.1222750000
71378.3984400000 -2.8561680000 3.1195450000
71419.6015600000 -2.8365330000 3.1168030000
71460.7031300000 -2.8173580000 3.1140710000
71501.8984400000 -2.7985290000 3.1113340000
71543.2031300000 -2.7800290000 3.1085930000
71584.5000000000 -2.7618970000 3.1058550000
71625.7968800000 -2.7441180000 3.1031200000
71667.2968800000 -2.7265860000 3.1003730000
71708.7031300000 -2.7094210000 3.0976350000
71750.2031300000 -2.6925300000 3.0948930000
71791.7031300000 -2.6759460000 3.0921540000
71833.2968800000 -2.6596160000 3.0894110000
71875.0000000000 -2.6435290000 3.0866630000
71916.7031300000 -2.6277180000 3.0839170000
71958.3984400000 -2.6121760000 3.0811750000
72000.2031300000 -2.5968500000 3.0784270000
72042.0000000000 -2.5817800000 3.0756830000
72074.0234400000 -2.5703990000 3.0735820000
72083.8984400000 -2.5669150000 3.0729340000
72125.8984400000 -2.5522510000 3.0701820000
72167.7968800000 -2.5378530000 3.0674380000
72209.8984400000 -2.5236050000 3.0646830000
72251.8984400000 -2.5096090000 3.0619380000
72294.1015600000 -2.4957580000 3.0591820000
72336.2968800000 -2.4821130000 3.0564290000
72378.5000000000 -2.4686640000 3.0536780000
72420.7968800000 -2.4553800000 3.0509230000
72463.1015600000 -2.4422830000 3.0481700000
72505.5000000000 -2.4293420000 3.0454140000
72547.8984400000 -2.4165810000 3.0426600000
72590.3984400000 -2.4039630000 3.0399020000
72632.8984400000 -2.3915190000 3.0371470000
72675.5000000000 -2.3792100000 3.0343870000
72718.1015600000 -2.3670650000 3.0316300000
72760.7968800000 -2.3550530000 3.0288690000
72803.5000000000 -2.3431950000 3.0261110000
72846.2968800000 -2.3314630000 3.0233490000
72889.1015600000 -2.3198830000 3.0205890000
72932.0000000000 -2.3084550000 3.0178250000
72974.8984400000 -2.2970480000 3.0150640000
73017.8984400000 -2.2858540000 3.0122990000
73060.8984400000 -2.2747820000 3.0095370000
73104.0000000000 -2.2638160000 3.0067710000
73147.1015600000 -2.2529770000 3.0040060000
73190.2968800000 -2.2422440000 3.0012390000
73233.5000000000 -2.2316350000 2.9984740000
73276.7968800000 -2.2211250000 2.9957060000
73320.1015600000 -2.2107330000 2.9929390000
73363.5000000000 -2.2004360000 2.9901690000
73407.0000000000 -2.1902330000 2.9873950000
73450.3984400000 -2.1801650000 2.9846300000
73483.2500000000 -2.1726180000 2.9825390000
73494.0000000000 -2.1701620000 2.9818550000
73537.6015600000 -2.1602690000 2.9790830000
73581.2031300000 -2.1504860000 2.9763130000
73624.8984400000 -2.1407830000 2.9735400000
73668.7031300000 -2.1311630000 2.9707620000
73712.5000000000 -2.1216440000 2.9679880000
73756.2968800000 -2.1122270000 2.9652160000
73800.2031300000 -2.1028840000 2.9624400000
73844.2031300000 -2.0936170000 2.9596610000
73888.2031300000 -2.0844450000 2.9568830000
73932.2031300000 -2.0753670000 2.9541090000
73976.2968800000 -2.0663620000 2.9513320000
74020.5000000000 -2.0574240000 2.9485500000
74064.7031300000 -2.0485750000 2.9457710000
74109.0000000000 -2.0397950000 2.9429890000
74153.2968800000 -2.0311010000 2.9402100000
74197.7031300000 -2.0224720000 2.9374260000
74242.1015600000 -2.0139250000 2.9346460000
74286.6015600000 -2.0054430000 2.9318620000
74331.1015600000 -1.9970400000 2.9290800000
74375.7031300000 -1.9886990000 2.9262950000
74420.3984400000 -1.9804180000 2.9235070000
74465.1015600000 -1.9722130000 2.9207200000
74509.7968800000 -1.9640860000 2.9179380000
74554.6015600000 -1.9560140000 2.9151500000
74599.5000000000 -1.9479990000 2.9123600000
74644.3984400000 -1.9400570000 2.9095730000
74689.3984400000 -1.9321700000 2.9067820000
74734.3984400000 -1.9243530000 2.9039930000
74779.5000000000 -1.9165880000 2.9012010000
74824.6015600000 -1.9088930000 2.8984120000
74869.7968800000 -1.9012500000 2.8956200000
74915.0000000000 -1.8936720000 2.8928300000
74920.0312500000 -1.8928330000 2.8925200000
74960.2968800000 -1.8861450000 2.8900370000
75005.7031300000 -1.8786650000 2.8872400000
75051.1015600000 -1.8712520000 2.8844470000
75096.5000000000 -1.8639020000 2.8816560000
75142.0000000000 -1.8565980000 2.8788610000
75187.6015600000 -1.8493400000 2.8760640000
75233.2031300000 -1.8421440000 2.8732690000
75278.8984400000 -1.8349920000 2.8704700000
75324.6015600000 -1.8279010000 2.8676750000
75370.3984400000 -1.8208530000 2.8648760000
75416.2968800000 -1.8138480000 2.8620740000
75462.2031300000 -1.8069000000 2.8592740000
75508.1015600000 -1.8000090000 2.8564770000
75554.1015600000 -1.7931610000 2.8536780000
75600.2031300000 -1.7863520000 2.8508740000
76384.9062500000 -1.6783220000 2.8035910000
77878.4218800000 -1.5062300000 2.7158150000
79401.1406300000 -1.3646530000 2.6292550000
80953.6328100000 -1.2461290000 2.5464840000
82536.4765600000 -1.1446030000 2.4675780000
84150.2734400000 -1.0566700000 2.3911050000
85795.6250000000 -0.9798670000 2.3169920000
87473.1406300000 -0.9123490000 2.2451640000
89183.4609400000 -0.8526870000 2.1755520000
90927.2187500000 -0.7971620000 2.1079320000
92705.0781300000 -0.7497480000 2.0419690000
94517.6953100000 -0.7075010000 1.9779160000
96365.7500000000 -0.6698180000 1.9157230000
98249.9453100000 -0.6361890000 1.8553400000
100170.9766000000 -0.6061780000 1.7967200000
102129.5703000000 -0.5794130000 1.7398140000
104126.4609000000 -0.5555700000 1.6845780000
106162.3906000000 -0.5343680000 1.6309670000
108238.1328000000 -0.5155570000 1.5789370000
110354.4609000000 -0.4989180000 1.5284450000
112512.1641000000 -0.4842580000 1.4794500000
114712.0547000000 -0.4714010000 1.4319120000
116954.9688000000 -0.4601920000 1.3857900000
119241.7266000000 -0.4504910000 1.3410460000
121573.2031000000 -0.4421700000 1.2976430000
123950.2656000000 -0.4351150000 1.2555440000
126373.8047000000 -0.4292210000 1.2147120000
128844.7266000000 -0.4243930000 1.1751140000
131363.9688000000 -0.4205450000 1.1367140000
133932.4531000000 -0.4175980000 1.0994800000
136551.1719000000 -0.4154770000 1.0633790000
139221.0938000000 -0.4189810000 1.0284130000
141943.2188000000 -0.4184020000 0.9950110000
144718.5625000000 -0.4184190000 0.9626590000
147548.1719000000 -0.4189820000 0.9313260000
150433.1094000000 -0.4200420000 0.9009800000
153374.4531000000 -0.4215550000 0.8715920000
156373.2969000000 -0.4234810000 0.8431320000
159430.7969000000 -0.4257830000 0.8155710000
162548.0625000000 -0.4284240000 0.7888830000
165726.2813000000 -0.4313740000 0.7630400000
168966.6406000000 -0.4346020000 0.7380170000
172270.3750000000 -0.4380810000 0.7137890000
175638.6875000000 -0.4417850000 0.6903310000
179072.8594000000 -0.4456910000 0.6676190000
182574.1875000000 -0.4497770000 0.6456300000
186143.9688000000 -0.4540220000 0.6243430000
189783.5469000000 -0.4584090000 0.6037350000
193494.2969000000 -0.4629180000 0.5837860000
197277.5938000000 -0.4675350000 0.5644760000
201134.8594000000 -0.4722450000 0.5457830000
205067.5469000000 -0.4770320000 0.5276910000
209077.1406000000 -0.4818850000 0.5101780000
213165.1250000000 -0.4867920000 0.4932290000
217333.0313000000 -0.4917420000 0.4768250000
221582.4375000000 -0.4967230000 0.4609490000
225914.9219000000 -0.5017280000 0.4455850000
230332.1250000000 -0.5067470000 0.4307170000
234835.7031000000 -0.5117730000 0.4163290000
239427.3281000000 -0.5167980000 0.4024070000
244108.7344000000 -0.5218150000 0.3889350000
248881.6719000000 -0.5268170000 0.3759000000
253747.9219000000 -0.5318000000 0.3632890000
258709.3281000000 -0.5367590000 0.3510870000
263767.7500000000 -0.5416860000 0.3392820000
268925.0625000000 -0.5465790000 0.3278610000
274183.2188000000 -0.5514340000 0.3168130000
279544.1875000000 -0.5562470000 0.3061250000
285010.0000000000 -0.5610150000 0.2957860000
290582.6563000000 -0.5657340000 0.2857860000
296264.2500000000 -0.5704020000 0.2761130000
302056.9688000000 -0.5813690000 0.2668070000
307962.9375000000 -0.5859090000 0.2581280000
313984.3750000000 -0.5903690000 0.2497390000
320123.5625000000 -0.5947520000 0.2416300000
326382.7813000000 -0.5990580000 0.2337930000
332764.3750000000 -0.6032870000 0.2262170000
339270.7500000000 -0.6074380000 0.2188940000
345904.3438000000 -0.6115110000 0.2118150000
352667.6563000000 -0.6155060000 0.2049720000
359563.1875000000 -0.6194230000 0.1983570000
366593.5625000000 -0.6232620000 0.1919620000
373761.3750000000 -0.6270240000 0.1857790000
381069.3438000000 -0.6307080000 0.1798020000
388520.2188000000 -0.6343160000 0.1740230000
396116.7500000000 -0.6378470000 0.1684350000
403861.8125000000 -0.6413040000 0.1630320000
411758.3438000000 -0.6446850000 0.1578090000
419809.2500000000 -0.6479930000 0.1527570000
428017.5625000000 -0.6512270000 0.1478730000
436386.3750000000 -0.6543890000 0.1431500000
444918.8125000000 -0.6574790000 0.1385820000
453618.0938000000 -0.6605000000 0.1341650000
462487.4688000000 -0.6634500000 0.1298940000
471530.2500000000 -0.6663320000 0.1257630000
480749.8438000000 -0.6691470000 0.1217680000
490149.7188000000 -0.6718950000 0.1179030000
499733.3750000000 -0.6745770000 0.1141660000
509504.4063000000 -0.6771950000 0.1105510000
519466.5000000000 -0.6797510000 0.1070540000
529623.3750000000 -0.6822430000 0.1036720000
539978.8125000000 -0.6846750000 0.1004010000
550536.7500000000 -0.6870470000 0.0972360000
561301.1250000000 -0.6893600000 0.0941740000
572276.0000000000 -0.6916160000 0.0912130000
583465.4375000000 -0.6938150000 0.0883470000
594873.6250000000 -0.6959580000 0.0855750000
606504.8750000000 -0.6980470000 0.0828930000
618363.5625000000 -0.7000830000 0.0802990000
630454.1250000000 -0.7020670000 0.0777880000
642781.1250000000 -0.7039990000 0.0753590000
655349.0625000000 -0.7058820000 0.0730080000
668162.8125000000 -0.7077150000 0.0707340000
681227.0625000000 -0.7095010000 0.0685330000
694546.7500000000 -0.7112400000 0.0664030000
