30.0000000000 -50.8622170000 3.1912330000
30.5865750000 -50.6987500000 2.4011650000
31.1846200000 -50.5957030000 1.6799330000
31.7943570000 -50.5419120000 1.0216460000
32.4160160000 -50.5283510000 0.4209770000
33.0498310000 -50.5476950000 9.8730960000
33.6960370000 -50.5939370000 9.3736490000
34.3548770000 -50.6621400000 8.9186720000
35.0266040000 -50.7482260000 8.5045810000
35.7114600000 -50.8488240000 8.1281340000
36.4097100000 -50.9611320000 7.7863800000
37.1216090000 -51.0828170000 7.4766490000
37.8474310000 -51.2119410000 7.1965110000
38.5874440000 -51.3469010000 6.9437660000
39.3419230000 -51.4863890000 6.7164140000
40.1111560000 -51.6291240000 6.5126360000
40.8954320000 -51.7744060000 6.3307840000
41.6950380000 -51.9213680000 6.1693600000
42.5102810000 -52.0693930000 6.0269990000
43.3414650000 -52.2179760000 5.9024670000
44.1888960000 -52.3667030000 5.7946400000
45.0529020000 -52.5152550000 5.7024980000
45.9338000000 -52.6633680000 5.6251160000
46.8319210000 -52.8108670000 5.5616560000
47.7476010000 -52.9576150000 5.5113570000
48.6811870000 -53.1035460000 5.4735310000
49.6330260000 -53.2486420000 5.4475560000
50.6034740000 -53.3929560000 5.4328700000
51.5928990000 -53.5366290000 5.4289670000
52.6016690000 -53.6799320000 5.4353910000
53.6301650000 -53.8233600000 5.4517340000
54.6787680000 -53.9716420000 5.5155850000
55.7478750000 -54.0950090000 5.5519990000
56.8378870000 -54.2232020000 5.5973790000
57.9492070000 -54.3519550000 5.6514730000
59.0822600000 -54.4803540000 5.7140550000
60.2374690000 -54.6080780000 5.7849330000
61.4152600000 -54.7349850000 5.8639380000
62.6160810000 -54.8610270000 5.9509310000
63.8403850000 -54.9861950000 6.0457910000
65.0886230000 -55.1104930000 6.1484250000
66.3612670000 -55.2339480000 6.2587560000
67.6587980000 -55.3565900000 6.3767300000
68.9816970000 -55.4784510000 6.5023080000
70.3304600000 -55.5995670000 6.6354710000
71.7055970000 -55.7199780000 6.7762170000
73.1076200000 -55.8397180000 6.9245560000
74.5370640000 -55.9588240000 7.0805170000
75.9944460000 -56.0773280000 7.2441400000
77.4803310000 -56.1952630000 7.4154800000
78.9952620000 -56.3126600000 7.5946050000
80.5398180000 -56.4295430000 7.7815950000
82.1145710000 -56.5459400000 7.9765440000
83.7201160000 -56.6618690000 8.1795570000
85.3570560000 -56.7773550000 8.3907490000
87.0260010000 -56.8924060000 8.6102470000
88.7275770000 -57.0070380000 8.8381890000
90.4624250000 -57.1212580000 9.0747250000
92.2311940000 -57.2350770000 9.3200140000
94.0345380000 -57.3144340000 9.5737900000
95.8731540000 -57.4275400000 9.8352990000
97.7477110000 -57.5402980000 0.1061210000
99.6589200000 -57.6527020000 0.3864560000
101.6075060000 -57.7647510000 0.6765130000
103.5941850000 -57.8764310000 0.9765090000
105.6197130000 -57.9877360000 1.2866750000
107.6848450000 -58.0986520000 1.6072510000
109.7903520000 -58.2091790000 1.9384860000
111.9370270000 -58.3193050000 2.2806370000
114.1256790000 -58.4290280000 2.6339770000
116.3571170000 -58.5383530000 2.9987850000
118.6321950000 -51.1368410000 3.3438520000
120.9517520000 -50.9626660000 3.5035510000
123.3166580000 -50.7850380000 3.6599360000
125.7278060000 -50.6043090000 3.8127810000
128.1860960000 -50.4208760000 3.9618730000
130.6924590000 -50.2351800000 4.1069970000
133.2478330000 -50.0477100000 4.2479490000
135.8531490000 -49.8590430000 4.3845220000
138.5094300000 -49.6698150000 4.5165220000
141.2176360000 -49.4807620000 4.6437590000
143.9787900000 -49.2927510000 4.7660470000
146.7939300000 -49.1067960000 4.8832070000
149.6641240000 -48.9241030000 4.9950720000
152.5904390000 -48.7461360000 5.1014760000
155.5739590000 -48.5747070000 5.2022620000
158.6158140000 -48.4120860000 5.2972810000
161.7171480000 -48.2611890000 5.3863940000
164.8791350000 -48.1258580000 5.4694670000
168.1029360000 -48.0113070000 5.5463770000
171.3897710000 -47.9248500000 5.6170080000
174.7408600000 -47.8771670000 5.6812540000
178.1574860000 -47.8846550000 5.7390170000
181.6409150000 -47.9740520000 5.7902100000
185.1924440000 -51.3674160000 9.7800730000
188.8134160000 -47.7087590000 9.5027890000
192.5051880000 -46.6647070000 9.2516040000
196.2691500000 -46.0678830000 9.0226590000
200.1067050000 -46.0422970000 1.2543540000
204.0192870000 -44.5457990000 0.8810540000
208.0083770000 -43.6271550000 0.5387940000
212.0754700000 -42.9230880000 0.2234060000
216.2220760000 -42.3408810000 9.9312460000
220.4497530000 -41.8418850000 9.6592430000
224.7601010000 -41.3983120000 9.4044720000
229.1547240000 -40.9984590000 9.1644710000
233.6352690000 -40.6328930000 8.9370780000
238.2034300000 -40.2950250000 8.7204020000
242.8609010000 -39.9801410000 8.5127810000
247.6094360000 -39.6847990000 8.3127610000
252.4508210000 -39.4064670000 8.1190720000
257.3868710000 -39.1433030000 7.9306010000
262.4194340000 -38.8939780000 7.7463820000
267.5503850000 -38.6575810000 7.5655770000
272.7816770000 -38.4335480000 7.3874550000
278.1152340000 -38.2216220000 7.2113930000
283.5530700000 -38.0218240000 7.0368610000
289.0972600000 -37.8344420000 6.8634010000
294.7498170000 -37.6600950000 6.6906380000
300.5129390000 -37.4997480000 6.5182550000
306.3887020000 -37.3548390000 6.3460030000
312.3793640000 -37.2274020000 6.1736830000
318.4871830000 -37.1206360000 6.0011430000
324.7143860000 -37.0389520000 5.8282840000
331.0633850000 -36.9895290000 5.6550410000
337.5364990000 -36.9841960000 5.4813920000
344.1361690000 -37.9567990000 6.5211770000
350.8648990000 -36.8883590000 6.3651640000
357.7251890000 -36.5144420000 6.2086660000
364.7196040000 -36.2485350000 6.0517750000
371.8508000000 -36.0357550000 5.8946010000
379.1213990000 -35.8596570000 5.7372860000
386.5341800000 -35.7148480000 5.5799950000
394.0918880000 -35.6016850000 5.4229210000
401.7973630000 -35.5314140000 5.5935910000
409.6535340000 -35.3095320000 5.4454980000
417.6632690000 -35.1472240000 5.2983680000
425.8296200000 -35.0143590000 5.1524770000
434.1556700000 -34.9037780000 5.0081320000
442.6445010000 -34.5026360000 4.8622260000
451.2993160000 -34.4242170000 4.7126360000
460.1233520000 -34.3662410000 4.5652740000
469.1199040000 -34.3310360000 4.4205400000
478.2923890000 -34.3230090000 4.2788630000
487.6441960000 -34.8584100000 4.6556140000
497.1788640000 -34.3083650000 4.5261110000
506.8999330000 -34.1680030000 4.4010250000
516.8110960000 -34.0849300000 4.2809460000
526.9160770000 -34.0337370000 4.1665110000
537.2185670000 -34.0065690000 4.0584190000
547.7225340000 -34.0001720000 3.9574320000
558.4318850000 -34.0130540000 3.8643850000
569.3506470000 -34.0445670000 3.7801960000
580.4828490000 -34.0944480000 3.7058780000
591.8327640000 -34.1631160000 3.6425470000
603.4046020000 -34.2506100000 3.5914390000
615.2026370000 -34.3575290000 3.5539290000
627.2313840000 -34.4845050000 3.5315470000
639.4953610000 -34.6322820000 3.5259950000
651.9990840000 -34.8017230000 3.5391860000
664.7473140000 -34.9937970000 3.5732580000
677.7447510000 -35.2095720000 3.6306210000
690.9963990000 -35.4502330000 3.7139840000
704.5070800000 -35.7170720000 3.8264110000
718.2819820000 -36.0114900000 3.9713690000
732.3261720000 -36.3350140000 4.1527850000
746.6450200000 -31.5720540000 4.2414660000
761.2437740000 -31.5993400000 4.2095180000
776.1279910000 -31.6427040000 4.1891480000
791.3032230000 -31.7030850000 4.1821060000
806.7752080000 -28.4598560000 4.0260930000
822.5496830000 -28.3385910000 3.8533060000
838.6325680000 -28.2279050000 3.6757380000
855.0299680000 -28.1285500000 3.4934920000
871.7479250000 -28.0413320000 3.3066890000
888.7927860000 -27.9671270000 3.1154700000
906.1708980000 -27.9068930000 2.9199910000
923.8888550000 -27.8617040000 2.7204270000
941.9531860000 -27.8328230000 2.5169680000
960.3707280000 -27.8218730000 2.3098200000
979.1483760000 -27.8315790000 2.0992030000
998.2931520000 -27.8711700000 1.8853530000
1017.8123170000 -27.9420570000 1.6998530000
1037.7131350000 -28.0322070000 1.5174710000
1058.0029300000 -28.1441860000 1.3353790000
1078.6895750000 -28.2800600000 1.1536410000
1099.7806400000 -28.4422800000 0.9723240000
1121.2841800000 -28.6337680000 0.7914940000
1143.2080080000 -28.8580670000 0.6112140000
1165.5606690000 -29.1195090000 0.4315440000
1188.3502200000 -29.4234870000 0.2525500000
1211.5854490000 -29.7768380000 0.0742890000
1235.2750240000 -30.1884310000 9.8968200000
1259.4277340000 -30.6700710000 9.7202020000
1284.0527340000 -31.2380560000 9.5444930000
1309.1591800000 -31.9158780000 9.3697470000
1334.7564700000 -32.7393000000 9.1960200000
1360.8542480000 -33.7667500000 9.0233650000
1387.4624020000 -35.1199000000 8.8522950000
1414.5908200000 -36.9752810000 8.6829220000
1442.2495120000 -39.8431850000 8.5148620000
1470.4492190000 -45.1821370000 8.3481570000
1499.2000730000 -59.4021420000 8.1828530000
1528.5131840000 -224.6251070000 1.9209900000
1558.3995360000 -28.6842420000 0.5597000000
1588.8701170000 -7.8853030000 1.8284610000
1619.9365230000 8.8310730000 8.8577650000
1651.6103520000 -0.9536330000 6.3246670000
1683.9034420000 -10.0060270000 7.2659340000
1716.8280030000 -16.9485780000 3.2256580000
1750.3962400000 -22.5512010000 1.2815240000
1784.6208500000 -27.5820140000 0.3434840000
1819.5146480000 -32.6870420000 0.0043900000
1855.0908200000 -38.5356480000 0.1715900000
1891.3624270000 -46.0686490000 0.9886230000
1928.3432620000 -57.1696970000 2.9500160000
1966.0472410000 -72.5001910000 2.0508770000
2004.4884030000 -38.5817600000 6.7121220000
2043.6811520000 -47.1564100000 9.4856200000
2083.6401370000 -16.4120900000 9.3388060000
2124.3806150000 -15.8231680000 8.4330230000
2165.9174800000 -16.1790310000 7.5758530000
2208.2666020000 -14.4912570000 8.5977990000
2251.4438480000 -13.4767870000 7.7342970000
2295.4653320000 -12.8145650000 6.9304180000
2340.3474120000 -12.3886210000 6.1830620000
2386.1069340000 -12.4336870000 5.4899730000
2432.7612300000 -11.5604360000 6.0116670000
2480.3278810000 -10.8321500000 5.4030110000
2528.8244630000 -10.3028590000 4.8487970000
2578.2692870000 -9.1099970000 4.2211690000
2628.6809080000 -8.6626970000 3.6063100000
2680.0783690000 -8.2667950000 3.0199470000
2732.4804690000 -7.9114860000 2.4620880000
2785.9074710000 -7.5884300000 1.9330160000
2840.3789060000 -6.9193210000 1.4129680000
2895.9152830000 -6.6974150000 0.8623350000
2952.5378420000 -6.3774890000 0.3270400000
3010.2673340000 -6.0368040000 9.8024310000
3069.1254880000 -5.7816760000 9.2725980000
3129.1347660000 -5.5488260000 8.7545280000
3190.3171390000 -5.3372430000 8.2484130000
3252.6958010000 -5.1424940000 7.7540090000
3316.2941890000 -4.9648260000 7.2710510000
3381.1359860000 -4.8031250000 6.7993340000
3447.2456050000 -4.6563800000 6.3386520000
3514.6479490000 -4.5312660000 5.8889460000
3583.3681640000 -4.4124390000 5.4499880000
3653.4318850000 -4.3060050000 5.0215020000
3724.8657230000 -4.2195100000 4.6033040000
3797.6960450000 -4.1362730000 4.1954170000
3871.9506840000 -4.0634650000 3.7974300000
3947.6569820000 -4.0081780000 3.4096610000
4024.8435060000 -3.9550240000 3.0317650000
4103.5390630000 -3.9107140000 2.6632640000
4183.7739260000 -3.8748220000 2.3039570000
4265.5771480000 -3.8469580000 1.9536560000
4348.9794920000 -3.8352760000 1.6122060000
4434.0131840000 -3.8228520000 1.2802950000
4520.7089840000 -3.8173460000 0.9568950000
4609.1005860000 -3.8185470000 0.6418090000
4699.2197270000 -3.8262210000 0.3348630000
4791.1015630000 -3.8401570000 0.0358700000
4884.7792970000 -3.8630300000 9.7449400000
4980.2890630000 -3.8890640000 9.4616480000
5077.6660160000 -3.9208830000 9.1858020000
5176.9472660000 -3.9583980000 8.9172330000
5278.1694340000 -4.0015490000 8.6557720000
5381.3710940000 -4.0503110000 8.4012580000
5486.5903320000 -4.1046930000 8.1535270000
5593.8666990000 -4.1647460000 7.9124220000
5703.2412110000 -4.2305630000 7.6777850000
5814.7534180000 -4.3022870000 7.4494660000
5928.4467770000 -4.3801130000 7.2273130000
6044.3627930000 -4.4643010000 7.0111780000
6162.5449220000 -4.5551830000 6.8009200000
6283.0380860000 -4.6531800000 6.5963950000
6405.8872070000 -4.7588120000 6.3974640000
6531.1386720000 -4.8780900000 6.2040920000
6658.8383790000 -5.0092890000 6.0162460000
6789.0356450000 -5.1422360000 5.8339160000
6921.7783200000 -5.2947970000 5.6569640000
7057.1162110000 -5.4517660000 5.4850680000
7195.1005860000 -5.6235770000 5.3179460000
7335.7827150000 -5.8128090000 5.1554800000
7479.2158200000 -6.0277890000 4.9975790000
7625.4531250000 -6.2632490000 4.8442130000
7774.5498050000 -6.5304800000 4.6951550000
7926.5620120000 -6.8386960000 4.5502940000
8081.5458980000 -7.2019360000 4.4095230000
8239.5605470000 -7.6431750000 4.2727350000
8400.6640630000 -8.2040970000 4.1398280000
8564.9189450000 -8.9853790000 4.0111810000
8732.3837890000 -10.2197280000 3.8864170000
8856.6601560000 -12.0909840000 3.7976330000
8857.2900390000 -12.1063640000 3.7971900000
8857.9199220000 -12.1218360000 3.7967490000
8858.5595700000 -12.1376820000 3.7963000000
8859.1904300000 -12.1534100000 3.7958570000
8859.8203130000 -12.1692580000 3.7954150000
8860.4501950000 -12.1852020000 3.7949740000
8861.0898440000 -12.2015370000 3.7945250000
8861.7197270000 -12.2177540000 3.7940840000
8862.3496090000 -12.2340730000 3.7936430000
8862.9902340000 -12.2508200000 3.7931940000
8863.6201170000 -12.2674000000 3.7927530000
8864.2597660000 -12.2843900000 3.7923040000
8864.8896480000 -12.3012650000 3.7918630000
8865.5195310000 -12.3182500000 3.7914220000
8866.1601560000 -12.3356860000 3.7909730000
8866.7900390000 -12.3529540000 3.7905330000
8867.4296880000 -12.3706560000 3.7900850000
8868.0595700000 -12.3882150000 3.7896450000
8868.6904300000 -12.4059760000 3.7892030000
8869.3300780000 -12.4241340000 3.7887560000
8869.9599610000 -12.4421490000 3.7883150000
8870.5996090000 -12.4606250000 3.7878680000
8871.2304690000 -12.4789850000 3.7874270000
8871.8701170000 -12.4977890000 3.7869800000
8872.5000000000 -12.5164790000 3.7865400000
8873.1396480000 -12.5355960000 3.7860930000
8873.7695310000 -12.5546270000 3.7856530000
8874.4101560000 -12.5741550000 3.7852050000
8875.0400390000 -12.5935120000 3.7847660000
8875.6796880000 -12.6133770000 3.7843190000
8876.3095700000 -12.6331010000 3.7838800000
8876.9501950000 -12.6533760000 3.7834320000
8877.5800780000 -12.6734810000 3.7829930000
8878.2197270000 -12.6941210000 3.7825470000
8878.8603520000 -12.7149980000 3.7820990000
8879.4902340000 -12.7357050000 3.7816610000
8880.1298830000 -12.7569700000 3.7812140000
8880.7597660000 -12.7781310000 3.7807750000
8881.4003910000 -12.7998310000 3.7803290000
8882.0400390000 -12.8217590000 3.7798830000
8882.6699220000 -12.8435530000 3.7794440000
8883.3095700000 -12.8659440000 3.7789990000
8883.9501950000 -12.8886110000 3.7785520000
8884.5800780000 -12.9111140000 3.7781140000
8885.2197270000 -12.9342410000 3.7776680000
8885.8603520000 -12.9576610000 3.7772220000
8886.4902340000 -12.9809200000 3.7767840000
8887.1298830000 -13.0048330000 3.7763390000
8887.7695310000 -13.0290210000 3.7758930000
8888.4003910000 -13.0531250000 3.7754550000
8889.0400390000 -13.0778790000 3.7750100000
8889.6796880000 -13.1029280000 3.7745650000
8890.3203130000 -13.1283180000 3.7741190000
8890.9501950000 -13.1535560000 3.7736820000
8891.5898440000 -13.1795280000 3.7732370000
8892.2304690000 -13.2058260000 3.7727920000
8892.8701170000 -13.2324560000 3.7723470000
8893.5000000000 -13.2590240000 3.7719100000
8894.1396480000 -13.2863000000 3.7714660000
8894.7802730000 -13.3140160000 3.7710210000
8895.4199220000 -13.3420610000 3.7705760000
8896.0595700000 -13.3704850000 3.7701320000
8896.7001950000 -13.3992980000 3.7696880000
8897.3300780000 -13.4280720000 3.7692510000
8897.9697270000 -13.4576880000 3.7688070000
8898.6103520000 -13.4877280000 3.7683630000
8899.2500000000 -13.5182020000 3.7679190000
8899.8896480000 -13.5491230000 3.7674750000
8900.5302730000 -13.5804840000 3.7670360000
8901.1699220000 -13.6123170000 3.7665980000
8901.8095700000 -13.6446380000 3.7661600000
8902.4404300000 -13.6769700000 3.7657280000
8903.0800780000 -13.7103080000 3.7652900000
8903.1240230000 -13.7126130000 3.7652600000
8903.7197270000 -13.7441810000 3.7648520000
8904.3603520000 -13.7786600000 3.7644140000
8905.0000000000 -13.8136060000 3.7639760000
8905.6396480000 -13.8491950000 3.7635390000
8906.2802730000 -13.8854490000 3.7631000000
8906.9199220000 -13.9222280000 3.7626630000
8907.5595700000 -13.9597140000 3.7622260000
8908.2001950000 -13.9979360000 3.7617880000
8908.8398440000 -14.0368050000 3.7613500000
8909.4804690000 -14.0764040000 3.7609130000
8910.1201170000 -14.1167580000 3.7604760000
8910.7597660000 -14.1578990000 3.7600390000
8911.4003910000 -14.1999200000 3.7596010000
8912.0400390000 -14.2426650000 3.7591650000
8912.6796880000 -14.2863580000 3.7587280000
8913.3203130000 -14.3310400000 3.7582910000
8913.9697270000 -14.3773050000 3.7578470000
8914.6103520000 -14.4239020000 3.7574110000
8915.2500000000 -14.4715480000 3.7569740000
8915.8896480000 -14.5202910000 3.7565380000
8916.5302730000 -14.5702590000 3.7561010000
8917.1699220000 -14.6212800000 3.7556650000
8917.8095700000 -14.6736380000 3.7552290000
8918.4501950000 -14.7274060000 3.7547920000
8919.0996090000 -14.7833190000 3.7543490000
8919.7402340000 -14.8399790000 3.7539130000
8920.3798830000 -14.8980190000 3.7534770000
8921.0195310000 -14.9577810000 3.7530420000
8921.6601560000 -15.0193670000 3.7526050000
8922.2998050000 -15.0826020000 3.7521700000
8922.9501950000 -15.1489630000 3.7517270000
8923.5898440000 -15.2163410000 3.7512920000
8924.2304690000 -15.2860300000 3.7508560000
8924.8701170000 -15.3579720000 3.7504200000
8925.5195310000 -15.4335620000 3.7499790000
8926.1601560000 -15.5107650000 3.7495430000
8926.7998050000 -15.5908740000 3.7491080000
8927.4404300000 -15.6742410000 3.7486720000
8928.0898440000 -15.7621900000 3.7482310000
8928.7304690000 -15.8525490000 3.7477960000
8929.3701170000 -15.9469070000 3.7473610000
8930.0195310000 -16.0471400000 3.7469200000
8930.6601560000 -16.1508880000 3.7464850000
8931.2998050000 -16.2597710000 3.7460500000
8931.9501950000 -16.3764380000 3.7456090000
8932.5898440000 -16.4976100000 3.7451750000
8933.2304690000 -16.6264590000 3.7447400000
8933.8798830000 -16.7654690000 3.7442990000
8934.5195310000 -16.9118790000 3.7438650000
8935.1601560000 -17.0690400000 3.7434310000
8935.8095700000 -17.2412820000 3.7429900000
8936.4501950000 -17.4260010000 3.7425560000
8937.0996090000 -17.6309810000 3.7421150000
8937.7402340000 -17.8544770000 3.7416810000
8938.3896480000 -18.1075130000 3.7412410000
8939.0302730000 -18.3903330000 3.7408070000
8939.6699220000 -18.7150330000 3.7403740000
8940.3203130000 -19.1051240000 3.7399330000
8940.9599610000 -19.5733220000 3.7395000000
8941.6103520000 -20.1837430000 3.7390590000
8942.2500000000 -21.0216200000 3.7386260000
8942.9003910000 -22.4422130000 3.7381860000
8943.5400390000 -27.7454810000 3.7377540000
8944.1904300000 -22.8433760000 0.5517090000
8944.8300780000 -21.2482130000 0.5499920000
8945.4804690000 -20.3255350000 0.5482470000
8946.1201170000 -19.6884020000 0.5465320000
8946.7695310000 -19.1893560000 0.5447900000
8947.4199220000 -18.7828790000 0.5430480000
8948.0595700000 -18.4454020000 0.5413340000
8948.7099610000 -18.1490330000 0.5395950000
8949.3496090000 -17.8916660000 0.5378820000
8950.0000000000 -17.6578040000 0.5361420000
8950.6503910000 -17.4465100000 0.5344030000
8951.2900390000 -17.2567730000 0.5326920000
8951.9404300000 -17.0793930000 0.5309530000
8952.5800780000 -16.9178330000 0.5292430000
8953.2304690000 -16.7649610000 0.5275060000
8953.8798830000 -16.6222380000 0.5257720000
8954.5195310000 -16.4903200000 0.5240670000
8955.1699220000 -16.3637010000 0.5223310000
8955.8203130000 -16.2439750000 0.5205970000
8956.4599610000 -16.1322100000 0.5188910000
8957.1103520000 -16.0241430000 0.5171580000
8957.7597660000 -15.9212800000 0.5154280000
8958.4101560000 -15.8228640000 0.5136950000
8959.0498050000 -15.7301430000 0.5119920000
8959.7001950000 -15.6397350000 0.5102610000
8960.3496090000 -15.5530130000 0.5085330000
8961.0000000000 -15.4694520000 0.5068030000
8961.6396480000 -15.3903320000 0.5051040000
8962.2900390000 -15.3126080000 0.5033750000
8962.9404300000 -15.2375270000 0.5016480000
8963.5898440000 -15.1650220000 0.4999230000
8964.2402340000 -15.0947200000 0.4981970000
8964.8798830000 -15.0276700000 0.4964980000
8965.5302730000 -14.9615460000 0.4947730000
8966.1796880000 -14.8974360000 0.4930510000
8966.8300780000 -14.8350450000 0.4913260000
8967.4804690000 -14.7743670000 0.4896020000
8968.1298830000 -14.7153980000 0.4878820000
8968.7695310000 -14.6588780000 0.4861900000
8969.4199220000 -14.6027930000 0.4844680000
8970.0703130000 -14.5480970000 0.4827470000
8970.7197270000 -14.4947990000 0.4810290000
8971.3701170000 -14.4426810000 0.4793090000
8972.0195310000 -14.3918390000 0.4775920000
8972.6699220000 -14.3420680000 0.4758740000
8973.3203130000 -14.2933930000 0.4741550000
8973.9697270000 -14.2458370000 0.4724410000
8974.6201170000 -14.1992160000 0.4707240000
8975.2695310000 -14.1536250000 0.4690100000
8975.9199220000 -14.1088910000 0.4672950000
8976.5703130000 -14.0650440000 0.4655790000
8977.2197270000 -14.0221140000 0.4638670000
8977.8701170000 -13.9799410000 0.4621530000
8978.5195310000 -13.9386200000 0.4604430000
8979.1699220000 -13.8979980000 0.4587310000
8979.8203130000 -13.8581090000 0.4570180000
8980.4697270000 -13.8189870000 0.4553100000
8981.1201170000 -13.7804900000 0.4535990000
8981.7695310000 -13.7427080000 0.4518910000
8982.4199220000 -13.7055080000 0.4501810000
8983.0703130000 -13.6689260000 0.4484730000
8983.7197270000 -13.6329930000 0.4467670000
8984.3701170000 -13.5975840000 0.4450590000
8985.0195310000 -13.5627850000 0.4433550000
8985.6796880000 -13.5279790000 0.4416230000
8986.3300780000 -13.4942050000 0.4399170000
8986.9804690000 -13.4609420000 0.4382110000
8987.6298830000 -13.4282210000 0.4365090000
8988.2802730000 -13.3959320000 0.4348060000
8988.9296880000 -13.3641570000 0.4331050000
8989.5800780000 -13.3327880000 0.4314010000
8990.2402340000 -13.3014090000 0.4296740000
8990.8896480000 -13.2709600000 0.4279760000
8991.5400390000 -13.2408840000 0.4262740000
8992.1904300000 -13.2112130000 0.4245740000
8992.8398440000 -13.1819800000 0.4228760000
8993.5000000000 -13.1526680000 0.4211520000
8994.1503910000 -13.1241580000 0.4194540000
8994.7998050000 -13.0960540000 0.4177580000
8995.4501950000 -13.0682650000 0.4160600000
8996.1103520000 -13.0404230000 0.4143390000
8996.7597660000 -13.0133650000 0.4126450000
8997.4101560000 -12.9865970000 0.4109500000
8998.0703130000 -12.9597290000 0.4092270000
8998.7197270000 -12.9336430000 0.4075360000
8999.3701170000 -12.9078260000 0.4058420000
9000.0195310000 -12.8823850000 0.4041540000
9000.6796880000 -12.8567580000 0.4024330000
9001.3300780000 -12.8318280000 0.4007420000
9001.9902340000 -12.8068190000 0.3990250000
9002.6396480000 -12.7824840000 0.3973370000
9003.2900390000 -12.7583820000 0.3956470000
9003.9501950000 -12.7341950000 0.3939320000
9004.5996090000 -12.7106500000 0.3922460000
9005.2500000000 -12.6873250000 0.3905580000
9005.9101560000 -12.6639080000 0.3888450000
9006.5595700000 -12.6411080000 0.3871600000
9007.2197270000 -12.6181790000 0.3854490000
9007.8701170000 -12.5958170000 0.3837630000
9008.5302730000 -12.5733260000 0.3820510000
9009.1796880000 -12.5514500000 0.3803680000
9009.8398440000 -12.5294420000 0.3786590000
9010.4902340000 -12.5079690000 0.3769760000
9011.1503910000 -12.4863950000 0.3752690000
9011.7998050000 -12.4653710000 0.3735890000
9012.4599610000 -12.4442150000 0.3718820000
9013.1103520000 -12.4235640000 0.3702010000
9013.7695310000 -12.4028390000 0.3684990000
9014.4199220000 -12.3825760000 0.3668180000
9015.0800780000 -12.3621790000 0.3651120000
9015.7304690000 -12.3422910000 0.3634330000
9016.3896480000 -12.3223260000 0.3617320000
9017.0400390000 -12.3027990000 0.3600550000
9017.7001950000 -12.2831650000 0.3583540000
9018.3496090000 -12.2640160000 0.3566800000
9019.0097660000 -12.2447290000 0.3549800000
9019.6699220000 -12.2256140000 0.3532800000
9020.3203130000 -12.2069390000 0.3516050000
9020.9804690000 -12.1881270000 0.3499040000
9021.6396480000 -12.1695310000 0.3482080000
9022.2900390000 -12.1513340000 0.3465360000
9022.9501950000 -12.1330250000 0.3448390000
9023.6103520000 -12.1148710000 0.3431430000
9024.2597660000 -12.0971550000 0.3414750000
9024.9199220000 -12.0793000000 0.3397800000
9025.5800780000 -12.0615660000 0.3380830000
9026.2304690000 -12.0442570000 0.3364140000
9026.8896480000 -12.0268600000 0.3347230000
9027.5498050000 -12.0095790000 0.3330310000
9028.2099610000 -11.9924350000 0.3313390000
9028.8603520000 -11.9756740000 0.3296720000
9029.5195310000 -11.9588230000 0.3279840000
9030.1796880000 -11.9420560000 0.3262910000
9030.8398440000 -11.9254440000 0.3246020000
9031.4902340000 -11.9091970000 0.3229380000
9032.1503910000 -11.8928370000 0.3212490000
9032.8095700000 -11.8766250000 0.3195640000
9033.4697270000 -11.8604890000 0.3178750000
9034.1298830000 -11.8444980000 0.3161880000
9034.7802730000 -11.8288540000 0.3145270000
9035.4404300000 -11.8130980000 0.3128410000
9036.0996090000 -11.7974800000 0.3111590000
9036.7597660000 -11.7819540000 0.3094750000
9077.2021480000 -11.0001670000 0.2074140000
9254.6845700000 -9.2820100000 9.7847040000
9435.6367190000 -8.5563570000 9.3923060000
9620.1269530000 -8.3214120000 9.0277970000
9808.2246090000 -8.6365160000 8.6889470000
9864.2998050000 -8.9502680000 8.5937820000
9865.0800780000 -8.9561110000 8.5924770000
9865.8701170000 -8.9620880000 8.5911540000
9866.6503910000 -8.9680390000 8.5898490000
9867.4404300000 -8.9741180000 8.5885290000
9868.2197270000 -8.9801720000 8.5872270000
9869.0097660000 -8.9863730000 8.5859050000
9869.7900390000 -8.9925480000 8.5846020000
9870.5800780000 -8.9988580000 8.5832840000
9871.3603520000 -9.0051580000 8.5819810000
9872.1503910000 -9.0115880000 8.5806640000
9872.9404300000 -9.0180800000 8.5793470000
9873.7197270000 -9.0245550000 8.5780460000
9874.5097660000 -9.0311720000 8.5767300000
9875.2998050000 -9.0378530000 8.5754150000
9876.0800780000 -9.0445270000 8.5741140000
9876.8701170000 -9.0513390000 8.5728000000
9877.6601560000 -9.0582200000 8.5714860000
9878.4404300000 -9.0650920000 8.5701870000
9879.2304690000 -9.0721090000 8.5688730000
9880.0195310000 -9.0791880000 8.5675630000
9880.8095700000 -9.0863560000 8.5662490000
9881.5898440000 -9.0935010000 8.5649540000
9882.3798830000 -9.1008060000 8.5636430000
9883.1699220000 -9.1081950000 8.5623310000
9883.9599610000 -9.1156520000 8.5610210000
9884.7402340000 -9.1230950000 8.5597270000
9885.5302730000 -9.1307160000 8.5584160000
9886.3203130000 -9.1384090000 8.5571080000
9887.1103520000 -9.1461930000 8.5557990000
9887.9003910000 -9.1540490000 8.5544910000
9888.6904300000 -9.1619910000 8.5531850000
9889.4697270000 -9.1699200000 8.5518930000
9890.2597660000 -9.1780340000 8.5505880000
9891.0498050000 -9.1862360000 8.5492820000
9891.8398440000 -9.1945390000 8.5479760000
9892.6298830000 -9.2029240000 8.5466710000
9893.4199220000 -9.2114120000 8.5453650000
9894.2099610000 -9.2199860000 8.5440620000
9895.0000000000 -9.2286670000 8.5427570000
9895.7900390000 -9.2374380000 8.5414540000
9896.5800780000 -9.2463090000 8.5401530000
9897.3701170000 -9.2552940000 8.5388490000
9898.1601560000 -9.2643720000 8.5375480000
9898.9501950000 -9.2735690000 8.5362460000
9899.7402340000 -9.2828640000 8.5349460000
9900.5302730000 -9.2922690000 8.5336470000
9901.3203130000 -9.3018000000 8.5323460000
9902.1103520000 -9.3114340000 8.5310470000
9902.9003910000 -9.3211980000 8.5297470000
9903.6904300000 -9.3310720000 8.5284500000
9904.4902340000 -9.3412020000 8.5271350000
9905.2802730000 -9.3513250000 8.5258390000
9906.0703130000 -9.3615890000 8.5245410000
9906.8603520000 -9.3719720000 8.5232450000
9907.6503910000 -9.3824890000 8.5219500000
9908.4404300000 -9.3931560000 8.5206540000
9909.2304690000 -9.4039500000 8.5193600000
9910.0302730000 -9.4150330000 8.5180480000
9910.8203130000 -9.4261190000 8.5167550000
9911.6103520000 -9.4373680000 8.5154610000
9912.4003910000 -9.4487570000 8.5141690000
9913.2001950000 -9.4604580000 8.5128600000
9913.9902340000 -9.4721680000 8.5115690000
9914.7802730000 -9.4840560000 8.5102770000
9915.5703130000 -9.4961000000 8.5089860000
9916.3701170000 -9.5084810000 8.5076790000
9917.1601560000 -9.5208780000 8.5063900000
9917.9501950000 -9.5334720000 8.5050990000
9918.7500000000 -9.5463940000 8.5037960000
9919.5400390000 -9.5593720000 8.5025060000
9920.3300780000 -9.5725300000 8.5012190000
9921.1298830000 -9.5860700000 8.4999140000
9921.9199220000 -9.5996430000 8.4986290000
9922.7197270000 -9.6136140000 8.4973250000
9923.5097660000 -9.6276250000 8.4960390000
9924.3095700000 -9.6420520000 8.4947380000
9925.0996090000 -9.6565250000 8.4934530000
9925.8896480000 -9.6712560000 8.4921670000
9926.6904300000 -9.6864190000 8.4908680000
9927.4804690000 -9.7016570000 8.4895830000
9928.2802730000 -9.7173300000 8.4882850000
9929.0703130000 -9.7331080000 8.4870010000
9929.8701170000 -9.7493440000 8.4857040000
9930.6601560000 -9.7656970000 8.4844220000
9931.4599610000 -9.7825530000 8.4831240000
9932.2597660000 -9.7997070000 8.4818290000
9933.0498050000 -9.8169990000 8.4805470000
9933.8496090000 -9.8348190000 8.4792530000
9934.6396480000 -9.8527930000 8.4779720000
9935.4404300000 -9.8713470000 8.4766770000
9936.2402340000 -9.8902830000 8.4753830000
9937.0302730000 -9.9093560000 8.4741060000
9937.8300780000 -9.9290900000 8.4728120000
9938.6201170000 -9.9490060000 8.4715340000
9939.4199220000 -9.9695790000 8.4702430000
9940.2197270000 -9.9906380000 8.4689500000
9941.0195310000 -10.0121520000 8.4676610000
9941.8095700000 -10.0339280000 8.4663850000
9942.6103520000 -10.0565140000 8.4650930000
9943.4101560000 -10.0795940000 8.4638030000
9944.2001950000 -10.1029880000 8.4625290000
9945.0000000000 -10.1272330000 8.4612420000
9945.7998050000 -10.1521350000 8.4599520000
9946.5996090000 -10.1776980000 8.4586650000
9947.4003910000 -10.2039560000 8.4573760000
9948.1904300000 -10.2306180000 8.4561040000
9948.9902340000 -10.2583340000 8.4548200000
9949.7900390000 -10.2868960000 8.4535330000
9950.5898440000 -10.3163170000 8.4522480000
9951.3896480000 -10.3466110000 8.4509630000
9952.1904300000 -10.3779430000 8.4496770000
9952.9902340000 -10.4102640000 8.4483930000
9953.7802730000 -10.4432300000 8.4471250000
9954.5800780000 -10.4777900000 8.4458420000
9955.3798830000 -10.5135490000 8.4445610000
9956.1796880000 -10.5506810000 8.4432780000
9956.9804690000 -10.5892910000 8.4419950000
9957.7802730000 -10.6293460000 8.4407150000
9958.5800780000 -10.6711120000 8.4394340000
9959.3798830000 -10.7146790000 8.4381530000
9960.1796880000 -10.7601490000 8.4368750000
9960.9804690000 -10.8078660000 8.4355940000
9961.7802730000 -10.8578660000 8.4343150000
9962.5800780000 -10.9103770000 8.4330380000
9963.3798830000 -10.9657910000 8.4317600000
9964.1796880000 -11.0243640000 8.4304820000
9964.9902340000 -11.0873080000 8.4291890000
9965.7900390000 -11.1533590000 8.4279140000
9966.5898440000 -11.2239950000 8.4266380000
9967.3896480000 -11.2997840000 8.4253620000
9968.1904300000 -11.3815190000 8.4240870000
9968.9902340000 -11.4701930000 8.4228120000
9969.7900390000 -11.5670680000 8.4215370000
9970.5898440000 -11.6736550000 8.4202650000
9971.4003910000 -11.7940440000 8.4189760000
9972.2001950000 -11.9280550000 8.4177030000
9973.0000000000 -12.0812990000 8.4164320000
9973.7998050000 -12.2606530000 8.4151600000
9974.6103520000 -12.4795540000 8.4138730000
9975.4101560000 -12.7510750000 8.4126010000
9976.2099610000 -13.1150570000 8.4113330000
9977.0097660000 -13.6703160000 8.4100630000
9977.8203130000 -14.9064500000 8.4087770000
9978.6201170000 -14.8136900000 1.8218930000
9979.4199220000 -13.6540550000 1.8199540000
9980.2304690000 -13.0980350000 1.8179870000
9981.0302730000 -12.7348900000 1.8160470000
9981.8300780000 -12.4626220000 1.8141100000
9982.6396480000 -12.2418220000 1.8121480000
9983.4404300000 -12.0596360000 1.8102080000
9984.2402340000 -11.9033610000 1.8082710000
9985.0498050000 -11.7648230000 1.8063120000
9985.8496090000 -11.6431180000 1.8043790000
9986.6601560000 -11.5318730000 1.8024190000
9987.4599610000 -11.4319300000 1.8004850000
9988.2695310000 -11.3391040000 1.7985290000
9989.0703130000 -11.2543220000 1.7965970000
9989.8798830000 -11.1745580000 1.7946420000
9990.6796880000 -11.1008980000 1.7927110000
9991.4902340000 -11.0308520000 1.7907560000
9992.2900390000 -10.9657050000 1.7888270000
9993.0996090000 -10.9034400000 1.7868790000
9993.9003910000 -10.8449400000 1.7849480000
9994.7099610000 -10.7887060000 1.7829980000
9995.5097660000 -10.7357210000 1.7810730000
9996.3203130000 -10.6844230000 1.7791220000
9997.1201170000 -10.6359960000 1.7772000000
9997.9296880000 -10.5889230000 1.7752530000
9998.7402340000 -10.5436440000 1.7733050000
9999.5400390000 -10.5006240000 1.7713830000
10000.0000000000 -10.4766120000 1.7702790000
10000.4003900000 -10.4560880000 1.7693180000
10001.2002000000 -10.4161900000 1.7674000000
10002.0000000000 -10.3775700000 1.7654800000
10002.7998100000 -10.3401910000 1.7635610000
10003.5996100000 -10.3040140000 1.7616450000
10004.4003900000 -10.2688420000 1.7597260000
10005.2002000000 -10.2347350000 1.7578090000
10006.0000000000 -10.2016330000 1.7558960000
10006.7998100000 -10.1694010000 1.7539810000
10007.5996100000 -10.1380290000 1.7520660000
10008.4003900000 -10.1074710000 1.7501530000
10009.2002000000 -10.0776860000 1.7482400000
10010.0000000000 -10.0486350000 1.7463270000
10010.7998100000 -10.0203130000 1.7444190000
10011.7002000000 -9.9891680000 1.7422670000
10012.5000000000 -9.9622170000 1.7403600000
10013.2998100000 -9.9358350000 1.7384510000
10014.0996100000 -9.9100250000 1.7365430000
10014.9003900000 -9.8847630000 1.7346350000
10015.7002000000 -9.8600260000 1.7327290000
10016.5000000000 -9.8357930000 1.7308240000
10017.2998100000 -9.8120680000 1.7289210000
10018.0996100000 -9.7887780000 1.7270160000
10018.9003900000 -9.7659340000 1.7251130000
10019.7002000000 -9.7435170000 1.7232100000
10020.5996100000 -9.7188110000 1.7210730000
10021.4003900000 -9.6972250000 1.7191700000
10022.2002000000 -9.6760440000 1.7172700000
10023.0000000000 -9.6552550000 1.7153720000
10023.7998100000 -9.6347940000 1.7134730000
10024.5996100000 -9.6146760000 1.7115760000
10025.4003900000 -9.5948880000 1.7096790000
10026.2002000000 -9.5754180000 1.7077820000
10027.0000000000 -9.5562580000 1.7058860000
10027.9003900000 -9.5350570000 1.7037540000
10028.7002000000 -9.5165430000 1.7018620000
10029.5000000000 -9.4982870000 1.6999690000
10030.2998100000 -9.4803010000 1.6980770000
10031.0996100000 -9.4626000000 1.6961870000
10031.9003900000 -9.4451110000 1.6942940000
10032.7002000000 -9.4278920000 1.6924040000
10033.5000000000 -9.4109330000 1.6905160000
10034.2998100000 -9.3941880000 1.6886280000
10035.2002000000 -9.3756200000 1.6865030000
10036.0000000000 -9.3593500000 1.6846160000
10036.7998100000 -9.3433150000 1.6827330000
10037.5996100000 -9.3274700000 1.6808470000
10038.4003900000 -9.3118090000 1.6789600000
10039.2002000000 -9.2963830000 1.6770780000
10040.0000000000 -9.2811320000 1.6751950000
10040.7998100000 -9.2660690000 1.6733120000
10041.7002000000 -9.2493410000 1.6711950000
10042.5000000000 -9.2346810000 1.6693160000
10043.2998100000 -9.2201780000 1.6674360000
10044.0996100000 -9.2058440000 1.6655560000
10044.9003900000 -9.1916770000 1.6636780000
10045.7002000000 -9.1776720000 1.6617990000
10046.5000000000 -9.1638260000 1.6599230000
10047.4003900000 -9.1484330000 1.6578110000
10048.2002000000 -9.1349120000 1.6559360000
10049.0000000000 -9.1215540000 1.6540630000
10049.7998100000 -9.1083260000 1.6521890000
10050.5996100000 -9.0952390000 1.6503160000
10051.4003900000 -9.0822910000 1.6484430000
10052.2002000000 -9.0694770000 1.6465710000
10053.0996100000 -9.0552350000 1.6444680000
10053.9003900000 -9.0426860000 1.6425960000
10054.7002000000 -9.0302930000 1.6407290000
10055.5000000000 -9.0180110000 1.6388600000
10056.2998100000 -9.0058510000 1.6369920000
10057.0996100000 -8.9938240000 1.6351270000
10057.9003900000 -8.9818860000 1.6332590000
10058.7998100000 -8.9686220000 1.6311620000
10059.5996100000 -8.9569410000 1.6292960000
10060.4003900000 -8.9453700000 1.6274330000
10061.2002000000 -8.9339070000 1.6255690000
10062.0000000000 -8.9225510000 1.6237060000
10062.7998100000 -8.9113130000 1.6218460000
10063.7002000000 -8.8987760000 1.6197530000
10064.5000000000 -8.8877400000 1.6178920000
10065.2998100000 -8.8768030000 1.6160330000
10066.0996100000 -8.8659770000 1.6141760000
10066.9003900000 -8.8552200000 1.6123160000
10067.7998100000 -8.8432560000 1.6102290000
10068.5996100000 -8.8327090000 1.6083720000
10069.4003900000 -8.8222410000 1.6065140000
10070.2002000000 -8.8118860000 1.6046610000
10071.0000000000 -8.8016060000 1.6028070000
10071.7998100000 -8.7914130000 1.6009530000
10072.7002000000 -8.7800460000 1.5988680000
10073.5000000000 -8.7700420000 1.5970190000
10074.2998100000 -8.7601090000 1.5951680000
10075.0996100000 -8.7502570000 1.5933170000
10075.9003900000 -8.7404830000 1.5914680000
10076.7998100000 -8.7295910000 1.5893890000
10077.5996100000 -8.7199830000 1.5875420000
10078.4003900000 -8.7104390000 1.5856910000
10079.2002000000 -8.7009920000 1.5838470000
10080.0000000000 -8.6916070000 1.5820010000
10080.7998100000 -8.6822950000 1.5801560000
10081.7002000000 -8.6719020000 1.5780810000
10082.5000000000 -8.6627400000 1.5762370000
10083.2998100000 -8.6536570000 1.5743960000
10084.0996100000 -8.6446320000 1.5725550000
10084.9003900000 -8.6356640000 1.5707100000
10085.7998100000 -8.6256750000 1.5686420000
10086.5996100000 -8.6168670000 1.5668040000
10087.4003900000 -8.6081040000 1.5649620000
10088.2002000000 -8.5994140000 1.5631250000
10195.5253900000 -7.8050410000 1.3230500000
10367.5000000000 -7.3643770000 0.9638610000
10368.2998100000 -7.3645910000 0.9622620000
10369.2002000000 -7.3648670000 0.9604610000
10370.0996100000 -7.3651830000 0.9586600000
10370.9003900000 -7.3654970000 0.9570600000
10371.7998100000 -7.3658880000 0.9552620000
10372.7002000000 -7.3663190000 0.9534650000
10373.5000000000 -7.3667360000 0.9518660000
10374.4003900000 -7.3672460000 0.9500690000
10375.2998100000 -7.3677960000 0.9482760000
10376.0996100000 -7.3683210000 0.9466800000
10377.0000000000 -7.3689530000 0.9448850000
10377.9003900000 -7.3696270000 0.9430910000
10378.7002000000 -7.3702640000 0.9414980000
10379.5996100000 -7.3710220000 0.9397070000
10380.5000000000 -7.3718250000 0.9379150000
10381.2998100000 -7.3725780000 0.9363230000
10382.2002000000 -7.3734680000 0.9345330000
10383.0996100000 -7.3744040000 0.9327460000
10383.9003900000 -7.3752780000 0.9311540000
10384.7998100000 -7.3763030000 0.9293680000
10385.7002000000 -7.3773780000 0.9275810000
10386.5996100000 -7.3785000000 0.9257970000
10387.4003900000 -7.3795390000 0.9242080000
10388.2998100000 -7.3807510000 0.9224250000
10389.2002000000 -7.3820080000 0.9206410000
10390.0000000000 -7.3831530000 0.9190560000
10390.9003900000 -7.3844300000 0.9172740000
10391.7998100000 -7.3844680000 0.9154930000
10392.7002000000 -7.3883820000 0.9137130000
10393.5000000000 -7.3895980000 0.9121300000
10394.4003900000 -7.3911400000 0.9103510000
10394.8730500000 -7.3919850000 0.9094180000
10395.2998100000 -7.3927680000 0.9085740000
10396.0996100000 -7.3942740000 0.9069940000
10397.0000000000 -7.3960310000 0.9052160000
10397.9003900000 -7.3978510000 0.9034400000
10398.7998100000 -7.3997340000 0.9016660000
10399.5996100000 -7.4014640000 0.9000880000
10400.5000000000 -7.4034710000 0.8983140000
10401.4003900000 -7.4055440000 0.8965410000
10402.2002000000 -7.4074410000 0.8949670000
10403.0996100000 -7.4096430000 0.8931950000
10404.0000000000 -7.4119140000 0.8914240000
10404.9003900000 -7.4142560000 0.8896530000
10405.7002000000 -7.4163950000 0.8880830000
10406.5996100000 -7.4188750000 0.8863130000
10407.5000000000 -7.4214290000 0.8845450000
10408.4003900000 -7.4240600000 0.8827780000
10409.2002000000 -7.4264640000 0.8812070000
10410.0996100000 -7.4292410000 0.8794430000
10411.0000000000 -7.4321020000 0.8776780000
10411.9003900000 -7.4350460000 0.8759140000
10412.7002000000 -7.4377330000 0.8743460000
10413.5996100000 -7.4408360000 0.8725840000
10414.5000000000 -7.4440310000 0.8708230000
10415.4003900000 -7.4473160000 0.8690610000
10416.2002000000 -7.4503130000 0.8674960000
10417.0996100000 -7.4537720000 0.8657380000
10418.0000000000 -7.4573310000 0.8639780000
10418.9003900000 -7.4609890000 0.8622200000
10419.7002000000 -7.4643260000 0.8606580000
10420.5996100000 -7.4681750000 0.8589030000
10421.5000000000 -7.4721350000 0.8571460000
10422.4003900000 -7.4762050000 0.8553910000
10423.2002000000 -7.4799160000 0.8538310000
10424.0996100000 -7.4841960000 0.8520780000
10425.0000000000 -7.4885990000 0.8503260000
10425.9003900000 -7.4931240000 0.8485730000
10426.7002000000 -7.4972510000 0.8470150000
10427.5996100000 -7.5020100000 0.8452660000
10428.5000000000 -7.5069070000 0.8435160000
10429.4003900000 -7.5119400000 0.8417660000
10430.2002000000 -7.5165310000 0.8402120000
10431.0996100000 -7.5218260000 0.8384660000
10432.0000000000 -7.5272770000 0.8367180000
10432.9003900000 -7.5328800000 0.8349710000
10433.7998100000 -7.5386360000 0.8332270000
10434.5996100000 -7.5438940000 0.8316760000
10435.5000000000 -7.5499690000 0.8299310000
10436.4003900000 -7.5562190000 0.8281880000
10437.2998100000 -7.5626430000 0.8264470000
10438.0996100000 -7.5685140000 0.8248980000
10439.0000000000 -7.5753040000 0.8231560000
10439.9003900000 -7.5822930000 0.8214160000
10440.7998100000 -7.5894830000 0.8196770000
10441.7002000000 -7.5968960000 0.8179380000
10442.5000000000 -7.6036720000 0.8163930000
10443.4003900000 -7.6115160000 0.8146550000
10444.2998100000 -7.6195950000 0.8129200000
10445.2002000000 -7.6279330000 0.8111840000
10446.0996100000 -7.6365260000 0.8094490000
10446.9003900000 -7.6444110000 0.8079060000
10447.7998100000 -7.6535320000 0.8061730000
10448.7002000000 -7.6629620000 0.8044400000
10449.5996100000 -7.6726950000 0.8027100000
10450.5000000000 -7.6827670000 0.8009770000
10451.2998100000 -7.6920080000 0.7994380000
10452.2002000000 -7.7027460000 0.7977080000
10453.0996100000 -7.7138510000 0.7959800000
10454.0000000000 -7.7253810000 0.7942500000
10454.9003900000 -7.7373210000 0.7925210000
10455.7998100000 -7.7496950000 0.7907950000
10456.5996100000 -7.7610860000 0.7892620000
10457.5000000000 -7.7744040000 0.7875340000
10458.4003900000 -7.7882370000 0.7858090000
10459.2998100000 -7.8026190000 0.7840860000
10460.2002000000 -7.8176170000 0.7823620000
10461.0000000000 -7.8314860000 0.7808300000
10461.9003900000 -7.8477380000 0.7791080000
10462.7998100000 -7.8647070000 0.7773890000
10463.7002000000 -7.8824860000 0.7756670000
10464.5996100000 -7.9011000000 0.7739490000
10465.5000000000 -7.9206600000 0.7722290000
10466.2998100000 -7.9388880000 0.7707010000
10467.2002000000 -7.9604280000 0.7689840000
10468.0996100000 -7.9831320000 0.7672680000
10469.0000000000 -8.0071090000 0.7655520000
10469.9003900000 -8.0327760000 0.7638350000
10470.7998100000 -8.0598370000 0.7621220000
10471.7002000000 -8.0887920000 0.7604060000
10472.5000000000 -8.1161720000 0.7588840000
10473.4003900000 -8.1491780000 0.7571720000
10474.2998100000 -8.1847510000 0.7554610000
10475.2002000000 -8.2234090000 0.7537480000
10476.0996100000 -8.2654940000 0.7520390000
10477.0000000000 -8.3117760000 0.7503290000
10477.7998100000 -8.3570110000 0.7488120000
10478.7002000000 -8.4137040000 0.7471010000
10479.5996100000 -8.4777210000 0.7453950000
10480.5000000000 -8.5513780000 0.7436880000
10481.4003900000 -8.6377910000 0.7419820000
10482.2998100000 -8.7419290000 0.7402770000
10483.2002000000 -8.8729200000 0.7385720000
10484.0000000000 -9.0258460000 0.7370580000
10484.9003900000 -9.2772340000 0.7353540000
10485.7998100000 -9.7699080000 0.7336530000
10486.7002000000 -10.1457020000 2.4354880000
10487.5996100000 -9.3916250000 2.4337220000
10488.5000000000 -9.0848580000 2.4319530000
10489.4003900000 -8.8880490000 2.4301830000
10490.2998100000 -8.7427660000 2.4284190000
10491.0996100000 -8.6388970000 2.4268510000
10492.0000000000 -8.5407140000 2.4250860000
10492.9003900000 -8.4566560000 2.4233200000
10493.7998100000 -8.3832730000 2.4215570000
10494.7002000000 -8.3179000000 2.4197950000
10495.5996100000 -8.2590080000 2.4180350000
10496.5000000000 -8.2052760000 2.4162720000
10497.4003900000 -8.1558750000 2.4145120000
10498.2998100000 -8.1101710000 2.4127530000
10499.0996100000 -8.0721380000 2.4111890000
10500.0000000000 -8.0319160000 2.4094310000
10500.9003900000 -7.9940810000 2.4076720000
10501.7998100000 -7.9583820000 2.4059160000
10502.7002000000 -7.9245070000 2.4041600000
10503.5996100000 -7.8923280000 2.4024060000
10504.5000000000 -7.8615750000 2.4006480000
10505.4003900000 -7.8322030000 2.3988930000
10506.2998100000 -7.8040850000 2.3971410000
10507.0996100000 -7.7800360000 2.3955850000
10508.0000000000 -7.7538880000 2.3938300000
10508.9003900000 -7.7287170000 2.3920780000
10509.7998100000 -7.7044440000 2.3903290000
10510.7002000000 -7.6809540000 2.3885780000
10511.5996100000 -7.6582380000 2.3868310000
10512.5000000000 -7.6361950000 2.3850820000
10513.4003900000 -7.6148020000 2.3833330000
10514.2998100000 -7.5940390000 2.3815880000
10515.2002000000 -7.5738020000 2.3798390000
10516.0996100000 -7.5541430000 2.3780950000
10517.0000000000 -7.5349660000 2.3763480000
10517.7998100000 -7.5183410000 2.3748000000
10518.7002000000 -7.5000180000 2.3730540000
10519.5996100000 -7.4821600000 2.3713120000
10520.5000000000 -7.4646860000 2.3695700000
10521.4003900000 -7.4475950000 2.3678270000
10522.2998100000 -7.4308850000 2.3660880000
10523.2002000000 -7.4145030000 2.3643470000
10524.0996100000 -7.3984680000 2.3626090000
10525.0000000000 -7.3827290000 2.3608690000
10525.9003900000 -7.3672730000 2.3591290000
10526.7998100000 -7.3521360000 2.3573930000
10527.7002000000 -7.3372570000 2.3556560000
10528.5996100000 -7.3226560000 2.3539210000
10529.5000000000 -7.3082900000 2.3521850000
10530.4003900000 -7.2941660000 2.3504510000
10531.2002000000 -7.2818070000 2.3489090000
10532.0996100000 -7.2681260000 2.3471780000
10533.0000000000 -7.2546460000 2.3454440000
10533.9003900000 -7.2413730000 2.3437120000
10534.7998100000 -7.2283130000 2.3419820000
10535.7002000000 -7.2154310000 2.3402510000
10536.5996100000 -7.2027470000 2.3385230000
10537.5000000000 -7.1902160000 2.3367910000
10538.4003900000 -7.1778710000 2.3350620000
10539.2998100000 -7.1657050000 2.3333360000
10540.2002000000 -7.1536880000 2.3316090000
10541.0996100000 -7.1418390000 2.3298840000
10542.0000000000 -7.1301290000 2.3281570000
10542.9003900000 -7.1185660000 2.3264320000
10543.7998100000 -7.1071560000 2.3247090000
10544.7002000000 -7.0958600000 2.3229840000
10545.5996100000 -7.0847210000 2.3212610000
10546.5000000000 -7.0737000000 2.3195390000
10547.4003900000 -7.0628050000 2.3178180000
10548.2998100000 -7.0520430000 2.3160980000
10549.2002000000 -7.0413890000 2.3143780000
10550.0996100000 -7.0308620000 2.3126590000
10551.0000000000 -7.0204360000 2.3109400000
10551.9003900000 -7.0101080000 2.3092200000
10552.7998100000 -6.9999090000 2.3075040000
10553.7002000000 -6.9898020000 2.3057870000
10554.5996100000 -6.9798080000 2.3040720000
10555.5000000000 -6.9699010000 2.3023570000
10556.4003900000 -6.9600900000 2.3006420000
10557.2998100000 -6.9503840000 2.2989290000
10558.0996100000 -6.9418240000 2.2974060000
10559.0000000000 -6.9322780000 2.2956930000
10559.9003900000 -6.9228190000 2.2939810000
10560.7998100000 -6.9134550000 2.2922710000
10561.7002000000 -6.9041660000 2.2905600000
10562.5996100000 -6.8949670000 2.2888520000
10563.5000000000 -6.8858280000 2.2871400000
10564.4003900000 -6.8767770000 2.2854310000
10565.2998100000 -6.8678110000 2.2837250000
10566.2002000000 -6.8589110000 2.2820180000
10567.0996100000 -6.8500920000 2.2803130000
10568.0000000000 -6.8413360000 2.2786060000
10568.9003900000 -6.8326490000 2.2769000000
10569.9003900000 -6.8230770000 2.2750060000
10570.7998100000 -6.8145420000 2.2733040000
10571.7002000000 -6.8060640000 2.2716010000
10572.5996100000 -6.7976590000 2.2699000000
10573.5000000000 -6.7893080000 2.2681980000
10574.4003900000 -6.7810190000 2.2664970000
10575.2998100000 -6.7727900000 2.2647960000
10576.2002000000 -6.7646200000 2.2630960000
10577.0996100000 -6.7565180000 2.2613990000
10578.0000000000 -6.7484640000 2.2597000000
10578.9003900000 -6.7404660000 2.2580020000
10579.7998100000 -6.7325320000 2.2563070000
10580.7002000000 -6.7246430000 2.2546100000
10581.5996100000 -6.7168150000 2.2529160000
10582.5000000000 -6.7090240000 2.2512200000
10583.4003900000 -6.7012920000 2.2495250000
10584.2998100000 -6.6936180000 2.2478330000
10585.2002000000 -6.6859860000 2.2461400000
10586.0996100000 -6.6784100000 2.2444500000
10587.0000000000 -6.6708750000 2.2427580000
10587.9003900000 -6.6633860000 2.2410670000
10588.7998100000 -6.6559510000 2.2393780000
10589.7002000000 -6.6485540000 2.2376880000
10590.5996100000 -6.6412020000 2.2359990000
10591.5000000000 -6.6338940000 2.2343110000
10592.4003900000 -6.6266290000 2.2326230000
10593.2998100000 -6.6194150000 2.2309380000
10594.2002000000 -6.6122350000 2.2292520000
10595.0996100000 -6.6051040000 2.2275680000
10596.0000000000 -6.5980060000 2.2258830000
10597.0000000000 -6.5901660000 2.2240110000
10597.9003900000 -6.5831520000 2.2223270000
10598.1191400000 -6.5814570000 2.2219190000
10598.7998100000 -6.5761840000 2.2206460000
10599.7002000000 -6.5692480000 2.2189640000
10600.5996100000 -6.5623560000 2.2172840000
10601.5000000000 -6.5554940000 2.2156040000
10602.4003900000 -6.5486620000 2.2139220000
10603.2998100000 -6.5418800000 2.2122440000
10604.2002000000 -6.5351260000 2.2105650000
10605.0996100000 -6.5284150000 2.2088880000
10606.0000000000 -6.5217310000 2.2072110000
10606.9003900000 -6.5150820000 2.2055340000
10607.7998100000 -6.5084730000 2.2038590000
10608.7002000000 -6.5018900000 2.2021840000
10609.5996100000 -6.4953400000 2.2005090000
10610.5996100000 -6.4881070000 2.1986500000
10611.5000000000 -6.4816250000 2.1969780000
10612.4003900000 -6.4751740000 2.1953050000
10613.2998100000 -6.4687610000 2.1936340000
10614.2002000000 -6.4623660000 2.1919610000
10615.0996100000 -6.4560140000 2.1902920000
10805.3388700000 -5.4886790000 1.8517030000
11016.6103500000 -4.7964510000 1.5070690000
11232.0127000000 -4.2680610000 1.1862130000
11451.6259800000 -3.8373260000 0.8875270000
11675.5341800000 -3.2095930000 0.5984710000
11903.8203100000 -2.8764170000 0.2851190000
12136.5693400000 -2.5861990000 9.9844890000
12373.8701200000 -2.3306890000 9.6959880000
12615.8105500000 -2.1037550000 9.4190780000
12862.4814500000 -1.9006400000 9.1532730000
13113.9746100000 -1.5774490000 8.8828110000
13370.3857400000 -1.4037900000 8.6082570000
13631.8105500000 -1.2484830000 8.3405900000
13898.3466800000 -1.1349380000 8.0845170000
14170.0937500000 -1.0123980000 7.8356720000
14447.1543000000 -0.9027170000 7.5938630000
14729.6328100000 -0.8046620000 7.3589140000
15017.6337900000 -0.7171550000 7.1306530000
15311.2666000000 -0.6392460000 6.9089070000
15610.6396500000 -0.5700940000 6.6935130000
15915.8671900000 -0.5089520000 6.4843080000
16227.0615200000 -0.4551480000 6.2811310000
16544.3418000000 -0.4080800000 6.0838270000
16867.8242200000 -0.3672050000 5.8922460000
17197.6328100000 -0.3320300000 5.7062350000
17533.8906300000 -0.3021070000 5.5256520000
17876.7207000000 -0.2770300000 5.3503530000
18226.2558600000 -0.2588910000 5.1804520000
18582.6250000000 -0.2424260000 5.0155700000
18945.9628900000 -0.2297580000 4.8555630000
19316.4023400000 -0.2206020000 4.7003020000
19694.0878900000 -0.2146950000 4.5496560000
20079.1562500000 -0.2154220000 4.4036250000
20471.7539100000 -0.2153460000 4.2622310000
20872.0273400000 -0.2178140000 4.1250910000
21280.1289100000 -0.2235480000 3.9921570000
21696.2070300000 -0.2305730000 3.8632720000
22120.4238300000 -0.2396100000 3.7382970000
22552.9335900000 -0.2505110000 3.6171240000
22993.8984400000 -0.2631380000 3.4996440000
23443.4882800000 -0.2773670000 3.3857520000
23901.8671900000 -0.2930800000 3.2753480000
24369.2070300000 -0.3101740000 3.1683310000
24845.6875000000 -0.3287520000 3.0646050000
25331.4824200000 -0.3483220000 2.9640780000
25826.7753900000 -0.3690070000 2.8666550000
26331.7539100000 -0.3907360000 2.7722470000
26846.6054700000 -0.4133460000 2.6809600000
27371.5234400000 -0.4365660000 2.5930120000
27906.7070300000 -0.4605550000 2.5078320000
28452.3515600000 -0.4852620000 2.4253380000
29008.6660200000 -0.5106440000 2.3454460000
29575.8593800000 -0.5366630000 2.2680790000
30154.1406300000 -0.5632880000 2.1931610000
30743.7304700000 -0.5904920000 2.1206160000
31344.8476600000 -0.6182530000 2.0503730000
31957.7168000000 -0.6465580000 1.9823620000
32582.5703100000 -0.6754450000 1.9165150000
33219.6406300000 -0.7048140000 1.8527670000
33869.1679700000 -0.7347530000 1.7910520000
34531.3945300000 -0.7652000000 1.7313090000
35206.5703100000 -0.7962070000 1.6734780000
35894.9492200000 -0.8277960000 1.6174980000
36596.7851600000 -0.8599980000 1.5633140000
37312.3437500000 -0.8928560000 1.5108700000
38041.8906300000 -0.9264180000 1.4601120000
38785.7070300000 -0.9613420000 1.4109900000
39544.0625000000 -0.9965100000 1.3634840000
40317.2500000000 -1.0326190000 1.3175140000
41105.5546900000 -1.0697650000 1.2730310000
41909.2695300000 -1.1088370000 1.2299960000
42728.6992200000 -1.1484700000 1.1883690000
43564.1523400000 -1.1907680000 1.1481190000
44415.9414100000 -1.2336250000 1.1092220000
45284.3867200000 -1.2784600000 1.0715930000
46169.8085900000 -1.3270270000 1.0352590000
47072.5429700000 -1.3778480000 1.0001500000
47992.9296900000 -1.4309380000 0.9661980000
48931.3125000000 -1.4878730000 0.9333610000
49888.0429700000 -1.5494690000 0.9016050000
50863.4765600000 -1.6167990000 0.8708930000
51857.9843800000 -1.6908510000 0.8411860000
52871.9375000000 -1.7745360000 0.8124550000
53905.7187500000 -1.8702800000 0.7846720000
54959.7109400000 -1.9824230000 0.7578070000
56034.3085900000 -2.1179400000 0.7318300000
57129.9218800000 -2.2890570000 0.7067120000
57426.6992200000 -2.3435130000 0.7001340000
57453.3984400000 -2.3486240000 0.6995460000
57480.0000000000 -2.3537520000 0.6989620000
57506.6992200000 -2.3589370000 0.6983760000
57533.3007800000 -2.3641410000 0.6977930000
57560.0000000000 -2.3694030000 0.6972090000
57586.8007800000 -2.3747230000 0.6966230000
57613.5000000000 -2.3800640000 0.6960400000
57640.3007800000 -2.3854660000 0.6954560000
57667.1015600000 -2.3909100000 0.6948720000
57694.0000000000 -2.3964150000 0.6942870000
57720.8007800000 -2.4019440000 0.6937050000
57747.6992200000 -2.4075350000 0.6931220000
57774.6015600000 -2.4131720000 0.6925390000
57801.6015600000 -2.4188750000 0.6919550000
57828.5000000000 -2.4246020000 0.6913740000
57855.5000000000 -2.4303980000 0.6907910000
57882.5000000000 -2.4362410000 0.6902090000
57909.5000000000 -2.4421330000 0.6896280000
57936.6015600000 -2.4480960000 0.6890450000
57963.6992200000 -2.4541080000 0.6884640000
57990.8007800000 -2.4601730000 0.6878820000
58017.8984400000 -2.4662890000 0.6873020000
58045.1015600000 -2.4724820000 0.6867200000
58072.3007800000 -2.4787280000 0.6861390000
58099.5000000000 -2.4850300000 0.6855590000
58126.6992200000 -2.4913870000 0.6849800000
58154.0000000000 -2.4978260000 0.6843990000
58181.3007800000 -2.5043240000 0.6838190000
58208.6015600000 -2.5108810000 0.6832390000
58236.0000000000 -2.5175230000 0.6826580000
58246.9531300000 -2.5201950000 0.6824260000
58263.3007800000 -2.5242030000 0.6820800000
58290.6992200000 -2.5309700000 0.6815010000
58318.1015600000 -2.5378020000 0.6809230000
58345.6015600000 -2.5447260000 0.6803430000
58373.0000000000 -2.5516920000 0.6797660000
58400.5000000000 -2.5587510000 0.6791870000
58428.1015600000 -2.5659070000 0.6786080000
58455.6015600000 -2.5731090000 0.6780310000
58483.1992200000 -2.5804100000 0.6774520000
58510.8007800000 -2.5877870000 0.6768750000
58538.3984400000 -2.5952400000 0.6762980000
58566.1015600000 -2.6027990000 0.6757200000
58593.6992200000 -2.6104100000 0.6751450000
58621.3984400000 -2.6181310000 0.6745680000
58649.1992200000 -2.6259640000 0.6739900000
58676.8984400000 -2.6338540000 0.6734150000
58704.6992200000 -2.6418610000 0.6728390000
58732.5000000000 -2.6499570000 0.6722630000
58760.3984400000 -2.6581760000 0.6716860000
58788.1992200000 -2.6664590000 0.6711120000
58816.1015600000 -2.6748690000 0.6705360000
58844.0000000000 -2.6833780000 0.6699610000
58872.0000000000 -2.6920190000 0.6693850000
58899.8984400000 -2.7007320000 0.6688120000
58927.8984400000 -2.7095840000 0.6682380000
58955.8984400000 -2.7185450000 0.6676640000
58984.0000000000 -2.7276530000 0.6670890000
59012.1015600000 -2.7368750000 0.6665140000
59040.1992200000 -2.7462150000 0.6659410000
59068.3007800000 -2.7556780000 0.6653680000
59096.3984400000 -2.7652640000 0.6647960000
59124.6015600000 -2.7750160000 0.6642220000
59152.8007800000 -2.7848980000 0.6636490000
59181.1015600000 -2.7949530000 0.6630750000
59209.3007800000 -2.8051100000 0.6625040000
59237.6015600000 -2.8154490000 0.6619320000
59265.8984400000 -2.8259350000 0.6613600000
59294.3007800000 -2.8366130000 0.6607870000
59322.6992200000 -2.8474480000 0.6602150000
59351.1015600000 -2.8584470000 0.6596430000
59379.5000000000 -2.8696120000 0.6590730000
59385.8281300000 -2.8721240000 0.6589460000
59407.8984400000 -2.8809490000 0.6585030000
59436.3984400000 -2.8925060000 0.6579320000
59464.8984400000 -2.9042470000 0.6573610000
59493.3984400000 -2.9161780000 0.6567910000
59522.0000000000 -2.9283500000 0.6562200000
59550.6015600000 -2.9407270000 0.6556500000
59579.1992200000 -2.9533120000 0.6550810000
59607.8984400000 -2.9661610000 0.6545100000
59636.5000000000 -2.9791920000 0.6539420000
59665.1992200000 -2.9925010000 0.6533730000
59694.0000000000 -3.0061040000 0.6528020000
59722.6992200000 -3.0199090000 0.6522350000
59751.5000000000 -3.0340270000 0.6516660000
59780.3007800000 -3.0484180000 0.6510980000
59809.1015600000 -3.0630920000 0.6505300000
59838.0000000000 -3.0781130000 0.6499610000
59866.8984400000 -3.0934400000 0.6493940000
59895.8007800000 -3.1090920000 0.6488260000
59924.8007800000 -3.1251310000 0.6482580000
59953.6992200000 -3.1414640000 0.6476920000
59982.6992200000 -3.1582170000 0.6471260000
60011.8007800000 -3.1754150000 0.6465580000
60040.8007800000 -3.1929500000 0.6459920000
60069.8984400000 -3.2109640000 0.6454260000
60099.1015600000 -3.2294880000 0.6448580000
60128.1992200000 -3.2484060000 0.6442930000
60157.3984400000 -3.2678770000 0.6437270000
60186.6015600000 -3.2878620000 0.6431610000
60215.8007800000 -3.3083870000 0.6425960000
60245.1015600000 -3.3295530000 0.6420310000
60274.3984400000 -3.3513210000 0.6414650000
60303.6992200000 -3.3737290000 0.6409010000
60333.0000000000 -3.3968140000 0.6403370000
60362.3984400000 -3.4206970000 0.6397730000
60391.8007800000 -3.4453460000 0.6392090000
60421.1992200000 -3.4708110000 0.6386450000
60450.6992200000 -3.4972360000 0.6380810000
60480.1992200000 -3.5245970000 0.6375170000
60509.6992200000 -3.5529640000 0.6369540000
60539.1992200000 -3.5824040000 0.6363920000
60546.9687500000 -3.5903480000 0.6362440000
60568.8007800000 -3.6131110000 0.6358290000
60598.3984400000 -3.6450740000 0.6352660000
60628.0000000000 -3.6784020000 0.6347040000
60657.6992200000 -3.7133360000 0.6341410000
60687.3984400000 -3.7498940000 0.6335790000
60717.1015600000 -3.7882440000 0.6330180000
60746.8984400000 -3.8286840000 0.6324550000
60776.6015600000 -3.8711650000 0.6318950000
60806.3984400000 -3.9162070000 0.6313340000
60836.3007800000 -3.9641210000 0.6307720000
60866.1015600000 -4.0149280000 0.6302120000
60896.0000000000 -4.0693740000 0.6296510000
60926.0000000000 -4.1279930000 0.6290900000
60955.8984400000 -4.1910090000 0.6285300000
60985.8984400000 -4.2596080000 0.6279700000
61015.8984400000 -4.3345810000 0.6274110000
61046.0000000000 -4.4174810000 0.6268500000
61076.0000000000 -4.5094550000 0.6262920000
61106.1015600000 -4.6134900000 0.6257330000
61136.3007800000 -4.7330720000 0.6251720000
61166.3984400000 -4.8725200000 0.6246150000
61196.6015600000 -5.0410210000 0.6240560000
61226.8007800000 -5.2525940000 0.6234980000
61257.1015600000 -5.5379610000 0.6229390000
61287.3984400000 -5.9737780000 0.6223810000
61317.6992200000 -6.9262950000 0.6218230000
61348.0000000000 -6.8682060000 3.2998240000
61378.3984400000 -5.9457090000 3.2973380000
61408.8007800000 -5.5104210000 3.2948530000
61439.1992200000 -5.2220780000 3.2923720000
61469.6992200000 -5.0051530000 3.2898840000
61500.1992200000 -4.8314940000 3.2873990000
61530.6992200000 -4.6865530000 3.2849170000
61561.1992200000 -4.5621260000 3.2824370000
61591.8007800000 -4.4527160000 3.2799510000
61622.3984400000 -4.3553360000 3.2774680000
61653.1015600000 -4.2672740000 3.2749800000
61683.8007800000 -4.1871420000 3.2724940000
61714.5000000000 -4.1135870000 3.2700100000
61730.8125000000 -4.0768290000 3.2686920000
61745.1992200000 -4.0456060000 3.2675290000
61776.0000000000 -3.9822030000 3.2650430000
61806.8007800000 -3.9229650000 3.2625590000
61837.6015600000 -3.8673710000 3.2600770000
61868.3984400000 -3.8149980000 3.2575990000
61899.3007800000 -3.7653140000 3.2551150000
61930.1992200000 -3.7182090000 3.2526330000
61961.1992200000 -3.6732730000 3.2501450000
61992.1992200000 -3.6304490000 3.2476610000
62023.1992200000 -3.5895360000 3.2451780000
62054.1992200000 -3.5503770000 3.2426990000
62085.3007800000 -3.5126970000 3.2402140000
62116.3984400000 -3.4765060000 3.2377310000
62147.5000000000 -3.4416790000 3.2352510000
62178.6992200000 -3.4080160000 3.2327660000
62209.8984400000 -3.3755360000 3.2302830000
62241.1015600000 -3.3441590000 3.2278030000
62272.3984400000 -3.3137160000 3.2253170000
62303.6992200000 -3.2842420000 3.2228340000
62335.0000000000 -3.2556750000 3.2203540000
62366.3984400000 -3.2278740000 3.2178680000
62397.8007800000 -3.2008770000 3.2153840000
62429.1992200000 -3.1746450000 3.2129040000
62460.6015600000 -3.1491270000 3.2104260000
62492.1015600000 -3.1242160000 3.2079420000
62523.6015600000 -3.0999490000 3.2054610000
62555.1992200000 -3.0762260000 3.2029750000
62586.6992200000 -3.0531600000 3.2005000000
62618.3984400000 -3.0305110000 3.1980110000
62650.0000000000 -3.0084610000 3.1955320000
62681.6992200000 -2.9868560000 3.1930490000
62713.3984400000 -2.9657350000 3.1905680000
62745.1015600000 -2.9450770000 3.1880890000
62776.8984400000 -2.9248070000 3.1856060000
62808.6992200000 -2.9049600000 3.1831240000
62840.5000000000 -2.8855270000 3.1806460000
62872.3984400000 -2.8664280000 3.1781620000
62904.3007800000 -2.8477080000 3.1756810000
62936.1992200000 -2.8293550000 3.1732030000
62937.8046900000 -2.8284410000 3.1730780000
62968.1992200000 -2.8112970000 3.1707190000
63000.1992200000 -2.7935800000 3.1682380000
63032.1992200000 -2.7761880000 3.1657600000
63064.3007800000 -2.7590600000 3.1632760000
63096.3984400000 -2.7422400000 3.1607950000
63128.5000000000 -2.7257110000 3.1583160000
63160.6015600000 -2.7094690000 3.1558410000
63192.8007800000 -2.6934530000 3.1533600000
63225.1015600000 -2.6776570000 3.1508740000
63257.3007800000 -2.6621690000 3.1483980000
63289.6015600000 -2.6468840000 3.1459180000
63321.8984400000 -2.6318440000 3.1434400000
63354.3007800000 -2.6169920000 3.1409570000
63386.6992200000 -2.6023740000 3.1384760000
63419.1015600000 -2.5879770000 3.1359980000
63451.6015600000 -2.5737530000 3.1335150000
63484.0000000000 -2.5597850000 3.1310430000
63516.6015600000 -2.5459360000 3.1285580000
63549.1015600000 -2.5323290000 3.1260830000
63581.6992200000 -2.5188760000 3.1236030000
63614.3007800000 -2.5056120000 3.1211260000
63647.0000000000 -2.4924920000 3.1186440000
63679.6992200000 -2.4795530000 3.1161640000
63712.3984400000 -2.4667890000 3.1136870000
63745.1992200000 -2.4541570000 3.1112050000
63778.0000000000 -2.4416930000 3.1087260000
63810.8007800000 -2.4293920000 3.1062490000
63843.6015600000 -2.4172500000 3.1037760000
63876.5000000000 -2.4052280000 3.1012970000
63909.5000000000 -2.3933200000 3.0988130000
63942.3984400000 -2.3815980000 3.0963400000
63975.3984400000 -2.3699850000 3.0938610000
64008.3984400000 -2.3585140000 3.0913860000
64041.5000000000 -2.3471490000 3.0889050000
64074.6015600000 -2.3359170000 3.0864270000
64107.6992200000 -2.3248210000 3.0839520000
64140.8984400000 -2.3138200000 3.0814720000
64168.3984400000 -2.3048070000 3.0794200000
64174.1015600000 -2.3029470000 3.0789950000
64207.3007800000 -2.2922010000 3.0765200000
64240.6015600000 -2.2815430000 3.0740410000
64273.8984400000 -2.2710080000 3.0715640000
64307.1992200000 -2.2605880000 3.0690900000
64340.6015600000 -2.2502510000 3.0666110000
64374.0000000000 -2.2400320000 3.0641350000
64407.5000000000 -2.2298910000 3.0616540000
64440.8984400000 -2.2198910000 3.0591840000
64474.3984400000 -2.2099650000 3.0567080000
64508.0000000000 -2.2001140000 3.0542280000
64541.6015600000 -2.1903680000 3.0517500000
64575.1992200000 -2.1807230000 3.0492750000
64608.8007800000 -2.1711780000 3.0468030000
64642.5000000000 -2.1617020000 3.0443270000
64676.1992200000 -2.1523220000 3.0418520000
64710.0000000000 -2.1430090000 3.0393740000
64743.8007800000 -2.1337890000 3.0368980000
64777.6015600000 -2.1246570000 3.0344240000
64811.5000000000 -2.1155910000 3.0319470000
64845.3984400000 -2.1066130000 3.0294720000
64879.3007800000 -2.0977190000 3.0269990000
64913.3007800000 -2.0888870000 3.0245220000
64947.3007800000 -2.0801370000 3.0220480000
64981.3007800000 -2.0714710000 3.0195760000
65015.3984400000 -2.0628620000 3.0171000000
65049.5000000000 -2.0543300000 3.0146270000
65083.6015600000 -2.0458770000 3.0121560000
65117.8007800000 -2.0374790000 3.0096810000
65152.0000000000 -2.0291550000 3.0072080000
65186.3007800000 -2.0208830000 3.0047310000
65220.6015600000 -2.0126850000 3.0022560000
65254.8984400000 -2.0045620000 2.9997850000
65289.3007800000 -1.9964850000 2.9973090000
65323.6992200000 -1.9884800000 2.9948360000
65358.1015600000 -1.9805440000 2.9923650000
65392.6015600000 -1.9726550000 2.9898900000
65423.0507800000 -1.9657480000 2.9877080000
65427.1015600000 -1.9648330000 2.9874180000
65461.6015600000 -1.9570790000 2.9849480000
65496.1992200000 -1.9493680000 2.9824750000
65530.8007800000 -1.9417220000 2.9800030000
65565.5000000000 -1.9341190000 2.9775280000
65600.2031300000 -1.9265770000 2.9750550000
65634.8984400000 -1.9191020000 2.9725850000
65669.7031300000 -1.9116630000 2.9701100000
65704.5000000000 -1.9042870000 2.9676390000
65739.2968800000 -1.8969720000 2.9651700000
65774.2031300000 -1.8896930000 2.9626970000
65809.1015600000 -1.8824730000 2.9602260000
65844.0000000000 -1.8753120000 2.9577580000
65879.0000000000 -1.8681880000 2.9552870000
65914.1015600000 -1.8610980000 2.9528100000
65949.1015600000 -1.8540850000 2.9503430000
66702.2343800000 -1.7152810000 2.8979310000
68006.4296900000 -1.5178380000 2.8100760000
69336.1250000000 -1.3561320000 2.7241310000
70691.8203100000 -1.2203780000 2.6400830000
72074.0234400000 -1.1044670000 2.5579160000
73483.2500000000 -1.0043090000 2.4776150000
74920.0312500000 -0.9170200000 2.3991650000
76384.9062500000 -0.8404830000 2.3225480000
77878.4218800000 -0.7730940000 2.2477470000
79401.1406300000 -0.7136050000 2.1747430000
80953.6328100000 -0.6763020000 2.1059620000
82536.4765600000 -0.6300820000 2.0398110000
84150.2734400000 -0.5888460000 1.9755540000
85795.6250000000 -0.5520260000 1.9131430000
87473.1406300000 -0.5191430000 1.8525300000
89183.4609400000 -0.4897850000 1.7936690000
90927.2187500000 -0.4635980000 1.7365140000
92705.0781300000 -0.4402720000 1.6810230000
94517.6953100000 -0.4195390000 1.6271510000
96365.7500000000 -0.4011580000 1.5748560000
98249.9453100000 -0.3849180000 1.5240970000
100170.9766000000 -0.3706320000 1.4748340000
102129.5703000000 -0.3581290000 1.4270270000
104126.4609000000 -0.3472590000 1.3806380000
106162.3906000000 -0.3378850000 1.3356300000
108238.1328000000 -0.3298820000 1.2919640000
110354.4609000000 -0.3231380000 1.2496070000
112512.1641000000 -0.3175510000 1.2085220000
114712.0547000000 -0.3130270000 1.1686750000
116954.9688000000 -0.3094820000 1.1300320000
119241.7266000000 -0.3068350000 1.0925620000
121573.2031000000 -0.3050160000 1.0562320000
123950.2656000000 -0.3096250000 1.0213360000
126373.8047000000 -0.3093360000 0.9878060000
128844.7266000000 -0.3096390000 0.9553350000
131363.9688000000 -0.3104820000 0.9238900000
133932.4531000000 -0.3118180000 0.8934400000
136551.1719000000 -0.3136030000 0.8639540000
139221.0938000000 -0.3157970000 0.8354050000
141943.2188000000 -0.3183620000 0.8077630000
144718.5625000000 -0.3212640000 0.7810000000
147548.1719000000 -0.3244700000 0.7550900000
150433.1094000000 -0.3279510000 0.7300060000
153374.4531000000 -0.3316800000 0.7057240000
156373.2969000000 -0.3356300000 0.6822180000
159430.7969000000 -0.3397800000 0.6594650000
162548.0625000000 -0.3441050000 0.6374430000
165726.2813000000 -0.3485870000 0.6161270000
168966.6406000000 -0.3532060000 0.5954970000
172270.3750000000 -0.3579450000 0.5755320000
175638.6875000000 -0.3627890000 0.5562100000
179072.8594000000 -0.3677210000 0.5375120000
182574.1875000000 -0.3727280000 0.5194190000
186143.9688000000 -0.3777970000 0.5019120000
189783.5469000000 -0.3829160000 0.4849730000
193494.2969000000 -0.3880750000 0.4685830000
197277.5938000000 -0.3932620000 0.4527260000
201134.8594000000 -0.3984690000 0.4373860000
205067.5469000000 -0.4036870000 0.4225460000
209077.1406000000 -0.4089080000 0.4081900000
213165.1250000000 -0.4141240000 0.3943040000
217333.0313000000 -0.4193290000 0.3808720000
221582.4375000000 -0.4245160000 0.3678810000
225914.9219000000 -0.4296800000 0.3553160000
230332.1250000000 -0.4348150000 0.3431640000
234835.7031000000 -0.4399170000 0.3314120000
239427.3281000000 -0.4449800000 0.3200470000
244108.7344000000 -0.4500020000 0.3090580000
248881.6719000000 -0.4549770000 0.2984320000
253747.9219000000 -0.4599040000 0.2881570000
258709.3281000000 -0.4647790000 0.2782230000
263767.7500000000 -0.4696010000 0.2686190000
268925.0625000000 -0.4808330000 0.2595640000
274183.2188000000 -0.4855000000 0.2509610000
279544.1875000000 -0.4900880000 0.2426490000
285010.0000000000 -0.4945960000 0.2346180000
290582.6563000000 -0.4990230000 0.2268600000
296264.2500000000 -0.5033700000 0.2193630000
302056.9688000000 -0.5076360000 0.2121200000
307962.9375000000 -0.5118210000 0.2051220000
313984.3750000000 -0.5159240000 0.1983590000
320123.5625000000 -0.5199470000 0.1918250000
326382.7813000000 -0.5238890000 0.1855110000
332764.3750000000 -0.5277510000 0.1794090000
339270.7500000000 -0.5315330000 0.1735130000
345904.3438000000 -0.5352350000 0.1678150000
352667.6563000000 -0.5388590000 0.1623090000
359563.1875000000 -0.5424050000 0.1569880000
366593.5625000000 -0.5458740000 0.1518450000
373761.3750000000 -0.5492660000 0.1468750000
381069.3438000000 -0.5525830000 0.1420710000
388520.2188000000 -0.5558250000 0.1374290000
396116.7500000000 -0.5589930000 0.1329410000
403861.8125000000 -0.5620890000 0.1286040000
411758.3438000000 -0.5651130000 0.1244120000
419809.2500000000 -0.5680660000 0.1203600000
428017.5625000000 -0.5709500000 0.1164430000
436386.3750000000 -0.5737650000 0.1126570000
444918.8125000000 -0.5765130000 0.1089970000
453618.0938000000 -0.5791950000 0.1054590000
462487.4688000000 -0.5818120000 0.1020390000
471530.2500000000 -0.5843650000 0.0987320000
480749.8438000000 -0.5868550000 0.0955360000
490149.7188000000 -0.5892830000 0.0924460000
499733.3750000000 -0.5916510000 0.0894580000
509504.4063000000 -0.5939590000 0.0865700000
519466.5000000000 -0.5962100000 0.0837770000
529623.3750000000 -0.5984030000 0.0810770000
539978.8125000000 -0.6005410000 0.0784660000
550536.7500000000 -0.6026240000 0.0759410000
561301.1250000000 -0.6046530000 0.0735000000
572276.0000000000 -0.6066300000 0.0711400000
583465.4375000000 -0.6085550000 0.0688580000
594873.6250000000 -0.6104300000 0.0666510000
606504.8750000000 -0.6122560000 0.0645160000
618363.5625000000 -0.6140350000 0.0624520000
630454.1250000000 -0.6157660000 0.0604560000
642781.1250000000 -0.6174510000 0.0585260000
655349.0625000000 -0.6190910000 0.0566590000
668162.8125000000 -0.6206870000 0.0548530000
681227.0625000000 -0.6222410000 0.0531070000
694546.7500000000 -0.6237520000 0.0514170000
