30.0000000000 -65.5877150000 3.7888620000
30.5865750000 -65.6471180000 3.7336900000
31.1846200000 -65.7289660000 3.6775590000
31.7943570000 -65.8370130000 3.6205920000
32.4160160000 -65.9764710000 3.5629200000
33.0498310000 -66.1546630000 3.5046780000
33.6960370000 -66.3821950000 3.4460030000
34.3548770000 -66.6749270000 3.3870390000
35.0266040000 -67.0577160000 3.3279300000
35.7114600000 -67.5718690000 3.2688260000
36.4097100000 -77.6317520000 9.9585800000
37.1216090000 -68.0120770000 9.4599490000
37.8474310000 -66.3852460000 8.9947490000
38.5874440000 -65.4670330000 8.5604400000
39.3419230000 -64.8698960000 8.1547240000
40.1111560000 -64.4676590000 7.7755150000
40.8954320000 -64.2040410000 7.4209300000
41.6950380000 -64.0512850000 7.0892640000
42.5102810000 -63.9974330000 6.7789690000
43.3414650000 -64.0427470000 6.4886570000
44.1888960000 -64.2014690000 6.2170700000
45.0529020000 -66.3692020000 9.3890070000
45.9338000000 -64.0521770000 8.9676520000
46.8319210000 -63.2447700000 8.5726490000
47.7476010000 -62.7540320000 8.2025230000
48.6811870000 -62.4198070000 7.8559260000
49.6330260000 -62.1841390000 7.5316390000
50.6034740000 -62.0184820000 7.2285560000
51.5928990000 -61.9062460000 6.9456800000
52.6016690000 -61.8367770000 6.6821150000
53.6301650000 -61.8027380000 6.4370610000
54.6787680000 -61.7988510000 6.2098130000
55.7478750000 -61.8211750000 5.9997500000
56.8378870000 -61.8667140000 5.8063370000
57.9492070000 -61.9331550000 5.6291240000
59.0822600000 -62.0186960000 5.4677370000
60.2374690000 -62.1219440000 5.3218870000
61.4152600000 -62.2418400000 5.1913610000
62.6160810000 -62.3775520000 5.0760300000
63.8403850000 -62.5285570000 4.9758440000
65.0886230000 -62.6944920000 4.8908400000
66.3612670000 -62.8752170000 4.8211410000
67.6587980000 -63.0708160000 4.7669620000
68.9816970000 -63.2816510000 4.7286170000
70.3304600000 -63.5084720000 4.7065210000
71.7055970000 -63.7634390000 4.7556220000
73.1076200000 -63.9915540000 4.7696530000
74.5370640000 -64.2452770000 4.8019270000
75.9944460000 -64.5171590000 4.8533640000
77.4803310000 -64.8061370000 4.9250420000
78.9952620000 -65.1123050000 5.0182140000
80.5398180000 -65.4361110000 5.1343250000
82.1145710000 -65.7781980000 5.2750330000
83.7201160000 -66.1393740000 5.4422370000
85.3570560000 -66.5205540000 5.6381020000
87.0260010000 -66.9227680000 5.8650940000
88.7275770000 -67.3471300000 6.1260170000
90.4624250000 -67.7948680000 6.4240520000
92.2311940000 -68.2672730000 6.7628140000
94.0345380000 -68.7657390000 7.1463980000
95.8731540000 -69.2917330000 7.5794540000
97.7477110000 -69.8467940000 8.0672510000
99.6589200000 -70.4325330000 8.6157660000
101.6075060000 -63.9197540000 8.9188380000
103.5941850000 -63.9202120000 9.1684870000
105.6197130000 -63.9117850000 9.4259360000
107.6848450000 -64.1782990000 9.6934060000
109.7903520000 -64.1417690000 9.9732610000
111.9370270000 -64.0954060000 0.2591820000
114.1256790000 -64.0389250000 0.5507790000
116.3571170000 -63.9720460000 0.8476430000
118.6321950000 -63.8945050000 1.1493500000
120.9517520000 -63.8060490000 1.4554610000
123.3166580000 -63.7064590000 1.7655210000
125.7278060000 -63.5955280000 2.0790600000
128.1860960000 -63.4730720000 2.3955960000
130.6924590000 -63.3389280000 2.7146300000
133.2478330000 -63.1929630000 3.0356530000
135.8531490000 -63.0350760000 3.3581360000
138.5094300000 -62.8651770000 3.6815470000
141.2176360000 -62.6832280000 4.0053400000
143.9787900000 -62.4892040000 4.3289540000
146.7939300000 -62.2496530000 4.6510730000
149.6641240000 -62.0313420000 4.9708310000
152.5904390000 -61.8011890000 5.2886800000
155.5739590000 -61.5593300000 5.6040300000
158.6158140000 -61.3059500000 5.9162890000
161.7171480000 -61.0412830000 6.2248690000
164.8791350000 -60.7656100000 6.5291750000
168.1029360000 -60.4792820000 6.8286110000
171.3897710000 -60.1827160000 7.1225850000
174.7408600000 -59.8764040000 7.4105130000
178.1574860000 -59.5609170000 7.6918070000
181.6409150000 -59.2574810000 7.9665340000
185.1924440000 -58.9256740000 8.2339290000
188.8134160000 -58.5871050000 8.4929700000
192.5051880000 -58.2429120000 8.7431140000
196.2691500000 -57.8944890000 8.9838350000
200.1067050000 -57.5435640000 9.2146130000
204.0192870000 -57.1923260000 9.4349500000
208.0083770000 -56.8436090000 9.6443690000
212.0754700000 -56.5012510000 9.8424090000
216.2220760000 -56.1706280000 0.0286330000
220.4497530000 -55.8597030000 0.2026250000
224.7601010000 -55.5810130000 0.3639950000
229.1547240000 -55.3560100000 0.5123810000
233.6352690000 -55.0103760000 1.8007320000
238.2034300000 -54.3776930000 1.9324300000
242.8609010000 -54.1446910000 2.8838270000
247.6094360000 -53.1803780000 2.9919950000
252.4508210000 -52.4544790000 3.0863720000
257.3868710000 -51.7940860000 3.1667840000
262.4194340000 -51.1667180000 3.2330880000
267.5503850000 -50.5599860000 3.2851720000
272.7816770000 -49.9679410000 3.3229600000
278.1152340000 -49.3874360000 3.3464130000
283.5530700000 -48.8167500000 3.3555180000
289.0972600000 -48.2718700000 3.3510680000
294.7498170000 -47.7190700000 3.3325370000
300.5129390000 -47.1747470000 3.2998810000
306.3887020000 -46.6391300000 3.2532310000
312.3793640000 -46.1126330000 3.1927470000
318.4871830000 -45.5958370000 3.1186240000
324.7143860000 -45.0894850000 3.0310860000
331.0633850000 -44.5944630000 2.9303910000
337.5364990000 -44.1118320000 2.8168280000
344.1361690000 -43.6428760000 2.6907140000
350.8648990000 -43.1891370000 2.5523950000
357.7251890000 -42.7525440000 2.4022450000
364.7196040000 -42.3355830000 2.2406650000
371.8508000000 -41.9415510000 2.0680790000
379.1213990000 -41.5750810000 1.8849350000
386.5341800000 -41.2429960000 1.6917040000
394.0918880000 -40.9560590000 1.4888760000
401.7973630000 -40.7326390000 1.2769660000
409.6535340000 -40.6340750000 2.4411910000
417.6632690000 -39.8368190000 2.2295380000
425.8296200000 -39.2504690000 2.0101180000
434.1556700000 -38.7458310000 1.7834870000
442.6445010000 -38.2925070000 1.5502110000
451.2993160000 -37.8802760000 1.3108630000
460.1233520000 -37.5071750000 1.0660310000
469.1199040000 -37.2339320000 1.1628800000
478.2923890000 -38.8673320000 0.9768790000
487.6441960000 -38.4463010000 0.7887190000
497.1788640000 -38.0605470000 0.5964970000
506.8999330000 -37.7004240000 0.4006600000
516.8110960000 -37.3627240000 0.2016680000
526.9160770000 -37.0466650000 9.9999710000
537.2185670000 -36.7530400000 9.7960380000
547.7225340000 -36.4842800000 9.5903220000
558.4318850000 -36.2453730000 9.3832890000
569.3506470000 -36.1980900000 9.7054860000
580.4828490000 -35.6894990000 9.5010260000
591.8327640000 -35.3259200000 9.2964690000
603.4046020000 -35.0074840000 9.0922660000
615.2026370000 -34.7162820000 8.8888630000
627.2313840000 -34.4456630000 8.6867080000
639.4953610000 -34.1923750000 8.4862330000
651.9990840000 -33.9545360000 8.2878740000
664.7473140000 -33.7309460000 8.0920600000
677.7447510000 -33.5207560000 7.8992100000
690.9963990000 -33.0762710000 7.7056810000
704.5070800000 -32.8859180000 7.5125540000
718.2819820000 -32.7074430000 7.3233390000
732.3261720000 -32.5405010000 7.1384200000
746.6450200000 -32.3847890000 6.9581720000
761.2437740000 -32.2400400000 6.7829630000
776.1279910000 -32.1060030000 6.6131520000
791.3032230000 -31.9824520000 6.4490910000
806.7752080000 -31.8691810000 6.2911220000
822.5496830000 -31.7659970000 6.1395820000
838.6325680000 -31.6727260000 5.9947970000
855.0299680000 -31.4835870000 5.8548560000
871.7479250000 -31.4069540000 5.7213200000
888.7927860000 -31.3397750000 5.5953290000
906.1708980000 -31.2819480000 5.4771770000
923.8888550000 -29.4212840000 5.3308500000
941.9531860000 -29.3188880000 5.1283020000
960.3707280000 -29.2287290000 4.9282990000
979.1483760000 -27.8418980000 4.6793690000
998.2931520000 -27.7322980000 4.4115210000
1017.8123170000 -27.6820600000 4.1728530000
1037.7131350000 -27.6494120000 3.9385690000
1058.0029300000 -27.6306150000 3.7058730000
1078.6895750000 -27.6263890000 3.4747900000
1099.7806400000 -27.6375660000 3.2453480000
1121.2841800000 -27.6651080000 3.0175760000
1143.2080080000 -27.7101270000 2.7914980000
1165.5606690000 -27.7739160000 2.5671400000
1188.3502200000 -27.8579790000 2.3445280000
1211.5854490000 -27.9640880000 2.1236850000
1235.2750240000 -28.0943320000 1.9046350000
1259.4277340000 -28.2511980000 1.6874050000
1284.0527340000 -28.4376790000 1.4720150000
1309.1591800000 -28.6574170000 1.2584910000
1334.7564700000 -28.9148670000 1.0468550000
1360.8542480000 -29.2165280000 0.8371520000
1387.4624020000 -29.5679340000 0.6293850000
1414.5908200000 -29.9792540000 0.4235740000
1442.2495120000 -30.4631180000 0.2197450000
1470.4492190000 -31.0372100000 0.0179140000
1499.2000730000 -31.7274320000 9.8181060000
1528.5131840000 -32.5741270000 9.6203400000
1558.3995360000 -33.6451490000 9.4246370000
1588.8701170000 -35.0666470000 9.2310170000
1619.9365230000 -37.1286090000 9.0395740000
1651.6103520000 -40.4690970000 8.8514040000
1683.9034420000 -47.4078030000 8.6654420000
1716.8280030000 -71.9032670000 8.4817020000
1750.3962400000 -43.4167520000 7.9652710000
1784.6208500000 -45.9585840000 7.1160960000
1819.5146480000 3.1693520000 5.3970180000
1855.0908200000 2.5888420000 6.6439670000
1891.3624270000 -6.3370580000 1.8347590000
1928.3432620000 -13.8358130000 5.5188300000
1966.0472410000 -19.7537360000 2.5618490000
2004.4884030000 -24.7854540000 1.1002650000
2043.6811520000 -29.5747660000 0.4194970000
2083.6401370000 -34.7236670000 0.2685520000
2124.3806150000 -40.9718360000 0.6479540000
2165.9174800000 -49.6762850000 1.8076570000
2208.2666020000 -61.3858110000 9.1403100000
2251.4438480000 -76.7332530000 4.8720090000
2295.4653320000 -39.5469820000 6.9422210000
2340.3474120000 -16.9663370000 9.4612790000
2386.1069340000 -16.1987040000 8.5854150000
2432.7612300000 -15.8196530000 7.7479270000
2480.3278810000 -15.7099920000 8.8239500000
2528.8244630000 -14.0868810000 7.9535430000
2578.2692870000 -13.2447000000 7.1398280000
2628.6809080000 -12.6667150000 6.3792740000
2680.0783690000 -12.4232990000 5.6694620000
2732.4804690000 -11.9233930000 6.1478960000
2785.9074710000 -11.0240680000 5.5209270000
2840.3789060000 -10.4007190000 4.9451660000
2895.9152830000 -9.2993110000 4.3338640000
2952.5378420000 -8.7641890000 3.7338910000
3010.2673340000 -8.2497770000 3.1568550000
3069.1254880000 -7.8062740000 2.5507910000
3129.1347660000 -7.4020400000 1.9572750000
3190.3171390000 -7.0324350000 1.3761310000
3252.6958010000 -6.6961780000 0.8074800000
3316.2941890000 -6.3863020000 0.2511430000
3381.1359860000 -6.1021300000 9.7068270000
3447.2456050000 -5.8416180000 9.1743470000
3514.6479490000 -5.6056600000 8.6537020000
3583.3681640000 -5.3974390000 8.1463990000
3653.4318850000 -5.2036900000 7.6513920000
3724.8657230000 -5.0231360000 7.1679530000
3797.6960450000 -4.8588180000 6.6958560000
3871.9506840000 -4.7097050000 6.2348900000
3947.6569820000 -4.5748640000 5.7848490000
4024.8435060000 -4.4534420000 5.3455290000
4103.5390630000 -4.3446620000 4.9167300000
4183.7739260000 -4.2478090000 4.4982440000
4265.5771480000 -4.1622350000 4.0898810000
4348.9794920000 -4.1026330000 3.6916750000
4434.0131840000 -4.0467710000 3.3039190000
4520.7089840000 -3.9920970000 2.9261820000
4609.1005860000 -3.9607850000 2.5582160000
4699.2197270000 -3.9238870000 2.1995230000
4791.1015630000 -3.8951520000 1.8498510000
4884.7792970000 -3.8742240000 1.5090120000
4980.2890630000 -3.8730290000 1.1773990000
5077.6660160000 -3.8671470000 0.8550180000
5176.9472660000 -3.8680860000 0.5409750000
5278.1694340000 -3.8756100000 0.2350860000
5381.3710940000 -3.8895150000 9.9371710000
5486.5903320000 -3.9133130000 9.6473090000
5593.8666990000 -3.9395980000 9.3652130000
5703.2412110000 -3.9717990000 9.0905780000
5814.7534180000 -4.0098330000 8.8232360000
5928.4467770000 -4.0536510000 8.5630130000
6044.3627930000 -4.1032410000 8.3097450000
6162.5449220000 -4.1586290000 8.0632710000
6283.0380860000 -4.2198850000 7.8234260000
6405.8872070000 -4.2871260000 7.5900560000
6531.1386720000 -4.3605230000 7.3630040000
6658.8383790000 -4.4403050000 7.1421230000
6789.0356450000 -4.5267760000 6.9272590000
6921.7783200000 -4.6203200000 6.7182710000
7057.1162110000 -4.7214230000 6.5150140000
7195.1005860000 -4.8306880000 6.3173470000
7335.7827150000 -4.9488680000 6.1251360000
7479.2158200000 -5.0768940000 5.9382450000
7625.4531250000 -5.2301490000 5.7569340000
7774.5498050000 -5.3901420000 5.5809450000
7926.5620120000 -5.5557650000 5.4103480000
8081.5458980000 -5.7381560000 5.2445160000
8239.5605470000 -5.9405330000 5.0833270000
8400.6640630000 -6.1672280000 4.9266620000
8564.9189450000 -6.4242630000 4.7744050000
8732.3837890000 -6.7256030000 4.6264490000
8903.1240230000 -7.0739900000 4.4828650000
9077.2021480000 -7.4901700000 4.3454350000
9254.6845700000 -8.0148160000 4.2120020000
9435.6367190000 -8.7246350000 4.0824570000
9620.1269530000 -9.8292880000 3.9567250000
9771.0097660000 -11.6096450000 3.8583770000
9771.7802730000 -11.6241920000 3.8578840000
9772.5498050000 -11.6388240000 3.8573930000
9773.3203130000 -11.6535810000 3.8569010000
9774.0898440000 -11.6684270000 3.8564090000
9774.8603520000 -11.6833980000 3.8559170000
9775.6298830000 -11.6984620000 3.8554260000
9776.4003910000 -11.7136570000 3.8549340000
9777.1699220000 -11.7289470000 3.8544430000
9777.9501950000 -11.7445620000 3.8539450000
9778.7197270000 -11.7600850000 3.8534540000
9779.4902340000 -11.7757460000 3.8529630000
9780.2597660000 -11.7915090000 3.8524720000
9781.0302730000 -11.8074130000 3.8519810000
9781.7998050000 -11.8234210000 3.8514910000
9782.5703130000 -11.8395580000 3.8510000000
9783.3496090000 -11.8560430000 3.8505030000
9784.1201170000 -11.8724590000 3.8500130000
9784.8896480000 -11.8889670000 3.8495230000
9785.6601560000 -11.9056500000 3.8490320000
9786.4296880000 -11.9224490000 3.8485430000
9787.2099610000 -11.9396190000 3.8480460000
9787.9804690000 -11.9567220000 3.8475560000
9788.7500000000 -11.9739480000 3.8470660000
9789.5302730000 -11.9915570000 3.8465700000
9790.2998050000 -12.0090790000 3.8460810000
9791.0703130000 -12.0267740000 3.8455910000
9791.8496090000 -12.0448240000 3.8450950000
9792.6201170000 -12.0628320000 3.8446060000
9793.3896480000 -12.0809760000 3.8441170000
9794.1699220000 -12.0995580000 3.8436210000
9794.9404300000 -12.1180320000 3.8431320000
9795.7099610000 -12.1366750000 3.8426430000
9796.4902340000 -12.1557700000 3.8421470000
9797.2597660000 -12.1747370000 3.8416590000
9798.0400390000 -12.1941920000 3.8411640000
9798.8095700000 -12.2135430000 3.8406750000
9799.5800780000 -12.2330790000 3.8401870000
9800.3603520000 -12.2530980000 3.8396920000
9801.1298830000 -12.2730160000 3.8392040000
9801.9101560000 -12.2934060000 3.8387090000
9802.6796880000 -12.3137210000 3.8382210000
9803.4599610000 -12.3345200000 3.8377270000
9804.2304690000 -12.3552740000 3.8372390000
9805.0097660000 -12.3764750000 3.8367450000
9805.7802730000 -12.3976600000 3.8362570000
9806.5595700000 -12.4193060000 3.8357630000
9807.3398440000 -12.4412090000 3.8352700000
9808.1103520000 -12.4630770000 3.8347820000
9808.2246090000 -12.4663440000 3.8347090000
9808.8896480000 -12.4854260000 3.8342890000
9809.6601560000 -12.5077710000 3.8338010000
9810.4404300000 -12.5306430000 3.8333080000
9811.2197270000 -12.5537740000 3.8328140000
9811.9902340000 -12.5768500000 3.8323280000
9812.7695310000 -12.6005090000 3.8318350000
9813.5498050000 -12.6244420000 3.8313420000
9814.3203130000 -12.6483600000 3.8308540000
9815.0996090000 -12.6728310000 3.8303620000
9815.8798830000 -12.6976260000 3.8298700000
9816.6503910000 -12.7224150000 3.8293830000
9817.4296880000 -12.7477870000 3.8288910000
9818.2099610000 -12.7735080000 3.8283980000
9818.9902340000 -12.7995860000 3.8279050000
9819.7597660000 -12.8255780000 3.8274200000
9820.5400390000 -12.8523270000 3.8269270000
9821.3203130000 -12.8793960000 3.8264350000
9822.0996090000 -12.9067920000 3.8259440000
9822.8798830000 -12.9345900000 3.8254520000
9823.6503910000 -12.9624220000 3.8249660000
9824.4296880000 -12.9909520000 3.8244750000
9825.2099610000 -13.0199170000 3.8239830000
9825.9902340000 -13.0493300000 3.8234910000
9826.7695310000 -13.0790950000 3.8230010000
9827.5498050000 -13.1093330000 3.8225090000
9828.3300780000 -13.1400210000 3.8220180000
9829.1103520000 -13.1711720000 3.8215270000
9829.8896480000 -13.2027610000 3.8210370000
9830.6601560000 -13.2344840000 3.8205520000
9831.4404300000 -13.2671030000 3.8200610000
9832.2197270000 -13.3002460000 3.8195700000
9833.0000000000 -13.3339280000 3.8190800000
9833.7802730000 -13.3681690000 3.8185890000
9834.5595700000 -13.4029430000 3.8180990000
9835.3398440000 -13.4383540000 3.8176090000
9836.1201170000 -13.4743810000 3.8171190000
9836.9003910000 -13.5110930000 3.8166280000
9837.6904300000 -13.5488810000 3.8161320000
9838.4697270000 -13.5868550000 3.8156430000
9839.2500000000 -13.6255860000 3.8151530000
9840.0302730000 -13.6651030000 3.8146620000
9840.8095700000 -13.7052880000 3.8141730000
9841.5898440000 -13.7463180000 3.8136840000
9842.3701170000 -13.7881760000 3.8131950000
9843.1503910000 -13.8308940000 3.8127050000
9843.9296880000 -13.8744560000 3.8122170000
9844.7197270000 -13.9196130000 3.8117210000
9845.5000000000 -13.9651530000 3.8112320000
9846.2802730000 -14.0117140000 3.8107430000
9847.0595700000 -14.0592810000 3.8102550000
9847.8398440000 -14.1080840000 3.8097650000
9848.6298830000 -14.1586130000 3.8092710000
9849.4101560000 -14.2097670000 3.8087820000
9850.1904300000 -14.2622100000 3.8082940000
9850.9697270000 -14.3159400000 3.8078060000
9851.7597660000 -14.3719120000 3.8073110000
9852.5400390000 -14.4286560000 3.8068230000
9853.3203130000 -14.4869860000 3.8063350000
9854.0996090000 -14.5469200000 3.8058480000
9854.8896480000 -14.6095450000 3.8053530000
9855.6699220000 -14.6732370000 3.8048660000
9856.4501950000 -14.7389320000 3.8043780000
9857.2402340000 -14.8076850000 3.8038840000
9858.0195310000 -14.8777290000 3.8033970000
9858.8095700000 -14.9511930000 3.8029040000
9859.5898440000 -15.0263940000 3.8024160000
9860.3701170000 -15.1043950000 3.8019290000
9861.1601560000 -15.1865240000 3.8014360000
9861.9404300000 -15.2708450000 3.8009490000
9862.7304690000 -15.3597970000 3.8004560000
9863.5097660000 -15.4515390000 3.7999690000
9864.2998050000 -15.5486740000 3.7994760000
9865.0800780000 -15.6492600000 3.7989900000
9865.8701170000 -15.7563600000 3.7984970000
9866.6503910000 -15.8676710000 3.7980110000
9867.4404300000 -15.9866790000 3.7975180000
9868.2197270000 -16.1110940000 3.7970330000
9869.0097660000 -16.2453230000 3.7965400000
9869.7900390000 -16.3867190000 3.7960540000
9870.5800780000 -16.5402010000 3.7955620000
9871.3603520000 -16.7038540000 3.7950760000
9872.1503910000 -16.8832970000 3.7945840000
9872.9404300000 -17.0794030000 3.7940930000
9873.7197270000 -17.2928240000 3.7936070000
9874.5097660000 -17.5332780000 3.7931160000
9875.2998050000 -17.8045730000 3.7926250000
9876.0800780000 -18.1121230000 3.7921390000
9876.8701170000 -18.4762730000 3.7916480000
9877.6601560000 -18.9160940000 3.7911570000
9878.4404300000 -19.4645060000 3.7906720000
9879.2304690000 -20.2152100000 3.7901810000
9880.0195310000 -21.3834400000 3.7896910000
9880.8095700000 -24.1893630000 3.7892000000
9881.5898440000 -23.1082290000 0.5166110000
9882.3798830000 -21.0501520000 0.5146670000
9883.1699220000 -20.0176110000 0.5127200000
9883.9599610000 -19.3235280000 0.5107770000
9884.7402340000 -18.8050270000 0.5088590000
9885.5302730000 -18.3822230000 0.5069140000
9886.3203130000 -18.0292000000 0.5049740000
9887.1103520000 -17.7254810000 0.5030320000
9887.9003910000 -17.4595030000 0.5010930000
9888.6904300000 -17.2226520000 0.4991540000
9889.4697270000 -17.0116160000 0.4972400000
9890.2597660000 -16.8170600000 0.4953030000
9891.0498050000 -16.6385230000 0.4933670000
9891.8398440000 -16.4733640000 0.4914300000
9892.6298830000 -16.3200570000 0.4894950000
9893.4199220000 -16.1766850000 0.4875590000
9894.2099610000 -16.0423390000 0.4856270000
9895.0000000000 -15.9156590000 0.4836920000
9895.7900390000 -15.7960860000 0.4817610000
9896.5800780000 -15.6827370000 0.4798310000
9897.3701170000 -15.5748660000 0.4778990000
9898.1601560000 -15.4722030000 0.4759690000
9898.9501950000 -15.3740420000 0.4740390000
9899.7402340000 -15.2802170000 0.4721120000
9900.5302730000 -15.1902610000 0.4701850000
9901.3203130000 -15.1037630000 0.4682570000
9902.1103520000 -15.0206580000 0.4663320000
9902.9003910000 -14.9405070000 0.4644050000
9903.6904300000 -14.8632820000 0.4624810000
9904.4902340000 -14.7877210000 0.4605340000
9905.2802730000 -14.7156260000 0.4586110000
9906.0703130000 -14.6457490000 0.4566880000
9906.8603520000 -14.5781170000 0.4547680000
9907.6503910000 -14.5125140000 0.4528480000
9908.4404300000 -14.4487460000 0.4509270000
9909.2304690000 -14.3868570000 0.4490090000
9910.0302730000 -14.3258820000 0.4470660000
9910.8203130000 -14.2673280000 0.4451490000
9911.6103520000 -14.2102320000 0.4432320000
9912.4003910000 -14.1546540000 0.4413170000
9913.2001950000 -14.0997410000 0.4393770000
9913.9902340000 -14.0468660000 0.4374640000
9914.7802730000 -13.9951770000 0.4355490000
9915.5703130000 -13.9447410000 0.4336370000
9916.3701170000 -13.8947930000 0.4317000000
9917.1601560000 -13.8465930000 0.4297900000
9917.9501950000 -13.7993750000 0.4278770000
9918.7500000000 -13.7526570000 0.4259460000
9919.5400390000 -13.7074020000 0.4240350000
9920.3300780000 -13.6631160000 0.4221290000
9921.1298830000 -13.6191390000 0.4201970000
9921.9199220000 -13.5765880000 0.4182910000
9922.7197270000 -13.5342990000 0.4163600000
9923.5097660000 -13.4933500000 0.4144560000
9924.3095700000 -13.4526250000 0.4125270000
9925.0996090000 -13.4131640000 0.4106250000
9925.8896480000 -13.3743560000 0.4087210000
9926.6904300000 -13.3357690000 0.4067950000
9927.4804690000 -13.2982990000 0.4048910000
9928.2802730000 -13.2610640000 0.4029690000
9929.0703130000 -13.2248420000 0.4010680000
9929.8701170000 -13.1888280000 0.3991470000
9930.6601560000 -13.1537740000 0.3972470000
9931.4599610000 -13.1188620000 0.3953260000
9932.2597660000 -13.0845390000 0.3934070000
9933.0498050000 -13.0511080000 0.3915090000
9933.8496090000 -13.0178270000 0.3895920000
9934.6396480000 -12.9853940000 0.3876960000
9935.4404300000 -12.9530540000 0.3857780000
9936.2402340000 -12.9211860000 0.3838620000
9937.0302730000 -12.8901860000 0.3819700000
9937.8300780000 -12.8592190000 0.3800540000
9938.6201170000 -12.8290450000 0.3781630000
9939.4199220000 -12.7989630000 0.3762510000
9940.2197270000 -12.7692560000 0.3743380000
9941.0195310000 -12.7399830000 0.3724280000
9941.8095700000 -12.7114060000 0.3705390000
9942.6103520000 -12.6828280000 0.3686260000
9943.4101560000 -12.6546870000 0.3667180000
9944.2001950000 -12.6272020000 0.3648310000
9945.0000000000 -12.5997680000 0.3629260000
9945.7998050000 -12.5726430000 0.3610170000
9946.5996090000 -12.5458530000 0.3591100000
9947.4003910000 -12.5193890000 0.3572030000
9948.1904300000 -12.4935530000 0.3553210000
9948.9902340000 -12.4677470000 0.3534180000
9949.7900390000 -12.4422130000 0.3515150000
9950.5898440000 -12.4169760000 0.3496110000
9951.3896480000 -12.3920590000 0.3477120000
9952.1904300000 -12.3673670000 0.3458070000
9952.9902340000 -12.3429820000 0.3439060000
9953.7802730000 -12.3191830000 0.3420310000
9954.5800780000 -12.2953330000 0.3401320000
9955.3798830000 -12.2717700000 0.3382360000
9956.1796880000 -12.2484330000 0.3363380000
9956.9804690000 -12.2253190000 0.3344380000
9957.7802730000 -12.2025030000 0.3325440000
9958.5800780000 -12.1798990000 0.3306480000
9959.3798830000 -12.1575290000 0.3287540000
9960.1796880000 -12.1354150000 0.3268620000
9960.9804690000 -12.1134740000 0.3249660000
9961.7802730000 -12.0917800000 0.3230740000
9962.5800780000 -12.0703270000 0.3211850000
9963.3798830000 -12.0490610000 0.3192940000
9964.1796880000 -12.0280030000 0.3174040000
9964.9902340000 -12.0068770000 0.3154900000
9965.7900390000 -11.9862510000 0.3136030000
9966.5898440000 -11.9657960000 0.3117150000
9967.3896480000 -11.9455350000 0.3098290000
9968.1904300000 -11.9254630000 0.3079420000
9968.9902340000 -11.9055770000 0.3060560000
9969.7900390000 -11.8858740000 0.3041720000
9970.5898440000 -11.8663730000 0.3022900000
9971.4003910000 -11.8467730000 0.3003820000
9972.2001950000 -11.8276010000 0.2984990000
9973.0000000000 -11.8086220000 0.2966190000
9973.7998050000 -11.7897880000 0.2947390000
9974.6103520000 -11.7708750000 0.2928330000
9975.4101560000 -11.7523700000 0.2909550000
9976.2099610000 -11.7340450000 0.2890780000
9977.0097660000 -11.7158550000 0.2872000000
9977.8203130000 -11.6975830000 0.2852980000
9978.6201170000 -11.6797010000 0.2834220000
9979.4199220000 -11.6619880000 0.2815480000
9980.2304690000 -11.6441710000 0.2796490000
9981.0302730000 -11.6267300000 0.2777740000
9981.8300780000 -11.6094510000 0.2759030000
9982.6396480000 -11.5920890000 0.2740080000
9983.4404300000 -11.5750480000 0.2721340000
9984.2402340000 -11.5581650000 0.2702630000
9985.0498050000 -11.5412150000 0.2683700000
9985.8496090000 -11.5246160000 0.2665020000
9986.6601560000 -11.5079130000 0.2646090000
9987.4599610000 -11.4915540000 0.2627410000
9988.2695310000 -11.4751280000 0.2608520000
9989.0703130000 -11.4590200000 0.2589850000
9989.8798830000 -11.4428440000 0.2570970000
9990.6796880000 -11.4269800000 0.2552320000
10000.0000000000 -11.2505060000 0.2335620000
10195.5253900000 -9.2312580000 9.8013550000
10394.8730500000 -8.3834500000 9.4011340000
10598.1191400000 -8.0129980000 9.0302080000
10805.3388700000 -8.0273800000 8.6862460000
10992.5000000000 -8.5718070000 8.4020480000
10993.5000000000 -8.5775750000 8.4005930000
10994.4003900000 -8.5828150000 8.3992820000
10995.4003900000 -8.5886910000 8.3978270000
10996.4003900000 -8.5946200000 8.3963730000
10997.4003900000 -8.6005980000 8.3949190000
10998.2998100000 -8.6060260000 8.3936130000
10999.2998100000 -8.6121180000 8.3921600000
11000.2998100000 -8.6182610000 8.3907100000
11001.2998100000 -8.6244690000 8.3892580000
11002.2002000000 -8.6301050000 8.3879520000
11003.2002000000 -8.6364260000 8.3865020000
11004.2002000000 -8.6428010000 8.3850540000
11005.2002000000 -8.6492440000 8.3836040000
11006.2002000000 -8.6557440000 8.3821570000
11007.0996100000 -8.6616460000 8.3808560000
11008.0996100000 -8.6682730000 8.3794090000
11009.0996100000 -8.6749650000 8.3779620000
11010.0996100000 -8.6817170000 8.3765170000
11011.0000000000 -8.6878570000 8.3752160000
11012.0000000000 -8.6947440000 8.3737720000
11013.0000000000 -8.7016940000 8.3723290000
11014.0000000000 -8.7087220000 8.3708860000
11015.0000000000 -8.7158200000 8.3694430000
11015.9003900000 -8.7222710000 8.3681450000
11016.6103500000 -8.7273960000 8.3671230000
11016.9003900000 -8.7295020000 8.3667050000
11017.9003900000 -8.7368140000 8.3652640000
11018.9003900000 -8.7441960000 8.3638250000
11019.9003900000 -8.7516620000 8.3623850000
11020.7998100000 -8.7584410000 8.3610920000
11021.7998100000 -8.7660580000 8.3596530000
11022.7998100000 -8.7737480000 8.3582160000
11023.7998100000 -8.7815290000 8.3567790000
11024.7998100000 -8.7893870000 8.3553440000
11025.7002000000 -8.7965450000 8.3540500000
11026.7002000000 -8.8045650000 8.3526150000
11027.7002000000 -8.8126830000 8.3511810000
11028.7002000000 -8.8208820000 8.3497480000
11029.7002000000 -8.8291810000 8.3483140000
11030.5996100000 -8.8367210000 8.3470260000
11031.5996100000 -8.8451990000 8.3455930000
11032.5996100000 -8.8537650000 8.3441640000
11033.5996100000 -8.8624380000 8.3427320000
11034.5996100000 -8.8712020000 8.3413030000
11035.5000000000 -8.8791860000 8.3400160000
11036.5000000000 -8.8881550000 8.3385870000
11037.5000000000 -8.8972300000 8.3371580000
11038.5000000000 -8.9064050000 8.3357320000
11039.5000000000 -8.9157000000 8.3343050000
11040.5000000000 -8.9250980000 8.3328790000
11041.4003900000 -8.9336620000 8.3315950000
11042.4003900000 -8.9432910000 8.3301700000
11043.4003900000 -8.9530380000 8.3287450000
11044.4003900000 -8.9628990000 8.3273220000
11045.4003900000 -8.9728940000 8.3258980000
11046.4003900000 -8.9830060000 8.3244760000
11047.2998100000 -8.9922170000 8.3231970000
11048.2998100000 -9.0025890000 8.3217750000
11049.2998100000 -9.0130980000 8.3203540000
11050.2998100000 -9.0237350000 8.3189350000
11051.2998100000 -9.0345250000 8.3175150000
11052.2998100000 -9.0454490000 8.3160970000
11053.2998100000 -9.0565340000 8.3146780000
11054.2002000000 -9.0666390000 8.3134020000
11055.2002000000 -9.0780160000 8.3119840000
11056.2002000000 -9.0895420000 8.3105690000
11057.2002000000 -9.1012430000 8.3091520000
11058.2002000000 -9.1131010000 8.3077370000
11059.2002000000 -9.1251410000 8.3063220000
11060.2002000000 -9.1373470000 8.3049090000
11061.0996100000 -9.1484970000 8.3036370000
11062.0996100000 -9.1610500000 8.3022250000
11063.0996100000 -9.1738060000 8.3008120000
11064.0996100000 -9.1867450000 8.2994010000
11065.0996100000 -9.1998980000 8.2979900000
11066.0996100000 -9.2132440000 8.2965800000
11067.0996100000 -9.2268160000 8.2951700000
11068.0996100000 -9.2406070000 8.2937600000
11069.0000000000 -9.2532100000 8.2924920000
11070.0000000000 -9.2674210000 8.2910850000
11071.0000000000 -9.2818830000 8.2896770000
11072.0000000000 -9.2965760000 8.2882710000
11073.0000000000 -9.3115380000 8.2868640000
11074.0000000000 -9.3267590000 8.2854590000
11075.0000000000 -9.3422370000 8.2840550000
11076.0000000000 -9.3580060000 8.2826500000
11077.0000000000 -9.3740490000 8.2812470000
11077.9003900000 -9.3887530000 8.2799840000
11078.9003900000 -9.4053840000 8.2785810000
11079.9003900000 -9.4223330000 8.2771780000
11080.9003900000 -9.4395940000 8.2757780000
11081.9003900000 -9.4572120000 8.2743770000
11082.9003900000 -9.4751660000 8.2729770000
11083.9003900000 -9.4935040000 8.2715770000
11084.9003900000 -9.5122220000 8.2701780000
11085.9003900000 -9.5313180000 8.2687810000
11086.9003900000 -9.5508430000 8.2673830000
11087.9003900000 -9.5707780000 8.2659860000
11088.7998100000 -9.5890950000 8.2647300000
11089.7998100000 -9.6099120000 8.2633340000
11090.7998100000 -9.6311920000 8.2619390000
11091.7998100000 -9.6529970000 8.2605440000
11092.7998100000 -9.6753300000 8.2591500000
11093.7998100000 -9.6981940000 8.2577570000
11094.7998100000 -9.7216570000 8.2563640000
11095.7998100000 -9.7457050000 8.2549720000
11096.7998100000 -9.7704130000 8.2535800000
11097.7998100000 -9.7957920000 8.2521890000
11098.7998100000 -9.8218510000 8.2507990000
11099.7998100000 -9.8486790000 8.2494090000
11100.7998100000 -9.8762650000 8.2480200000
11101.7998100000 -9.9047080000 8.2466320000
11102.7002000000 -9.9310550000 8.2453810000
11103.7002000000 -9.9612150000 8.2439940000
11104.7002000000 -9.9923310000 8.2426080000
11105.7002000000 -10.0245250000 8.2412210000
11106.7002000000 -10.0578070000 8.2398370000
11107.7002000000 -10.0923170000 8.2384510000
11108.7002000000 -10.1280750000 8.2370670000
11109.7002000000 -10.1652440000 8.2356820000
11110.7002000000 -10.2038980000 8.2342990000
11111.7002000000 -10.2441180000 8.2329170000
11112.7002000000 -10.2861120000 8.2315350000
11113.7002000000 -10.3299520000 8.2301540000
11114.7002000000 -10.3758960000 8.2287730000
11115.7002000000 -10.4240530000 8.2273930000
11116.7002000000 -10.4747410000 8.2260130000
11117.7002000000 -10.5281790000 8.2246340000
11118.7002000000 -10.5846190000 8.2232560000
11119.7002000000 -10.6445300000 8.2218780000
11120.7002000000 -10.7082300000 8.2205010000
11121.7002000000 -10.7763550000 8.2191240000
11122.7002000000 -10.8494040000 8.2177490000
11123.7002000000 -10.9282930000 8.2163730000
11124.7002000000 -11.0139270000 8.2149980000
11125.7002000000 -11.1074510000 8.2136240000
11126.7002000000 -11.2106620000 8.2122510000
11127.7002000000 -11.3255230000 8.2108780000
11128.7002000000 -11.4552430000 8.2095050000
11129.7002000000 -11.6040170000 8.2081330000
11130.7002000000 -11.7781700000 8.2067620000
11131.7002000000 -11.9885560000 8.2053910000
11132.7002000000 -12.2535060000 8.2040210000
11133.7002000000 -12.6122440000 8.2026520000
11134.7002000000 -13.1675810000 8.2012830000
11135.7002000000 -14.4617610000 8.1999150000
11136.7002000000 -14.0526420000 1.4533420000
11137.7002000000 -13.0359090000 1.4515060000
11138.7002000000 -12.5311620000 1.4496690000
11139.7002000000 -12.1926760000 1.4478330000
11140.7002000000 -11.9371190000 1.4459970000
11141.7002000000 -11.7319670000 1.4441640000
11142.7002000000 -11.5602350000 1.4423290000
11143.7002000000 -11.4126100000 1.4404950000
11144.7002000000 -11.2832310000 1.4386630000
11145.7002000000 -11.1678570000 1.4368310000
11146.7002000000 -11.0639090000 1.4350010000
11147.7002000000 -10.9691440000 1.4331700000
11148.7002000000 -10.8822100000 1.4313410000
11149.7002000000 -10.8017570000 1.4295110000
11150.7002000000 -10.7269400000 1.4276830000
11151.7002000000 -10.6570780000 1.4258560000
11152.7002000000 -10.5914290000 1.4240280000
11153.7002000000 -10.5296200000 1.4222030000
11154.7002000000 -10.4711160000 1.4203770000
11155.7002000000 -10.4156760000 1.4185520000
11156.7002000000 -10.3628960000 1.4167280000
11157.7002000000 -10.3125730000 1.4149040000
11158.7002000000 -10.2645310000 1.4130820000
11159.7002000000 -10.2184840000 1.4112600000
11160.7002000000 -10.1743520000 1.4094390000
11161.7002000000 -10.1319020000 1.4076180000
11162.7002000000 -10.0910430000 1.4057970000
11163.7002000000 -10.0516990000 1.4039780000
11164.7002000000 -10.0136870000 1.4021600000
11165.7002000000 -9.9769870000 1.4003430000
11166.7002000000 -9.9414440000 1.3985240000
11167.7002000000 -9.9070500000 1.3967090000
11168.7998100000 -9.8704160000 1.3947120000
11169.7998100000 -9.8381140000 1.3928970000
11170.7998100000 -9.8067340000 1.3910820000
11171.7998100000 -9.7762530000 1.3892690000
11172.7998100000 -9.7465640000 1.3874550000
11173.7998100000 -9.7176800000 1.3856440000
11174.7998100000 -9.6895060000 1.3838320000
11175.7998100000 -9.6620580000 1.3820220000
11176.7998100000 -9.6352480000 1.3802110000
11177.7998100000 -9.6090730000 1.3784010000
11178.7998100000 -9.5835250000 1.3765930000
11179.7998100000 -9.5585290000 1.3747840000
11180.7998100000 -9.5341060000 1.3729770000
11181.7998100000 -9.5101850000 1.3711700000
11182.9003900000 -9.4844520000 1.3691830000
11183.9003900000 -9.4615650000 1.3673760000
11184.9003900000 -9.4391590000 1.3655730000
11185.9003900000 -9.4171750000 1.3637690000
11186.9003900000 -9.3956370000 1.3619660000
11187.9003900000 -9.3744850000 1.3601630000
11188.9003900000 -9.3537470000 1.3583620000
11189.9003900000 -9.3333670000 1.3565600000
11190.9003900000 -9.3133530000 1.3547580000
11191.9003900000 -9.2937080000 1.3529600000
11193.0000000000 -9.2724870000 1.3509820000
11194.0000000000 -9.2535230000 1.3491820000
11195.0000000000 -9.2348920000 1.3473850000
11196.0000000000 -9.2165490000 1.3455880000
11197.0000000000 -9.1985180000 1.3437930000
11198.0000000000 -9.1807560000 1.3419960000
11199.0000000000 -9.1632700000 1.3402000000
11200.0000000000 -9.1460700000 1.3384080000
11201.0000000000 -9.1291120000 1.3366130000
11202.0996100000 -9.1107650000 1.3346410000
11203.0996100000 -9.0943440000 1.3328500000
11204.0996100000 -9.0781450000 1.3310590000
11205.0996100000 -9.0621770000 1.3292670000
11206.0996100000 -9.0464470000 1.3274770000
11207.0996100000 -9.0309190000 1.3256870000
11208.0996100000 -9.0156170000 1.3238990000
11209.0996100000 -9.0005070000 1.3221110000
11210.2002000000 -8.9841170000 1.3201440000
11211.2002000000 -8.9694360000 1.3183570000
11212.2002000000 -8.9549310000 1.3165710000
11213.2002000000 -8.9406110000 1.3147850000
11214.2002000000 -8.9264840000 1.3130020000
11215.2002000000 -8.9125200000 1.3112160000
11216.2002000000 -8.8987410000 1.3094350000
11217.2998100000 -8.8837730000 1.3074740000
11218.2998100000 -8.8703270000 1.3056920000
11219.2998100000 -8.8570400000 1.3039100000
11220.2998100000 -8.8439230000 1.3021310000
11221.2998100000 -8.8309430000 1.3003500000
11222.2998100000 -8.8181250000 1.2985720000
11223.2998100000 -8.8054390000 1.2967920000
11224.4003900000 -8.7916480000 1.2948360000
11225.4003900000 -8.7792690000 1.2930600000
11226.4003900000 -8.7670150000 1.2912830000
11227.4003900000 -8.7548920000 1.2895060000
11228.4003900000 -8.7429120000 1.2877320000
11229.4003900000 -8.7310480000 1.2859570000
11230.5000000000 -8.7181500000 1.2840070000
11231.5000000000 -8.7065550000 1.2822350000
11232.0127000000 -8.7006500000 1.2813250000
11232.5000000000 -8.6950690000 1.2804610000
11233.5000000000 -8.6837110000 1.2786910000
11234.5000000000 -8.6724570000 1.2769190000
11235.5996100000 -8.6602170000 1.2749730000
11236.5996100000 -8.6491980000 1.2732030000
11237.5996100000 -8.6382960000 1.2714350000
11238.5996100000 -8.6274900000 1.2696660000
11239.5996100000 -8.6167990000 1.2679000000
11240.5996100000 -8.6062000000 1.2661310000
11241.7002000000 -8.5946570000 1.2641880000
11242.7002000000 -8.5842670000 1.2624220000
11243.7002000000 -8.5739840000 1.2606580000
11244.7002000000 -8.5637870000 1.2588930000
11245.7002000000 -8.5536910000 1.2571310000
11246.7998100000 -8.5426910000 1.2551920000
11247.7998100000 -8.5327780000 1.2534290000
11248.7998100000 -8.5229530000 1.2516670000
11249.7998100000 -8.5132250000 1.2499070000
11250.7998100000 -8.5035730000 1.2481470000
11251.9003900000 -8.4930520000 1.2462100000
11252.9003900000 -8.4835850000 1.2444520000
11253.9003900000 -8.4741920000 1.2426940000
11254.9003900000 -8.4648860000 1.2409370000
11256.0000000000 -8.4547400000 1.2390060000
11257.0000000000 -8.4455890000 1.2372490000
11258.0000000000 -8.4365160000 1.2354940000
11259.0000000000 -8.4275260000 1.2337400000
11260.0000000000 -8.4186030000 1.2319850000
11261.0996100000 -8.4088790000 1.2300570000
11262.0996100000 -8.4001160000 1.2283060000
11263.0996100000 -8.3914150000 1.2265530000
11264.0996100000 -8.3827840000 1.2248010000
11265.2002000000 -8.3733690000 1.2228750000
11266.2002000000 -8.3648900000 1.2211260000
11267.2002000000 -8.3564690000 1.2193760000
11268.2002000000 -8.3481230000 1.2176280000
11269.2998100000 -8.3390150000 1.2157060000
11270.2998100000 -8.3307960000 1.2139580000
11271.2998100000 -8.3226480000 1.2122130000
11451.6259800000 -7.4689700000 0.9077220000
11534.5000000000 -7.3520490000 0.7744690000
11535.5996100000 -7.3517450000 0.7727280000
11536.5996100000 -7.3515010000 0.7711470000
11537.7002000000 -7.3512720000 0.7694040000
11538.7998100000 -7.3510830000 0.7676650000
11539.9003900000 -7.3509350000 0.7659250000
11540.9003900000 -7.3508350000 0.7643460000
11542.0000000000 -7.3507660000 0.7626090000
11543.0996100000 -7.3507390000 0.7608740000
11544.2002000000 -7.3507540000 0.7591360000
11545.2002000000 -7.3508050000 0.7575580000
11546.2998100000 -7.3509030000 0.7558240000
11547.4003900000 -7.3510450000 0.7540890000
11548.5000000000 -7.3512310000 0.7523570000
11549.5000000000 -7.3514400000 0.7507810000
11550.5996100000 -7.3517130000 0.7490490000
11551.7002000000 -7.3520320000 0.7473170000
11552.7998100000 -7.3523970000 0.7455870000
11553.7998100000 -7.3527710000 0.7440160000
11554.9003900000 -7.3532280000 0.7422860000
11556.0000000000 -7.3537340000 0.7405580000
11557.0996100000 -7.3542880000 0.7388310000
11558.2002000000 -7.3548930000 0.7371030000
11559.2002000000 -7.3554870000 0.7355320000
11560.2998100000 -7.3561890000 0.7338070000
11561.4003900000 -7.3569430000 0.7320800000
11562.5000000000 -7.3577500000 0.7303570000
11563.5000000000 -7.3585310000 0.7287890000
11564.5996100000 -7.3594400000 0.7270670000
11565.7002000000 -7.3604050000 0.7253440000
11566.7998100000 -7.3614260000 0.7236220000
11567.9003900000 -7.3625050000 0.7219000000
11568.9003900000 -7.3635350000 0.7203370000
11570.0000000000 -7.3647240000 0.7186180000
11571.0996100000 -7.3659730000 0.7169000000
11572.2002000000 -7.3672820000 0.7151800000
11573.2998100000 -7.3686530000 0.7134640000
11574.2998100000 -7.3699550000 0.7119020000
11575.4003900000 -7.3714480000 0.7101850000
11576.5000000000 -7.3730040000 0.7084690000
11577.5996100000 -7.3746260000 0.7067560000
11578.7002000000 -7.3763180000 0.7050400000
11579.7002000000 -7.3779140000 0.7034820000
11580.7998100000 -7.3797350000 0.7017690000
11581.9003900000 -7.3816290000 0.7000560000
11583.0000000000 -7.3835940000 0.6983450000
11584.0996100000 -7.3856320000 0.6966350000
11585.2002000000 -7.3877480000 0.6949230000
11586.2002000000 -7.3897350000 0.6933710000
11587.2998100000 -7.3919960000 0.6916620000
11588.4003900000 -7.3943420000 0.6899520000
11589.5000000000 -7.3967640000 0.6882450000
11590.5996100000 -7.3992710000 0.6865390000
11591.7002000000 -7.4018640000 0.6848320000
11592.7002000000 -7.4042940000 0.6832820000
11593.7998100000 -7.4070520000 0.6815780000
11594.9003900000 -7.4099040000 0.6798730000
11596.0000000000 -7.4128460000 0.6781690000
11597.0996100000 -7.4158830000 0.6764670000
11598.2002000000 -7.4190200000 0.6747650000
11599.2002000000 -7.4219570000 0.6732170000
11600.2998100000 -7.4252840000 0.6715160000
11601.4003900000 -7.4287180000 0.6698160000
11602.5000000000 -7.4322560000 0.6681170000
11603.5996100000 -7.4359050000 0.6664180000
11604.7002000000 -7.4396680000 0.6647200000
11605.7998100000 -7.4435450000 0.6630230000
11606.7998100000 -7.4471750000 0.6614800000
11607.9003900000 -7.4512850000 0.6597820000
11609.0000000000 -7.4555170000 0.6580880000
11610.0996100000 -7.4598770000 0.6563930000
11611.2002000000 -7.4643750000 0.6546980000
11612.2998100000 -7.4690050000 0.6530060000
11613.4003900000 -7.4737800000 0.6513120000
11614.5000000000 -7.4786960000 0.6496210000
11615.5000000000 -7.4832990000 0.6480830000
11616.5996100000 -7.4885040000 0.6463920000
11617.7002000000 -7.4938750000 0.6447010000
11618.7998100000 -7.4994040000 0.6430120000
11619.9003900000 -7.5051080000 0.6413230000
11621.0000000000 -7.5109830000 0.6396350000
11622.0996100000 -7.5170400000 0.6379480000
11623.2002000000 -7.5232910000 0.6362610000
11624.2998100000 -7.5297320000 0.6345760000
11625.2998100000 -7.5357620000 0.6330440000
11626.4003900000 -7.5426020000 0.6313580000
11627.5000000000 -7.5496540000 0.6296750000
11628.5996100000 -7.5569330000 0.6279920000
11629.7002000000 -7.5644610000 0.6263070000
11630.7998100000 -7.5722220000 0.6246250000
11631.9003900000 -7.5802450000 0.6229430000
11633.0000000000 -7.5885300000 0.6212640000
11634.0996100000 -7.5970930000 0.6195840000
11635.2002000000 -7.6059560000 0.6179040000
11636.2998100000 -7.6151170000 0.6162250000
11637.4003900000 -7.6246070000 0.6145470000
11638.4003900000 -7.6335170000 0.6130220000
11639.5000000000 -7.6436560000 0.6113460000
11640.5996100000 -7.6541650000 0.6096710000
11641.7002000000 -7.6650730000 0.6079940000
11642.7998100000 -7.6763840000 0.6063200000
11643.9003900000 -7.6881400000 0.6046450000
11645.0000000000 -7.7003570000 0.6029710000
11646.0996100000 -7.7130530000 0.6012980000
11647.2002000000 -7.7262780000 0.5996260000
11648.2998100000 -7.7400440000 0.5979550000
11649.4003900000 -7.7544120000 0.5962830000
11650.5000000000 -7.7693970000 0.5946140000
11651.5996100000 -7.7850570000 0.5929450000
11652.7002000000 -7.8014550000 0.5912750000
11653.7998100000 -7.8186210000 0.5896080000
11654.9003900000 -7.8366470000 0.5879390000
11656.0000000000 -7.8555720000 0.5862730000
11657.0000000000 -7.8736330000 0.5847600000
11658.0996100000 -7.8945360000 0.5830950000
11659.2002000000 -7.9166580000 0.5814280000
11660.2998100000 -7.9400420000 0.5797630000
11661.4003900000 -7.9648860000 0.5780990000
11662.5000000000 -7.9913070000 0.5764370000
11663.5996100000 -8.0195180000 0.5747760000
11664.7002000000 -8.0497700000 0.5731130000
11665.7998100000 -8.0822860000 0.5714530000
11666.9003900000 -8.1174530000 0.5697920000
11668.0000000000 -8.1556210000 0.5681320000
11669.0996100000 -8.1973330000 0.5664740000
11670.2002000000 -8.2432910000 0.5648160000
11671.2998100000 -8.2942760000 0.5631580000
11672.4003900000 -8.3515370000 0.5615010000
11673.5000000000 -8.4165800000 0.5598450000
11674.5996100000 -8.4917750000 0.5581890000
11675.5341800000 -8.5662570000 0.5567840000
11675.7002000000 -8.5807430000 0.5565340000
11676.7998100000 -8.6891220000 0.5548800000
11677.9003900000 -8.8275960000 0.5532260000
11679.0000000000 -9.0181030000 0.5515740000
11680.0996100000 -9.3230580000 0.5499220000
11681.2002000000 -10.1402840000 0.5482690000
11682.2998100000 -9.6174620000 2.2209380000
11683.4003900000 -9.1528740000 2.2192210000
11684.5000000000 -8.9063010000 2.2175060000
11685.5996100000 -8.7363800000 2.2157930000
11686.7002000000 -8.6062320000 2.2140780000
11687.7998100000 -8.5006050000 2.2123650000
11688.9003900000 -8.4114050000 2.2106510000
11690.0000000000 -8.3341950000 2.2089400000
11691.0996100000 -8.2659890000 2.2072290000
11692.2002000000 -8.2047290000 2.2055150000
11693.2998100000 -8.1492450000 2.2038060000
11694.4003900000 -8.0983730000 2.2020950000
11695.5000000000 -8.0514410000 2.2003860000
11696.5996100000 -8.0078130000 2.1986790000
11697.7002000000 -7.9669910000 2.1969700000
11698.7998100000 -7.9286740000 2.1952630000
11699.9003900000 -7.8924890000 2.1935560000
11701.0996100000 -7.8552470000 2.1916970000
11702.2002000000 -7.8228290000 2.1899910000
11703.2998100000 -7.7919510000 2.1882870000
11704.4003900000 -7.7624120000 2.1865820000
11705.5000000000 -7.7341360000 2.1848790000
11706.5996100000 -7.7069850000 2.1831770000
11707.7002000000 -7.6808420000 2.1814740000
11708.7998100000 -7.6556670000 2.1797730000
11709.9003900000 -7.6313220000 2.1780700000
11711.0000000000 -7.6078260000 2.1763700000
11712.0996100000 -7.5850760000 2.1746710000
11713.2002000000 -7.5630020000 2.1729710000
11714.2998100000 -7.5415940000 2.1712730000
11715.4003900000 -7.5207730000 2.1695750000
11716.5000000000 -7.5005370000 2.1678780000
11717.5996100000 -7.4808330000 2.1661830000
11718.7002000000 -7.4616130000 2.1644850000
11719.9003900000 -7.4411970000 2.1626370000
11721.0000000000 -7.4229490000 2.1609420000
11722.0996100000 -7.4051200000 2.1592490000
11723.2002000000 -7.3876710000 2.1575550000
11724.2998100000 -7.3706150000 2.1558630000
11725.4003900000 -7.3539010000 2.1541690000
11726.5000000000 -7.3375410000 2.1524780000
11727.5996100000 -7.3215050000 2.1507880000
11728.7002000000 -7.3057490000 2.1490960000
11729.7998100000 -7.2903150000 2.1474070000
11730.9003900000 -7.2751480000 2.1457170000
11732.0996100000 -7.2589320000 2.1438760000
11733.2002000000 -7.2443050000 2.1421880000
11734.2998100000 -7.2298830000 2.1405010000
11735.4003900000 -7.2169150000 2.1388140000
11736.5000000000 -7.2029510000 2.1371290000
11737.5996100000 -7.1892650000 2.1354450000
11738.7002000000 -7.1757850000 2.1337590000
11739.7998100000 -7.1625220000 2.1320760000
11740.9003900000 -7.1494430000 2.1303920000
11742.0996100000 -7.1354000000 2.1285570000
11743.2002000000 -7.1227070000 2.1268740000
11744.2998100000 -7.1102000000 2.1251940000
11745.4003900000 -7.0978510000 2.1235110000
11746.5000000000 -7.0856750000 2.1218320000
11747.5996100000 -7.0736570000 2.1201530000
11748.7002000000 -7.0617810000 2.1184740000
11749.7998100000 -7.0500630000 2.1167960000
11751.0000000000 -7.0374300000 2.1149640000
11752.0996100000 -7.0260070000 2.1132880000
11753.2002000000 -7.0147070000 2.1116110000
11754.2998100000 -7.0035470000 2.1099360000
11755.4003900000 -6.9925040000 2.1082600000
11756.5000000000 -6.9815940000 2.1065860000
11757.5996100000 -6.9708020000 2.1049130000
11758.7998100000 -6.9591600000 2.1030870000
11759.9003900000 -6.9485990000 2.1014140000
11761.0000000000 -6.9381560000 2.0997430000
11762.0996100000 -6.9278200000 2.0980720000
11763.2002000000 -6.9175780000 2.0964000000
11764.2998100000 -6.9074470000 2.0947300000
11765.5000000000 -6.8964970000 2.0929080000
11766.5996100000 -6.8865690000 2.0912400000
11767.7002000000 -6.8767260000 2.0895700000
11768.7998100000 -6.8669820000 2.0879030000
11769.9003900000 -6.8573200000 2.0862350000
11771.0000000000 -6.8477530000 2.0845690000
11772.2002000000 -6.8374030000 2.0827510000
11773.2998100000 -6.8280120000 2.0810860000
11774.4003900000 -6.8186930000 2.0794210000
11775.5000000000 -6.8094610000 2.0777570000
11776.5996100000 -6.8003070000 2.0760950000
11777.7002000000 -6.7912200000 2.0744300000
11778.9003900000 -6.7813990000 2.0726180000
11780.0000000000 -6.7724740000 2.0709570000
11781.0996100000 -6.7636180000 2.0692970000
11782.2002000000 -6.7548260000 2.0676360000
11783.2998100000 -6.7461080000 2.0659760000
11784.5000000000 -6.7366640000 2.0641650000
11785.5996100000 -6.7280840000 2.0625070000
11786.7002000000 -6.7195600000 2.0608480000
11787.7998100000 -6.7111060000 2.0591920000
11788.9003900000 -6.7027060000 2.0575340000
11790.0996100000 -6.6936250000 2.0557290000
11791.2002000000 -6.6853420000 2.0540710000
11792.2998100000 -6.6771320000 2.0524170000
11793.4003900000 -6.6689710000 2.0507620000
11794.5996100000 -6.6601450000 2.0489600000
11795.7002000000 -6.6520990000 2.0473060000
11796.7998100000 -6.6441140000 2.0456540000
11797.9003900000 -6.6361750000 2.0440020000
11799.0000000000 -6.6282940000 2.0423510000
11800.2002000000 -6.6197460000 2.0405490000
11801.2998100000 -6.6119710000 2.0388990000
11802.4003900000 -6.6042380000 2.0372500000
11803.5000000000 -6.5965590000 2.0356020000
11804.7002000000 -6.5882350000 2.0338040000
11805.7998100000 -6.5806550000 2.0321570000
11806.9003900000 -6.5731140000 2.0305090000
11808.0000000000 -6.5656240000 2.0288630000
11809.2002000000 -6.5574970000 2.0270660000
11810.2998100000 -6.5500990000 2.0254220000
11811.4003900000 -6.5427370000 2.0237770000
11812.5000000000 -6.5354250000 2.0221340000
11813.7002000000 -6.5274930000 2.0203410000
11814.7998100000 -6.5202600000 2.0186980000
11815.9003900000 -6.5130670000 2.0170550000
11817.0000000000 -6.5059200000 2.0154140000
11818.2002000000 -6.4981670000 2.0136240000
11819.2998100000 -6.4911010000 2.0119850000
11820.4003900000 -6.4840670000 2.0103440000
11821.5000000000 -6.4770760000 2.0087050000
11822.7002000000 -6.4694840000 2.0069170000
11823.7998100000 -6.4625690000 2.0052800000
11824.9003900000 -6.4556840000 2.0036420000
11826.0996100000 -6.4482250000 2.0018580000
11827.2002000000 -6.4414130000 2.0002210000
11828.2998100000 -6.4346410000 1.9985870000
11829.4003900000 -6.4278970000 1.9969510000
11830.5996100000 -6.4205830000 1.9951690000
11831.7002000000 -6.4139080000 1.9935340000
11832.7998100000 -6.4072710000 1.9919010000
11834.0000000000 -6.4000660000 1.9901210000
11835.0996100000 -6.3934950000 1.9884900000
11836.2002000000 -6.3869500000 1.9868580000
11837.2998100000 -6.3804410000 1.9852280000
11838.5000000000 -6.3733680000 1.9834490000
11839.5996100000 -6.3669220000 1.9818200000
11840.7002000000 -6.3604990000 1.9801900000
11841.9003900000 -6.3535260000 1.9784140000
11903.8203100000 -6.0320480000 1.8877000000
12136.5693400000 -5.1757300000 1.5624980000
12373.8701200000 -4.5619440000 1.2547520000
12615.8105500000 -4.0713610000 0.9634570000
12862.4814500000 -3.3863330000 0.6840520000
13113.9746100000 -3.0114290000 0.3663490000
13370.3857400000 -2.6854070000 0.0566850000
13631.8105500000 -2.3990220000 9.7548560000
13898.3466800000 -2.1457050000 9.4606610000
14170.0937500000 -1.9205500000 9.1739140000
14447.1543000000 -1.7197520000 8.8944310000
14729.6328100000 -1.5300310000 8.6202550000
15017.6337900000 -1.3691350000 8.3526040000
15311.2666000000 -1.2539510000 8.0938920000
15610.6396500000 -1.1276720000 7.8453540000
15915.8671900000 -1.0146620000 7.6038450000
16227.0615200000 -0.9136180000 7.3691880000
16544.3418000000 -0.8237440000 7.1412100000
16867.8242200000 -0.7433910000 6.9197440000
17197.6328100000 -0.6719820000 6.7046180000
17533.8906300000 -0.6087590000 6.4956690000
17876.7207000000 -0.5530270000 6.2927380000
18226.2558600000 -0.5041650000 6.0956680000
18582.6250000000 -0.4616120000 5.9043060000
18945.9628900000 -0.4248610000 5.7185030000
19316.4023400000 -0.3934550000 5.5381140000
19694.0878900000 -0.3669750000 5.3629950000
20079.1562500000 -0.3465160000 5.1931360000
20471.7539100000 -0.3291930000 5.0283030000
20872.0273400000 -0.3153260000 4.8683360000
21280.1289100000 -0.3050330000 4.7131000000
21696.2070300000 -0.2980450000 4.5624680000
22120.4238300000 -0.2941180000 4.4163140000
22552.9335900000 -0.2961330000 4.2747320000
22993.8984400000 -0.2976890000 4.1375080000
23443.4882800000 -0.3022400000 4.0044210000
23901.8671900000 -0.3084430000 3.8753990000
24369.2070300000 -0.3167030000 3.7502780000
24845.6875000000 -0.3268710000 3.6289480000
25331.4824200000 -0.3388090000 3.5113050000
25826.7753900000 -0.3523910000 3.3972420000
26331.7539100000 -0.3674990000 3.2866590000
26846.6054700000 -0.3839890000 3.1796430000
27371.5234400000 -0.4016460000 3.0763950000
27906.7070300000 -0.4204470000 2.9763580000
28452.3515600000 -0.4403050000 2.8794390000
29008.6660200000 -0.4611450000 2.7855430000
29575.8593800000 -0.4828940000 2.6945790000
30154.1406300000 -0.5054910000 2.6064610000
30743.7304700000 -0.5288780000 2.5211030000
31344.8476600000 -0.5530050000 2.4384230000
31957.7168000000 -0.5778260000 2.3583400000
32582.5703100000 -0.6030750000 2.2807740000
33219.6406300000 -0.6291590000 2.2056500000
33869.1679700000 -0.6558410000 2.1328940000
34531.3945300000 -0.6830990000 2.0624350000
35206.5703100000 -0.7109170000 1.9942050000
35894.9492200000 -0.7392840000 1.9281340000
36596.7851600000 -0.7681980000 1.8641590000
37312.3437500000 -0.7977030000 1.8022150000
38041.8906300000 -0.8277210000 1.7422420000
38785.7070300000 -0.8583370000 1.6841780000
39544.0625000000 -0.8895210000 1.6279650000
40317.2500000000 -0.9213310000 1.5735470000
41105.5546900000 -0.9538070000 1.5208680000
41909.2695300000 -0.9869980000 1.4698760000
42728.6992200000 -1.0209620000 1.4205190000
43564.1523400000 -1.0563950000 1.3727780000
44415.9414100000 -1.0921540000 1.3265750000
45284.3867200000 -1.1289570000 1.2818610000
46169.8085900000 -1.1669330000 1.2385880000
47072.5429700000 -1.2068890000 1.1967180000
47992.9296900000 -1.2476990000 1.1562120000
48931.3125000000 -1.2915420000 1.1170730000
49888.0429700000 -1.3360720000 1.0792250000
50863.4765600000 -1.3848980000 1.0426350000
51857.9843800000 -1.4344890000 1.0073230000
52871.9375000000 -1.4886680000 0.9731740000
53905.7187500000 -1.5453500000 0.9401670000
54959.7109400000 -1.6067260000 0.9082420000
56034.3085900000 -1.6738850000 0.8773630000
57129.9218800000 -1.7483000000 0.8474990000
58246.9531300000 -1.8322440000 0.8186180000
59385.8281300000 -1.9282200000 0.7906900000
60546.9687500000 -2.0409450000 0.7636820000
61730.8125000000 -2.1776950000 0.7375650000
62650.0000000000 -2.3058850000 0.7182100000
62681.6992200000 -2.3107530000 0.7175570000
62713.3984400000 -2.3156550000 0.7169040000
62745.1015600000 -2.3205930000 0.7162520000
62776.8984400000 -2.3255810000 0.7155990000
62808.6992200000 -2.3306050000 0.7149470000
62840.5000000000 -2.3356650000 0.7142960000
62872.3984400000 -2.3407790000 0.7136430000
62904.3007800000 -2.3459300000 0.7129920000
62936.1992200000 -2.3511190000 0.7123410000
62937.8046900000 -2.3513810000 0.7123090000
62968.1992200000 -2.3563640000 0.7116900000
63000.1992200000 -2.3616470000 0.7110390000
63032.1992200000 -2.3669720000 0.7103890000
63064.3007800000 -2.3723540000 0.7097380000
63096.3984400000 -2.3777780000 0.7090880000
63128.5000000000 -2.3832450000 0.7084390000
63160.6015600000 -2.3887540000 0.7077900000
63192.8007800000 -2.3943240000 0.7071410000
63225.1015600000 -2.3999570000 0.7064910000
63257.3007800000 -2.4056170000 0.7058430000
63289.6015600000 -2.4113420000 0.7051940000
63321.8984400000 -2.4171140000 0.7045470000
63354.3007800000 -2.4229520000 0.7038980000
63386.6992200000 -2.4288390000 0.7032500000
63419.1015600000 -2.4347760000 0.7026030000
63451.6015600000 -2.4407830000 0.7019540000
63484.0000000000 -2.4468220000 0.7013090000
63516.6015600000 -2.4529520000 0.7006610000
63549.1015600000 -2.4591170000 0.7000150000
63581.6992200000 -2.4653550000 0.6993690000
63614.3007800000 -2.4716500000 0.6987230000
63647.0000000000 -2.4780210000 0.6980770000
63679.6992200000 -2.4844510000 0.6974310000
63712.3984400000 -2.4909400000 0.6967860000
63745.1992200000 -2.4975110000 0.6961400000
63778.0000000000 -2.5041430000 0.6954950000
63810.8007800000 -2.5108390000 0.6948510000
63843.6015600000 -2.5175980000 0.6942080000
63876.5000000000 -2.5244440000 0.6935630000
63909.5000000000 -2.5313790000 0.6929180000
63942.3984400000 -2.5383610000 0.6922760000
63975.3984400000 -2.5454350000 0.6916320000
64008.3984400000 -2.5525820000 0.6909890000
64041.5000000000 -2.5598220000 0.6903460000
64074.6015600000 -2.5671390000 0.6897030000
64107.6992200000 -2.5745320000 0.6890610000
64140.8984400000 -2.5820270000 0.6884190000
64168.3984400000 -2.5882940000 0.6878870000
64174.1015600000 -2.5896020000 0.6877770000
64207.3007800000 -2.5972580000 0.6871360000
64240.6015600000 -2.6050230000 0.6864930000
64273.8984400000 -2.6128730000 0.6858520000
64307.1992200000 -2.6208120000 0.6852120000
64340.6015600000 -2.6288660000 0.6845710000
64374.0000000000 -2.6370120000 0.6839310000
64407.5000000000 -2.6452780000 0.6832890000
64440.8984400000 -2.6536150000 0.6826510000
64474.3984400000 -2.6620780000 0.6820110000
64508.0000000000 -2.6706710000 0.6813710000
64541.6015600000 -2.6793680000 0.6807310000
64575.1992200000 -2.6881720000 0.6800920000
64608.8007800000 -2.6970870000 0.6794550000
64642.5000000000 -2.7061410000 0.6788160000
64676.1992200000 -2.7153130000 0.6781780000
64710.0000000000 -2.7246320000 0.6775390000
64743.8007800000 -2.7340750000 0.6769010000
64777.6015600000 -2.7436460000 0.6762640000
64811.5000000000 -2.7533740000 0.6756260000
64845.3984400000 -2.7632360000 0.6749890000
64879.3007800000 -2.7732390000 0.6743530000
64913.3007800000 -2.7834120000 0.6737160000
64947.3007800000 -2.7937330000 0.6730800000
64981.3007800000 -2.8042030000 0.6724440000
65015.3984400000 -2.8148600000 0.6718080000
65049.5000000000 -2.8256790000 0.6711730000
65083.6015600000 -2.8366640000 0.6705380000
65117.8007800000 -2.8478510000 0.6699030000
65152.0000000000 -2.8592160000 0.6692690000
65186.3007800000 -2.8707970000 0.6686330000
65220.6015600000 -2.8825680000 0.6679990000
65254.8984400000 -2.8945310000 0.6673650000
65289.3007800000 -2.9067340000 0.6667310000
65323.6992200000 -2.9191460000 0.6660970000
65358.1015600000 -2.9317760000 0.6654640000
65392.6015600000 -2.9446660000 0.6648310000
65423.0507800000 -2.9562370000 0.6642720000
65427.1015600000 -2.9577900000 0.6641980000
65461.6015600000 -2.9711560000 0.6635660000
65496.1992200000 -2.9848120000 0.6629340000
65530.8007800000 -2.9987290000 0.6623020000
65565.5000000000 -3.0129580000 0.6616690000
65600.2031300000 -3.0274740000 0.6610370000
65634.8984400000 -3.0422770000 0.6604070000
65669.7031300000 -3.0574370000 0.6597750000
65704.5000000000 -3.0729140000 0.6591440000
65739.2968800000 -3.0887250000 0.6585140000
65774.2031300000 -3.1049340000 0.6578830000
65809.1015600000 -3.1215080000 0.6572530000
65844.0000000000 -3.1384610000 0.6566240000
65879.0000000000 -3.1558630000 0.6559950000
65914.1015600000 -3.1737390000 0.6553640000
65949.1015600000 -3.1920070000 0.6547360000
65984.2031300000 -3.2107860000 0.6541070000
66019.3984400000 -3.2301130000 0.6534770000
66054.5000000000 -3.2498950000 0.6528500000
66089.7031300000 -3.2702850000 0.6522220000
66125.0000000000 -3.2912980000 0.6515930000
66160.2968800000 -3.3129210000 0.6509650000
66195.6015600000 -3.3351970000 0.6503380000
66231.0000000000 -3.3582170000 0.6497100000
66266.3984400000 -3.3819600000 0.6490830000
66301.7968800000 -3.4064820000 0.6484580000
66337.2968800000 -3.4319020000 0.6478310000
66372.7968800000 -3.4582080000 0.6472050000
66408.2968800000 -3.4854610000 0.6465800000
66443.8984400000 -3.5138190000 0.6459540000
66479.5000000000 -3.5432690000 0.6453290000
66515.2031300000 -3.5739990000 0.6447030000
66550.8984400000 -3.6060050000 0.6440780000
66586.7031300000 -3.6395190000 0.6434520000
66622.3984400000 -3.6744590000 0.6428290000
66658.2031300000 -3.7111770000 0.6422060000
66694.1015600000 -3.7498340000 0.6415810000
66702.2343800000 -3.7588680000 0.6414390000
66730.0000000000 -3.7905380000 0.6409570000
66765.8984400000 -3.8334920000 0.6403340000
66801.8984400000 -3.8790920000 0.6397110000
66837.8984400000 -3.9275410000 0.6390880000
66874.0000000000 -3.9793460000 0.6384640000
66910.1015600000 -4.0348220000 0.6378420000
66946.2031300000 -4.0945170000 0.6372200000
66982.3984400000 -4.1592800000 0.6365980000
67018.6015600000 -4.2298430000 0.6359760000
67054.7968800000 -4.3072860000 0.6353550000
67091.1015600000 -4.3933720000 0.6347340000
67127.3984400000 -4.4898260000 0.6341130000
67163.7968800000 -4.5998350000 0.6334920000
67200.2031300000 -4.7273240000 0.6328720000
67236.6015600000 -4.8787150000 0.6322520000
67273.1015600000 -5.0655230000 0.6316320000
67309.6015600000 -5.3082180000 0.6310130000
67346.2031300000 -5.6557200000 0.6303920000
67382.7968800000 -6.2676440000 0.6297730000
67419.3984400000 -8.2923140000 3.2585320000
67456.1015600000 -6.1257460000 3.2559010000
67492.7968800000 -5.5743570000 3.2532720000
67529.6015600000 -5.2420340000 3.2506390000
67566.3984400000 -5.0034730000 3.2480080000
67603.2031300000 -4.8169850000 3.2453790000
67640.1015600000 -4.6634140000 3.2427460000
67677.0000000000 -4.5330110000 3.2401140000
67714.0000000000 -4.4193930000 3.2374780000
67751.0000000000 -4.3188730000 3.2348450000
67788.1015600000 -4.2284960000 3.2322060000
67825.1015600000 -4.1467760000 3.2295770000
67862.2968800000 -4.0716360000 3.2269370000
67899.3984400000 -4.0025590000 3.2243050000
67936.6015600000 -3.9383220000 3.2216690000
67973.8984400000 -3.8782700000 3.2190280000
68006.4296900000 -3.8290150000 3.2167270000
68011.2031300000 -3.8220190000 3.2163900000
68048.5000000000 -3.7691080000 3.2137540000
68085.8984400000 -3.7190280000 3.2111130000
68123.2968800000 -3.6716020000 3.2084750000
68160.7031300000 -3.6265480000 3.2058390000
68198.2031300000 -3.5835440000 3.2031980000
68235.7031300000 -3.5425000000 3.2005600000
68273.2968800000 -3.5031410000 3.1979170000
68310.8984400000 -3.4654250000 3.1952770000
68348.6015600000 -3.4291170000 3.1926320000
68386.2968800000 -3.3942150000 3.1899890000
68424.0000000000 -3.3605990000 3.1873490000
68461.7968800000 -3.3281040000 3.1847040000
68499.6015600000 -3.2967220000 3.1820620000
68537.5000000000 -3.2663130000 3.1794150000
68575.3984400000 -3.2368790000 3.1767700000
68613.3984400000 -3.2082960000 3.1741210000
68651.3984400000 -3.1805730000 3.1714740000
68689.3984400000 -3.1536640000 3.1688300000
68727.5000000000 -3.1274560000 3.1661810000
68765.6015600000 -3.1019760000 3.1635350000
68803.7031300000 -3.0771830000 3.1608910000
68841.8984400000 -3.0529840000 3.1582430000
68880.2031300000 -3.0293360000 3.1555890000
68918.5000000000 -3.0062840000 3.1529390000
68956.7968800000 -2.9838000000 3.1502920000
68995.2031300000 -2.9617860000 3.1476390000
69033.6015600000 -2.9402890000 3.1449890000
69072.1015600000 -2.9192270000 3.1423340000
69110.6015600000 -2.8986310000 3.1396820000
69149.1015600000 -2.8784880000 3.1370330000
69187.7031300000 -2.8587200000 3.1343780000
69226.2968800000 -2.8393730000 3.1317280000
69265.0000000000 -2.8203660000 3.1290720000
69303.7031300000 -2.8017420000 3.1264180000
69336.1250000000 -2.7864230000 3.1241970000
69342.5000000000 -2.7834420000 3.1237610000
69381.2968800000 -2.7654970000 3.1211060000
69420.1015600000 -2.7478860000 3.1184520000
69459.0000000000 -2.7305660000 3.1157960000
69498.0000000000 -2.7135170000 3.1131340000
69536.8984400000 -2.6968210000 3.1104820000
69576.0000000000 -2.6803350000 3.1078190000
69615.0000000000 -2.6641770000 3.1051650000
69654.1015600000 -2.6482560000 3.1025070000
69693.2968800000 -2.6325640000 3.0998440000
69732.5000000000 -2.6171330000 3.0971850000
69771.7031300000 -2.6019510000 3.0945270000
69811.0000000000 -2.5869820000 3.0918660000
69850.2968800000 -2.5722480000 3.0892060000
69889.7031300000 -2.5577060000 3.0865430000
69929.1015600000 -2.5433900000 3.0838820000
69968.6015600000 -2.5292540000 3.0812170000
70008.1015600000 -2.5153340000 3.0785540000
70047.7031300000 -2.5015820000 3.0758870000
70087.2031300000 -2.4880680000 3.0732300000
70126.8984400000 -2.4746810000 3.0705620000
70166.6015600000 -2.4614830000 3.0678960000
70206.2968800000 -2.4484720000 3.0652330000
70246.1015600000 -2.4356080000 3.0625660000
70285.8984400000 -2.4229230000 3.0599010000
70325.7968800000 -2.4103750000 3.0572320000
70365.7031300000 -2.3979960000 3.0545660000
70405.6015600000 -2.3857800000 3.0519020000
70445.7031300000 -2.3736640000 3.0492280000
70485.7031300000 -2.3617340000 3.0465620000
70525.7968800000 -2.3499300000 3.0438940000
70565.8984400000 -2.3382710000 3.0412270000
70606.1015600000 -2.3267280000 3.0385560000
70646.2968800000 -2.3153290000 3.0358880000
70686.6015600000 -2.3040300000 3.0332150000
70691.8203100000 -2.3025760000 3.0328700000
70727.0000000000 -2.2927220000 3.0305390000
70767.2968800000 -2.2819020000 3.0278720000
70807.7031300000 -2.2709690000 3.0252010000
70848.2031300000 -2.2601530000 3.0225260000
70888.7031300000 -2.2494670000 3.0198540000
70929.2968800000 -2.2388800000 3.0171770000
70969.8984400000 -2.2284130000 3.0145030000
71010.5000000000 -2.2180660000 3.0118330000
71051.2031300000 -2.2078080000 3.0091570000
71091.8984400000 -2.1976660000 3.0064850000
71132.7031300000 -2.1876080000 3.0038080000
71173.6015600000 -2.1776390000 3.0011290000
71214.3984400000 -2.1677990000 2.9984570000
71255.3984400000 -2.1580190000 2.9957760000
71296.2968800000 -2.1483660000 2.9931040000
71337.3984400000 -2.1387680000 2.9904220000
71378.3984400000 -2.1292930000 2.9877480000
71419.6015600000 -2.1198690000 2.9850640000
71460.7031300000 -2.1105660000 2.9823890000
71501.8984400000 -2.1013360000 2.9797110000
71543.2031300000 -2.0921750000 2.9770280000
71584.5000000000 -2.0831080000 2.9743480000
71625.7968800000 -2.0741330000 2.9716720000
71667.2968800000 -2.0652000000 2.9689840000
71708.7031300000 -2.0563770000 2.9663060000
71750.2031300000 -2.0476180000 2.9636240000
71791.7031300000 -2.0389450000 2.9609450000
71833.2968800000 -2.0303350000 2.9582620000
71875.0000000000 -2.0217860000 2.9555760000
71916.7031300000 -2.0133170000 2.9528920000
71958.3984400000 -2.0049290000 2.9502110000
72000.2031300000 -1.9965970000 2.9475250000
72042.0000000000 -1.9883440000 2.9448430000
72074.0234400000 -1.9820730000 2.9427910000
72083.8984400000 -1.9801470000 2.9421570000
72125.8984400000 -1.9720050000 2.9394680000
72167.7968800000 -1.9639580000 2.9367880000
72209.8984400000 -1.9559430000 2.9340970000
72251.8984400000 -1.9480200000 2.9314150000
72294.1015600000 -1.9401300000 2.9287240000
72336.2968800000 -1.9323100000 2.9260360000
72378.5000000000 -1.9245580000 2.9233490000
72420.7968800000 -1.9168560000 2.9206600000
72463.1015600000 -1.9092200000 2.9179730000
72505.5000000000 -1.9016340000 2.9152830000
72547.8984400000 -1.8941120000 2.9125950000
72590.3984400000 -1.8866360000 2.9099040000
72632.8984400000 -1.8792250000 2.9072160000
72675.5000000000 -1.8718580000 2.9045240000
72718.1015600000 -1.8645530000 2.9018340000
72760.7968800000 -1.8572930000 2.8991420000
72803.5000000000 -1.8500920000 2.8964520000
72846.2968800000 -1.8429340000 2.8937590000
72889.1015600000 -1.8358340000 2.8910680000
72932.0000000000 -1.8287760000 2.8883740000
73483.2500000000 -1.7429100000 2.8540040000
74920.0312500000 -1.5535730000 2.7665510000
76384.9062500000 -1.3985140000 2.6804720000
77878.4218800000 -1.2689890000 2.5958020000
79401.1406300000 -1.1597670000 2.5125770000
80953.6328100000 -1.0660460000 2.4331830000
82536.4765600000 -0.9839200000 2.3574240000
84150.2734400000 -0.9118940000 2.2839040000
85795.6250000000 -0.8483890000 2.2125600000
87473.1406300000 -0.7921590000 2.1433320000
89183.4609400000 -0.7416850000 2.0760630000
90927.2187500000 -0.6971730000 2.0107530000
92705.0781300000 -0.6575050000 1.9473580000
94517.6953100000 -0.6221290000 1.8858260000
96365.7500000000 -0.5905740000 1.8261060000
98249.9453100000 -0.5624380000 1.7681500000
100170.9766000000 -0.5373740000 1.7119090000
102129.5703000000 -0.5150800000 1.6573370000
104126.4609000000 -0.4952910000 1.6043870000
106162.3906000000 -0.4777750000 1.5530160000
108238.1328000000 -0.4623240000 1.5031800000
110354.4609000000 -0.4487540000 1.4548360000
112512.1641000000 -0.4369000000 1.4079430000
114712.0547000000 -0.4266150000 1.3624620000
116954.9688000000 -0.4177640000 1.3183530000
119241.7266000000 -0.4102270000 1.2755770000
121573.2031000000 -0.4038950000 1.2340980000
123950.2656000000 -0.3986670000 1.1938790000
126373.8047000000 -0.3944530000 1.1548840000
128844.7266000000 -0.3911700000 1.1170800000
131363.9688000000 -0.3887420000 1.0804330000
133932.4531000000 -0.3870990000 1.0449100000
136551.1719000000 -0.3901790000 1.0107570000
139221.0938000000 -0.3899620000 0.9778210000
141943.2188000000 -0.3903160000 0.9459210000
144718.5625000000 -0.3911920000 0.9150280000
147548.1719000000 -0.3925420000 0.8851090000
150433.1094000000 -0.3943250000 0.8561360000
153374.4531000000 -0.3965010000 0.8280800000
156373.2969000000 -0.3990350000 0.8009130000
159430.7969000000 -0.4018930000 0.7746060000
162548.0625000000 -0.4050430000 0.7491360000
165726.2813000000 -0.4084580000 0.7244740000
168966.6406000000 -0.4121110000 0.7005970000
172270.3750000000 -0.4159770000 0.6774810000
175638.6875000000 -0.4200330000 0.6551020000
179072.8594000000 -0.4242590000 0.6334380000
182574.1875000000 -0.4286340000 0.6124660000
186143.9688000000 -0.4331400000 0.5921650000
189783.5469000000 -0.4377620000 0.5725150000
193494.2969000000 -0.4424820000 0.5534950000
197277.5938000000 -0.4472880000 0.5350860000
201134.8594000000 -0.4521640000 0.5172680000
205067.5469000000 -0.4571000000 0.5000240000
209077.1406000000 -0.4620830000 0.4833360000
213165.1250000000 -0.4671030000 0.4671860000
217333.0313000000 -0.4721500000 0.4515580000
221582.4375000000 -0.4772150000 0.4364350000
225914.9219000000 -0.4822890000 0.4218020000
230332.1250000000 -0.4873660000 0.4076430000
234835.7031000000 -0.4924370000 0.3939440000
239427.3281000000 -0.4974960000 0.3806900000
244108.7344000000 -0.5025380000 0.3678670000
248881.6719000000 -0.5075550000 0.3554610000
253747.9219000000 -0.5125460000 0.3434600000
258709.3281000000 -0.5175030000 0.3318510000
263767.7500000000 -0.5224230000 0.3206210000
268925.0625000000 -0.5273010000 0.3097590000
274183.2188000000 -0.5321350000 0.2992520000
279544.1875000000 -0.5369220000 0.2890900000
285010.0000000000 -0.5416570000 0.2792620000
290582.6563000000 -0.5463400000 0.2697570000
296264.2500000000 -0.5573540000 0.2608350000
302056.9688000000 -0.5618880000 0.2523130000
307962.9375000000 -0.5663450000 0.2440770000
313984.3750000000 -0.5707240000 0.2361170000
320123.5625000000 -0.5750250000 0.2284240000
326382.7813000000 -0.5792480000 0.2209890000
332764.3750000000 -0.5833920000 0.2138030000
339270.7500000000 -0.5874570000 0.2068570000
345904.3438000000 -0.5914430000 0.2001430000
352667.6563000000 -0.5953500000 0.1936530000
359563.1875000000 -0.5991800000 0.1873790000
366593.5625000000 -0.6029300000 0.1813150000
373761.3750000000 -0.6066040000 0.1754520000
381069.3438000000 -0.6102000000 0.1697850000
388520.2188000000 -0.6137200000 0.1643060000
396116.7500000000 -0.6171640000 0.1590090000
403861.8125000000 -0.6205330000 0.1538880000
411758.3438000000 -0.6238270000 0.1489360000
419809.2500000000 -0.6270490000 0.1441490000
428017.5625000000 -0.6301970000 0.1395210000
436386.3750000000 -0.6332750000 0.1350450000
444918.8125000000 -0.6362810000 0.1307170000
453618.0938000000 -0.6392180000 0.1265330000
462487.4688000000 -0.6420870000 0.1224860000
471530.2500000000 -0.6448870000 0.1185730000
480749.8438000000 -0.6476220000 0.1147890000
490149.7188000000 -0.6502910000 0.1111300000
499733.3750000000 -0.6528950000 0.1075900000
509504.4063000000 -0.6554370000 0.1041680000
519466.5000000000 -0.6579160000 0.1008570000
529623.3750000000 -0.6603340000 0.0976550000
539978.8125000000 -0.6626930000 0.0945590000
550536.7500000000 -0.6649930000 0.0915630000
561301.1250000000 -0.6672350000 0.0886660000
572276.0000000000 -0.6694210000 0.0858630000
583465.4375000000 -0.6715510000 0.0831520000
594873.6250000000 -0.6736270000 0.0805300000
606504.8750000000 -0.6756500000 0.0779930000
618363.5625000000 -0.6776210000 0.0755380000
630454.1250000000 -0.6795410000 0.0731640000
642781.1250000000 -0.6814120000 0.0708670000
655349.0625000000 -0.6832330000 0.0686450000
668162.8125000000 -0.6850070000 0.0664940000
681227.0625000000 -0.6867340000 0.0644140000
694546.7500000000 -0.6884160000 0.0624010000
