30.0000000000 -66.9695510000 3.5209660000
30.5865750000 -66.6248860000 3.4954240000
31.1846200000 -66.2834090000 3.4565730000
31.7943570000 -65.9459080000 3.4045150000
32.4160160000 -65.6132050000 3.3393880000
33.0498310000 -65.2860950000 3.2613700000
33.6960370000 -64.9654080000 3.1706780000
34.3548770000 -64.6519700000 3.0675660000
35.0266040000 -64.3466110000 2.9523210000
35.7114600000 -64.0501860000 2.8252690000
36.4097100000 -63.7635540000 2.6867640000
37.1216090000 -63.4876140000 2.5371950000
37.8474310000 -63.2232820000 2.3769790000
38.5874440000 -62.9715230000 2.2065580000
39.3419230000 -62.7333600000 2.0264050000
40.1111560000 -62.5098990000 1.8370090000
40.8954320000 -62.3023570000 1.6388860000
41.6950380000 -62.1121060000 1.4325690000
42.5102810000 -61.9407230000 1.2186020000
43.3414650000 -61.7900960000 0.9975500000
44.1888960000 -61.6625180000 0.7699860000
45.0529020000 -61.5608830000 0.5364890000
45.9338000000 -61.4889720000 0.2976490000
46.8319210000 -61.4518930000 0.0540570000
47.7476010000 -61.4568250000 9.8063060000
48.6811870000 -61.5143010000 9.5549860000
49.6330260000 -61.6405790000 9.3006870000
50.6034740000 -61.8623700000 9.0439890000
51.5928990000 -62.2271000000 8.7854690000
52.6016690000 -62.2213630000 2.8345250000
53.6301650000 -60.9296490000 2.3110540000
54.6787680000 -60.1900830000 1.8068250000
55.7478750000 -59.6908650000 1.3207680000
56.8378870000 -59.3367540000 0.8519460000
57.9492070000 -59.0858570000 0.3995290000
59.0822600000 -58.9168130000 9.9627780000
60.2374690000 -58.8186990000 9.5410400000
61.4152600000 -58.7874340000 9.1337390000
62.6160810000 -58.8250430000 8.7403530000
63.8403850000 -58.9411130000 8.3604190000
65.0886230000 -59.1576690000 7.9935220000
66.3612670000 -59.2895850000 9.9054910000
67.6587980000 -58.6542630000 9.4526210000
68.9816970000 -58.3425830000 9.0178240000
70.3304600000 -58.1840740000 8.6004520000
71.7055970000 -58.2225110000 8.6332310000
73.1076200000 -57.9982830000 8.2591480000
74.5370640000 -58.0837970000 8.1906660000
75.9944460000 -57.8368300000 7.8578660000
77.4803310000 -57.7495190000 7.5408290000
78.9952620000 -57.7138330000 7.2391420000
80.5398180000 -57.7123340000 6.9524170000
82.1145710000 -57.7372440000 6.6802820000
83.7201160000 -57.7839470000 6.4223860000
85.3570560000 -57.8493230000 6.1783950000
87.0260010000 -57.9310870000 5.9479900000
88.7275770000 -58.0275000000 5.7308660000
90.4624250000 -58.1372220000 5.5267350000
92.2311940000 -58.2592050000 5.3353190000
94.0345380000 -58.3926730000 5.1563570000
95.8731540000 -58.5371090000 4.9895990000
97.7477110000 -58.6922910000 4.8348110000
99.6589200000 -58.8584330000 4.6917730000
101.6075060000 -59.0364490000 4.5602780000
103.5941850000 -59.2131350000 4.5278790000
105.6197130000 -59.3725090000 4.4211440000
107.6848450000 -59.5467110000 4.3254530000
109.7903520000 -59.7306860000 4.2406640000
111.9370270000 -59.9227910000 4.1666550000
114.1256790000 -60.1222880000 4.1033240000
116.3571170000 -61.1396710000 4.0647100000
118.6321950000 -61.3282280000 4.0450140000
120.9517520000 -61.5235440000 4.0343150000
123.3166580000 -61.7256390000 4.0326650000
125.7278060000 -61.9345780000 4.0401450000
128.1860960000 -62.1505200000 4.0568630000
130.6924590000 -62.3735920000 4.0829600000
133.2478330000 -62.6040080000 4.1186090000
135.8531490000 -62.8419990000 4.1640190000
138.5094300000 -63.0878370000 4.2194330000
141.2176360000 -63.8747410000 4.2937900000
143.9787900000 -64.1168060000 4.3847290000
146.7939300000 -64.3681410000 4.4854480000
149.6641240000 -64.6291500000 4.5964370000
152.5904390000 -64.9002760000 4.7182380000
155.5739590000 -65.1819840000 4.8514420000
158.6158140000 -65.4747470000 4.9967010000
161.7171480000 -65.7790830000 5.1547290000
164.8791350000 -66.0955350000 5.3263050000
168.1029360000 -66.4246670000 5.5122820000
171.3897710000 -66.7670520000 5.7135870000
174.7408600000 -67.1233060000 5.9312350000
178.1574860000 -67.4940870000 6.1663320000
181.6409150000 -67.8800510000 6.4200820000
185.1924440000 -68.2818910000 6.6937970000
188.8134160000 -68.7003330000 6.9889050000
192.5051880000 -69.1361310000 7.3069650000
196.2691500000 -69.5900650000 7.6496730000
200.1067050000 -70.0629350000 8.0188750000
204.0192870000 -70.5555800000 8.4165820000
208.0083770000 -70.9589390000 8.8432220000
212.0754700000 -71.4917220000 9.2987320000
216.2220760000 -72.0470960000 9.7897520000
220.4497530000 -72.6260070000 0.3191140000
224.7601010000 -73.2294310000 0.8899130000
229.1547240000 -73.8583370000 1.5055150000
233.6352690000 -74.5137480000 2.1696030000
238.2034300000 -75.1966860000 2.8861950000
242.8609010000 -75.9081880000 3.6596760000
247.6094360000 -76.6493300000 4.4948460000
252.4508210000 -77.4211880000 5.3969510000
257.3868710000 -78.2248760000 6.3717230000
262.4194340000 -79.0788960000 7.4256650000
267.5503850000 -79.9497220000 8.5661220000
272.7816770000 -80.8559490000 9.7999230000
278.1152340000 -81.7989880000 1.1353090000
283.5530700000 -82.7804720000 2.5813160000
289.0972600000 -72.0586470000 3.6184900000
294.7498170000 -72.2173610000 4.6043620000
300.5129390000 -64.3504260000 5.3858910000
306.3887020000 -63.9385410000 5.9800320000
312.3793640000 -63.5372770000 6.5556200000
318.4871830000 -63.1048130000 7.7152060000
324.7143860000 -62.4442100000 8.2954120000
331.0633850000 -62.2697910000 9.2733190000
337.5364990000 -61.1640630000 9.8389530000
344.1361690000 -60.3728330000 0.3808630000
350.8648990000 -59.5958750000 0.8974000000
357.7251890000 -58.8127980000 1.3869920000
364.7196040000 -58.0179290000 1.8481390000
371.8508000000 -57.2096060000 2.2794530000
379.1213990000 -56.3878290000 2.6796420000
386.5341800000 -55.5534480000 3.0475080000
394.0918880000 -54.7078360000 3.3819890000
401.7973630000 -53.8527260000 3.6821210000
409.6535340000 -52.9975360000 3.9472240000
417.6632690000 -52.1298830000 4.1767080000
425.8296200000 -51.2594570000 4.3697620000
434.1556700000 -50.3889810000 4.5259480000
442.6445010000 -49.5214690000 4.6449510000
451.2993160000 -48.6602900000 4.7266080000
460.1233520000 -47.8092690000 4.7708820000
469.1199040000 -46.9729350000 4.7778630000
478.2923890000 -46.1568180000 4.7477870000
487.6441960000 -45.3680990000 4.6810040000
497.1788640000 -44.6167030000 4.5779910000
506.8999330000 -43.9175150000 4.4393500000
516.8110960000 -43.2951850000 4.2657930000
526.9160770000 -42.6806450000 5.7150760000
537.2185670000 -41.4157490000 5.4878880000
547.7225340000 -40.3668100000 5.2281230000
558.4318850000 -39.4116780000 4.9368710000
569.3506470000 -38.5191230000 4.6153180000
580.4828490000 -37.6781650000 4.2647170000
591.8327640000 -36.8857420000 3.8863830000
603.4046020000 -36.1437680000 3.4817010000
615.2026370000 -35.5107540000 3.4293060000
627.2313840000 -34.6600610000 2.9843900000
639.4953610000 -33.9123190000 2.5175090000
651.9990840000 -33.2207530000 2.0301820000
664.7473140000 -32.5764390000 1.5239510000
677.7447510000 -31.9773620000 1.0003600000
690.9963990000 -31.4244140000 0.4609620000
704.5070800000 -30.9209230000 9.9073100000
718.2819820000 -30.4736630000 9.3409350000
732.3261720000 -30.0764350000 9.3012560000
746.6450200000 -29.4770260000 8.7179360000
761.2437740000 -28.9822670000 8.1261940000
776.1279910000 -28.5483570000 7.5274580000
791.3032230000 -28.1640450000 6.9231340000
806.7752080000 -27.8249890000 6.3145730000
822.5496830000 -27.5293160000 5.7031000000
838.6325680000 -27.2763160000 5.0899790000
855.0299680000 -27.0659790000 4.4764310000
871.7479250000 -26.8988090000 3.8636260000
888.7927860000 -26.7757660000 3.2526760000
906.1708980000 -26.6982980000 2.6446510000
923.8888550000 -26.6683860000 2.0405540000
941.9531860000 -26.6886900000 1.4413390000
960.3707280000 -26.7627160000 0.8479060000
979.1483760000 -26.6813960000 0.2583370000
998.2931520000 -26.8748890000 9.6725580000
1017.8123170000 -26.6822970000 9.3395000000
1037.7131350000 -26.4611700000 9.0286390000
1058.0029300000 -26.2529010000 8.7160640000
1078.6895750000 -26.0578370000 8.4019660000
1099.7806400000 -25.8762280000 8.0865500000
1121.2841800000 -25.7083590000 7.7700210000
1143.2080080000 -25.5545410000 7.4525830000
1165.5606690000 -25.4151210000 7.1344470000
1188.3502200000 -25.2904910000 6.8158230000
1211.5854490000 -25.1810780000 6.4969180000
1235.2750240000 -25.0916520000 6.1782990000
1259.4277340000 -25.1756900000 5.8622890000
1284.0527340000 -25.1275120000 5.5539030000
1309.1591800000 -25.0961130000 5.2473550000
1334.7564700000 -25.2194160000 4.9461130000
1360.8542480000 -25.3990190000 4.6564250000
1387.4624020000 -25.4338380000 4.3700320000
1414.5908200000 -25.6216930000 4.0896790000
1442.2495120000 -25.6978870000 3.8138220000
1470.4492190000 -25.7952800000 3.5413290000
1499.2000730000 -25.9156380000 3.2721890000
1528.5131840000 -26.0610770000 3.0063830000
1558.3995360000 -26.2341420000 2.7438960000
1588.8701170000 -26.4379250000 2.4847140000
1619.9365230000 -26.6762220000 2.2288250000
1651.6103520000 -26.9537600000 1.9762110000
1683.9034420000 -27.2765140000 1.7268640000
1716.8280030000 -27.6522060000 1.4807690000
1750.3962400000 -28.0910630000 1.2379160000
1784.6208500000 -28.6070650000 0.9982930000
1819.5146480000 -29.2201290000 0.7618890000
1855.0908200000 -29.9601330000 0.5286920000
1891.3624270000 -30.8750060000 0.2986970000
1928.3432620000 -32.0510060000 0.0719220000
1966.0472410000 -33.6493840000 9.8483620000
2004.4884030000 -36.0554850000 9.6279750000
2043.6811520000 -40.3913540000 9.4107520000
2083.6401370000 -51.6828540000 9.1969840000
2124.3806150000 -123.8222200000 8.7957760000
2165.9174800000 -22.7771030000 6.6846890000
2208.2666020000 -42.1432690000 2.1427920000
2251.4438480000 0.2641900000 8.6541560000
2295.4653320000 -4.1410630000 7.8809260000
2340.3474120000 -10.7823870000 8.9474930000
2386.1069340000 -16.4854150000 4.7392800000
2432.7612300000 -21.3457260000 2.6197330000
2480.3278810000 -25.8721560000 1.5480370000
2528.8244630000 -30.5272620000 1.1119660000
2578.2692870000 -35.9841040000 1.2018330000
2628.6809080000 -43.8127860000 1.9285480000
2680.0783690000 -50.6409490000 8.2744770000
2732.4804690000 -61.3514440000 2.0075130000
2785.9074710000 -32.2925150000 5.6036800000
2840.3789060000 -37.9389040000 7.4339160000
2895.9152830000 -15.2138400000 8.3508110000
2952.5378420000 -14.6615270000 7.5738890000
3010.2673340000 -14.7306240000 6.8287430000
3069.1254880000 -13.4820830000 7.8086010000
3129.1347660000 -12.4198330000 7.0184710000
3190.3171390000 -11.7193380000 6.2533000000
3252.6958010000 -11.3152150000 5.5122030000
3316.2941890000 -10.9547330000 5.8929330000
3381.1359860000 -9.9050940000 5.1894650000
3447.2456050000 -9.2297680000 4.5085770000
3514.6479490000 -8.6670200000 3.8519650000
3583.3681640000 -8.1810150000 3.2173120000
3653.4318850000 -7.7519460000 2.6042520000
3724.8657230000 -7.3684220000 2.0125050000
3797.6960450000 -7.0227410000 1.4418640000
3871.9506840000 -6.7091230000 0.8922040000
3947.6569820000 -6.2218050000 0.3566860000
4024.8435060000 -5.9387880000 9.8053320000
4103.5390630000 -5.6805620000 9.2672810000
4183.7739260000 -5.4449570000 8.7422660000
4265.5771480000 -5.2240210000 8.2298720000
4348.9794920000 -5.0170880000 7.7278860000
4434.0131840000 -4.8380770000 7.2373830000
4520.7089840000 -4.6760100000 6.7585950000
4609.1005860000 -4.5295940000 6.2912940000
4699.2197270000 -4.3978250000 5.8352720000
4791.1015630000 -4.2797850000 5.3902940000
4884.7792970000 -4.1746480000 4.9561480000
4980.2890630000 -4.0816560000 4.5326150000
5077.6660160000 -4.0001190000 4.1194810000
5176.9472660000 -3.9294040000 3.7165350000
5278.1694340000 -3.8689350000 3.3235690000
5381.3710940000 -3.8274570000 2.9412440000
5486.5903320000 -3.7861380000 2.5686570000
5593.8666990000 -3.7535230000 2.2054840000
5703.2412110000 -3.7292060000 1.8515240000
5814.7534180000 -3.7128200000 1.5065820000
5928.4467770000 -3.7223770000 1.1706730000
6044.3627930000 -3.7207420000 0.8437120000
6162.5449220000 -3.7396520000 0.5265150000
6283.0380860000 -3.7684080000 0.2180190000
6405.8872070000 -3.7871850000 9.9178390000
6531.1386720000 -3.8122130000 9.6255870000
6658.8383790000 -3.8490660000 9.3414010000
6789.0356450000 -3.8864000000 9.0650960000
6921.7783200000 -3.9296230000 8.7962140000
7057.1162110000 -3.9787020000 8.5345770000
7195.1005860000 -4.0336430000 8.2800110000
7335.7827150000 -4.0944980000 8.0323500000
7479.2158200000 -4.1613670000 7.7914240000
7625.4531250000 -4.2344080000 7.5570700000
7774.5498050000 -4.3138450000 7.3291300000
7926.5620120000 -4.3999770000 7.1074460000
8081.5458980000 -4.4932020000 6.8918650000
8239.5605470000 -4.5940390000 6.6822370000
8400.6640630000 -4.7031760000 6.4784140000
8564.9189450000 -4.8215460000 6.2802510000
8732.3837890000 -4.9505350000 6.0876090000
8903.1240230000 -5.0925200000 5.9004070000
9077.2021480000 -5.2393470000 5.7216220000
9254.6845700000 -5.3995090000 5.5479680000
9435.6367190000 -5.5750220000 5.3793160000
9620.1269530000 -5.7693810000 5.2155390000
9808.2246090000 -5.9857540000 5.0565200000
10000.0000000000 -6.2295050000 4.9021160000
10195.5253900000 -6.5085420000 4.7521950000
10394.8730500000 -6.8344680000 4.6066320000
10598.1191400000 -7.2259150000 4.4653050000
10805.3388700000 -7.7157010000 4.3280950000
11016.6103500000 -8.3704290000 4.1948880000
11232.0127000000 -9.3629960000 4.0655710000
11417.7002000000 -10.9804760000 3.9590300000
11418.7002000000 -10.9940300000 3.9584680000
11419.7998100000 -11.0090370000 3.9578500000
11420.7998100000 -11.0227910000 3.9572880000
11421.9003900000 -11.0380330000 3.9566700000
11422.9003900000 -11.0519780000 3.9561090000
11424.0000000000 -11.0674360000 3.9554920000
11425.0000000000 -11.0816070000 3.9549310000
11426.0996100000 -11.0973010000 3.9543140000
11427.0996100000 -11.1116750000 3.9537530000
11428.2002000000 -11.1276260000 3.9531360000
11429.2002000000 -11.1422400000 3.9525750000
11430.2998100000 -11.1584270000 3.9519590000
11431.2998100000 -11.1732720000 3.9513980000
11432.4003900000 -11.1897340000 3.9507820000
11433.5000000000 -11.2063190000 3.9501660000
11434.5000000000 -11.2215160000 3.9496060000
11435.5996100000 -11.2383720000 3.9489910000
11436.5996100000 -11.2538310000 3.9484310000
11437.7002000000 -11.2709730000 3.9478150000
11438.7002000000 -11.2866480000 3.9472560000
11439.7998100000 -11.2923690000 3.9466400000
11440.7998100000 -11.3210140000 3.9460820000
11441.9003900000 -11.3387180000 3.9454670000
11442.9003900000 -11.3549800000 3.9449080000
11444.0000000000 -11.3730170000 3.9442930000
11445.0996100000 -11.3912260000 3.9436790000
11446.0996100000 -11.4079260000 3.9431210000
11447.2002000000 -11.4264820000 3.9425070000
11448.2002000000 -11.4435030000 3.9419480000
11449.2998100000 -11.4623860000 3.9413350000
11450.2998100000 -11.4797250000 3.9407770000
11451.4003900000 -11.4989790000 3.9401630000
11451.6259800000 -11.5029390000 3.9400370000
11452.5000000000 -11.5184070000 3.9395500000
11453.5000000000 -11.5362360000 3.9389930000
11454.5996100000 -11.5560410000 3.9383800000
11455.5996100000 -11.5742360000 3.9378220000
11456.7002000000 -11.5944530000 3.9372090000
11457.7998100000 -11.6148660000 3.9365970000
11458.7998100000 -11.6336130000 3.9360400000
11459.9003900000 -11.6544950000 3.9354270000
11460.9003900000 -11.6736620000 3.9348710000
11462.0000000000 -11.6950510000 3.9342590000
11463.0000000000 -11.7151890000 3.9337020000
11464.0996100000 -11.7376190000 3.9330910000
11465.2002000000 -11.7603490000 3.9324800000
11466.2002000000 -11.7806370000 3.9319250000
11467.2998100000 -11.8031130000 3.9313150000
11468.4003900000 -11.8258370000 3.9307040000
11469.4003900000 -11.8467130000 3.9301490000
11470.5000000000 -11.8699100000 3.9295390000
11471.5000000000 -11.8912510000 3.9289850000
11472.5996100000 -11.9149760000 3.9283750000
11473.7002000000 -11.9390100000 3.9277650000
11474.7002000000 -11.9610920000 3.9272110000
11475.7998100000 -11.9856770000 3.9266020000
11476.7998100000 -12.0083130000 3.9260480000
11477.9003900000 -12.0335210000 3.9254390000
11479.0000000000 -12.0590330000 3.9248300000
11480.0000000000 -12.0825130000 3.9242770000
11481.0996100000 -12.1086950000 3.9236680000
11482.2002000000 -12.1352320000 3.9230590000
11483.2002000000 -12.1596450000 3.9225060000
11484.2998100000 -12.1868590000 3.9218980000
11485.2998100000 -12.2119500000 3.9213450000
11486.4003900000 -12.2399270000 3.9207370000
11487.5000000000 -12.2682850000 3.9201290000
11488.5000000000 -12.2944180000 3.9195770000
11489.5996100000 -12.3235790000 3.9189700000
11490.7002000000 -12.3532030000 3.9183620000
11491.7002000000 -12.3805260000 3.9178100000
11492.7998100000 -12.4110000000 3.9172030000
11493.9003900000 -12.4419830000 3.9165960000
11494.9003900000 -12.4705760000 3.9160440000
11496.0000000000 -12.5024910000 3.9154370000
11497.0996100000 -12.5349320000 3.9148310000
11498.0996100000 -12.5648910000 3.9142800000
11499.2002000000 -12.5984150000 3.9136740000
11500.2998100000 -12.6324920000 3.9130680000
11501.2998100000 -12.6640160000 3.9125170000
11502.4003900000 -12.6992880000 3.9119110000
11503.5000000000 -12.7351730000 3.9113050000
11504.5000000000 -12.7683990000 3.9107540000
11505.5996100000 -12.8055780000 3.9101490000
11506.7002000000 -12.8435060000 3.9095440000
11507.7002000000 -12.8785940000 3.9089940000
11508.7998100000 -12.9179340000 3.9083890000
11509.9003900000 -12.9581120000 3.9077840000
11510.9003900000 -12.9953580000 3.9072340000
11512.0000000000 -13.0371250000 3.9066300000
11513.0996100000 -13.0797970000 3.9060260000
11514.0996100000 -13.1194380000 3.9054760000
11515.2002000000 -13.1639890000 3.9048720000
11516.2998100000 -13.2095290000 3.9042680000
11517.4003900000 -13.2561860000 3.9036640000
11518.4003900000 -13.2995360000 3.9031160000
11519.5000000000 -13.3483550000 3.9025120000
11520.5996100000 -13.3984130000 3.9019090000
11521.5996100000 -13.4450850000 3.9013610000
11522.7002000000 -13.4977360000 3.9007570000
11523.7998100000 -13.5517820000 3.9001540000
11524.9003900000 -13.6073970000 3.8995510000
11525.9003900000 -13.6593470000 3.8990030000
11527.0000000000 -13.7180670000 3.8984010000
11528.0996100000 -13.7785850000 3.8977990000
11529.0996100000 -13.8352470000 3.8972520000
11530.2002000000 -13.8995770000 3.8966490000
11531.2998100000 -13.9660100000 3.8960480000
11532.4003900000 -14.0348120000 3.8954450000
11533.4003900000 -14.0994990000 3.8948980000
11534.5000000000 -14.1731240000 3.8942970000
11535.5996100000 -14.2495920000 3.8936960000
11536.5996100000 -14.3217540000 3.8931500000
11537.7002000000 -14.4044490000 3.8925480000
11538.7998100000 -14.4905920000 3.8919470000
11539.9003900000 -14.5807270000 3.8913460000
11540.9003900000 -14.6662880000 3.8908000000
11542.0000000000 -14.7648900000 3.8902000000
11543.0996100000 -14.8686460000 3.8896000000
11544.2002000000 -14.9782180000 3.8889990000
11545.2002000000 -15.0833520000 3.8884530000
11546.2998100000 -15.2057090000 3.8878530000
11547.4003900000 -15.3362070000 3.8872530000
11548.5000000000 -15.4757450000 3.8866540000
11549.5000000000 -15.6117990000 3.8861090000
11550.5996100000 -15.7729140000 3.8855090000
11551.7002000000 -15.9483740000 3.8849100000
11552.7998100000 -16.1406080000 3.8843110000
11553.7998100000 -16.3330270000 3.8837670000
11554.9003900000 -16.5688670000 3.8831680000
11556.0000000000 -16.8361000000 3.8825690000
11557.0996100000 -17.1446880000 3.8819710000
11558.2002000000 -17.5101240000 3.8813720000
11559.2002000000 -17.9124870000 3.8808280000
11560.2998100000 -18.4743040000 3.8802300000
11561.4003900000 -19.2588100000 3.8796320000
11562.5000000000 -20.5642300000 3.8790350000
11563.5000000000 -24.1682300000 3.8784910000
11564.5996100000 -21.1646540000 0.2044740000
11565.7002000000 -19.5544260000 0.2028230000
11566.7998100000 -18.6707480000 0.2011730000
11567.9003900000 -18.0574840000 0.1995220000
11568.9003900000 -17.6264060000 0.1980240000
11570.0000000000 -17.2388060000 0.1963750000
11571.0996100000 -16.9135740000 0.1947270000
11572.2002000000 -16.6331420000 0.1930780000
11573.2998100000 -16.3870050000 0.1914310000
11574.2998100000 -16.1863610000 0.1899320000
11575.4003900000 -15.9863610000 0.1882840000
11576.5000000000 -15.8044420000 0.1866380000
11577.5996100000 -15.6374710000 0.1849920000
11578.7002000000 -15.4830440000 0.1833460000
11579.7002000000 -15.3521600000 0.1818490000
11580.7998100000 -15.2173890000 0.1802040000
11581.9003900000 -15.0908780000 0.1785580000
11583.0000000000 -14.9718670000 0.1769150000
11584.0996100000 -14.8594240000 0.1752710000
11585.2002000000 -14.7527690000 0.1736270000
11586.2002000000 -14.6605190000 0.1721340000
11587.2998100000 -14.5636240000 0.1704920000
11588.4003900000 -14.4709680000 0.1688470000
11589.5000000000 -14.3824860000 0.1672060000
11590.5996100000 -14.2976810000 0.1655650000
11591.7002000000 -14.2161890000 0.1639220000
11592.7002000000 -14.1448990000 0.1624320000
11593.7998100000 -14.0692390000 0.1607910000
11594.9003900000 -13.9962190000 0.1591510000
11596.0000000000 -13.9257780000 0.1575120000
11597.0996100000 -13.8576870000 0.1558730000
11598.2002000000 -13.7917350000 0.1542330000
11599.2002000000 -13.7335760000 0.1527430000
11600.2998100000 -13.6715040000 0.1511060000
11601.4003900000 -13.6112110000 0.1494670000
11602.5000000000 -13.5526940000 0.1478300000
11603.5996100000 -13.4958080000 0.1461940000
11604.7002000000 -13.4404130000 0.1445570000
11605.7998100000 -13.3865260000 0.1429210000
11606.7998100000 -13.3387040000 0.1414340000
11607.9003900000 -13.2873560000 0.1397970000
11609.0000000000 -13.2373090000 0.1381630000
11610.0996100000 -13.1884580000 0.1365290000
11611.2002000000 -13.1407070000 0.1348930000
11612.2998100000 -13.0940850000 0.1332610000
11613.4003900000 -13.0484640000 0.1316260000
11614.5000000000 -13.0038770000 0.1299940000
11615.5000000000 -12.9641400000 0.1285100000
11616.5996100000 -12.9213360000 0.1268780000
11617.7002000000 -12.8793750000 0.1252450000
11618.7998100000 -12.8382930000 0.1236140000
11619.9003900000 -12.7979870000 0.1219820000
11621.0000000000 -12.7584930000 0.1203520000
11622.0996100000 -12.7197500000 0.1187220000
11623.2002000000 -12.6816950000 0.1170910000
11624.2998100000 -12.6443670000 0.1154620000
11625.2998100000 -12.6110220000 0.1139820000
11626.4003900000 -12.5749230000 0.1123530000
11627.5000000000 -12.5394810000 0.1107250000
11628.5996100000 -12.5046440000 0.1090970000
11629.7002000000 -12.4703330000 0.1074680000
11630.7998100000 -12.4366470000 0.1058420000
11631.9003900000 -12.4034810000 0.1042140000
11633.0000000000 -12.3708720000 0.1025880000
11634.0996100000 -12.3387780000 0.1009630000
11635.2002000000 -12.3071540000 0.0993370000
11636.2998100000 -12.2760380000 0.0977120000
11637.4003900000 -12.2453650000 0.0960870000
11638.4003900000 -12.2179040000 0.0946100000
11639.5000000000 -12.1881130000 0.0929870000
11640.5996100000 -12.1587520000 0.0913640000
11641.7002000000 -12.1297830000 0.0897400000
11642.7998100000 -12.1012450000 0.0881180000
11643.9003900000 -12.0730780000 0.0864930000
11645.0000000000 -12.0452950000 0.0848710000
11646.0996100000 -12.0179110000 0.0832500000
11647.2002000000 -11.9908670000 0.0816280000
11648.2998100000 -11.9642000000 0.0800080000
11649.4003900000 -11.9378580000 0.0783860000
11650.5000000000 -11.9118740000 0.0767670000
11651.5996100000 -11.8862180000 0.0751480000
11652.7002000000 -11.8608610000 0.0735270000
11653.7998100000 -11.8358380000 0.0719090000
11654.9003900000 -11.8110990000 0.0702900000
11656.0000000000 -11.7866790000 0.0686720000
11657.0000000000 -11.7647350000 0.0672020000
11658.0996100000 -11.7408650000 0.0655850000
11659.2002000000 -11.7172310000 0.0639660000
11660.2998100000 -11.6939100000 0.0623500000
11661.4003900000 -11.6708350000 0.0607330000
11662.5000000000 -11.6480400000 0.0591170000
11663.5996100000 -11.6254980000 0.0575030000
11664.7002000000 -11.6031860000 0.0558870000
11665.7998100000 -11.5811360000 0.0542730000
11666.9003900000 -11.5593050000 0.0526570000
11668.0000000000 -11.5377270000 0.0510440000
11669.0996100000 -11.5163760000 0.0494310000
11670.2002000000 -11.4952320000 0.0478170000
11671.2998100000 -11.4743240000 0.0462060000
11672.4003900000 -11.4536130000 0.0445920000
11673.5000000000 -11.4331300000 0.0429800000
11674.5996100000 -11.4128530000 0.0413690000
11675.5341800000 -11.3957790000 0.0400010000
11675.7002000000 -11.3927610000 0.0397580000
11676.7998100000 -11.3728860000 0.0381470000
11677.9003900000 -11.3531870000 0.0365360000
11679.0000000000 -11.3336950000 0.0349260000
11680.0996100000 -11.3143920000 0.0333180000
11681.2002000000 -11.2952560000 0.0317080000
11682.2998100000 -11.2763160000 0.0300990000
11683.4003900000 -11.2575370000 0.0284900000
11684.5000000000 -11.2389480000 0.0268820000
11685.5996100000 -11.2205310000 0.0252750000
11686.7002000000 -11.2022640000 0.0236670000
11687.7998100000 -11.1841780000 0.0220610000
11688.9003900000 -11.1662400000 0.0204530000
11690.0000000000 -11.1484750000 0.0188480000
11691.0996100000 -11.1308670000 0.0172420000
11692.2002000000 -11.1133820000 0.0156350000
11693.2998100000 -11.0960800000 0.0140300000
11694.4003900000 -11.0789100000 0.0124250000
11695.5000000000 -11.0619020000 0.0108220000
11696.5996100000 -11.0450370000 0.0092180000
11697.7002000000 -11.0283000000 0.0076140000
11698.7998100000 -11.0117160000 0.0060120000
11699.9003900000 -10.9952550000 0.0044090000
11701.0996100000 -10.9774780000 0.0026630000
11702.2002000000 -10.9612970000 0.0010600000
11703.2998100000 -10.9452600000 9.9994580000
11704.4003900000 -10.9293380000 9.9978570000
11705.5000000000 -10.9135550000 9.9962570000
11706.5996100000 -10.8978980000 9.9946570000
11707.7002000000 -10.8823490000 9.9930560000
11708.7998100000 -10.8669350000 9.9914570000
11709.9003900000 -10.8516130000 9.9898560000
11711.0000000000 -10.8364350000 9.9882570000
11712.0996100000 -10.8213730000 9.9866600000
11713.2002000000 -10.8064120000 9.9850610000
11714.2998100000 -10.7915750000 9.9834640000
11715.4003900000 -10.7768360000 9.9818660000
11716.5000000000 -10.7622200000 9.9802690000
11717.5996100000 -10.7477110000 9.9786740000
11718.7002000000 -10.7332950000 9.9770770000
11903.8203100000 -9.1760220000 9.7138330000
12136.5693400000 -8.2375350000 9.3974010000
12373.8701200000 -7.7362150000 9.0904420000
12615.8105500000 -7.5169240000 8.7927040000
12862.4814500000 -7.5871300000 8.5039370000
13079.9003900000 -8.0796740000 8.2610240000
13081.2998100000 -8.0855250000 8.2594950000
13082.7002000000 -8.0914350000 8.2579650000
13084.0000000000 -8.0969760000 8.2565450000
13085.4003900000 -8.1030040000 8.2550150000
13086.7998100000 -8.1090830000 8.2534880000
13088.2002000000 -8.1152310000 8.2519580000
13089.5996100000 -8.1214300000 8.2504310000
13090.9003900000 -8.1272510000 8.2490120000
13092.2998100000 -8.1335710000 8.2474860000
13093.7002000000 -8.1399630000 8.2459580000
13095.0996100000 -8.1464120000 8.2444330000
13096.5000000000 -8.1529350000 8.2429070000
13097.9003900000 -8.1595200000 8.2413820000
13099.2002000000 -8.1656950000 8.2399650000
13100.5996100000 -8.1724070000 8.2384420000
13102.0000000000 -8.1791980000 8.2369170000
13103.4003900000 -8.1860560000 8.2353940000
13104.7998100000 -8.1929850000 8.2338700000
13106.2002000000 -8.1999870000 8.2323470000
13107.5996100000 -8.2070590000 8.2308250000
13108.9003900000 -8.2137020000 8.2294110000
13110.2998100000 -8.2209250000 8.2278900000
13111.7002000000 -8.2282270000 8.2263690000
13113.0996100000 -8.2356050000 8.2248480000
13113.9746100000 -8.2402540000 8.2238980000
13114.5000000000 -8.2430580000 8.2233280000
13115.9003900000 -8.2545280000 8.2218080000
13117.2998100000 -8.2621510000 8.2202900000
13118.5996100000 -8.2693080000 8.2188810000
13120.0000000000 -8.2771010000 8.2173630000
13121.4003900000 -8.2849860000 8.2158460000
13122.7998100000 -8.2929500000 8.2143300000
13124.2002000000 -8.3010110000 8.2128140000
13125.5996100000 -8.3091640000 8.2112980000
13127.0000000000 -8.3174120000 8.2097830000
13128.4003900000 -8.3257630000 8.2082670000
13129.7998100000 -8.3341990000 8.2067540000
13131.2002000000 -8.3427410000 8.2052390000
13132.5000000000 -8.3507630000 8.2038340000
13133.9003900000 -8.3595090000 8.2023200000
13135.2998100000 -8.3683490000 8.2008080000
13136.7002000000 -8.3773100000 8.1992940000
13138.0996100000 -8.3863670000 8.1977830000
13139.5000000000 -8.3955430000 8.1962720000
13140.9003900000 -8.4048400000 8.1947590000
13142.2998100000 -8.4142420000 8.1932500000
13143.7002000000 -8.4237760000 8.1917390000
13145.0996100000 -8.4334180000 8.1902290000
13146.5000000000 -8.4431920000 8.1887210000
13147.9003900000 -8.4530990000 8.1872100000
13149.2998100000 -8.4631240000 8.1857020000
13150.7002000000 -8.4732950000 8.1841940000
13152.0000000000 -8.4828540000 8.1827940000
13153.4003900000 -8.4932840000 8.1812860000
13154.7998100000 -8.5038480000 8.1797800000
13156.2002000000 -8.5145730000 8.1782720000
13157.5996100000 -8.5254320000 8.1767670000
13159.0000000000 -8.5364580000 8.1752610000
13160.4003900000 -8.5476330000 8.1737550000
13161.7998100000 -8.5589600000 8.1722510000
13163.2002000000 -8.5704670000 8.1707460000
13164.5996100000 -8.5821270000 8.1692420000
13166.0000000000 -8.5939750000 8.1677380000
13167.4003900000 -8.6059920000 8.1662340000
13168.7998100000 -8.6181830000 8.1647320000
13170.2002000000 -8.6305780000 8.1632290000
13171.5996100000 -8.6431470000 8.1617280000
13173.0000000000 -8.6559300000 8.1602250000
13174.4003900000 -8.6689070000 8.1587240000
13175.7998100000 -8.6820830000 8.1572250000
13177.2002000000 -8.6954920000 8.1557230000
13178.5996100000 -8.7091030000 8.1542240000
13180.0000000000 -8.7229590000 8.1527230000
13181.4003900000 -8.7370400000 8.1512240000
13182.7998100000 -8.7513520000 8.1497270000
13184.2002000000 -8.7659320000 8.1482270000
13185.5996100000 -8.7807490000 8.1467300000
13187.0000000000 -8.7958510000 8.1452320000
13188.4003900000 -8.8112150000 8.1437350000
13189.7998100000 -8.8268630000 8.1422380000
13191.2002000000 -8.8428020000 8.1407410000
13192.5996100000 -8.8590320000 8.1392470000
13194.0000000000 -8.8755960000 8.1377510000
13195.4003900000 -8.8924730000 8.1362550000
13196.7998100000 -8.9096860000 8.1347610000
13198.2002000000 -8.9272470000 8.1332660000
13199.7002000000 -8.9464640000 8.1316660000
13201.0996100000 -8.9647750000 8.1301740000
13202.5000000000 -8.9835010000 8.1286790000
13203.9003900000 -9.0026230000 8.1271870000
13205.2998100000 -9.0221520000 8.1256960000
13206.7002000000 -9.0421500000 8.1242040000
13208.0996100000 -9.0625790000 8.1227130000
13209.5000000000 -9.0835160000 8.1212220000
13210.9003900000 -9.1049400000 8.1197310000
13212.2998100000 -9.1268730000 8.1182410000
13213.7002000000 -9.1493840000 8.1167510000
13215.0996100000 -9.1724390000 8.1152630000
13216.5000000000 -9.1961290000 8.1137730000
13217.9003900000 -9.2204350000 8.1122850000
13219.4003900000 -9.2472210000 8.1106900000
13220.7998100000 -9.2729280000 8.1092030000
13222.2002000000 -9.2994140000 8.1077160000
13223.5996100000 -9.3266470000 8.1062300000
13225.0000000000 -9.3547480000 8.1047420000
13226.4003900000 -9.3837080000 8.1032560000
13227.7998100000 -9.4135800000 8.1017710000
13229.2002000000 -9.4444860000 8.1002860000
13230.5996100000 -9.4764060000 8.0988020000
13232.0996100000 -9.5118860000 8.0972120000
13233.5000000000 -9.5462520000 8.0957280000
13234.9003900000 -9.5819450000 8.0942430000
13236.2998100000 -9.6189900000 8.0927610000
13237.7002000000 -9.6575960000 8.0912770000
13239.0996100000 -9.6977820000 8.0897960000
13240.5000000000 -9.7397980000 8.0883130000
13241.9003900000 -9.7837160000 8.0868320000
13243.4003900000 -9.8331260000 8.0852450000
13244.7998100000 -9.8816160000 8.0837650000
13246.2002000000 -9.9327500000 8.0822840000
13247.5996100000 -9.9866680000 8.0808060000
13249.0000000000 -10.0438080000 8.0793260000
13250.4003900000 -10.1045660000 8.0778460000
13251.9003900000 -10.1741260000 8.0762620000
13253.2998100000 -10.2437950000 8.0747840000
13254.7002000000 -10.3189130000 8.0733060000
13256.0996100000 -10.4001490000 8.0718300000
13257.5000000000 -10.4887660000 8.0703530000
13258.9003900000 -10.5862080000 8.0688750000
13260.4003900000 -10.7024340000 8.0672930000
13261.7998100000 -10.8246710000 8.0658190000
13263.2002000000 -10.9641750000 8.0643430000
13264.5996100000 -11.1264340000 8.0628690000
13266.0000000000 -11.3202450000 8.0613940000
13267.5000000000 -11.5803900000 8.0598140000
13268.9003900000 -11.9046090000 8.0583410000
13270.2998100000 -12.3855980000 8.0568680000
13271.7002000000 -13.3361700000 8.0553950000
13273.0996100000 -13.9469470000 1.2509590000
13274.5996100000 -12.5335800000 1.2487790000
13276.0000000000 -11.9917810000 1.2467450000
13277.4003900000 -11.6391570000 1.2447120000
13278.7998100000 -11.3770790000 1.2426800000
13280.2002000000 -11.1683090000 1.2406470000
13281.7002000000 -10.9833450000 1.2384700000
13283.0996100000 -10.8363160000 1.2364410000
13284.5000000000 -10.7073840000 1.2344090000
13285.9003900000 -10.5927550000 1.2323800000
13287.4003900000 -10.4824820000 1.2302060000
13288.7998100000 -10.3891120000 1.2281770000
13290.2002000000 -10.3033910000 1.2261490000
13291.5996100000 -10.2242010000 1.2241230000
13293.0996100000 -10.1454370000 1.2219510000
13294.5000000000 -10.0768480000 1.2199230000
13295.9003900000 -10.0124900000 1.2178970000
13297.2998100000 -9.9518690000 1.2158740000
13298.7998100000 -9.8905090000 1.2137050000
13300.2002000000 -9.8362460000 1.2116790000
13301.5996100000 -9.7846900000 1.2096580000
13303.0000000000 -9.7354540000 1.2076340000
13304.5000000000 -9.6851720000 1.2054680000
13305.9003900000 -9.6402350000 1.2034450000
13307.2998100000 -9.5971720000 1.2014260000
13308.7998100000 -9.5528460000 1.1992610000
13310.2002000000 -9.5130720000 1.1972410000
13311.5996100000 -9.4747210000 1.1952220000
13313.0000000000 -9.4376950000 1.1932040000
13314.5000000000 -9.3993860000 1.1910410000
13315.9003900000 -9.3648030000 1.1890220000
13317.2998100000 -9.3313420000 1.1870070000
13318.7998100000 -9.2965800000 1.1848470000
13320.2002000000 -9.2651200000 1.1828310000
13321.5996100000 -9.2345500000 1.1808160000
13323.0996100000 -9.2027470000 1.1786580000
13324.5000000000 -9.1738500000 1.1766430000
13325.9003900000 -9.1457230000 1.1746300000
13327.4003900000 -9.1163740000 1.1724730000
13328.7998100000 -9.0896840000 1.1704610000
13330.2002000000 -9.0636340000 1.1684490000
13331.5996100000 -9.0382120000 1.1664400000
13333.0996100000 -9.0115990000 1.1642860000
13334.5000000000 -8.9873210000 1.1622740000
13336.0000000000 -8.9619110000 1.1601210000
13337.4003900000 -8.9387230000 1.1581130000
13338.7998100000 -8.9160330000 1.1561060000
13340.2998100000 -8.8922190000 1.1539550000
13341.7002000000 -8.8704400000 1.1519470000
13343.0996100000 -8.8491160000 1.1499410000
13344.5996100000 -8.8267070000 1.1477930000
13346.0000000000 -8.8062020000 1.1457870000
13347.4003900000 -8.7860610000 1.1437820000
13348.9003900000 -8.7649010000 1.1416340000
13350.2998100000 -8.7455300000 1.1396320000
13351.7002000000 -8.7264840000 1.1376300000
13353.2002000000 -8.7064400000 1.1354840000
13354.5996100000 -8.6880600000 1.1334820000
13356.0996100000 -8.6687040000 1.1313380000
13357.5000000000 -8.6509460000 1.1293370000
13358.9003900000 -8.6334720000 1.1273370000
13360.4003900000 -8.6150550000 1.1251950000
13361.7998100000 -8.5981440000 1.1231970000
13363.2998100000 -8.5803220000 1.1210570000
13364.7002000000 -8.5639280000 1.1190580000
13366.0996100000 -8.5477980000 1.1170620000
13367.5996100000 -8.5307660000 1.1149230000
13369.0000000000 -8.5150980000 1.1129260000
13370.3857400000 -8.4998200000 1.1109500000
13370.5000000000 -8.4985780000 1.1107880000
13371.9003900000 -8.4833640000 1.1087920000
13373.4003900000 -8.4673070000 1.1066560000
13374.7998100000 -8.4525440000 1.1046640000
13376.2002000000 -8.4379690000 1.1026710000
13377.7002000000 -8.4225670000 1.1005350000
13379.0996100000 -8.4083890000 1.0985440000
13380.5996100000 -8.3934000000 1.0964110000
13382.0000000000 -8.3795980000 1.0944190000
13383.5000000000 -8.3650020000 1.0922870000
13384.9003900000 -8.3515570000 1.0902980000
13386.2998100000 -8.3382770000 1.0883090000
13387.7998100000 -8.3242280000 1.0861790000
13389.2002000000 -8.3112810000 1.0841900000
13390.7002000000 -8.2975790000 1.0820620000
13392.0996100000 -8.2849570000 1.0800760000
13393.5996100000 -8.2715860000 1.0779480000
13395.0000000000 -8.2592490000 1.0759610000
13396.5000000000 -8.2462030000 1.0738350000
13397.9003900000 -8.2341560000 1.0718500000
13399.4003900000 -8.2214040000 1.0697250000
13400.7998100000 -8.2096490000 1.0677420000
13402.2998100000 -8.1971870000 1.0656190000
13403.7002000000 -8.1856890000 1.0636370000
13405.2002000000 -8.1735060000 1.0615130000
13406.5996100000 -8.1622620000 1.0595320000
13408.0996100000 -8.1503520000 1.0574120000
13409.5000000000 -8.1393450000 1.0554310000
13411.0000000000 -8.1276850000 1.0533100000
13412.4003900000 -8.1169200000 1.0513320000
13413.9003900000 -8.1055050000 1.0492120000
13415.2998100000 -8.0949730000 1.0472360000
13416.7998100000 -8.0837970000 1.0451180000
13418.2002000000 -8.0734660000 1.0431410000
13419.7002000000 -8.0625180000 1.0410240000
13421.0996100000 -8.0524120000 1.0390500000
13422.5996100000 -8.0416850000 1.0369350000
13424.0000000000 -8.0317740000 1.0349610000
13425.5000000000 -8.0212590000 1.0328460000
13426.9003900000 -8.0115370000 1.0308720000
13428.4003900000 -8.0012340000 1.0287610000
13429.7998100000 -7.9917070000 1.0267890000
13431.2998100000 -7.9815960000 1.0246770000
13432.7998100000 -7.9715920000 1.0225670000
13434.2002000000 -7.9623330000 1.0205960000
13435.7002000000 -7.9525120000 1.0184860000
13437.0996100000 -7.9434390000 1.0165190000
13438.5996100000 -7.9338010000 1.0144090000
13440.0000000000 -7.9248900000 1.0124420000
13441.5000000000 -7.9154300000 1.0103340000
13443.0000000000 -7.9060590000 1.0082270000
13444.4003900000 -7.8973880000 1.0062600000
13445.9003900000 -7.8881920000 1.0041550000
13447.2998100000 -7.8796830000 1.0021910000
13448.7998100000 -7.8706460000 1.0000860000
13450.2002000000 -7.8622880000 0.9981230000
13451.7002000000 -7.8534120000 0.9960190000
13453.2002000000 -7.8446160000 0.9939170000
13454.5996100000 -7.8364850000 0.9919570000
13456.0996100000 -7.8278430000 0.9898550000
13457.5000000000 -7.8198430000 0.9878930000
13459.0000000000 -7.8113550000 0.9857940000
13460.5000000000 -7.8029380000 0.9836940000
13461.9003900000 -7.7951450000 0.9817340000
13463.4003900000 -7.7868710000 0.9796350000
13464.9003900000 -7.7786760000 0.9775390000
13466.2998100000 -7.7710870000 0.9755820000
13467.7998100000 -7.7630230000 0.9734850000
13469.2002000000 -7.7555620000 0.9715290000
13470.7002000000 -7.7476340000 0.9694340000
13472.2002000000 -7.7397740000 0.9673400000
13473.5996100000 -7.7325040000 0.9653860000
13475.0996100000 -7.7247740000 0.9632930000
13476.5996100000 -7.7171100000 0.9612000000
13631.8105500000 -7.1928680000 0.7480140000
13671.2002000000 -7.1295130000 0.6949500000
13672.7002000000 -7.1276630000 0.6929380000
13674.2002000000 -7.1258560000 0.6909260000
13675.7002000000 -7.1240940000 0.6889130000
13677.2998100000 -7.1222620000 0.6867690000
13678.7998100000 -7.1205900000 0.6847590000
13680.2998100000 -7.1189630000 0.6827500000
13681.7998100000 -7.1173810000 0.6807400000
13683.2998100000 -7.1158440000 0.6787320000
13684.7998100000 -7.1143520000 0.6767240000
13686.2998100000 -7.1129060000 0.6747170000
13687.7998100000 -7.1115080000 0.6727110000
13689.2998100000 -7.1101560000 0.6707050000
13690.9003900000 -7.1087640000 0.6685640000
13692.4003900000 -7.1075110000 0.6665600000
13693.9003900000 -7.1063040000 0.6645570000
13695.4003900000 -7.1051450000 0.6625530000
13696.9003900000 -7.1040360000 0.6605490000
13698.4003900000 -7.1029760000 0.6585460000
13699.9003900000 -7.1019660000 0.6565450000
13701.4003900000 -7.1010060000 0.6545430000
13703.0000000000 -7.1000390000 0.6524110000
13704.5000000000 -7.0991850000 0.6504100000
13706.0000000000 -7.0983820000 0.6484110000
13707.5000000000 -7.0976320000 0.6464110000
13709.0000000000 -7.0969360000 0.6444140000
13710.5000000000 -7.0962930000 0.6424160000
13712.0000000000 -7.0957050000 0.6404190000
13713.5996100000 -7.0951380000 0.6382900000
13715.0996100000 -7.0946640000 0.6362940000
13716.5996100000 -7.0942450000 0.6342990000
13718.0996100000 -7.0938840000 0.6323040000
13719.5996100000 -7.0935820000 0.6303100000
13721.2002000000 -7.0933230000 0.6281830000
13722.7002000000 -7.0931420000 0.6261900000
13724.2002000000 -7.0930200000 0.6241980000
13725.7002000000 -7.0929600000 0.6222060000
13727.2002000000 -7.0929620000 0.6202140000
13728.7998100000 -7.0930330000 0.6180930000
13730.2998100000 -7.0931660000 0.6161020000
13731.7998100000 -7.0933630000 0.6141130000
13733.2998100000 -7.0936260000 0.6121240000
13734.7998100000 -7.0939560000 0.6101370000
13736.4003900000 -7.0943820000 0.6080150000
13737.9003900000 -7.0948530000 0.6060290000
13739.4003900000 -7.0953940000 0.6040420000
13740.9003900000 -7.0960050000 0.6020570000
13742.4003900000 -7.0966900000 0.6000720000
13744.0000000000 -7.0975010000 0.5979550000
13745.5000000000 -7.0983390000 0.5959720000
13747.0000000000 -7.0992530000 0.5939880000
13748.5000000000 -7.1002450000 0.5920060000
13750.0996100000 -7.1013910000 0.5898920000
13751.5996100000 -7.1025490000 0.5879110000
13753.0996100000 -7.1037880000 0.5859290000
13754.5996100000 -7.1051130000 0.5839480000
13756.2002000000 -7.1066190000 0.5818370000
13757.7002000000 -7.1081220000 0.5798570000
13759.2002000000 -7.1097150000 0.5778780000
13760.7002000000 -7.1113980000 0.5759000000
13762.2998100000 -7.1132960000 0.5737920000
13763.7998100000 -7.1151750000 0.5718150000
13765.2998100000 -7.1171500000 0.5698390000
13766.9003900000 -7.1193690000 0.5677310000
13768.4003900000 -7.1215530000 0.5657550000
13769.9003900000 -7.1238420000 0.5637810000
13771.4003900000 -7.1262390000 0.5618070000
13773.0000000000 -7.1289140000 0.5597030000
13774.5000000000 -7.1315400000 0.5577300000
13776.0000000000 -7.1342820000 0.5557580000
13777.5996100000 -7.1373350000 0.5536560000
13779.0996100000 -7.1403260000 0.5516840000
13780.5996100000 -7.1434400000 0.5497140000
13782.2002000000 -7.1469050000 0.5476120000
13783.7002000000 -7.1502900000 0.5456430000
13785.2002000000 -7.1538110000 0.5436740000
13786.7998100000 -7.1577190000 0.5415760000
13788.2998100000 -7.1615340000 0.5396090000
13789.7998100000 -7.1654980000 0.5376420000
13791.4003900000 -7.1698960000 0.5355440000
13792.9003900000 -7.1741830000 0.5335780000
13794.4003900000 -7.1786340000 0.5316130000
13796.0000000000 -7.1835650000 0.5295190000
13797.5000000000 -7.1883720000 0.5275550000
13799.0000000000 -7.1933600000 0.5255910000
13800.5996100000 -7.1988880000 0.5234980000
13802.0996100000 -7.2042680000 0.5215370000
13803.5996100000 -7.2098540000 0.5195750000
13805.2002000000 -7.2160480000 0.5174820000
13806.7002000000 -7.2220720000 0.5155220000
13808.2998100000 -7.2287530000 0.5134320000
13809.7998100000 -7.2352600000 0.5114730000
13811.2998100000 -7.2420140000 0.5095140000
13812.9003900000 -7.2495020000 0.5074250000
13814.4003900000 -7.2567990000 0.5054670000
13816.0000000000 -7.2648890000 0.5033810000
13817.5000000000 -7.2727800000 0.5014250000
13819.0000000000 -7.2809810000 0.4994690000
13820.5996100000 -7.2900800000 0.4973850000
13822.0996100000 -7.2989650000 0.4954300000
13823.7002000000 -7.3088400000 0.4933450000
13825.2002000000 -7.3184860000 0.4913920000
13826.7002000000 -7.3285320000 0.4894390000
13828.2998100000 -7.3397050000 0.4873580000
13829.7998100000 -7.3506460000 0.4854070000
13831.4003900000 -7.3628410000 0.4833250000
13832.9003900000 -7.3747920000 0.4813750000
13834.5000000000 -7.3881340000 0.4792950000
13836.0000000000 -7.4012340000 0.4773450000
13837.5000000000 -7.4149390000 0.4753980000
13839.0996100000 -7.4302940000 0.4733200000
13840.5996100000 -7.4454190000 0.4713730000
13842.2002000000 -7.4623980000 0.4692960000
13843.7002000000 -7.4791700000 0.4673490000
13845.2998100000 -7.4980430000 0.4652750000
13846.7998100000 -7.5167590000 0.4633290000
13848.4003900000 -7.5379110000 0.4612550000
13849.9003900000 -7.5589620000 0.4593110000
13851.5000000000 -7.5828450000 0.4572390000
13853.0000000000 -7.6067490000 0.4552970000
13854.5000000000 -7.6322750000 0.4533540000
13856.0996100000 -7.6615160000 0.4512830000
13857.5996100000 -7.6910420000 0.4493430000
13859.2002000000 -7.7251900000 0.4472720000
13860.7002000000 -7.7600040000 0.4453320000
13862.2998100000 -7.8006380000 0.4432640000
13863.7998100000 -7.8426520000 0.4413260000
13865.4003900000 -7.8924880000 0.4392590000
13866.9003900000 -7.9449560000 0.4373210000
13868.5000000000 -8.0086030000 0.4352560000
13870.0000000000 -8.0776220000 0.4333190000
13871.5996100000 -8.1645870000 0.4312550000
13873.2002000000 -8.2713310000 0.4291900000
13874.7002000000 -8.3986970000 0.4272550000
13876.2998100000 -8.5850020000 0.4251930000
13877.7998100000 -8.8605790000 0.4232600000
13879.4003900000 -9.6012840000 0.4211980000
13880.9003900000 -9.2405770000 2.0525880000
13882.5000000000 -8.7396070000 2.0504310000
13884.0000000000 -8.4986150000 2.0484090000
13885.5996100000 -8.3229720000 2.0462550000
13887.0996100000 -8.1973780000 2.0442350000
13888.7002000000 -8.0885930000 2.0420790000
13890.2002000000 -8.0026790000 2.0400600000
13891.7998100000 -7.9233010000 2.0379080000
13893.4003900000 -7.8533740000 2.0357550000
13894.9003900000 -7.7945450000 2.0337370000
13896.5000000000 -7.7375710000 2.0315870000
13898.0000000000 -7.6885630000 2.0295710000
13898.3466800000 -7.6777560000 2.0291040000
13899.5996100000 -7.6402320000 2.0274200000
13901.0996100000 -7.5980970000 2.0254060000
13902.7002000000 -7.5559740000 2.0232550000
13904.2998100000 -7.5164780000 2.0211090000
13905.7998100000 -7.4814810000 2.0190940000
13907.4003900000 -7.4460790000 2.0169470000
13908.9003900000 -7.4145060000 2.0149350000
13910.5000000000 -7.3823860000 2.0127900000
13912.0996100000 -7.3516810000 2.0106440000
13913.5996100000 -7.3240760000 2.0086340000
13915.2002000000 -7.2957720000 2.0064890000
13916.7998100000 -7.2685630000 2.0043470000
13918.2998100000 -7.2439410000 2.0023370000
13919.9003900000 -7.2185590000 2.0001950000
13921.4003900000 -7.1955320000 1.9981870000
13923.0000000000 -7.1717310000 1.9960450000
13924.5996100000 -7.1486930000 1.9939060000
13926.0996100000 -7.1272980000 1.9918990000
13927.7002000000 -7.1057520000 1.9897590000
13929.2998100000 -7.0845580000 1.9876220000
13930.7998100000 -7.0651710000 1.9856180000
13932.4003900000 -7.0449810000 1.9834790000
13934.0000000000 -7.0253050000 1.9813420000
13935.5000000000 -7.0072710000 1.9793400000
13937.0996100000 -6.9884680000 1.9772050000
13938.7002000000 -6.9700690000 1.9750690000
13940.2002000000 -6.9531790000 1.9730680000
13941.7998100000 -6.9355240000 1.9709340000
13943.4003900000 -6.9182250000 1.9688010000
13944.9003900000 -6.9023170000 1.9668010000
13946.5000000000 -6.8856680000 1.9646690000
13948.0996100000 -6.8693280000 1.9625390000
13949.5996100000 -6.8542690000 1.9605410000
13951.2002000000 -6.8384690000 1.9584090000
13952.7998100000 -6.8229570000 1.9562810000
13954.2998100000 -6.8086410000 1.9542850000
13955.9003900000 -6.7936110000 1.9521550000
13957.5000000000 -6.7788190000 1.9500270000
13959.0996100000 -6.7642650000 1.9479010000
13960.5996100000 -6.7508130000 1.9459070000
13962.2002000000 -6.7366700000 1.9437810000
13963.7998100000 -6.7227380000 1.9416560000
13965.2998100000 -6.7098490000 1.9396640000
13966.9003900000 -6.6962760000 1.9375370000
13968.5000000000 -6.6829030000 1.9354150000
13970.0996100000 -6.6697070000 1.9332920000
13971.5996100000 -6.6574840000 1.9313030000
13973.2002000000 -6.6446070000 1.9291800000
13974.7998100000 -6.6318890000 1.9270580000
13976.4003900000 -6.6193270000 1.9249370000
13977.9003900000 -6.6076880000 1.9229500000
13979.5000000000 -6.5954200000 1.9208310000
13981.0996100000 -6.5832870000 1.9187120000
13982.7002000000 -6.5712910000 1.9165940000
13984.2002000000 -6.5601660000 1.9146070000
13985.7998100000 -6.5484320000 1.9124910000
13987.4003900000 -6.5368170000 1.9103750000
13989.0000000000 -6.5253230000 1.9082580000
13990.5996100000 -6.5139560000 1.9061430000
13992.0996100000 -6.5033990000 1.9041600000
13993.7002000000 -6.4922460000 1.9020460000
13995.2998100000 -6.4812100000 1.8999340000
13996.9003900000 -6.4702670000 1.8978190000
13998.5000000000 -6.4594420000 1.8957070000
14000.0000000000 -6.4493800000 1.8937270000
14001.5996100000 -6.4387490000 1.8916170000
14003.2002000000 -6.4282030000 1.8895040000
14004.7998100000 -6.4177630000 1.8873960000
14006.4003900000 -6.4074090000 1.8852860000
14007.9003900000 -6.3977850000 1.8833080000
14009.5000000000 -6.3876100000 1.8812020000
14011.0996100000 -6.3775150000 1.8790930000
14012.7002000000 -6.3675040000 1.8769860000
14014.2998100000 -6.3575800000 1.8748810000
14015.9003900000 -6.3477260000 1.8727730000
14017.4003900000 -6.3385650000 1.8707990000
14019.0000000000 -6.3288730000 1.8686950000
14020.5996100000 -6.3192560000 1.8665920000
14022.2002000000 -6.3097020000 1.8644870000
14023.7998100000 -6.3002310000 1.8623850000
14025.4003900000 -6.2908250000 1.8602820000
14027.0000000000 -6.2814890000 1.8581800000
14028.5996100000 -6.2722260000 1.8560800000
14030.0996100000 -6.2635990000 1.8541110000
14031.7002000000 -6.2544580000 1.8520110000
14033.2998100000 -6.2453880000 1.8499120000
14034.9003900000 -6.2363690000 1.8478120000
14036.5000000000 -6.2274230000 1.8457150000
14038.0996100000 -6.2185370000 1.8436170000
14039.7002000000 -6.2097010000 1.8415190000
14041.2998100000 -6.2009330000 1.8394230000
14042.9003900000 -6.1922170000 1.8373270000
14044.4003900000 -6.1840980000 1.8353630000
14046.0000000000 -6.1754960000 1.8332690000
14047.5996100000 -6.1669430000 1.8311750000
14049.2002000000 -6.1584430000 1.8290810000
14050.7998100000 -6.1500020000 1.8269890000
14052.4003900000 -6.1416020000 1.8248950000
14054.0000000000 -6.1332620000 1.8228040000
14055.5996100000 -6.1249720000 1.8207140000
14057.2002000000 -6.1167220000 1.8186230000
14058.7998100000 -6.1085300000 1.8165330000
14060.4003900000 -6.1003810000 1.8144440000
14062.0000000000 -6.0922780000 1.8123540000
14063.5996100000 -6.0842270000 1.8102670000
14065.2002000000 -6.0762160000 1.8081800000
14066.7998100000 -6.0682490000 1.8060920000
14068.2998100000 -6.0608220000 1.8041360000
14069.9003900000 -6.0529400000 1.8020500000
14071.5000000000 -6.0451050000 1.7999660000
14073.0996100000 -6.0373130000 1.7978820000
14074.7002000000 -6.0295530000 1.7957960000
14076.2998100000 -6.0218430000 1.7937140000
14077.9003900000 -6.0141690000 1.7916310000
14079.5000000000 -6.0065340000 1.7895480000
14081.0996100000 -5.9989430000 1.7874670000
14082.7002000000 -5.9913860000 1.7853860000
14084.2998100000 -5.9838670000 1.7833050000
14085.9003900000 -5.9763860000 1.7812250000
14087.5000000000 -5.9689460000 1.7791460000
14089.0996100000 -5.9615380000 1.7770670000
14090.7002000000 -5.9541660000 1.7749890000
14092.2998100000 -5.9468350000 1.7729120000
14093.9003900000 -5.9395290000 1.7708340000
14095.5000000000 -5.9322670000 1.7687580000
14097.0996100000 -5.9250390000 1.7666840000
14098.7002000000 -5.9178360000 1.7646060000
14100.2998100000 -5.9106750000 1.7625330000
14101.9003900000 -5.9035430000 1.7604590000
14103.5996100000 -5.8960030000 1.7582560000
14105.2002000000 -5.8889370000 1.7561830000
14170.0937500000 -5.6254600000 1.6726040000
14447.1543000000 -4.7942900000 1.3262970000
14729.6328100000 -4.1863820000 0.9898500000
15017.6337900000 -3.6992130000 0.6629190000
15311.2666000000 -3.2924040000 0.3452050000
15610.6396500000 -2.9446520000 0.0364320000
15915.8671900000 -2.6429180000 9.7363260000
16227.0615200000 -2.3784260000 9.4446280000
16544.3418000000 -2.1448880000 9.1610870000
16867.8242200000 -1.9375930000 8.8854650000
17197.6328100000 -1.7528800000 8.6175280000
17533.8906300000 -1.5665490000 8.3536290000
17876.7207000000 -1.4179940000 8.0958940000
18226.2558600000 -1.3046110000 7.8467600000
18582.6250000000 -1.1876680000 7.6063110000
18945.9628900000 -1.0831930000 7.3727020000
19316.4023400000 -0.9899570000 7.1457590000
19694.0878900000 -0.9068920000 6.9253030000
20079.1562500000 -0.8330630000 6.7111690000
20471.7539100000 -0.7676460000 6.5031910000
20872.0273400000 -0.7099080000 6.3012050000
21280.1289100000 -0.6591950000 6.1050520000
21696.2070300000 -0.6149210000 5.9145820000
22120.4238300000 -0.5765590000 5.7296400000
22552.9335900000 -0.5436340000 5.5500810000
22993.8984400000 -0.5157130000 5.3757610000
23443.4882800000 -0.4909900000 5.2064330000
23901.8671900000 -0.4725570000 5.0420280000
24369.2070300000 -0.4574310000 4.8824510000
24845.6875000000 -0.4459480000 4.7275710000
25331.4824200000 -0.4378350000 4.5772630000
25826.7753900000 -0.4328410000 4.4314020000
26331.7539100000 -0.4307330000 4.2898670000
26846.6054700000 -0.4334000000 4.1528100000
27371.5234400000 -0.4364520000 4.0203160000
27906.7070300000 -0.4419950000 3.8918440000
28452.3515600000 -0.4494220000 3.7673100000
29008.6660200000 -0.4587330000 3.6465850000
29575.8593800000 -0.4697810000 3.5295590000
30154.1406300000 -0.4823820000 3.4161230000
30743.7304700000 -0.4965100000 3.3061710000
31344.8476600000 -0.5120080000 3.1996030000
31957.7168000000 -0.5287730000 3.0963190000
32582.5703100000 -0.5467070000 2.9962220000
33219.6406300000 -0.5657290000 2.8992180000
33869.1679700000 -0.5857570000 2.8052160000
34531.3945300000 -0.6067230000 2.7141270000
35206.5703100000 -0.6285590000 2.6258660000
35894.9492200000 -0.6512090000 2.5403470000
36596.7851600000 -0.6746210000 2.4574900000
37312.3437500000 -0.6987490000 2.3772160000
38041.8906300000 -0.7235540000 2.2994480000
38785.7070300000 -0.7490010000 2.2241110000
39544.0625000000 -0.7750630000 2.1511320000
40317.2500000000 -0.8017180000 2.0804400000
41105.5546900000 -0.8289480000 2.0119680000
41909.2695300000 -0.8567430000 1.9456480000
42728.6992200000 -0.8850970000 1.8814170000
43564.1523400000 -0.9140120000 1.8192100000
44415.9414100000 -0.9434960000 1.7589670000
45284.3867200000 -0.9736810000 1.7006300000
46169.8085900000 -1.0043530000 1.6441420000
47072.5429700000 -1.0353280000 1.5894410000
47992.9296900000 -1.0673030000 1.5364780000
48931.3125000000 -1.1000000000 1.4851980000
49888.0429700000 -1.1334810000 1.4355520000
50863.4765600000 -1.1687270000 1.3875290000
51857.9843800000 -1.2040050000 1.3410520000
52871.9375000000 -1.2403340000 1.2960610000
53905.7187500000 -1.2778400000 1.2525110000
54959.7109400000 -1.3166780000 1.2103570000
56034.3085900000 -1.3570320000 1.1695580000
57129.9218800000 -1.4001330000 1.1300860000
58246.9531300000 -1.4459740000 1.0919610000
59385.8281300000 -1.4923810000 1.0551000000
60546.9687500000 -1.5434060000 1.0194670000
61730.8125000000 -1.5958200000 0.9850600000
62937.8046900000 -1.6521410000 0.9517700000
64168.3984400000 -1.7132180000 0.9195610000
65423.0507800000 -1.7813060000 0.8884200000
66702.2343800000 -1.8556500000 0.8583010000
68006.4296900000 -1.9395300000 0.8291640000
69336.1250000000 -2.0360600000 0.8009780000
70691.8203100000 -2.1512330000 0.7737220000
72074.0234400000 -2.2905090000 0.7473780000
72125.8984400000 -2.2963280000 0.7464150000
72167.7968800000 -2.3010630000 0.7456400000
72209.8984400000 -2.3058560000 0.7448620000
72251.8984400000 -2.3106700000 0.7440870000
72294.1015600000 -2.3155410000 0.7433090000
72336.2968800000 -2.3204470000 0.7425330000
72378.5000000000 -2.3253900000 0.7417580000
72420.7968800000 -2.3303790000 0.7409820000
72463.1015600000 -2.3354070000 0.7402070000
72505.5000000000 -2.3404820000 0.7394320000
72547.8984400000 -2.3455950000 0.7386590000
72590.3984400000 -2.3507600000 0.7378840000
72632.8984400000 -2.3559630000 0.7371110000
72675.5000000000 -2.3612200000 0.7363370000
72718.1015600000 -2.3665180000 0.7355650000
72760.7968800000 -2.3718680000 0.7347920000
72803.5000000000 -2.3772610000 0.7340200000
72846.2968800000 -2.3827110000 0.7332480000
72889.1015600000 -2.3882040000 0.7324760000
72932.0000000000 -2.3937540000 0.7317050000
72974.8984400000 -2.3993510000 0.7309340000
73017.8984400000 -2.4050060000 0.7301630000
73060.8984400000 -2.4107090000 0.7293930000
73104.0000000000 -2.4164730000 0.7286230000
73147.1015600000 -2.4222880000 0.7278530000
73190.2968800000 -2.4281650000 0.7270840000
73233.5000000000 -2.4340930000 0.7263150000
73276.7968800000 -2.4400870000 0.7255460000
73320.1015600000 -2.4461350000 0.7247780000
73363.5000000000 -2.4522520000 0.7240100000
73407.0000000000 -2.4584360000 0.7232410000
73450.3984400000 -2.4646650000 0.7224750000
73483.2500000000 -2.4694170000 0.7218960000
73494.0000000000 -2.4709790000 0.7217070000
73537.6015600000 -2.4773530000 0.7209400000
73581.2031300000 -2.4837850000 0.7201750000
73624.8984400000 -2.4902950000 0.7194090000
73668.7031300000 -2.4968830000 0.7186420000
73712.5000000000 -2.5035350000 0.7178760000
73756.2968800000 -2.5102510000 0.7171120000
73800.2031300000 -2.5170510000 0.7163470000
73844.2031300000 -2.5239350000 0.7155820000
73888.2031300000 -2.5308890000 0.7148180000
73932.2031300000 -2.5379150000 0.7140550000
73976.2968800000 -2.5450270000 0.7132920000
74020.5000000000 -2.5522340000 0.7125290000
74064.7031300000 -2.5595170000 0.7117660000
74109.0000000000 -2.5668950000 0.7110030000
74153.2968800000 -2.5743520000 0.7102410000
74197.7031300000 -2.5819100000 0.7094790000
74242.1015600000 -2.5895530000 0.7087180000
74286.6015600000 -2.5972980000 0.7079570000
74331.1015600000 -2.6051330000 0.7071970000
74375.7031300000 -2.6130760000 0.7064360000
74420.3984400000 -2.6211290000 0.7056750000
74465.1015600000 -2.6292810000 0.7049150000
74509.7968800000 -2.6375280000 0.7041560000
74554.6015600000 -2.6458970000 0.7033970000
74599.5000000000 -2.6543860000 0.7026380000
74644.3984400000 -2.6629820000 0.7018790000
74689.3984400000 -2.6717060000 0.7011210000
74734.3984400000 -2.6805420000 0.7003630000
74779.5000000000 -2.6895150000 0.6996050000
74824.6015600000 -2.6986040000 0.6988480000
74869.7968800000 -2.7078360000 0.6980910000
74915.0000000000 -2.7171950000 0.6973350000
74920.0312500000 -2.7182430000 0.6972510000
74960.2968800000 -2.7267010000 0.6965790000
75005.7031300000 -2.7363660000 0.6958220000
75051.1015600000 -2.7461640000 0.6950670000
75096.5000000000 -2.7561030000 0.6943130000
75142.0000000000 -2.7662110000 0.6935580000
75187.6015600000 -2.7764910000 0.6928030000
75233.2031300000 -2.7869270000 0.6920490000
75278.8984400000 -2.7975450000 0.6912950000
75324.6015600000 -2.8083290000 0.6905420000
75370.3984400000 -2.8193070000 0.6897890000
75416.2968800000 -2.8304850000 0.6890350000
75462.2031300000 -2.8418490000 0.6882820000
75508.1015600000 -2.8533990000 0.6875310000
75554.1015600000 -2.8651690000 0.6867790000
75600.2031300000 -2.8771700000 0.6860270000
75646.2968800000 -2.8893770000 0.6852770000
75692.5000000000 -2.9018320000 0.6845260000
75738.7968800000 -2.9145410000 0.6837740000
75785.1015600000 -2.9274850000 0.6830240000
75831.3984400000 -2.9406710000 0.6822750000
75877.7968800000 -2.9541400000 0.6815250000
75924.2968800000 -2.9679010000 0.6807760000
75970.7968800000 -2.9819390000 0.6800270000
76017.3984400000 -2.9962940000 0.6792780000
76064.0000000000 -3.0109490000 0.6785300000
76110.7031300000 -3.0259460000 0.6777820000
76157.5000000000 -3.0413010000 0.6770340000
76204.2968800000 -3.0569970000 0.6762870000
76251.1015600000 -3.0730490000 0.6755410000
76298.1015600000 -3.0895460000 0.6747930000
76345.0000000000 -3.1063970000 0.6740480000
76384.9062500000 -3.1210560000 0.6734160000
76392.1015600000 -3.1237340000 0.6733020000
76439.2031300000 -3.1415010000 0.6725560000
76486.2968800000 -3.1597220000 0.6718120000
76533.5000000000 -3.1784630000 0.6710670000
76580.7968800000 -3.1977470000 0.6703220000
76628.1015600000 -3.2175700000 0.6695780000
76675.5000000000 -3.2379930000 0.6688340000
76723.0000000000 -3.2590630000 0.6680900000
76770.5000000000 -3.2807670000 0.6673470000
76818.1015600000 -3.3031920000 0.6666030000
76865.7031300000 -3.3263360000 0.6658610000
76913.3984400000 -3.3502950000 0.6651190000
76961.1015600000 -3.3750760000 0.6643780000
77008.8984400000 -3.4007790000 0.6636360000
77056.7968800000 -3.4274820000 0.6628940000
77104.7031300000 -3.4552090000 0.6621540000
77152.7031300000 -3.4840800000 0.6614130000
77200.7031300000 -3.5141400000 0.6606730000
77248.7968800000 -3.5455380000 0.6599340000
77297.0000000000 -3.5784160000 0.6591930000
77345.2031300000 -3.6128260000 0.6584540000
77393.5000000000 -3.6489900000 0.6577150000
77441.7968800000 -3.6870020000 0.6569770000
77490.2031300000 -3.7271590000 0.6562390000
77538.7031300000 -3.7696840000 0.6555010000
77587.2031300000 -3.8147730000 0.6547640000
77635.7968800000 -3.8628400000 0.6540260000
77684.3984400000 -3.9141960000 0.6532900000
77733.1015600000 -3.9694280000 0.6525540000
77781.8984400000 -4.0291240000 0.6518170000
77830.7031300000 -4.0939230000 0.6510810000
77878.4218800000 -4.1630980000 0.6503630000
77879.6015600000 -4.1648830000 0.6503460000
77928.6015600000 -4.2432800000 0.6496100000
77977.6015600000 -4.3305820000 0.6488750000
78026.6015600000 -4.4290570000 0.6481420000
78075.7968800000 -4.5423730000 0.6474070000
78125.0000000000 -4.6750760000 0.6466730000
78174.2031300000 -4.8350130000 0.6459400000
78223.6015600000 -5.0369890000 0.6452060000
78272.8984400000 -5.3083660000 0.6444740000
78322.3984400000 -5.7260970000 0.6437410000
78371.8984400000 -6.6525620000 0.6430090000
78421.5000000000 -6.5307760000 3.1865790000
78471.1015600000 -5.6755900000 3.1831000000
78520.7968800000 -5.2653840000 3.1796320000
78570.6015600000 -4.9920840000 3.1761750000
78620.3984400000 -4.7868760000 3.1727380000
78670.2968800000 -4.6220560000 3.1693120000
78720.2031300000 -4.4844190000 3.1659050000
78770.2031300000 -4.3659990000 3.1625090000
78820.2968800000 -4.2620340000 3.1591250000
78870.3984400000 -4.1694830000 3.1557590000
78920.7031300000 -4.0857640000 3.1523990000
78970.8984400000 -4.0097300000 3.1490630000
79021.2968800000 -3.9397050000 3.1457330000
79071.6015600000 -3.8751240000 3.1424270000
79122.1015600000 -3.8148860000 3.1391270000
79172.6015600000 -3.7586340000 3.1358450000
79223.2031300000 -3.7057620000 3.1325740000
79273.8984400000 -3.6559000000 3.1293160000
79324.6015600000 -3.6087810000 3.1260750000
79375.3984400000 -3.5640510000 3.1228460000
79401.1406300000 -3.5422490000 3.1212170000
79426.2031300000 -3.5215440000 3.1196360000
79477.1015600000 -3.4809780000 3.1164360000
79528.1015600000 -3.4421850000 3.1132500000
79579.2031300000 -3.4050030000 3.1100740000
79630.2968800000 -3.3693790000 3.1069170000
79681.5000000000 -3.3351080000 3.1037710000
79732.7031300000 -3.3021660000 3.1006430000
79784.0000000000 -3.2703930000 3.0975280000
79835.3984400000 -3.2396990000 3.0944240000
79886.7968800000 -3.2100730000 3.0913380000
79938.2968800000 -3.1813880000 3.0882640000
79989.8984400000 -3.1535810000 3.0852010000
80041.5000000000 -3.1266620000 3.0821620000
80093.2031300000 -3.1005160000 3.0791350000
80145.0000000000 -3.0751060000 3.0761210000
80196.8984400000 -3.0503850000 3.0731190000
80248.7968800000 -3.0263660000 3.0701340000
80300.7031300000 -3.0030020000 3.0671670000
80352.7968800000 -2.9801860000 3.0642060000
80404.8984400000 -2.9579650000 3.0612630000
80457.1015600000 -2.9362710000 3.0583310000
80509.2968800000 -2.9151200000 3.0554180000
80561.6015600000 -2.8944470000 3.0525160000
80614.0000000000 -2.8742290000 3.0496260000
80666.5000000000 -2.8544480000 3.0467480000
80719.0000000000 -2.8351170000 3.0438880000
80771.6015600000 -2.8161860000 3.0410390000
80824.2031300000 -2.7976690000 3.0382080000
80876.8984400000 -2.7795200000 3.0353890000
80929.7031300000 -2.7617180000 3.0325820000
80953.6328100000 -2.7537710000 3.0313150000
80982.6015600000 -2.7442520000 3.0297870000
81035.5000000000 -2.7271450000 3.0270090000
81088.5000000000 -2.7103450000 3.0242440000
81141.6015600000 -2.6938450000 3.0214900000
81194.7031300000 -2.6776630000 3.0187540000
81247.8984400000 -2.6617580000 3.0160300000
81301.2031300000 -2.6461200000 3.0133170000
81354.6015600000 -2.6307410000 3.0106170000
81408.0000000000 -2.6156390000 3.0079350000
81461.5000000000 -2.6007750000 3.0052630000
81515.0000000000 -2.5861730000 3.0026100000
81568.6015600000 -2.5717920000 2.9999680000
81622.2968800000 -2.5576310000 2.9973390000
81676.1015600000 -2.5436780000 2.9947210000
81730.0000000000 -2.5299290000 2.9921160000
81783.8984400000 -2.5164040000 2.9895280000
81837.8984400000 -2.5030680000 2.9869520000
81891.8984400000 -2.4899420000 2.9843930000
81946.0000000000 -2.4769950000 2.9818460000
82000.2031300000 -2.4642200000 2.9793110000
82054.5000000000 -2.4516180000 2.9767890000
82108.7968800000 -2.4392000000 2.9742840000
82163.2031300000 -2.4269380000 2.9717910000
82217.7031300000 -2.4148210000 2.9693100000
82272.2968800000 -2.3834240000 2.9667280000
82326.8984400000 -2.3710910000 2.9639390000
82381.6015600000 -2.3589290000 2.9611470000
82436.3984400000 -2.3469100000 2.9583520000
82491.2031300000 -2.3350510000 2.9555590000
82536.4765600000 -2.3253700000 2.9532540000
82546.2031300000 -2.3233040000 2.9527590000
82601.2031300000 -2.3117080000 2.9499600000
82656.2031300000 -2.3002590000 2.9471630000
82711.3984400000 -2.2889160000 2.9443590000
82766.6015600000 -2.2777100000 2.9415560000
82821.8984400000 -2.2666250000 2.9387510000
82877.2031300000 -2.2556720000 2.9359470000
82932.7031300000 -2.2448150000 2.9331360000
82988.2031300000 -2.2340860000 2.9303260000
83043.7968800000 -2.2234660000 2.9275150000
83099.3984400000 -2.2129700000 2.9247050000
83155.2031300000 -2.2025560000 2.9218860000
83211.0000000000 -2.1922650000 2.9190710000
83266.8984400000 -2.1820710000 2.9162520000
83322.7968800000 -2.1719920000 2.9134360000
83378.7968800000 -2.1620080000 2.9106170000
83435.0000000000 -2.1520990000 2.9077890000
83491.1015600000 -2.1423140000 2.9049690000
83547.3984400000 -2.1326030000 2.9021420000
83603.7031300000 -2.1229960000 2.8993160000
83660.2031300000 -2.1134590000 2.8964820000
83716.6015600000 -2.1040390000 2.8936560000
83773.2031300000 -2.0946840000 2.8908230000
83829.7968800000 -2.0854280000 2.8879910000
83886.6015600000 -2.0762330000 2.8851510000
83943.3984400000 -2.0671350000 2.8823140000
84000.2031300000 -2.0581260000 2.8794790000
84057.2031300000 -2.0491790000 2.8766370000
84114.2031300000 -2.0403210000 2.8737960000
84150.2734400000 -2.0347610000 2.8720000000
84171.2968800000 -2.0315370000 2.8709540000
84228.5000000000 -2.0228220000 2.8681080000
84285.7968800000 -2.0141790000 2.8652590000
84343.1015600000 -2.0056190000 2.8624130000
84400.5000000000 -1.9971270000 2.8595650000
84458.0000000000 -1.9887010000 2.8567130000
84515.6015600000 -1.9803410000 2.8538590000
84573.2031300000 -1.9720600000 2.8510070000
84631.0000000000 -1.9638290000 2.8481480000
84688.7968800000 -1.9556740000 2.8452910000
84746.6015600000 -1.9475930000 2.8424360000
84804.6015600000 -1.9395600000 2.8395740000
84862.7031300000 -1.9315870000 2.8367100000
84920.7968800000 -1.9236860000 2.8338480000
84979.0000000000 -1.9158430000 2.8309830000
85037.2968800000 -1.9080560000 2.8281160000
85095.6015600000 -1.9003380000 2.8252500000
85154.1015600000 -1.8926630000 2.8223780000
85212.6015600000 -1.8850550000 2.8195080000
85271.2031300000 -1.8775010000 2.8166360000
85329.8984400000 -1.8700000000 2.8137610000
85388.7031300000 -1.8625500000 2.8108840000
85447.5000000000 -1.8551640000 2.8080090000
85506.3984400000 -1.8478300000 2.8051310000
85565.5000000000 -1.8405330000 2.8022470000
85624.5000000000 -1.8333090000 2.7993700000
85683.7031300000 -1.8261220000 2.7964850000
85743.0000000000 -1.8189830000 2.7935980000
85795.6250000000 -1.8126970000 2.7910380000
85802.2968800000 -1.8119030000 2.7907130000
85861.7031300000 -1.8048690000 2.7878260000
85921.2031300000 -1.7978820000 2.7849370000
85980.7968800000 -1.7909410000 2.7820460000
86040.5000000000 -1.7840440000 2.7791520000
86100.2031300000 -1.7772020000 2.7762600000
87473.1406300000 -1.6336240000 2.7104620000
89183.4609400000 -1.4844700000 2.6303640000
90927.2187500000 -1.3576220000 2.5508360000
92705.0781300000 -1.2482400000 2.4719640000
94517.6953100000 -1.1530500000 2.3938340000
96365.7500000000 -1.0697300000 2.3165300000
98249.9453100000 -0.9965690000 2.2401290000
100170.9766000000 -0.9322680000 2.1647070000
102129.5703000000 -0.9147590000 2.0911710000
104126.4609000000 -0.8676780000 2.0259670000
106162.3906000000 -0.8257850000 1.9626800000
108238.1328000000 -0.7884530000 1.9012550000
110354.4609000000 -0.7551650000 1.8416440000
112512.1641000000 -0.7254780000 1.7837940000
114712.0547000000 -0.6990160000 1.7276570000
116954.9688000000 -0.6754510000 1.6731860000
119241.7266000000 -0.6545000000 1.6203350000
121573.2031000000 -0.6359130000 1.5690580000
123950.2656000000 -0.6194700000 1.5193110000
126373.8047000000 -0.6049760000 1.4710520000
128844.7266000000 -0.5922570000 1.4242390000
131363.9688000000 -0.5811570000 1.3788310000
133932.4531000000 -0.5715360000 1.3347900000
136551.1719000000 -0.5632680000 1.2920750000
139221.0938000000 -0.5562390000 1.2506500000
141943.2188000000 -0.5503450000 1.2104790000
144718.5625000000 -0.5454920000 1.1715260000
147548.1719000000 -0.5415940000 1.1337560000
150433.1094000000 -0.5385730000 1.0971360000
153374.4531000000 -0.5363570000 1.0616320000
156373.2969000000 -0.5348800000 1.0272130000
159430.7969000000 -0.5380240000 0.9942100000
162548.0625000000 -0.5378860000 0.9622960000
165726.2813000000 -0.5382830000 0.9313820000
168966.6406000000 -0.5391700000 0.9014380000
172270.3750000000 -0.5405010000 0.8724340000
175638.6875000000 -0.5422380000 0.8443420000
179072.8594000000 -0.5443430000 0.8171330000
182574.1875000000 -0.5467820000 0.7907800000
186143.9688000000 -0.5495240000 0.7652570000
189783.5469000000 -0.5525400000 0.7405380000
193494.2969000000 -0.5558020000 0.7166000000
197277.5938000000 -0.5592860000 0.6934160000
201134.8594000000 -0.5629690000 0.6709650000
205067.5469000000 -0.5668280000 0.6492240000
209077.1406000000 -0.5708450000 0.6281710000
213165.1250000000 -0.5750020000 0.6077840000
217333.0313000000 -0.5792800000 0.5880430000
221582.4375000000 -0.5836640000 0.5689280000
225914.9219000000 -0.5881390000 0.5504200000
230332.1250000000 -0.5926930000 0.5324990000
234835.7031000000 -0.5973130000 0.5151480000
239427.3281000000 -0.6019860000 0.4983490000
244108.7344000000 -0.6067030000 0.4820850000
248881.6719000000 -0.6114530000 0.4663390000
253747.9219000000 -0.6162270000 0.4510950000
258709.3281000000 -0.6210170000 0.4363380000
263767.7500000000 -0.6258150000 0.4220510000
268925.0625000000 -0.6306130000 0.4082220000
274183.2188000000 -0.6354060000 0.3948340000
279544.1875000000 -0.6401870000 0.3818750000
285010.0000000000 -0.6449500000 0.3693320000
290582.6563000000 -0.6496900000 0.3571900000
296264.2500000000 -0.6544030000 0.3454390000
302056.9688000000 -0.6590850000 0.3340640000
307962.9375000000 -0.6637310000 0.3230550000
313984.3750000000 -0.6683370000 0.3124000000
320123.5625000000 -0.6729020000 0.3020890000
326382.7813000000 -0.6774210000 0.2921090000
332764.3750000000 -0.6818920000 0.2824510000
339270.7500000000 -0.6863090000 0.2731050000
345904.3438000000 -0.6968510000 0.2643960000
352667.6563000000 -0.7011340000 0.2559990000
359563.1875000000 -0.7053430000 0.2478780000
366593.5625000000 -0.7094800000 0.2400250000
373761.3750000000 -0.7135420000 0.2324300000
381069.3438000000 -0.7175310000 0.2250840000
388520.2188000000 -0.7214450000 0.2179800000
396116.7500000000 -0.7252840000 0.2111080000
403861.8125000000 -0.7290490000 0.2044620000
411758.3438000000 -0.7327390000 0.1980330000
419809.2500000000 -0.7363550000 0.1918140000
428017.5625000000 -0.7398980000 0.1857980000
436386.3750000000 -0.7433670000 0.1799790000
444918.8125000000 -0.7467640000 0.1743480000
453618.0938000000 -0.7500880000 0.1689020000
462487.4688000000 -0.7533400000 0.1636320000
471530.2500000000 -0.7565220000 0.1585330000
480749.8438000000 -0.7596340000 0.1536000000
490149.7188000000 -0.7626760000 0.1488260000
499733.3750000000 -0.7656500000 0.1442080000
509504.4063000000 -0.7685560000 0.1397380000
519466.5000000000 -0.7713950000 0.1354130000
529623.3750000000 -0.7741690000 0.1312270000
539978.8125000000 -0.7768780000 0.1271760000
550536.7500000000 -0.7795230000 0.1232560000
561301.1250000000 -0.7821060000 0.1194620000
572276.0000000000 -0.7846270000 0.1157900000
583465.4375000000 -0.7870870000 0.1122350000
594873.6250000000 -0.7894870000 0.1087950000
606504.8750000000 -0.7918290000 0.1054640000
618363.5625000000 -0.7941130000 0.1022400000
630454.1250000000 -0.7963400000 0.0991190000
642781.1250000000 -0.7985130000 0.0960980000
655349.0625000000 -0.8006310000 0.0931730000
668162.8125000000 -0.8026950000 0.0903410000
681227.0625000000 -0.8047070000 0.0876000000
694546.7500000000 -0.8066680000 0.0849450000
