30.0000000000 -70.8107910000 2.0612650000
30.5865750000 -71.7125320000 2.0380470000
31.1846200000 -71.5399480000 9.7921240000
31.7943570000 -69.5042650000 9.2763670000
32.4160160000 -68.3675080000 8.7969160000
33.0498310000 -67.6287610000 8.3511160000
33.6960370000 -67.1278920000 7.9365660000
34.3548770000 -66.7929690000 7.5510670000
35.0266040000 -66.5882800000 7.1926250000
35.7114600000 -66.4963760000 6.8594300000
36.4097100000 -66.5132980000 6.5498390000
37.1216090000 -66.6486890000 6.2623680000
37.8474310000 -66.9319150000 5.9956710000
38.5874440000 -67.4988020000 9.7443290000
39.3419230000 -66.0824510000 9.3026510000
40.1111560000 -65.3424610000 8.8906180000
40.8954320000 -64.8581160000 8.5066480000
41.6950380000 -64.5184250000 8.1493050000
42.5102810000 -64.2755660000 7.8172900000
43.3414650000 -64.1037980000 7.5094490000
44.1888960000 -63.9874110000 7.2247530000
45.0529020000 -63.9159360000 6.9622910000
45.9338000000 -63.8820190000 6.7212820000
46.8319210000 -63.8802910000 6.5010570000
47.7476010000 -63.9066960000 6.3010650000
48.6811870000 -63.9581450000 6.1208710000
49.6330260000 -64.0322340000 5.9601550000
50.6034740000 -64.1271130000 5.8187160000
51.5928990000 -64.2413330000 5.6964710000
52.6016690000 -64.3737870000 5.5934630000
53.6301650000 -64.5236660000 5.5098670000
54.6787680000 -64.6903760000 5.4459920000
55.7478750000 -64.8735350000 5.4022970000
56.8378870000 -65.0729600000 5.3793920000
57.9492070000 -65.2886050000 5.3780620000
59.0822600000 -65.5206150000 5.3992730000
60.2374690000 -65.7692640000 5.4441960000
61.4152600000 -66.0350190000 5.5142210000
62.6160810000 -66.3185500000 5.6109870000
63.8403850000 -66.6208340000 5.7364090000
65.0886230000 -66.9717560000 5.9402250000
66.3612670000 -67.2740940000 6.1317110000
67.6587980000 -67.6160890000 6.3596320000
68.9816970000 -64.1979290000 6.5390820000
70.3304600000 -64.2413790000 6.6232490000
71.7055970000 -64.2832110000 6.7163430000
73.1076200000 -64.3227920000 6.8181110000
74.5370640000 -64.3596420000 6.9283000000
75.9944460000 -64.3933640000 7.0466660000
77.4803310000 -64.4235920000 7.1729660000
78.9952620000 -64.4500120000 7.3069600000
80.5398180000 -64.4723210000 7.4484110000
82.1145710000 -64.4902500000 7.5970820000
83.7201160000 -64.5035170000 7.7527350000
85.3570560000 -64.5118870000 7.9151330000
87.0260010000 -64.5151060000 8.0840380000
88.7275770000 -64.5129470000 8.2592070000
90.4624250000 -64.5052030000 8.4403980000
92.2311940000 -64.4916530000 8.6273670000
94.0345380000 -64.6483150000 8.8202670000
95.8731540000 -64.6177220000 9.0230370000
97.7477110000 -64.5807570000 9.2305190000
99.6589200000 -64.5372700000 9.4424640000
101.6075060000 -64.4870990000 9.6586190000
103.5941850000 -64.4300990000 9.8787230000
105.6197130000 -64.3661580000 0.1025140000
107.6848450000 -64.2951350000 0.3297240000
109.7903520000 -64.2169420000 0.5600790000
111.9370270000 -64.1314700000 0.7932990000
114.1256790000 -64.0386280000 1.0291030000
116.3571170000 -63.9383580000 1.2672020000
118.6321950000 -63.8305930000 1.5073050000
120.9517520000 -63.7152900000 1.7491110000
123.3166580000 -63.5872230000 1.9922130000
125.7278060000 -63.4567640000 2.2362400000
128.1860960000 -63.3187450000 2.4810540000
130.6924590000 -63.1731830000 2.7263390000
133.2478330000 -63.0201260000 2.9717800000
135.8531490000 -62.8596460000 3.2170500000
138.5094300000 -62.6918260000 3.4618290000
141.2176360000 -62.5167880000 3.7057900000
143.9787900000 -62.3346790000 3.9486040000
146.7939300000 -62.1456830000 4.1899400000
149.6641240000 -61.9500080000 4.4294700000
152.5904390000 -61.7738230000 4.6669500000
155.5739590000 -61.5654070000 4.9032360000
158.6158140000 -61.3511920000 5.1366870000
161.7171480000 -61.1316150000 5.3669750000
164.8791350000 -60.9071770000 5.5937710000
168.1029360000 -60.6784860000 5.8167510000
171.3897710000 -60.4462590000 6.0355910000
174.7408600000 -60.2113760000 6.2499730000
178.1574860000 -59.9749030000 6.4595830000
181.6409150000 -59.7381630000 6.6641120000
185.1924440000 -59.5028310000 6.8632550000
188.8134160000 -59.2710760000 7.0567130000
192.5051880000 -59.0457690000 7.2441940000
196.2691500000 -58.8308410000 7.4254170000
200.1067050000 -58.6318550000 7.6001000000
204.0192870000 -58.4570770000 7.7679790000
208.0083770000 -58.3194430000 7.9287930000
212.0754700000 -58.2406960000 8.0822930000
216.2220760000 -58.3494640000 9.8422780000
220.4497530000 -57.5818520000 9.9519770000
224.7601010000 -57.6499520000 1.2067360000
229.1547240000 -56.4492720000 1.2801650000
233.6352690000 -55.7074510000 1.3482720000
238.2034300000 -55.0779530000 1.4107480000
242.8609010000 -54.5049250000 1.4673020000
247.6094360000 -53.9668920000 1.5176700000
252.4508210000 -53.4530640000 1.5616110000
257.3868710000 -52.9572530000 1.5989020000
262.4194340000 -52.4911120000 1.6298070000
267.5503850000 -52.0216140000 1.6540810000
272.7816770000 -51.5621640000 1.6712170000
278.1152340000 -51.1117020000 1.6810800000
283.5530700000 -50.6695820000 1.6835540000
289.0972600000 -50.2354510000 1.6785510000
294.7498170000 -49.8092160000 1.6659980000
300.5129390000 -49.3909800000 1.6458490000
306.3887020000 -48.9810490000 1.6180740000
312.3793640000 -48.5799060000 1.5826640000
318.4871830000 -48.1881980000 1.5396330000
324.7143860000 -45.4204980000 1.4487400000
331.0633850000 -45.0264550000 1.3198510000
337.5364990000 -44.6487080000 1.1825430000
344.1361690000 -44.2895470000 1.0370480000
350.8648990000 -43.9521830000 0.8836190000
357.7251890000 -43.6412240000 0.7225340000
364.7196040000 -43.3636440000 0.5540900000
371.8508000000 -43.1306570000 0.3786030000
379.1213990000 -42.9617960000 0.1964090000
386.5341800000 -42.7635080000 1.3420600000
394.0918880000 -42.0852430000 1.1646500000
401.7973630000 -41.5670780000 0.9813580000
409.6535340000 -41.1180570000 0.7925720000
417.6632690000 -40.7142300000 0.5986920000
425.8296200000 -40.3476100000 0.4001310000
434.1556700000 -40.0175020000 0.1973150000
442.6445010000 -39.7341730000 0.3320750000
451.2993160000 -39.2963640000 0.1299900000
460.1233520000 -38.9227790000 9.9250160000
469.1199040000 -38.5818900000 9.7176230000
478.2923890000 -38.2659840000 9.5082800000
487.6441960000 -37.9723430000 9.2974700000
497.1788640000 -37.7002600000 9.0856900000
506.8999330000 -37.4503100000 8.8734320000
516.8110960000 -37.2244110000 8.6612110000
526.9160770000 -37.0264090000 8.4495330000
537.2185670000 -36.8637080000 8.2389280000
547.7225340000 -36.6695250000 8.5589390000
558.4318850000 -36.3285980000 8.3560050000
569.3506470000 -36.0533910000 8.1555880000
580.4828490000 -35.5495300000 7.9542100000
591.8327640000 -35.3257710000 7.7525540000
603.4046020000 -35.1216700000 7.5547490000
615.2026370000 -34.9349630000 7.3613530000
627.2313840000 -34.7642780000 7.1729300000
639.4953610000 -34.6086960000 6.9900530000
651.9990840000 -34.4675830000 6.8133050000
664.7473140000 -34.3404500000 6.6432820000
677.7447510000 -34.2269210000 6.4805910000
690.9963990000 -34.1266900000 6.3258530000
704.5070800000 -34.0394900000 6.1797080000
718.2819820000 -33.8683170000 6.0422290000
732.3261720000 -33.8040350000 5.9123340000
746.6450200000 -33.7521360000 5.7929200000
761.2437740000 -33.7124520000 5.6847030000
776.1279910000 -33.6848070000 5.5884240000
791.3032230000 -33.6690520000 5.5048550000
806.7752080000 -33.6650310000 5.4348030000
822.5496830000 -33.6726000000 5.3791120000
838.6325680000 -33.6916050000 5.3386690000
855.0299680000 -30.9756830000 5.3123670000
871.7479250000 -30.8904400000 5.1521810000
888.7927860000 -30.8173830000 4.9974530000
906.1708980000 -28.8303260000 4.7840740000
923.8888550000 -28.6961880000 4.5320630000
941.9531860000 -28.5760590000 4.2781370000
960.3707280000 -28.4706290000 4.0224640000
979.1483760000 -28.3806550000 3.7652190000
998.2931520000 -28.3069920000 3.5065860000
1017.8123170000 -28.2806130000 3.2866350000
1037.7131350000 -28.2722000000 3.0714740000
1058.0029300000 -28.2795940000 2.8573820000
1078.6895750000 -28.3038220000 2.6444030000
1099.7806400000 -28.3460620000 2.4325800000
1121.2841800000 -28.4076880000 2.2219580000
1143.2080080000 -28.4903030000 2.0125780000
1165.5606690000 -28.5957810000 1.8044810000
1188.3502200000 -28.7263470000 1.5977100000
1211.5854490000 -28.8846450000 1.3923020000
1235.2750240000 -29.0744380000 1.1883070000
1259.4277340000 -29.2985320000 0.9857620000
1284.0527340000 -29.5622620000 0.7846980000
1309.1591800000 -29.8716870000 0.5851540000
1334.7564700000 -30.2345920000 0.3871630000
1360.8542480000 -30.6612430000 0.1907630000
1387.4624020000 -31.1656090000 9.9959890000
1414.5908200000 -31.7674690000 9.8028720000
1442.2495120000 -32.4962770000 9.6114480000
1470.4492190000 -33.3988610000 9.4217490000
1499.2000730000 -34.5560260000 9.2338090000
1528.5131840000 -36.1436580000 9.0479130000
1558.3995360000 -38.4654920000 8.8647230000
1588.8701170000 -42.4710010000 8.6834560000
1619.9365230000 -51.6169170000 8.5041370000
1651.6103520000 -94.3798980000 8.3267890000
1683.9034420000 -29.3535710000 1.9106980000
1716.8280030000 -140.9871060000 9.8661350000
1750.3962400000 6.7668320000 2.2898410000
1784.6208500000 0.7778710000 1.7012120000
1819.5146480000 -8.2717490000 9.7073670000
1855.0908200000 -15.4943360000 4.4763590000
1891.3624270000 -21.2341940000 1.9883720000
1928.3432620000 -26.2255130000 0.7593220000
1966.0472410000 -31.1082970000 0.2202240000
2004.4884030000 -36.5065310000 0.1897730000
2043.6811520000 -43.2374420000 0.7240740000
2083.6401370000 -52.8884850000 2.1606970000
2124.3806150000 -65.7056050000 0.0724910000
2165.9174800000 -35.9713630000 6.0169200000
2208.2666020000 -42.1463890000 7.7689020000
2251.4438480000 -16.9996380000 9.4162330000
2295.4653320000 -16.2742160000 8.5397010000
2340.3474120000 -16.0265270000 7.7029400000
2386.1069340000 -15.3706740000 8.7477890000
2432.7612300000 -14.0605080000 7.8951740000
2480.3278810000 -13.2749890000 7.0946040000
2528.8244630000 -12.7419270000 6.3434870000
2578.2692870000 -12.5564740000 5.6398530000
2628.6809080000 -11.9414210000 6.1302970000
2680.0783690000 -11.0883000000 5.5011600000
2732.4804690000 -10.4843920000 4.9197600000
2785.9074710000 -9.3915120000 4.2883610000
2840.3789060000 -8.8930590000 3.6707080000
2895.9152830000 -8.4339360000 3.0812050000
2952.5378420000 -7.9819670000 2.5200390000
3010.2673340000 -7.4827240000 1.9760040000
3069.1254880000 -7.1125860000 1.3965610000
3129.1347660000 -6.7747170000 0.8295800000
3190.3171390000 -6.4639920000 0.2749020000
3252.6958010000 -6.1787960000 9.7323320000
3316.2941890000 -5.9170900000 9.2016810000
3381.1359860000 -5.6794290000 8.6830180000
3447.2456050000 -5.4674600000 8.1767390000
3514.6479490000 -5.2675080000 7.6824300000
3583.3681640000 -5.0849110000 7.1995940000
3653.4318850000 -4.9185400000 6.7280270000
3724.8657230000 -4.7673710000 6.2675210000
3797.6960450000 -4.6304760000 5.8178760000
3871.9506840000 -4.5070120000 5.3788890000
3947.6569820000 -4.3962030000 4.9503630000
4024.8435060000 -4.3102960000 4.5321550000
4103.5390630000 -4.2231450000 4.1243520000
4183.7739260000 -4.1466310000 3.7264370000
4265.5771480000 -4.1014950000 3.3390790000
4348.9794920000 -4.0452660000 2.9617420000
4434.0131840000 -3.9980400000 2.5937890000
4520.7089840000 -3.9593920000 2.2350290000
4609.1005860000 -3.9289260000 1.8852630000
4699.2197270000 -3.9062870000 1.5443100000
4791.1015630000 -3.9017740000 1.2127110000
4884.7792970000 -3.8941460000 0.8899910000
4980.2890630000 -3.8933670000 0.5755820000
5077.6660160000 -3.8992000000 0.2692990000
5176.9472660000 -3.9114380000 9.9709590000
5278.1694340000 -3.9349930000 9.6807940000
5381.3710940000 -3.9596910000 9.3983830000
5486.5903320000 -3.9903070000 9.1234230000
5593.8666990000 -4.0267530000 8.8557420000
5703.2412110000 -4.0689760000 8.5951690000
5814.7534180000 -4.1169560000 8.3415450000
5928.4467770000 -4.1707130000 8.0947020000
6044.3627930000 -4.2303070000 7.8544830000
6162.5449220000 -4.2958440000 7.6207320000
6283.0380860000 -4.3674830000 7.3932940000
6405.8872070000 -4.4454410000 7.1720190000
6531.1386720000 -4.5300030000 6.9567580000
6658.8383790000 -4.6215310000 6.7473690000
6789.0356450000 -4.7204850000 6.5437070000
6921.7783200000 -4.8274350000 6.3456350000
7057.1162110000 -4.9430950000 6.1530150000
7195.1005860000 -5.0739970000 5.9657750000
7335.7827150000 -5.2183820000 5.7842990000
7479.2158200000 -5.3748030000 5.6080220000
7625.4531250000 -5.5363290000 5.4369990000
7774.5498050000 -5.7151620000 5.2707410000
7926.5620120000 -5.9117080000 5.1091430000
8081.5458980000 -6.1312270000 4.9520680000
8239.5605470000 -6.3843790000 4.7994360000
8400.6640630000 -6.6684390000 4.6512190000
8564.9189450000 -7.0002160000 4.5071870000
8732.3837890000 -7.3982450000 4.3672320000
8903.1240230000 -7.8955670000 4.2312870000
9077.2021480000 -8.5429250000 4.1012740000
9254.6845700000 -9.4970500000 3.9750670000
9435.6367190000 -11.3542830000 3.8525750000
9457.9599610000 -11.7637290000 3.8378760000
9458.6796880000 -11.7783910000 3.8374030000
9459.4003910000 -11.7931590000 3.8369300000
9460.1201170000 -11.8080330000 3.8364580000
9460.8398440000 -11.8230140000 3.8359850000
9461.5595700000 -11.8380860000 3.8355140000
9462.2900390000 -11.8535120000 3.8350350000
9463.0097660000 -11.8688300000 3.8345630000
9463.7304690000 -11.8842830000 3.8340900000
9464.4501950000 -11.8998110000 3.8336190000
9465.1796880000 -11.9156870000 3.8331410000
9465.9003910000 -11.9314960000 3.8326680000
9466.6201170000 -11.9474070000 3.8321970000
9467.3398440000 -11.9634200000 3.8317260000
9468.0703130000 -11.9798150000 3.8312470000
9468.7900390000 -11.9961050000 3.8307760000
9469.5097660000 -12.0125250000 3.8303050000
9470.2402340000 -12.0293170000 3.8298270000
9470.9599610000 -12.0459820000 3.8293560000
9471.6796880000 -12.0628040000 3.8288850000
9472.4101560000 -12.0800140000 3.8284080000
9473.1298830000 -12.0971170000 3.8279370000
9473.8603520000 -12.1146160000 3.8274590000
9474.5800780000 -12.1319880000 3.8269890000
9475.2998050000 -12.1495290000 3.8265190000
9476.0302730000 -12.1674800000 3.8260410000
9476.7500000000 -12.1853280000 3.8255710000
9477.4804690000 -12.2035950000 3.8250940000
9478.2001950000 -12.2217350000 3.8246240000
9478.9296880000 -12.2403040000 3.8241480000
9479.6503910000 -12.2588200000 3.8236770000
9480.3701170000 -12.2774780000 3.8232070000
9481.0996090000 -12.2965580000 3.8227310000
9481.8300780000 -12.3158150000 3.8222550000
9482.5498050000 -12.3349990000 3.8217860000
9483.2802730000 -12.3546460000 3.8213090000
9484.0000000000 -12.3741940000 3.8208400000
9484.7304690000 -12.3942190000 3.8203640000
9485.4501950000 -12.4141220000 3.8198950000
9486.1796880000 -12.4345120000 3.8194200000
9486.9003910000 -12.4548630000 3.8189500000
9487.6298830000 -12.4756610000 3.8184750000
9488.3603520000 -12.4966980000 3.8179990000
9489.0800780000 -12.5176460000 3.8175300000
9489.8095700000 -12.5390890000 3.8170550000
9490.5302730000 -12.5604720000 3.8165860000
9491.2597660000 -12.5823670000 3.8161120000
9491.9902340000 -12.6045250000 3.8156370000
9492.7099610000 -12.6265980000 3.8151680000
9493.4404300000 -12.6492380000 3.8146930000
9494.1699220000 -12.6720970000 3.8142190000
9494.9003910000 -12.6952420000 3.8137440000
9495.6201170000 -12.7182800000 3.8132770000
9496.3496090000 -12.7419200000 3.8128020000
9497.0800780000 -12.7658620000 3.8123280000
9497.7998050000 -12.7897370000 3.8118600000
9498.5302730000 -12.8142420000 3.8113860000
9499.2597660000 -12.8390090000 3.8109120000
9499.9902340000 -12.8641090000 3.8104380000
9500.7197270000 -12.8894820000 3.8099640000
9501.4404300000 -12.9148330000 3.8094970000
9502.1699220000 -12.9408390000 3.8090230000
9502.9003910000 -12.9672100000 3.8085500000
9503.6298830000 -12.9938860000 3.8080760000
9504.3603520000 -13.0209450000 3.8076030000
9505.0898440000 -13.0483260000 3.8071300000
9505.8095700000 -13.0757060000 3.8066630000
9506.5400390000 -13.1038610000 3.8061900000
9507.2695310000 -13.1323650000 3.8057170000
9508.0000000000 -13.1613040000 3.8052430000
9508.7304690000 -13.1906510000 3.8047700000
9509.4599610000 -13.2203410000 3.8042990000
9510.1904300000 -13.2505410000 3.8038260000
9510.9199220000 -13.2811460000 3.8033530000
9511.6503910000 -13.3122490000 3.8028810000
9512.3798830000 -13.3437820000 3.8024080000
9513.1103520000 -13.3758440000 3.8019360000
9513.8398440000 -13.4083640000 3.8014640000
9514.5703130000 -13.4414450000 3.8009920000
9515.2998050000 -13.4750160000 3.8005200000
9516.0302730000 -13.5091810000 3.8000480000
9516.7597660000 -13.5438710000 3.7995760000
9517.4902340000 -13.5791950000 3.7991040000
9518.2197270000 -13.6150810000 3.7986330000
9518.9501950000 -13.6516440000 3.7981610000
9519.6796880000 -13.6888110000 3.7976900000
9520.4101560000 -13.7267020000 3.7972180000
9521.1396480000 -13.7652440000 3.7967470000
9521.8798830000 -13.8050800000 3.7962700000
9522.6103520000 -13.8451640000 3.7957980000
9523.3398440000 -13.8859790000 3.7953270000
9524.0703130000 -13.9276620000 3.7948560000
9524.7998050000 -13.9700820000 3.7943860000
9525.5302730000 -14.0134950000 3.7939150000
9526.2695310000 -14.0584150000 3.7934380000
9527.0000000000 -14.1037230000 3.7929680000
9527.7304690000 -14.1500340000 3.7924970000
9528.4599610000 -14.1972680000 3.7920270000
9529.1904300000 -14.2457210000 3.7915570000
9529.9296880000 -14.2959780000 3.7910800000
9530.6601560000 -14.3467980000 3.7906100000
9531.3896480000 -14.3987440000 3.7901410000
9532.1201170000 -14.4521510000 3.7896700000
9532.8603520000 -14.5077520000 3.7891940000
9533.5898440000 -14.5639740000 3.7887240000
9534.3203130000 -14.6217440000 3.7882550000
9535.0595700000 -14.6820140000 3.7877790000
9535.7900390000 -14.7432560000 3.7873090000
9536.5195310000 -14.8062520000 3.7868400000
9537.2597660000 -14.8721440000 3.7863650000
9537.9902340000 -14.9392770000 3.7858950000
9538.7197270000 -15.0085320000 3.7854260000
9539.4599610000 -15.0811910000 3.7849510000
9540.1904300000 -15.1554610000 3.7844820000
9540.9296880000 -15.2333680000 3.7840070000
9541.6601560000 -15.3133090000 3.7835380000
9542.4003910000 -15.3975080000 3.7830630000
9543.1298830000 -15.4839390000 3.7825950000
9543.8603520000 -15.5741830000 3.7821260000
9544.5996090000 -15.6695920000 3.7816520000
9545.3300780000 -15.7683270000 3.7811830000
9546.0703130000 -15.8732870000 3.7807090000
9546.7998050000 -15.9821260000 3.7802410000
9547.5400390000 -16.0985660000 3.7797670000
9548.2695310000 -16.2199880000 3.7792990000
9549.0097660000 -16.3507080000 3.7788250000
9549.7500000000 -16.4902110000 3.7783500000
9550.4804690000 -16.6373560000 3.7778820000
9551.2197270000 -16.7974010000 3.7774090000
9551.9501950000 -16.9684100000 3.7769410000
9552.6904300000 -17.1569440000 3.7764680000
9553.4199220000 -17.3607650000 3.7760000000
9554.1601560000 -17.5896340000 3.7755270000
9554.9003910000 -17.8461130000 3.7750540000
9555.6298830000 -18.1333370000 3.7745870000
9556.3701170000 -18.4705660000 3.7741140000
9557.1103520000 -18.8718830000 3.7736400000
9557.8398440000 -19.3572520000 3.7731740000
9558.5800780000 -19.9988440000 3.7727010000
9559.3203130000 -20.9182990000 3.7722280000
9560.0498050000 -22.5299720000 3.7717610000
9560.7900390000 -26.8329370000 0.5324400000
9561.5302730000 -22.0410940000 0.5305640000
9562.2695310000 -20.6678490000 0.5286910000
9563.0000000000 -19.8430140000 0.5268410000
9563.7402340000 -19.2405400000 0.5249670000
9564.4804690000 -18.7691670000 0.5230920000
9565.2197270000 -18.3831200000 0.5212220000
9565.9599610000 -18.0550960000 0.5193500000
9566.6904300000 -17.7736190000 0.5175040000
9567.4296880000 -17.5216830000 0.5156350000
9568.1699220000 -17.2956430000 0.5137660000
9568.9101560000 -17.0906300000 0.5118950000
9569.6503910000 -16.9034920000 0.5100270000
9570.3896480000 -16.7313710000 0.5081620000
9571.1201170000 -16.5736310000 0.5063190000
9571.8603520000 -16.4246710000 0.5044540000
9572.5996090000 -16.2854020000 0.5025910000
9573.3398440000 -16.1543180000 0.5007270000
9574.0800780000 -16.0304990000 0.4988600000
9574.8203130000 -15.9134620000 0.4969970000
9575.5595700000 -15.8025100000 0.4951370000
9576.2998050000 -15.6967800000 0.4932760000
9577.0400390000 -15.5959220000 0.4914150000
9577.7802730000 -15.4993830000 0.4895520000
9578.5195310000 -15.4071520000 0.4876960000
9579.2597660000 -15.3185350000 0.4858370000
9580.0000000000 -15.2333610000 0.4839780000
9580.7402340000 -15.1513740000 0.4821210000
9581.4804690000 -15.0723400000 0.4802650000
9582.2197270000 -14.9960560000 0.4784090000
9582.9599610000 -14.9223350000 0.4765540000
9583.7001950000 -14.8510090000 0.4746990000
9584.4404300000 -14.7819290000 0.4728460000
9585.1796880000 -14.7150410000 0.4709950000
9585.9199220000 -14.6499660000 0.4691410000
9586.6699220000 -14.5860420000 0.4672650000
9587.4101560000 -14.5247070000 0.4654140000
9588.1503910000 -14.4650370000 0.4635640000
9588.8896480000 -14.4069450000 0.4617150000
9589.6298830000 -14.3503500000 0.4598670000
9590.3701170000 -14.2951770000 0.4580180000
9591.1201170000 -14.2406690000 0.4561470000
9591.8603520000 -14.1880840000 0.4542980000
9592.5996090000 -14.1368580000 0.4524550000
9593.3398440000 -14.0867360000 0.4506100000
9594.0800780000 -14.0377310000 0.4487660000
9594.8300780000 -13.9891230000 0.4468960000
9595.5703130000 -13.9422250000 0.4450530000
9596.3095700000 -13.8963670000 0.4432130000
9597.0498050000 -13.8513880000 0.4413710000
9597.7998050000 -13.8066930000 0.4395050000
9598.5400390000 -13.7634960000 0.4376640000
9599.2802730000 -13.7211320000 0.4358240000
9600.0302730000 -13.6790400000 0.4339630000
9600.7695310000 -13.6382590000 0.4321240000
9601.5097660000 -13.5982230000 0.4302870000
9602.2597660000 -13.5584000000 0.4284270000
9603.0000000000 -13.5197810000 0.4265910000
9603.7402340000 -13.4817810000 0.4247540000
9604.4902340000 -13.4439990000 0.4228950000
9605.2304690000 -13.4073250000 0.4210620000
9605.9804690000 -13.3707470000 0.4192030000
9606.7197270000 -13.3353130000 0.4173730000
9607.4697270000 -13.2999520000 0.4155180000
9608.2099610000 -13.2655910000 0.4136870000
9608.9501950000 -13.2317170000 0.4118550000
9609.7001950000 -13.1979750000 0.4100020000
9610.4404300000 -13.1651650000 0.4081730000
9611.1904300000 -13.1323830000 0.4063190000
9611.9296880000 -13.1005740000 0.4044930000
9612.6796880000 -13.0687800000 0.4026430000
9613.4296880000 -13.0374000000 0.4007920000
9614.1699220000 -13.0068930000 0.3989670000
9614.9199220000 -12.9764210000 0.3971190000
9615.6601560000 -12.9467480000 0.3952950000
9616.4101560000 -12.9170590000 0.3934460000
9617.1503910000 -12.8881750000 0.3916230000
9617.9003910000 -12.8592660000 0.3897760000
9618.6503910000 -12.8307710000 0.3879320000
9619.3896480000 -12.8030350000 0.3861130000
9620.1269530000 -12.7757160000 0.3843010000
9620.1396480000 -12.7752250000 0.3842680000
9620.8798830000 -12.7481450000 0.3824490000
9621.6298830000 -12.7210560000 0.3806080000
9622.3798830000 -12.6942640000 0.3787640000
9623.1298830000 -12.6678320000 0.3769250000
9623.8701170000 -12.6420470000 0.3751090000
9624.6201170000 -12.6162040000 0.3732670000
9625.3701170000 -12.5906960000 0.3714290000
9626.1103520000 -12.5658040000 0.3696160000
9626.8603520000 -12.5408450000 0.3677770000
9627.6103520000 -12.5162010000 0.3659400000
9628.3603520000 -12.4918020000 0.3641030000
9629.0996090000 -12.4680400000 0.3622940000
9629.8496090000 -12.4442030000 0.3604600000
9630.5996090000 -12.4205960000 0.3586250000
9631.3496090000 -12.3972720000 0.3567920000
9632.0996090000 -12.3741960000 0.3549610000
9632.8398440000 -12.3516230000 0.3531510000
9633.5898440000 -12.3290240000 0.3513210000
9634.3398440000 -12.3066320000 0.3494890000
9635.0898440000 -12.2844960000 0.3476600000
9635.8398440000 -12.2625850000 0.3458320000
9636.5898440000 -12.2408660000 0.3440030000
9637.3398440000 -12.2193890000 0.3421750000
9638.0898440000 -12.1980970000 0.3403470000
9638.8398440000 -12.1770400000 0.3385220000
9639.5898440000 -12.1561590000 0.3366960000
9640.3300780000 -12.1357670000 0.3348950000
9641.0800780000 -12.1153060000 0.3330720000
9641.8300780000 -12.0950130000 0.3312470000
9642.5800780000 -12.0749330000 0.3294250000
9643.3300780000 -12.0550390000 0.3276040000
9644.0800780000 -12.0353030000 0.3257820000
9644.8300780000 -12.0157710000 0.3239620000
9645.5800780000 -11.9963890000 0.3221410000
9646.3398440000 -11.9769630000 0.3202990000
9647.0898440000 -11.9579280000 0.3184800000
9647.8398440000 -11.9390830000 0.3166630000
9648.5898440000 -11.9203800000 0.3148450000
9649.3398440000 -11.9018610000 0.3130290000
9650.0898440000 -11.8834780000 0.3112130000
9650.8398440000 -11.8652740000 0.3093990000
9651.5898440000 -11.8472240000 0.3075850000
9652.3398440000 -11.8293030000 0.3057700000
9653.0898440000 -11.8115530000 0.3039580000
9653.8496090000 -11.7937030000 0.3021220000
9654.5996090000 -11.7762460000 0.3003110000
9655.3496090000 -11.7589070000 0.2984990000
9656.0996090000 -11.7417320000 0.2966900000
9656.8496090000 -11.7246700000 0.2948800000
9657.6103520000 -11.7075320000 0.2930470000
9658.3603520000 -11.6907420000 0.2912380000
9659.1103520000 -11.6741050000 0.2894320000
9659.8603520000 -11.6575760000 0.2876230000
9660.6201170000 -11.6409880000 0.2857950000
9661.3701170000 -11.6247140000 0.2839890000
9662.1201170000 -11.6085840000 0.2821860000
9662.8701170000 -11.5925570000 0.2803810000
9663.6298830000 -11.5764680000 0.2785560000
9808.2246090000 -9.7191510000 9.9435480000
10000.0000000000 -8.6597920000 9.5351770000
10195.5253900000 -8.1839950000 9.1564770000
10394.8730500000 -8.1155320000 8.8050960000
10598.1191400000 -8.6610830000 8.4788400000
10606.9003900000 -8.7148110000 8.4654140000
10607.7998100000 -8.7205790000 8.4640430000
10608.7002000000 -8.7264060000 8.4626690000
10609.5996100000 -8.7322850000 8.4612980000
10610.5996100000 -8.7388750000 8.4597750000
10611.5000000000 -8.7448690000 8.4584040000
10612.4003900000 -8.7509170000 8.4570330000
10613.2998100000 -8.7570140000 8.4556650000
10614.2002000000 -8.7631820000 8.4542940000
10615.0996100000 -8.7693930000 8.4529270000
10616.0000000000 -8.7756690000 8.4515580000
10616.9003900000 -8.7820040000 8.4501910000
10617.7998100000 -8.7883920000 8.4488250000
10618.7002000000 -8.7948470000 8.4474580000
10619.5996100000 -8.8013570000 8.4460940000
10620.5996100000 -8.8086720000 8.4445760000
10621.5000000000 -8.8153220000 8.4432120000
10622.4003900000 -8.8220360000 8.4418480000
10623.2998100000 -8.8288080000 8.4404850000
10624.2002000000 -8.8356530000 8.4391220000
10625.0996100000 -8.8425590000 8.4377610000
10626.0000000000 -8.8495470000 8.4363980000
10626.9003900000 -8.8565980000 8.4350360000
10627.7998100000 -8.8637110000 8.4336770000
10628.7002000000 -8.8709040000 8.4323160000
10629.7002000000 -8.8789820000 8.4308050000
10630.5996100000 -8.8863220000 8.4294470000
10631.5000000000 -8.8937440000 8.4280880000
10632.4003900000 -8.9012430000 8.4267300000
10633.2998100000 -8.9088130000 8.4253740000
10634.2002000000 -8.9164680000 8.4240170000
10635.0996100000 -8.9241960000 8.4226620000
10636.0000000000 -8.9320140000 8.4213070000
10637.0000000000 -8.9407980000 8.4198000000
10637.9003900000 -8.9487920000 8.4184460000
10638.7998100000 -8.9568650000 8.4170920000
10639.7002000000 -8.9650340000 8.4157390000
10640.5996100000 -8.9732820000 8.4143870000
10641.5000000000 -8.9816390000 8.4130330000
10642.4003900000 -8.9900800000 8.4116810000
10643.2998100000 -8.9986060000 8.4103310000
10644.2998100000 -9.0081930000 8.4088320000
10645.2002000000 -9.0169320000 8.4074810000
10646.0996100000 -9.0257710000 8.4061320000
10647.0000000000 -9.0347110000 8.4047820000
10647.9003900000 -9.0437550000 8.4034340000
10648.7998100000 -9.0528950000 8.4020870000
10649.7002000000 -9.0621510000 8.4007400000
10650.7002000000 -9.0725660000 8.3992420000
10651.5996100000 -9.0820470000 8.3978980000
10652.5000000000 -9.0916530000 8.3965510000
10653.4003900000 -9.1013750000 8.3952060000
10654.2998100000 -9.1112050000 8.3938630000
10655.2002000000 -9.1211680000 8.3925190000
10656.2002000000 -9.1323850000 8.3910260000
10657.0996100000 -9.1426030000 8.3896840000
10658.0000000000 -9.1529610000 8.3883410000
10658.9003900000 -9.1634520000 8.3869990000
10659.7998100000 -9.1740670000 8.3856590000
10660.7002000000 -9.1848330000 8.3843180000
10661.7002000000 -9.1969620000 8.3828290000
10662.5996100000 -9.2080190000 8.3814910000
10663.5000000000 -9.2192370000 8.3801510000
10664.4003900000 -9.2306080000 8.3788130000
10665.2998100000 -9.2421220000 8.3774760000
10666.2002000000 -9.2538200000 8.3761370000
10667.2002000000 -9.2669870000 8.3746530000
10668.0996100000 -9.2790110000 8.3733180000
10669.0000000000 -9.2912200000 8.3719820000
10669.9003900000 -9.3036060000 8.3706460000
10670.7998100000 -9.3161740000 8.3693110000
10671.7002000000 -9.3289280000 8.3679770000
10672.7002000000 -9.3433110000 8.3664960000
10673.5996100000 -9.3564620000 8.3651650000
10674.5000000000 -9.3698420000 8.3638310000
10675.4003900000 -9.3834150000 8.3624980000
10676.2998100000 -9.3971880000 8.3611680000
10677.2998100000 -9.4127530000 8.3596910000
10678.2002000000 -9.4270120000 8.3583600000
10679.0996100000 -9.4415050000 8.3570310000
10680.0000000000 -9.4562390000 8.3557010000
10680.9003900000 -9.4712200000 8.3543720000
10681.9003900000 -9.4881520000 8.3528980000
10682.7998100000 -9.5036650000 8.3515710000
10683.7002000000 -9.5194850000 8.3502430000
10684.5996100000 -9.5355520000 8.3489180000
10685.5000000000 -9.5519280000 8.3475910000
10686.5000000000 -9.5704600000 8.3461200000
10687.4003900000 -9.5875010000 8.3447940000
10688.2998100000 -9.6048280000 8.3434710000
10689.2002000000 -9.6225080000 8.3421470000
10690.0996100000 -9.6405140000 8.3408250000
10691.0996100000 -9.6609480000 8.3393560000
10692.0000000000 -9.6797690000 8.3380330000
10692.9003900000 -9.6989570000 8.3367110000
10693.7998100000 -9.7185290000 8.3353920000
10694.7998100000 -9.7407720000 8.3339250000
10695.7002000000 -9.7612920000 8.3326040000
10696.5996100000 -9.7822250000 8.3312860000
10697.5000000000 -9.8036560000 8.3299670000
10698.5000000000 -9.8280320000 8.3285040000
10699.4003900000 -9.8505360000 8.3271860000
10700.2998100000 -9.8735880000 8.3258690000
10701.2002000000 -9.8972080000 8.3245520000
10702.0996100000 -9.9214010000 8.3232360000
10703.0996100000 -9.9490230000 8.3217760000
10704.0000000000 -9.9746280000 8.3204590000
10704.9003900000 -10.0009020000 8.3191450000
10705.7998100000 -10.0278800000 8.3178330000
10706.7998100000 -10.0587670000 8.3163750000
10707.7002000000 -10.0874540000 8.3150620000
10708.5996100000 -10.1170070000 8.3137490000
10709.5000000000 -10.1474790000 8.3124370000
10710.5000000000 -10.1824530000 8.3109820000
10711.4003900000 -10.2150550000 8.3096700000
10712.2998100000 -10.2487340000 8.3083620000
10713.2002000000 -10.2836700000 8.3070510000
10714.2002000000 -10.3239070000 8.3055970000
10715.0996100000 -10.3615550000 8.3042900000
10716.0000000000 -10.4007190000 8.3029820000
10716.9003900000 -10.4415180000 8.3016730000
10717.9003900000 -10.4887890000 8.3002220000
10718.7998100000 -10.5333040000 8.2989170000
10719.7002000000 -10.5799200000 8.2976110000
10720.7002000000 -10.6343660000 8.2961610000
10721.5996100000 -10.6859290000 8.2948570000
10722.5000000000 -10.7402980000 8.2935530000
10723.4003900000 -10.7977220000 8.2922500000
10724.4003900000 -10.8655470000 8.2908010000
10725.2998100000 -10.9305900000 8.2895000000
10726.2002000000 -11.0000900000 8.2881980000
10727.0996100000 -11.0745190000 8.2868980000
10728.0996100000 -11.1641230000 8.2854520000
10729.0000000000 -11.2519420000 8.2841510000
10729.9003900000 -11.3478470000 8.2828510000
10730.9003900000 -11.4658810000 8.2814070000
10731.7998100000 -11.5846810000 8.2801100000
10732.7002000000 -11.7187900000 8.2788110000
10733.5996100000 -11.8723160000 8.2775150000
10734.5996100000 -12.0742510000 8.2760730000
10735.5000000000 -12.2961320000 8.2747770000
10736.4003900000 -12.5769080000 8.2734800000
10737.4003900000 -13.0111080000 8.2720420000
10738.2998100000 -13.6519370000 8.2707490000
10739.2002000000 -15.4881520000 8.2694530000
10740.2002000000 -14.0093100000 1.6586590000
10741.0996100000 -13.1939970000 1.6566450000
10742.0000000000 -12.7330820000 1.6546290000
10742.9003900000 -12.4098500000 1.6526120000
10743.9003900000 -12.1366720000 1.6503760000
10744.7998100000 -11.9381880000 1.6483650000
10745.7002000000 -11.7699480000 1.6463540000
10746.7002000000 -11.6089140000 1.6441180000
10747.5996100000 -11.4818010000 1.6421110000
10748.5000000000 -11.3676660000 1.6401010000
10749.5000000000 -11.2532360000 1.6378690000
10750.4003900000 -11.1594400000 1.6358610000
10751.2998100000 -11.0730090000 1.6338570000
10752.2998100000 -10.9841120000 1.6316280000
10753.2002000000 -10.9097280000 1.6296230000
10754.0996100000 -10.8400370000 1.6276220000
10755.0996100000 -10.7673360000 1.6253980000
10756.0000000000 -10.7056350000 1.6233960000
10756.9003900000 -10.6470700000 1.6213920000
10757.9003900000 -10.5854790000 1.6191720000
10758.7998100000 -10.5327810000 1.6171750000
10759.7002000000 -10.4823670000 1.6151760000
10760.7002000000 -10.4288450000 1.6129560000
10761.5996100000 -10.3827890000 1.6109620000
10762.5000000000 -10.3384700000 1.6089660000
10763.5000000000 -10.2911580000 1.6067500000
10764.4003900000 -10.2501890000 1.6047550000
10765.2998100000 -10.2106730000 1.6027640000
10766.2998100000 -10.1682570000 1.6005510000
10767.2002000000 -10.1313770000 1.5985590000
10768.0996100000 -10.0956780000 1.5965710000
10769.0996100000 -10.0572590000 1.5943620000
10770.0000000000 -10.0236780000 1.5923720000
10770.9003900000 -9.9910770000 1.5903840000
10771.9003900000 -9.9559280000 1.5881780000
10772.7998100000 -9.9251850000 1.5861940000
10773.7998100000 -9.8919170000 1.5839880000
10774.7002000000 -9.8627710000 1.5820050000
10775.5996100000 -9.8343660000 1.5800230000
10776.5996100000 -9.8035600000 1.5778210000
10777.5000000000 -9.7765170000 1.5758390000
10778.4003900000 -9.7500860000 1.5738580000
10779.4003900000 -9.7213980000 1.5716580000
10780.2998100000 -9.6961960000 1.5696820000
10781.2002000000 -9.6714980000 1.5677040000
10782.2002000000 -9.6446760000 1.5655090000
10783.0996100000 -9.6210540000 1.5635350000
10784.0996100000 -9.5953220000 1.5613400000
10785.0000000000 -9.5726380000 1.5593660000
10785.9003900000 -9.5503830000 1.5573920000
10786.9003900000 -9.5261340000 1.5552010000
10787.7998100000 -9.5047550000 1.5532310000
10788.7998100000 -9.4814190000 1.5510420000
10789.7002000000 -9.4608050000 1.5490710000
10790.5996100000 -9.4405670000 1.5471050000
10791.5996100000 -9.4184740000 1.5449200000
10792.5000000000 -9.3989210000 1.5429530000
10793.4003900000 -9.3796650000 1.5409840000
10794.4003900000 -9.3586700000 1.5388020000
10795.2998100000 -9.3400920000 1.5368390000
10796.2998100000 -9.3197620000 1.5346570000
10797.2002000000 -9.3017600000 1.5326950000
10798.0996100000 -9.2840450000 1.5307350000
10799.0996100000 -9.2646460000 1.5285560000
10800.0000000000 -9.2474550000 1.5265960000
10801.0000000000 -9.2286570000 1.5244210000
10801.9003900000 -9.2119570000 1.5224610000
10802.9003900000 -9.1937080000 1.5202880000
10803.7998100000 -9.1775240000 1.5183330000
10804.7002000000 -9.1615390000 1.5163770000
10805.3388700000 -9.1503230000 1.5149900000
10805.7002000000 -9.1440250000 1.5142050000
10806.5996100000 -9.1284980000 1.5122540000
10807.5996100000 -9.1114610000 1.5100830000
10808.5000000000 -9.0963340000 1.5081310000
10809.4003900000 -9.0813980000 1.5061800000
10810.4003900000 -9.0650330000 1.5040150000
10811.2998100000 -9.0504820000 1.5020650000
10812.2998100000 -9.0345340000 1.4999020000
10813.2002000000 -9.0203480000 1.4979540000
10814.2002000000 -9.0047810000 1.4957900000
10815.0996100000 -8.9909580000 1.4938470000
10816.0000000000 -8.9772810000 1.4919020000
10817.0000000000 -8.9622630000 1.4897410000
10817.9003900000 -8.9489090000 1.4877980000
10818.9003900000 -8.9342580000 1.4856410000
10819.7998100000 -8.9212270000 1.4837030000
10820.7998100000 -8.9068970000 1.4815450000
10821.7002000000 -8.8941470000 1.4796060000
10822.7002000000 -8.8801370000 1.4774510000
10823.5996100000 -8.8676840000 1.4755150000
10824.5000000000 -8.8553470000 1.4735780000
10825.5000000000 -8.8417980000 1.4714290000
10826.4003900000 -8.8297130000 1.4694910000
10827.4003900000 -8.8164520000 1.4673430000
10828.2998100000 -8.8046460000 1.4654120000
10829.2998100000 -8.7916500000 1.4632640000
10830.2002000000 -8.7800750000 1.4613320000
10831.2002000000 -8.7673440000 1.4591870000
10832.0996100000 -8.7560160000 1.4572580000
10833.0996100000 -8.7435510000 1.4551170000
10834.0000000000 -8.7324360000 1.4531880000
10835.0000000000 -8.7202050000 1.4510470000
10835.9003900000 -8.7093070000 1.4491200000
10836.7998100000 -8.6985200000 1.4471960000
10837.7998100000 -8.6866340000 1.4450570000
10838.7002000000 -8.6760410000 1.4431330000
10839.7002000000 -8.6643910000 1.4409980000
10840.5996100000 -8.6539950000 1.4390750000
10841.5996100000 -8.6425600000 1.4369430000
10842.5000000000 -8.6323550000 1.4350220000
10843.5000000000 -8.6211180000 1.4328890000
10844.4003900000 -8.6110960000 1.4309700000
10845.4003900000 -8.6000600000 1.4288390000
10846.2998100000 -8.5902290000 1.4269240000
10847.2998100000 -8.5793980000 1.4247970000
10848.2002000000 -8.5697280000 1.4228810000
10849.2002000000 -8.5590740000 1.4207540000
10850.0996100000 -8.5495820000 1.4188420000
10851.0996100000 -8.5391110000 1.4167170000
10852.0000000000 -8.5297680000 1.4148050000
10853.0000000000 -8.5194850000 1.4126830000
10853.9003900000 -8.5102990000 1.4107730000
10854.9003900000 -8.5001760000 1.4086520000
10855.7998100000 -8.4911520000 1.4067460000
10856.7998100000 -8.4811940000 1.4046260000
10857.7002000000 -8.4723080000 1.4027190000
10858.7002000000 -8.4625220000 1.4006030000
10859.5996100000 -8.4537770000 1.3986990000
10860.5996100000 -8.4441470000 1.3965850000
10861.5000000000 -8.4355420000 1.3946820000
10862.5000000000 -8.4260550000 1.3925680000
10863.4003900000 -8.4175840000 1.3906670000
10864.4003900000 -8.4082450000 1.3885550000
10865.2998100000 -8.3999150000 1.3866570000
10866.2998100000 -8.3907270000 1.3845490000
11016.6103500000 -7.5337010000 1.0786390000
11130.7002000000 -7.3157990000 0.8604790000
11131.7002000000 -7.3155360000 0.8586170000
11132.7002000000 -7.3153100000 0.8567580000
11133.7002000000 -7.3151190000 0.8548970000
11134.7002000000 -7.3149670000 0.8530400000
11135.7002000000 -7.3148510000 0.8511810000
11136.7002000000 -7.3147730000 0.8493230000
11137.7002000000 -7.3147340000 0.8474680000
11138.7002000000 -7.3147330000 0.8456130000
11139.7002000000 -7.3147710000 0.8437600000
11140.7002000000 -7.3148480000 0.8419060000
11141.7002000000 -7.3149660000 0.8400540000
11142.7002000000 -7.3151240000 0.8382020000
11143.7002000000 -7.3153220000 0.8363490000
11144.7002000000 -7.3155620000 0.8345000000
11145.7002000000 -7.3158430000 0.8326500000
11146.7002000000 -7.3161670000 0.8308030000
11147.7002000000 -7.3165340000 0.8289550000
11148.7002000000 -7.3169440000 0.8271090000
11149.7002000000 -7.3173980000 0.8252630000
11150.7002000000 -7.3178960000 0.8234180000
11151.7002000000 -7.3184390000 0.8215740000
11152.7002000000 -7.3190280000 0.8197310000
11153.7002000000 -7.3196630000 0.8178890000
11154.7002000000 -7.3203450000 0.8160470000
11155.7002000000 -7.3210740000 0.8142070000
11156.7002000000 -7.3218520000 0.8123670000
11157.7002000000 -7.3226790000 0.8105280000
11158.7002000000 -7.3235540000 0.8086900000
11159.7002000000 -7.3244810000 0.8068520000
11160.7002000000 -7.3254570000 0.8050170000
11161.7002000000 -7.3264860000 0.8031810000
11162.7002000000 -7.3275680000 0.8013460000
11163.7002000000 -7.3287020000 0.7995130000
11164.7002000000 -7.3298910000 0.7976790000
11165.7002000000 -7.3311340000 0.7958480000
11166.7002000000 -7.3324340000 0.7940160000
11167.7002000000 -7.3337900000 0.7921870000
11168.7998100000 -7.3353480000 0.7901750000
11169.7998100000 -7.3368270000 0.7883450000
11170.7998100000 -7.3383660000 0.7865170000
11171.7998100000 -7.3399640000 0.7846920000
11172.7998100000 -7.3416260000 0.7828650000
11173.7998100000 -7.3433490000 0.7810400000
11174.7998100000 -7.3451380000 0.7792160000
11175.7998100000 -7.3469900000 0.7773920000
11176.7998100000 -7.3489110000 0.7755700000
11177.7998100000 -7.3508990000 0.7737460000
11178.7998100000 -7.3529540000 0.7719270000
11179.7998100000 -7.3550810000 0.7701060000
11180.7998100000 -7.3572780000 0.7682880000
11181.7998100000 -7.3595500000 0.7664690000
11182.9003900000 -7.3621360000 0.7644680000
11183.9003900000 -7.3645670000 0.7626500000
11184.9003900000 -7.3670730000 0.7608360000
11185.9003900000 -7.3696600000 0.7590210000
11186.9003900000 -7.3723270000 0.7572070000
11187.9003900000 -7.3750790000 0.7553930000
11188.9003900000 -7.3779130000 0.7535820000
11189.9003900000 -7.3808360000 0.7517690000
11190.9003900000 -7.3838470000 0.7499580000
11191.9003900000 -7.3869470000 0.7481490000
11193.0000000000 -7.3904640000 0.7461600000
11194.0000000000 -7.3937630000 0.7443500000
11195.0000000000 -7.3971570000 0.7425440000
11196.0000000000 -7.4006540000 0.7407370000
11197.0000000000 -7.4042500000 0.7389330000
11198.0000000000 -7.4079540000 0.7371270000
11199.0000000000 -7.4117660000 0.7353220000
11200.0000000000 -7.4156840000 0.7335200000
11201.0000000000 -7.4197200000 0.7317170000
11202.0996100000 -7.4242900000 0.7297360000
11203.0996100000 -7.4285690000 0.7279370000
11204.0996100000 -7.4329770000 0.7261360000
11205.0996100000 -7.4375100000 0.7243370000
11206.0996100000 -7.4421710000 0.7225390000
11207.0996100000 -7.4469700000 0.7207410000
11208.0996100000 -7.4519020000 0.7189460000
11209.0996100000 -7.4569820000 0.7171500000
11210.2002000000 -7.4627410000 0.7151740000
11211.2002000000 -7.4681300000 0.7133810000
11212.2002000000 -7.4736810000 0.7115880000
11213.2002000000 -7.4793950000 0.7097950000
11214.2002000000 -7.4852710000 0.7080040000
11215.2002000000 -7.4913270000 0.7062130000
11216.2002000000 -7.4975560000 0.7044240000
11217.2998100000 -7.5046240000 0.7024570000
11218.2998100000 -7.5112580000 0.7006680000
11219.2998100000 -7.5180920000 0.6988800000
11220.2998100000 -7.5251280000 0.6970950000
11221.2998100000 -7.5323870000 0.6953090000
11222.2998100000 -7.5398640000 0.6935250000
11223.2998100000 -7.5475830000 0.6917410000
11224.4003900000 -7.5563560000 0.6897780000
11225.4003900000 -7.5645900000 0.6879970000
11226.4003900000 -7.5731000000 0.6862150000
11227.4003900000 -7.5818880000 0.6844340000
11228.4003900000 -7.5909580000 0.6826550000
11229.4003900000 -7.6003410000 0.6808760000
11230.5000000000 -7.6110240000 0.6789210000
11231.5000000000 -7.6210870000 0.6771450000
11232.0127000000 -7.6263890000 0.6762330000
11232.5000000000 -7.6315130000 0.6753670000
11233.5000000000 -7.6423020000 0.6735940000
11234.5000000000 -7.6534920000 0.6718180000
11235.5996100000 -7.6662710000 0.6698680000
11236.5996100000 -7.6783590000 0.6680940000
11237.5996100000 -7.6909000000 0.6663230000
11238.5996100000 -7.7039470000 0.6645510000
11239.5996100000 -7.7175060000 0.6627810000
11240.5996100000 -7.7316370000 0.6610110000
11241.7002000000 -7.7478740000 0.6590630000
11242.7002000000 -7.7633060000 0.6572950000
11243.7002000000 -7.7794110000 0.6555290000
11244.7002000000 -7.7962720000 0.6537620000
11245.7002000000 -7.8139130000 0.6519980000
11246.7998100000 -7.8343190000 0.6500570000
11247.7998100000 -7.8538720000 0.6482930000
11248.7998100000 -7.8744530000 0.6465280000
11249.7998100000 -7.8961350000 0.6447680000
11250.7998100000 -7.9190700000 0.6430050000
11251.9003900000 -7.9458770000 0.6410680000
11252.9003900000 -7.9718130000 0.6393090000
11253.9003900000 -7.9994710000 0.6375490000
11254.9003900000 -8.0290060000 0.6357930000
11256.0000000000 -8.0639970000 0.6338610000
11257.0000000000 -8.0984340000 0.6321030000
11258.0000000000 -8.1357380000 0.6303470000
11259.0000000000 -8.1763390000 0.6285930000
11260.0000000000 -8.2209110000 0.6268390000
11261.0996100000 -8.2753680000 0.6249110000
11262.0996100000 -8.3309580000 0.6231590000
11263.0996100000 -8.3938990000 0.6214080000
11264.0996100000 -8.4662050000 0.6196570000
11265.2002000000 -8.5603040000 0.6177300000
11266.2002000000 -8.6644690000 0.6159820000
11267.2002000000 -8.7959290000 0.6142340000
11268.2002000000 -8.9721410000 0.6124870000
11269.2998100000 -9.2792870000 0.6105670000
11270.2998100000 -9.9466840000 0.6088210000
11271.2998100000 -9.7332640000 2.2930430000
11272.2998100000 -9.2026790000 2.2912320000
11273.4003900000 -8.9180440000 2.2892400000
11274.4003900000 -8.7456260000 2.2874300000
11275.4003900000 -8.6140730000 2.2856220000
11276.4003900000 -8.5072770000 2.2838130000
11277.5000000000 -8.4090770000 2.2818260000
11278.5000000000 -8.3322750000 2.2800210000
11279.5000000000 -8.2643080000 2.2782140000
11280.5000000000 -8.2033300000 2.2764090000
11281.5996100000 -8.1427610000 2.2744260000
11282.5996100000 -8.0925050000 2.2726240000
11283.5996100000 -8.0460120000 2.2708210000
11284.5996100000 -8.0028040000 2.2690200000
11285.7002000000 -7.9584370000 2.2670380000
11286.7002000000 -7.9206380000 2.2652380000
11287.7002000000 -7.8849470000 2.2634380000
11288.7998100000 -7.8478640000 2.2614610000
11289.7998100000 -7.8158930000 2.2596650000
11290.7998100000 -7.7853700000 2.2578680000
11291.7998100000 -7.7562120000 2.2560720000
11292.9003900000 -7.7255020000 2.2540970000
11293.9003900000 -7.6987410000 2.2523020000
11294.9003900000 -7.6730090000 2.2505090000
11295.9003900000 -7.6481760000 2.2487160000
11297.0000000000 -7.6218610000 2.2467460000
11298.0000000000 -7.5987420000 2.2449540000
11299.0000000000 -7.5763730000 2.2431650000
11300.0996100000 -7.5525390000 2.2411970000
11301.0996100000 -7.5315160000 2.2394080000
11302.0996100000 -7.5110980000 2.2376200000
11303.2002000000 -7.4892500000 2.2356540000
11304.2002000000 -7.4699300000 2.2338670000
11305.2002000000 -7.4510950000 2.2320800000
11306.2998100000 -7.4309170000 2.2301180000
11307.2998100000 -7.4130280000 2.2283350000
11308.2998100000 -7.3955280000 2.2265510000
11309.2998100000 -7.3784300000 2.2247700000
11310.4003900000 -7.3600230000 2.2228090000
11311.4003900000 -7.3436560000 2.2210270000
11312.4003900000 -7.3276170000 2.2192470000
11313.5000000000 -7.3103500000 2.2172910000
11314.5000000000 -7.2949690000 2.2155130000
11315.5000000000 -7.2798580000 2.2137350000
11316.5996100000 -7.2635630000 2.2117810000
11317.5996100000 -7.2490250000 2.2100060000
11318.5996100000 -7.2347220000 2.2082300000
11319.7002000000 -7.2192630000 2.2062770000
11320.7002000000 -7.2054500000 2.2045030000
11321.7002000000 -7.1918710000 2.2027310000
11322.7998100000 -7.1771740000 2.2007820000
11323.7998100000 -7.1640160000 2.1990100000
11324.7998100000 -7.1510650000 2.1972410000
11325.9003900000 -7.1370220000 2.1952920000
11326.9003900000 -7.1244470000 2.1935230000
11327.9003900000 -7.1120580000 2.1917560000
11329.0000000000 -7.0986110000 2.1898110000
11330.0000000000 -7.0865700000 2.1880460000
11331.0000000000 -7.0746750000 2.1862780000
11332.0996100000 -7.0617760000 2.1843380000
11333.0996100000 -7.0502060000 2.1825740000
11334.2002000000 -7.0376310000 2.1806340000
11335.2002000000 -7.0263440000 2.1788700000
11336.2002000000 -7.0152020000 2.1771100000
11337.2998100000 -7.0030920000 2.1751730000
11338.2998100000 -6.9922070000 2.1734120000
11339.2998100000 -6.9814440000 2.1716520000
11340.4003900000 -6.9697400000 2.1697160000
11341.4003900000 -6.9592330000 2.1679590000
11342.5000000000 -6.9478010000 2.1660270000
11343.5000000000 -6.9375150000 2.1642700000
11344.5000000000 -6.9273440000 2.1625160000
11345.5996100000 -6.9162730000 2.1605850000
11346.5996100000 -6.9063050000 2.1588310000
11347.5996100000 -6.8964360000 2.1570770000
11348.7002000000 -6.8856880000 2.1551490000
11349.7002000000 -6.8760250000 2.1533980000
11350.7998100000 -6.8654970000 2.1514720000
11351.7998100000 -6.8560120000 2.1497210000
11352.7998100000 -6.8466210000 2.1479730000
11353.9003900000 -6.8363780000 2.1460490000
11354.9003900000 -6.8271520000 2.1443000000
11356.0000000000 -6.8171040000 2.1423790000
11357.0000000000 -6.8080450000 2.1406320000
11358.0000000000 -6.7990700000 2.1388870000
11359.0996100000 -6.7892820000 2.1369690000
11360.0996100000 -6.7804540000 2.1352240000
11361.2002000000 -6.7708240000 2.1333060000
11362.2002000000 -6.7621530000 2.1315640000
11363.2002000000 -6.7535410000 2.1298220000
11364.2998100000 -6.7441520000 2.1279080000
11365.2998100000 -6.7356790000 2.1261670000
11366.4003900000 -6.7264320000 2.1242530000
11367.4003900000 -6.7181010000 2.1225160000
11368.5000000000 -6.7090040000 2.1206050000
11369.5000000000 -6.7007920000 2.1188670000
11370.5000000000 -6.6926470000 2.1171320000
11371.5996100000 -6.6837530000 2.1152240000
11372.5996100000 -6.6757200000 2.1134880000
11373.7002000000 -6.6669480000 2.1115800000
11374.7002000000 -6.6590310000 2.1098460000
11375.7998100000 -6.6503920000 2.1079420000
11376.7998100000 -6.6425940000 2.1062110000
11377.7998100000 -6.6348400000 2.1044800000
11378.9003900000 -6.6263690000 2.1025750000
11379.9003900000 -6.6187290000 2.1008470000
11381.0000000000 -6.6103790000 2.0989470000
11382.0000000000 -6.6028320000 2.0972190000
11383.0996100000 -6.5945930000 2.0953200000
11384.0996100000 -6.5871450000 2.0935930000
11385.2002000000 -6.5790040000 2.0916940000
11386.2002000000 -6.5716590000 2.0899710000
11387.2002000000 -6.5643500000 2.0882450000
11388.2998100000 -6.5563660000 2.0863510000
11389.2998100000 -6.5491550000 2.0846300000
11390.4003900000 -6.5412630000 2.0827350000
11391.4003900000 -6.5341320000 2.0810140000
11392.5000000000 -6.5263400000 2.0791230000
11393.5000000000 -6.5192940000 2.0774020000
11394.5996100000 -6.5115950000 2.0755130000
11395.5996100000 -6.5046370000 2.0737960000
11396.7002000000 -6.4970190000 2.0719060000
11397.7002000000 -6.4901350000 2.0701890000
11398.7998100000 -6.4826100000 2.0683030000
11399.7998100000 -6.4758090000 2.0665890000
11400.9003900000 -6.4683550000 2.0647020000
11401.9003900000 -6.4616280000 2.0629900000
11403.0000000000 -6.4542680000 2.0611070000
11404.0000000000 -6.4476080000 2.0593950000
11405.0996100000 -6.4403270000 2.0575130000
11406.0996100000 -6.4337430000 2.0558040000
11407.2002000000 -6.4265320000 2.0539240000
11408.2002000000 -6.4200120000 2.0522150000
11409.2998100000 -6.4128810000 2.0503370000
11410.2998100000 -6.4064270000 2.0486290000
11411.4003900000 -6.3993630000 2.0467510000
11412.4003900000 -6.3929800000 2.0450470000
11413.5000000000 -6.3859920000 2.0431720000
11414.5000000000 -6.3796660000 2.0414680000
11415.5996100000 -6.3727470000 2.0395950000
11416.5996100000 -6.3664880000 2.0378930000
11451.6259800000 -6.1631290000 1.9787200000
11675.5341800000 -5.2506940000 1.6204060000
11903.8203100000 -4.6261870000 1.2878280000
12136.5693400000 -4.1394530000 0.9791600000
12373.8701200000 -3.7383490000 0.6927860000
12615.8105500000 -3.1148690000 0.3852420000
12862.4814500000 -2.8027800000 0.0795230000
13113.9746100000 -2.5303410000 9.7867110000
13370.3857400000 -2.2900320000 9.5061960000
13631.8105500000 -2.0761910000 9.2374360000
13898.3466800000 -1.8843830000 8.9799420000
14170.0937500000 -1.5549590000 8.7100460000
14447.1543000000 -1.3896010000 8.4403950000
14729.6328100000 -1.2668910000 8.1788020000
15017.6337900000 -1.1367370000 7.9277660000
15311.2666000000 -1.0202030000 7.6838140000
15610.6396500000 -0.9159460000 7.4467700000
15915.8671900000 -0.8227990000 7.2164580000
16227.0615200000 -0.7397390000 6.9927070000
16544.3418000000 -0.6658670000 6.7753500000
16867.8242200000 -0.6003830000 6.5642240000
17197.6328100000 -0.5425740000 6.3591670000
17533.8906300000 -0.4921370000 6.1600260000
17876.7207000000 -0.4478280000 5.9666460000
18226.2558600000 -0.4094610000 5.7788750000
18582.6250000000 -0.3765680000 5.5965690000
18945.9628900000 -0.3487200000 5.4195810000
19316.4023400000 -0.3268140000 5.2478460000
19694.0878900000 -0.3079280000 5.0812190000
20079.1562500000 -0.2930030000 4.9195030000
20471.7539100000 -0.2817410000 4.7625650000
20872.0273400000 -0.2738660000 4.6102770000
21280.1289100000 -0.2691270000 4.4625120000
21696.2070300000 -0.2713010000 4.3193720000
22120.4238300000 -0.2721920000 4.1807230000
22552.9335900000 -0.2761300000 4.0462470000
22993.8984400000 -0.2817680000 3.9158870000
23443.4882800000 -0.2895070000 3.7894690000
23901.8671900000 -0.2991940000 3.6668850000
24369.2070300000 -0.3106870000 3.5480260000
24845.6875000000 -0.3238570000 3.4327860000
25331.4824200000 -0.3385830000 3.3210640000
25826.7753900000 -0.3547580000 3.2127590000
26331.7539100000 -0.3722850000 3.1077730000
26846.6054700000 -0.3910110000 3.0062040000
27371.5234400000 -0.4106870000 2.9082640000
27906.7070300000 -0.4313640000 2.8133820000
28452.3515600000 -0.4529670000 2.7214700000
29008.6660200000 -0.4754340000 2.6324350000
29575.8593800000 -0.4986030000 2.5461930000
30154.1406300000 -0.5226060000 2.4626580000
30743.7304700000 -0.5473150000 2.3817500000
31344.8476600000 -0.5726880000 2.3033900000
31957.7168000000 -0.5986920000 2.2275010000
32582.5703100000 -0.6252960000 2.1540070000
33219.6406300000 -0.6524780000 2.0828380000
33869.1679700000 -0.6802210000 2.0139210000
34531.3945300000 -0.7085110000 1.9471890000
35206.5703100000 -0.7373440000 1.8825750000
35894.9492200000 -0.7667650000 1.8200160000
36596.7851600000 -0.7967300000 1.7594490000
37312.3437500000 -0.8272080000 1.7008130000
38041.8906300000 -0.8582760000 1.6440490000
38785.7070300000 -0.8899550000 1.5890990000
39544.0625000000 -0.9222810000 1.5359070000
40317.2500000000 -0.9553010000 1.4844200000
41105.5546900000 -0.9890740000 1.4345850000
41909.2695300000 -1.0242590000 1.3863730000
42728.6992200000 -1.0597580000 1.3397270000
43564.1523400000 -1.0962580000 1.2945840000
44415.9414100000 -1.1338800000 1.2508980000
45284.3867200000 -1.1734940000 1.2086320000
46169.8085900000 -1.2138190000 1.1677440000
47072.5429700000 -1.2570740000 1.1282250000
47992.9296900000 -1.3009330000 1.0900210000
48931.3125000000 -1.3484270000 1.0530670000
49888.0429700000 -1.3970680000 1.0173940000
50863.4765600000 -1.4496330000 0.9828970000
51857.9843800000 -1.5049130000 0.9495410000
52871.9375000000 -1.5645610000 0.9172780000
53905.7187500000 -1.6295560000 0.8860740000
54959.7109400000 -1.7012100000 0.8558940000
56034.3085900000 -1.7816440000 0.8267100000
57129.9218800000 -1.8727780000 0.7984900000
58246.9531300000 -1.9787380000 0.7711990000
59385.8281300000 -2.1055250000 0.7448080000
60546.9687500000 -2.2633650000 0.7192880000
60806.3984400000 -2.3040520000 0.7137680000
60836.3007800000 -2.3088970000 0.7131360000
60866.1015600000 -2.3137590000 0.7125070000
60896.0000000000 -2.3186710000 0.7118760000
60926.0000000000 -2.3236340000 0.7112450000
60955.8984400000 -2.3286160000 0.7106160000
60985.8984400000 -2.3336500000 0.7099860000
61015.8984400000 -2.3387210000 0.7093570000
61046.0000000000 -2.3438460000 0.7087260000
61076.0000000000 -2.3489910000 0.7080990000
61106.1015600000 -2.3541920000 0.7074700000
61136.3007800000 -2.3594480000 0.7068400000
61166.3984400000 -2.3647270000 0.7062130000
61196.6015600000 -2.3700640000 0.7055850000
61226.8007800000 -2.3754410000 0.7049580000
61257.1015600000 -2.3808790000 0.7043290000
61287.3984400000 -2.3863570000 0.7037010000
61317.6992200000 -2.3918800000 0.7030750000
61348.0000000000 -2.3974460000 0.7024480000
61378.3984400000 -2.4030750000 0.7018210000
61408.8007800000 -2.4087500000 0.7011950000
61439.1992200000 -2.4144690000 0.7005690000
61469.6992200000 -2.4202560000 0.6999420000
61500.1992200000 -2.4260910000 0.6993170000
61530.6992200000 -2.4319750000 0.6986910000
61561.1992200000 -2.4379070000 0.6980670000
61591.8007800000 -2.4439110000 0.6974420000
61622.3984400000 -2.4499650000 0.6968170000
61653.1015600000 -2.4560930000 0.6961910000
61683.8007800000 -2.4622740000 0.6955670000
61714.5000000000 -2.4685100000 0.6949430000
61730.8125000000 -2.4718460000 0.6946110000
61745.1992200000 -2.4748010000 0.6943190000
61776.0000000000 -2.4811700000 0.6936950000
61806.8007800000 -2.4875970000 0.6930710000
61837.6015600000 -2.4940830000 0.6924490000
61868.3984400000 -2.5006280000 0.6918270000
61899.3007800000 -2.5072580000 0.6912040000
61930.1992200000 -2.5139500000 0.6905820000
61961.1992200000 -2.5207280000 0.6899580000
61992.1992200000 -2.5275710000 0.6893360000
62023.1992200000 -2.5344820000 0.6887140000
62054.1992200000 -2.5414600000 0.6880940000
62085.3007800000 -2.5485320000 0.6874720000
62116.3984400000 -2.5556730000 0.6868510000
62147.5000000000 -2.5628890000 0.6862300000
62178.6992200000 -2.5702020000 0.6856090000
62209.8984400000 -2.5775910000 0.6849880000
62241.1015600000 -2.5850580000 0.6843690000
62272.3984400000 -2.5926290000 0.6837480000
62303.6992200000 -2.6002810000 0.6831280000
62335.0000000000 -2.6080170000 0.6825090000
62366.3984400000 -2.6158630000 0.6818890000
62397.8007800000 -2.6237980000 0.6812700000
62429.1992200000 -2.6318210000 0.6806510000
62460.6015600000 -2.6399360000 0.6800330000
62492.1015600000 -2.6481700000 0.6794150000
62523.6015600000 -2.6565020000 0.6787970000
62555.1992200000 -2.6649580000 0.6781780000
62586.6992200000 -2.6734890000 0.6775620000
62618.3984400000 -2.6821770000 0.6769420000
62650.0000000000 -2.6909460000 0.6763260000
62681.6992200000 -2.6998510000 0.6757080000
62713.3984400000 -2.7088680000 0.6750920000
62745.1015600000 -2.7180020000 0.6744760000
62776.8984400000 -2.7272810000 0.6738590000
62808.6992200000 -2.7366840000 0.6732430000
62840.5000000000 -2.7462110000 0.6726280000
62872.3984400000 -2.7558960000 0.6720110000
62904.3007800000 -2.7657150000 0.6713960000
62936.1992200000 -2.7756690000 0.6707810000
62937.8046900000 -2.7761730000 0.6707500000
62968.1992200000 -2.7857950000 0.6701660000
63000.1992200000 -2.7960640000 0.6695510000
63032.1992200000 -2.8064830000 0.6689370000
63064.3007800000 -2.8170880000 0.6683220000
63096.3984400000 -2.8278500000 0.6677080000
63128.5000000000 -2.8387770000 0.6670940000
63160.6015600000 -2.8498710000 0.6664820000
63192.8007800000 -2.8611720000 0.6658690000
63225.1015600000 -2.8726890000 0.6652540000
63257.3007800000 -2.8843550000 0.6646420000
63289.6015600000 -2.8962480000 0.6640290000
63321.8984400000 -2.9083390000 0.6634170000
63354.3007800000 -2.9206740000 0.6628040000
63386.6992200000 -2.9332210000 0.6621920000
63419.1015600000 -2.9459890000 0.6615810000
63451.6015600000 -2.9590240000 0.6609690000
63484.0000000000 -2.9722540000 0.6603590000
63516.6015600000 -2.9858120000 0.6597470000
63549.1015600000 -2.9995840000 0.6591370000
63581.6992200000 -3.0136610000 0.6585260000
63614.3007800000 -3.0280160000 0.6579160000
63647.0000000000 -3.0427010000 0.6573050000
63679.6992200000 -3.0576860000 0.6566950000
63712.3984400000 -3.0729820000 0.6560860000
63745.1992200000 -3.0886510000 0.6554760000
63778.0000000000 -3.1046580000 0.6548670000
63810.8007800000 -3.1210220000 0.6542580000
63843.6015600000 -3.1377530000 0.6536500000
63876.5000000000 -3.1549230000 0.6530420000
63909.5000000000 -3.1725550000 0.6524320000
63942.3984400000 -3.1905580000 0.6518250000
63975.3984400000 -3.2090660000 0.6512170000
64008.3984400000 -3.2280440000 0.6506100000
64041.5000000000 -3.2475740000 0.6500020000
64074.6015600000 -3.2676330000 0.6493950000
64107.6992200000 -3.2882380000 0.6487890000
64140.8984400000 -3.3094930000 0.6481820000
64168.3984400000 -3.3275620000 0.6476790000
64174.1015600000 -3.3313670000 0.6475750000
64207.3007800000 -3.3538900000 0.6469700000
64240.6015600000 -3.3771810000 0.6463630000
64273.8984400000 -3.4012070000 0.6457580000
64307.1992200000 -3.4260250000 0.6451530000
64340.6015600000 -3.4517610000 0.6445470000
64374.0000000000 -3.4783970000 0.6439420000
64407.5000000000 -3.5060820000 0.6433360000
64440.8984400000 -3.5347150000 0.6427330000
64474.3984400000 -3.5645580000 0.6421290000
64508.0000000000 -3.5957100000 0.6415240000
64541.6015600000 -3.6281710000 0.6409200000
64575.1992200000 -3.6620600000 0.6403160000
64608.8007800000 -3.6975040000 0.6397140000
64642.5000000000 -3.7347620000 0.6391110000
64676.1992200000 -3.7738990000 0.6385080000
64710.0000000000 -3.8152340000 0.6379050000
64743.8007800000 -3.8588820000 0.6373020000
64777.6015600000 -3.9051220000 0.6367000000
64811.5000000000 -3.9543960000 0.6360980000
64845.3984400000 -4.0069650000 0.6354960000
64879.3007800000 -4.0633010000 0.6348950000
64913.3007800000 -4.1241280000 0.6342930000
64947.3007800000 -4.1900210000 0.6336920000
64981.3007800000 -4.2618440000 0.6330920000
65015.3984400000 -4.3410080000 0.6324910000
65049.5000000000 -4.4288720000 0.6318910000
65083.6015600000 -4.5275170000 0.6312920000
65117.8007800000 -4.6402280000 0.6306920000
65152.0000000000 -4.7711980000 0.6300920000
65186.3007800000 -4.9278370000 0.6294920000
65220.6015600000 -5.1217410000 0.6288930000
65254.8984400000 -5.3759160000 0.6282940000
65289.3007800000 -5.7463680000 0.6276950000
65323.6992200000 -6.4319360000 0.6270960000
65358.1015600000 -7.5392690000 3.2729210000
65392.6015600000 -6.0651180000 3.2703190000
65423.0507800000 -5.6010270000 3.2680230000
65427.1015600000 -5.5546760000 3.2677180000
65461.6015600000 -5.2372310000 3.2651210000
65496.1992200000 -5.0053260000 3.2625180000
65530.8007800000 -4.8226870000 3.2599180000
65565.5000000000 -4.6714970000 3.2573130000
65600.2031300000 -4.5426850000 3.2547100000
65634.8984400000 -4.4304860000 3.2521110000
65669.7031300000 -4.3307150000 3.2495060000
65704.5000000000 -4.2411310000 3.2469040000
65739.2968800000 -4.1598070000 3.2443040000
65774.2031300000 -4.0851100000 3.2417000000
65809.1015600000 -4.0162140000 3.2390980000
65844.0000000000 -3.9522830000 3.2364990000
65879.0000000000 -3.8924640000 3.2338950000
65914.1015600000 -3.8362310000 3.2312860000
65949.1015600000 -3.7834630000 3.2286870000
65984.2031300000 -3.7334970000 3.2260840000
66019.3984400000 -3.6860180000 3.2234750000
66054.5000000000 -3.6410480000 3.2208770000
66089.7031300000 -3.5980730000 3.2182730000
66125.0000000000 -3.5569510000 3.2156660000
66160.2968800000 -3.5176120000 3.2130610000
66195.6015600000 -3.4798910000 3.2104570000
66231.0000000000 -3.4435800000 3.2078500000
66266.3984400000 -3.4086670000 3.2052460000
66301.7968800000 -3.3750340000 3.2026430000
66337.2968800000 -3.3425060000 3.2000370000
66372.7968800000 -3.3110950000 3.1974330000
66408.2968800000 -3.2807250000 3.1948310000
66443.8984400000 -3.2512420000 3.1922240000
66479.5000000000 -3.2226810000 3.1896200000
66515.2031300000 -3.1949000000 3.1870120000
66550.8984400000 -3.1679440000 3.1844070000
66586.7031300000 -3.1416710000 3.1817960000
66622.3984400000 -3.1162020000 3.1791960000
66658.2031300000 -3.0913440000 3.1765910000
66694.1015600000 -3.0670760000 3.1739820000
66702.2343800000 -3.0616650000 3.1733910000
66730.0000000000 -3.0434240000 3.1713740000
66765.8984400000 -3.0203660000 3.1687710000
66801.8984400000 -2.9978080000 3.1661620000
66837.8984400000 -2.9757810000 3.1635560000
66874.0000000000 -2.9542070000 3.1609450000
66910.1015600000 -2.9331230000 3.1583370000
66946.2031300000 -2.9125080000 3.1557310000
66982.3984400000 -2.8922900000 3.1531220000
67018.6015600000 -2.8724990000 3.1505140000
67054.7968800000 -2.8531240000 3.1479100000
67091.1015600000 -2.8340850000 3.1453010000
67127.3984400000 -2.8154370000 3.1426950000
67163.7968800000 -2.7971010000 3.1400840000
67200.2031300000 -2.7791160000 3.1374750000
67236.6015600000 -2.7614760000 3.1348700000
67273.1015600000 -2.7441160000 3.1322610000
67309.6015600000 -2.7270750000 3.1296530000
67346.2031300000 -2.7102910000 3.1270410000
67382.7968800000 -2.6938110000 3.1244330000
67419.3984400000 -2.6776140000 3.1218270000
67456.1015600000 -2.6616480000 3.1192160000
67492.7968800000 -2.6459550000 3.1166090000
67529.6015600000 -2.6304760000 3.1139960000
67566.3984400000 -2.6152540000 3.1113870000
67603.2031300000 -2.6002730000 3.1087800000
67640.1015600000 -2.5854930000 3.1061690000
67677.0000000000 -2.5709410000 3.1035600000
67714.0000000000 -2.5565770000 3.1009480000
67751.0000000000 -2.5424290000 3.0983380000
67788.1015600000 -2.5284560000 3.0957240000
67825.1015600000 -2.5147250000 3.0931190000
67862.2968800000 -2.5011250000 3.0905030000
67899.3984400000 -2.4877540000 3.0878970000
67936.6015600000 -2.4745370000 3.0852870000
67973.8984400000 -2.4614710000 3.0826720000
68006.4296900000 -2.4502230000 3.0803940000
68011.2031300000 -2.4485860000 3.0800600000
68048.5000000000 -2.4358770000 3.0774510000
68085.8984400000 -2.4233070000 3.0748380000
68123.2968800000 -2.4109040000 3.0722280000
68160.7031300000 -2.3986630000 3.0696190000
68198.2031300000 -2.3865510000 3.0670080000
68235.7031300000 -2.3745960000 3.0643990000
68273.2968800000 -2.3627620000 3.0617850000
68310.8984400000 -2.3510770000 3.0591750000
68348.6015600000 -2.3395050000 3.0565600000
68386.2968800000 -2.3280780000 3.0539480000
68424.0000000000 -2.3167880000 3.0513380000
68461.7968800000 -2.3056060000 3.0487250000
68499.6015600000 -2.2945550000 3.0461140000
68537.5000000000 -2.2836010000 3.0435000000
68575.3984400000 -2.2728650000 3.0408880000
68613.3984400000 -2.2620940000 3.0382720000
68651.3984400000 -2.2514920000 3.0356590000
68689.3984400000 -2.2410130000 3.0330490000
68727.5000000000 -2.2306270000 3.0304340000
68765.6015600000 -2.2203560000 3.0278220000
68803.7031300000 -2.2102000000 3.0252130000
68841.8984400000 -2.2001310000 3.0226010000
68880.2031300000 -2.1901420000 3.0199840000
68918.5000000000 -2.1802620000 3.0173700000
68956.7968800000 -2.1704900000 3.0147590000
68995.2031300000 -2.1607920000 3.0121430000
69033.6015600000 -2.1511990000 3.0095310000
69072.1015600000 -2.1416800000 3.0069150000
69110.6015600000 -2.1322580000 3.0043010000
69149.1015600000 -2.1229340000 3.0016900000
69187.7031300000 -2.1136790000 2.9990750000
69226.2968800000 -2.1045210000 2.9964640000
69265.0000000000 -2.0954280000 2.9938480000
69303.7031300000 -2.0864250000 2.9912350000
69336.1250000000 -2.0789500000 2.9890480000
69342.5000000000 -2.0774890000 2.9886190000
69381.2968800000 -2.0686400000 2.9860050000
69420.1015600000 -2.0598740000 2.9833930000
69459.0000000000 -2.0511730000 2.9807790000
69498.0000000000 -2.0425320000 2.9781600000
69536.8984400000 -2.0339960000 2.9755510000
69576.0000000000 -2.0254960000 2.9729310000
69615.0000000000 -2.0170960000 2.9703210000
69654.1015600000 -2.0087530000 2.9677060000
69693.2968800000 -2.0004660000 2.9650890000
69732.5000000000 -1.9922550000 2.9624740000
69771.7031300000 -1.9841170000 2.9598610000
69811.0000000000 -1.9760350000 2.9572460000
69850.2968800000 -1.9680240000 2.9546330000
69889.7031300000 -1.9600620000 2.9520160000
69929.1015600000 -1.9521730000 2.9494020000
69968.6015600000 -1.9443320000 2.9467840000
70008.1015600000 -1.9365610000 2.9441690000
70047.7031300000 -1.9288360000 2.9415500000
70087.2031300000 -1.9211990000 2.9389420000
70126.8984400000 -1.9135890000 2.9363230000
70166.6015600000 -1.9060430000 2.9337060000
70206.2968800000 -1.8985620000 2.9310930000
70246.1015600000 -1.8911240000 2.9284760000
70285.8984400000 -1.8837500000 2.9258620000
70325.7968800000 -1.8764170000 2.9232440000
70365.7031300000 -1.8691450000 2.9206290000
70405.6015600000 -1.8619330000 2.9180170000
70445.7031300000 -1.8547450000 2.9153940000
70691.8203100000 -1.8118770000 2.8993650000
72074.0234400000 -1.6044520000 2.8113540000
73483.2500000000 -1.4362930000 2.7250250000
74920.0312500000 -1.2963350000 2.6403850000
76384.9062500000 -1.1779320000 2.5574410000
77878.4218800000 -1.0769020000 2.4761960000
79401.1406300000 -0.9907470000 2.3966530000
80953.6328100000 -0.9155680000 2.3207690000
82536.4765600000 -0.8483920000 2.2482240000
84150.2734400000 -0.7890030000 2.1778170000
85795.6250000000 -0.7360400000 2.1094620000
87473.1406300000 -0.6891200000 2.0430840000
89183.4609400000 -0.6473230000 1.9786470000
90927.2187500000 -0.6100540000 1.9161000000
92705.0781300000 -0.5768090000 1.8553920000
94517.6953100000 -0.5471570000 1.7964740000
96365.7500000000 -0.5207300000 1.7392960000
98249.9453100000 -0.4972070000 1.6838120000
100170.9766000000 -0.4763070000 1.6299760000
102129.5703000000 -0.4577850000 1.5777420000
104126.4609000000 -0.4414220000 1.5270660000
106162.3906000000 -0.4270250000 1.4779060000
108238.1328000000 -0.4144200000 1.4302210000
110354.4609000000 -0.4034520000 1.3839690000
112512.1641000000 -0.3939810000 1.3391100000
114712.0547000000 -0.3858800000 1.2956070000
116954.9688000000 -0.3790350000 1.2534210000
119241.7266000000 -0.3733420000 1.2125160000
121573.2031000000 -0.3687060000 1.1728560000
123950.2656000000 -0.3650410000 1.1344060000
126373.8047000000 -0.3622660000 1.0971320000
128844.7266000000 -0.3603100000 1.0610010000
131363.9688000000 -0.3631080000 1.0260910000
133932.4531000000 -0.3626520000 0.9925830000
136551.1719000000 -0.3627930000 0.9601290000
139221.0938000000 -0.3634790000 0.9287000000
141943.2188000000 -0.3646610000 0.8982630000
144718.5625000000 -0.3662970000 0.8687880000
147548.1719000000 -0.3683440000 0.8402470000
150433.1094000000 -0.3707660000 0.8126100000
153374.4531000000 -0.3735280000 0.7858500000
156373.2969000000 -0.3765980000 0.7599410000
159430.7969000000 -0.3799450000 0.7348550000
162548.0625000000 -0.3835430000 0.7105690000
165726.2813000000 -0.3873650000 0.6870570000
168966.6406000000 -0.3913880000 0.6642960000
172270.3750000000 -0.3955900000 0.6422620000
175638.6875000000 -0.3999510000 0.6209330000
179072.8594000000 -0.4044520000 0.6002880000
182574.1875000000 -0.4090750000 0.5803050000
186143.9688000000 -0.4138050000 0.5609640000
189783.5469000000 -0.4186250000 0.5422450000
193494.2969000000 -0.4235230000 0.5241290000
197277.5938000000 -0.4284850000 0.5065970000
201134.8594000000 -0.4334990000 0.4896310000
205067.5469000000 -0.4385540000 0.4732130000
209077.1406000000 -0.4436410000 0.4573270000
213165.1250000000 -0.4487500000 0.4419550000
217333.0313000000 -0.4538710000 0.4270820000
221582.4375000000 -0.4589970000 0.4126920000
225914.9219000000 -0.4641210000 0.3987700000
230332.1250000000 -0.4692350000 0.3853010000
234835.7031000000 -0.4743340000 0.3722720000
239427.3281000000 -0.4794120000 0.3596670000
244108.7344000000 -0.4844610000 0.3474750000
248881.6719000000 -0.4894810000 0.3356820000
253747.9219000000 -0.4944630000 0.3242750000
258709.3281000000 -0.4994060000 0.3132420000
263767.7500000000 -0.5043050000 0.3025710000
268925.0625000000 -0.5091570000 0.2922520000
274183.2188000000 -0.5139590000 0.2822720000
279544.1875000000 -0.5187080000 0.2726220000
285010.0000000000 -0.5298340000 0.2634140000
290582.6563000000 -0.5344410000 0.2547630000
296264.2500000000 -0.5389700000 0.2464030000
302056.9688000000 -0.5434210000 0.2383240000
307962.9375000000 -0.5477940000 0.2305170000
313984.3750000000 -0.5520870000 0.2229730000
320123.5625000000 -0.5563010000 0.2156820000
326382.7813000000 -0.5604350000 0.2086350000
332764.3750000000 -0.5644890000 0.2018250000
339270.7500000000 -0.5684640000 0.1952430000
345904.3438000000 -0.5723600000 0.1888810000
352667.6563000000 -0.5761760000 0.1827320000
359563.1875000000 -0.5799140000 0.1767890000
366593.5625000000 -0.5835740000 0.1710440000
373761.3750000000 -0.5871570000 0.1654920000
381069.3438000000 -0.5906630000 0.1601240000
388520.2188000000 -0.5940920000 0.1549350000
396116.7500000000 -0.5974470000 0.1499190000
403861.8125000000 -0.6007270000 0.1450700000
411758.3438000000 -0.6039330000 0.1403820000
419809.2500000000 -0.6070670000 0.1358500000
428017.5625000000 -0.6101290000 0.1314690000
436386.3750000000 -0.6131200000 0.1272320000
444918.8125000000 -0.6160410000 0.1231370000
453618.0938000000 -0.6188940000 0.1191760000
462487.4688000000 -0.6216800000 0.1153470000
471530.2500000000 -0.6243990000 0.1116450000
480749.8438000000 -0.6270530000 0.1080650000
490149.7188000000 -0.6296420000 0.1046030000
499733.3750000000 -0.6321680000 0.1012560000
509504.4063000000 -0.6346330000 0.0980180000
519466.5000000000 -0.6370360000 0.0948880000
529623.3750000000 -0.6393800000 0.0918600000
539978.8125000000 -0.6416650000 0.0889320000
550536.7500000000 -0.6438930000 0.0861010000
561301.1250000000 -0.6460640000 0.0833620000
572276.0000000000 -0.6481810000 0.0807130000
583465.4375000000 -0.6502430000 0.0781510000
594873.6250000000 -0.6522520000 0.0756730000
606504.8750000000 -0.6542090000 0.0732760000
618363.5625000000 -0.6561160000 0.0709570000
630454.1250000000 -0.6579730000 0.0687140000
642781.1250000000 -0.6597820000 0.0665450000
655349.0625000000 -0.6615420000 0.0644460000
668162.8125000000 -0.6632570000 0.0624160000
681227.0625000000 -0.6649260000 0.0604510000
694546.7500000000 -0.6665510000 0.0585510000
