30.0000000000 -89.7141270000 6.2707700000
30.5865750000 -90.2808840000 7.0150600000
31.1846200000 -90.8359220000 7.8351300000
31.7943570000 -91.3713150000 8.7335180000
32.4160160000 -91.8786240000 9.7120580000
33.0498310000 -92.3489300000 0.7717910000
33.6960370000 -92.7728270000 1.9127830000
34.3548770000 -93.1405330000 3.1340750000
35.0266040000 -93.4419860000 4.4335440000
35.7114600000 -93.6669460000 5.8077920000
36.4097100000 -93.8051990000 7.2521080000
37.1216090000 -93.8466800000 8.7603820000
37.8474310000 -93.7817080000 0.3251060000
38.5874440000 -93.6011350000 1.9373510000
39.3419230000 -93.2966080000 3.5867860000
40.1111560000 -92.8607330000 5.2617860000
40.8954320000 -92.2872920000 6.9494690000
41.6950380000 -91.5715790000 8.6358660000
42.5102810000 -90.7101750000 0.3061100000
43.3414650000 -89.7016530000 1.9445460000
44.1888960000 -88.5463560000 3.5350340000
45.0529020000 -87.2464520000 5.0611990000
45.9338000000 -85.8065030000 6.5066380000
46.8319210000 -84.2327190000 7.8552630000
47.7476010000 -82.5335620000 9.0915680000
48.6811870000 -80.7194140000 0.2009280000
49.6330260000 -78.8025440000 1.1698650000
50.6034740000 -76.7968980000 1.9863430000
51.5928990000 -74.7179640000 2.6399990000
52.6016690000 -72.5825120000 3.1223530000
53.6301650000 -70.4083250000 3.4269940000
54.6787680000 -68.2139430000 3.5497250000
55.7478750000 -66.0183030000 3.4886470000
56.8378870000 -63.8404500000 3.2442050000
57.9492070000 -61.6944810000 2.8189660000
59.0822600000 -59.6081350000 2.2182080000
60.2374690000 -57.5941310000 1.4492190000
61.4152600000 -55.6687970000 0.5212900000
62.6160810000 -53.8470270000 9.4455720000
63.8403850000 -52.1421320000 8.2348210000
65.0886230000 -50.5656170000 6.9031720000
66.3612670000 -49.1270600000 5.4658510000
67.6587980000 -47.8339920000 3.9388540000
68.9816970000 -46.6919060000 2.3387150000
70.3304600000 -45.7042080000 0.6821560000
71.7055970000 -44.8722840000 8.9857830000
73.1076200000 -44.1956060000 7.2658750000
74.5370640000 -43.6718600000 5.5380880000
75.9944460000 -43.2971230000 3.8172380000
77.4803310000 -43.0660820000 2.1170980000
78.9952620000 -42.9722750000 0.4502620000
80.5398180000 -43.0083850000 8.8279930000
82.1145710000 -43.1665800000 7.2601380000
83.7201160000 -43.4389110000 5.7550900000
85.3570560000 -43.8178290000 4.3197640000
87.0260010000 -44.2968940000 2.9595990000
88.7275770000 -44.8718990000 1.6786090000
90.4624250000 -45.5428280000 0.4794550000
92.2311940000 -46.3178290000 9.3635230000
94.0345380000 -47.2199210000 0.1230510000
95.8731540000 -47.2967260000 9.0914680000
97.7477110000 -53.3305440000 8.1695630000
99.6589200000 -53.5169410000 7.5901410000
101.6075060000 -53.7706910000 7.0560560000
103.5941850000 -54.0695800000 6.5654290000
105.6197130000 -54.4015770000 6.1161200000
107.6848450000 -58.5081210000 5.8684930000
109.7903520000 -58.6466900000 5.6702550000
111.9370270000 -58.8135030000 5.4812160000
114.1256790000 -59.0143390000 5.3008870000
116.3571170000 -59.2881970000 5.1289850000
118.6321950000 -59.4973450000 6.2618880000
120.9517520000 -59.2327230000 6.0276790000
123.3166580000 -59.1539310000 5.8062510000
125.7278060000 -59.1533470000 5.5967760000
128.1860960000 -59.1997150000 5.3984870000
130.6924590000 -59.2794490000 5.2106790000
133.2478330000 -59.3855630000 5.0326970000
135.8531490000 -59.5142210000 4.8639380000
138.5094300000 -59.6634480000 4.7038400000
141.2176360000 -59.8325500000 4.5518830000
143.9787900000 -60.0219270000 4.4075850000
146.7939300000 -60.2331090000 4.2704970000
149.6641240000 -60.4690780000 4.1402050000
152.5904390000 -60.7349740000 4.0163210000
155.5739590000 -61.0396310000 3.8984850000
158.6158140000 -61.4643400000 4.0625010000
161.7171480000 -61.6969640000 4.1276870000
164.8791350000 -61.9315570000 4.3026870000
168.1029360000 -62.1395800000 4.3030120000
171.3897710000 -62.3851700000 4.3206750000
174.7408600000 -62.6532210000 4.3567880000
178.1574860000 -62.9384380000 4.4125630000
181.6409150000 -63.2382280000 4.4893050000
185.1924440000 -63.5508000000 4.5884090000
188.8134160000 -63.8748470000 4.7113440000
192.5051880000 -64.2091600000 4.8596520000
196.2691500000 -64.5525360000 5.0349260000
200.1067050000 -64.9036790000 5.2388010000
204.0192870000 -65.2611850000 5.4729310000
208.0083770000 -65.6234890000 5.7389780000
212.0754700000 -65.9888230000 6.0385800000
216.2220760000 -66.3552550000 6.3733330000
220.4497530000 -66.7205960000 6.7447610000
224.7601010000 -67.0824660000 7.1542930000
229.1547240000 -67.4382550000 7.6032240000
233.6352690000 -67.7851260000 8.0926920000
238.2034300000 -68.1200100000 8.6236420000
242.8609010000 -68.4396510000 9.1967860000
247.6094360000 -68.7405850000 9.8125880000
252.4508210000 -69.0191730000 0.4712110000
257.3868710000 -69.2716370000 1.1724960000
262.4194340000 -69.4940640000 1.9159340000
267.5503850000 -69.6409840000 2.7005610000
272.7816770000 -69.7901380000 3.5239610000
278.1152340000 -69.8971250000 4.3855260000
283.5530700000 -69.9579770000 5.2830750000
289.0972600000 -69.9687580000 6.2139930000
294.7498170000 -69.9257130000 7.1751800000
300.5129390000 -69.8252870000 8.1630920000
306.3887020000 -69.6641690000 9.1737160000
312.3793640000 -69.4394070000 0.2026140000
318.4871830000 -69.1484150000 1.2449340000
324.7143860000 -68.7890780000 2.2954080000
331.0633850000 -68.3597640000 3.3484460000
337.5364990000 -67.8594510000 4.3981230000
344.1361690000 -67.2877350000 5.4382570000
350.8648990000 -66.6449200000 6.4624710000
357.7251890000 -65.9320680000 7.4642390000
364.7196040000 -65.1510770000 8.4369370000
371.8508000000 -64.0817180000 9.3728850000
379.1213990000 -63.1666220000 0.2553830000
386.5341800000 -62.1952170000 1.0885350000
394.0918880000 -61.1738660000 1.8661040000
401.7973630000 -60.1105580000 2.5821610000
409.6535340000 -59.0154720000 3.2311290000
417.6632690000 -57.9018900000 3.8078540000
425.8296200000 -56.7878910000 4.3076970000
434.1556700000 -55.6999050000 4.7265780000
442.6445010000 -55.1088640000 6.3402400000
451.2993160000 -53.2842410000 6.6686900000
460.1233520000 -51.8863980000 6.9111250000
469.1199040000 -50.5480000000 7.9080700000
478.2923890000 -48.7997590000 8.0268170000
487.6441960000 -47.1879040000 8.0585520000
497.1788640000 -45.6329990000 8.0038990000
506.8999330000 -44.1446610000 7.8648720000
516.8110960000 -42.6722870000 7.6428640000
526.9160770000 -41.2421910000 7.3405080000
537.2185670000 -39.8583560000 6.9610980000
547.7225340000 -38.5254670000 6.5084840000
558.4318850000 -37.2485050000 5.9870340000
569.3506470000 -36.0324900000 5.4015540000
580.4828490000 -34.8824200000 4.7572560000
591.8327640000 -33.8031880000 4.0596350000
603.4046020000 -32.7997700000 3.3144530000
615.2026370000 -31.8773770000 2.5276340000
627.2313840000 -31.0418910000 1.7051960000
639.4953610000 -38.7275280000 1.2143040000
651.9990840000 -44.6284560000 0.9056490000
664.7473140000 -44.0273320000 0.7962910000
677.7447510000 -43.5120470000 0.6577190000
690.9963990000 -42.8490070000 2.3892250000
704.5070800000 -41.6205330000 2.2048150000
718.2819820000 -40.5973210000 1.9921780000
732.3261720000 -39.6657640000 1.7519870000
746.6450200000 -38.7939260000 1.4849850000
761.2437740000 -37.9698640000 1.1919940000
776.1279910000 -37.1895480000 0.8738840000
791.3032230000 -36.4537700000 0.5316030000
806.7752080000 -36.0708240000 0.5667530000
822.5496830000 -35.0393680000 0.1874490000
838.6325680000 -34.2650300000 9.7870750000
855.0299680000 -33.5541840000 9.3667680000
871.7479250000 -32.8898890000 8.9277020000
888.7927860000 -32.2684210000 8.4710830000
906.1708980000 -31.6905900000 7.9981520000
923.8888550000 -31.1606250000 7.5101720000
941.9531860000 -30.9495530000 7.5480080000
960.3707280000 -30.1135750000 7.0385020000
979.1483760000 -29.5068910000 6.5175530000
998.2931520000 -28.9706340000 5.9864750000
1017.8123170000 -28.5424820000 5.5955300000
1037.7131350000 -28.1444850000 5.2177730000
1058.0029300000 -27.7664620000 4.8392300000
1078.6895750000 -27.4063610000 4.4600110000
1099.7806400000 -27.0629180000 4.0802290000
1121.2841800000 -26.7353120000 3.7000060000
1143.2080080000 -26.4229790000 3.3194600000
1165.5606690000 -26.1317940000 2.9392010000
1188.3502200000 -25.8497810000 2.5591110000
1211.5854490000 -25.5821860000 2.1792090000
1235.2750240000 -25.3289050000 1.7996180000
1259.4277340000 -25.0898930000 1.4204650000
1284.0527340000 -24.8651540000 1.0418820000
1309.1591800000 -24.6547430000 0.6639940000
1334.7564700000 -24.4587540000 0.2869360000
1360.8542480000 -24.2773650000 9.9108390000
1387.4624020000 -24.1145100000 9.5362150000
1414.5908200000 -23.9630450000 9.1628720000
1442.2495120000 -23.8267920000 8.7909550000
1470.4492190000 -23.7060620000 8.4205970000
1499.2000730000 -23.6012270000 8.0519450000
1528.5131840000 -23.5127110000 7.6851370000
1558.3995360000 -23.4410100000 7.3203130000
1588.8701170000 -23.4086590000 6.9578510000
1619.9365230000 -23.3734110000 6.5996690000
1651.6103520000 -23.3568190000 6.2440620000
1683.9034420000 -23.3597560000 5.8911700000
1716.8280030000 -23.3832360000 5.5411240000
1750.3962400000 -23.4315780000 5.1940810000
1784.6208500000 -23.7609500000 4.8602030000
1819.5146480000 -23.8588920000 4.5338720000
1855.0908200000 -24.1828370000 4.2114970000
1891.3624270000 -24.3385180000 3.9035870000
1928.3432620000 -24.5246330000 3.5998290000
1966.0472410000 -24.7446630000 3.3002380000
2004.4884030000 -25.0029530000 3.0048250000
2043.6811520000 -25.3049870000 2.7136030000
2083.6401370000 -25.6578520000 2.4265790000
2124.3806150000 -26.0709020000 2.1437550000
2165.9174800000 -26.5568660000 1.8651370000
2208.2666020000 -27.1324920000 1.5907110000
2251.4438480000 -27.8270530000 1.3204630000
2295.4653320000 -28.6817260000 1.0544160000
2340.3474120000 -29.7696970000 0.7925620000
2386.1069340000 -31.2322880000 0.5348970000
2432.7612300000 -33.3882980000 0.2814100000
2480.3278810000 -37.1398930000 0.0320890000
2528.8244630000 -46.2699620000 9.7869230000
2578.2692870000 -149.2856450000 9.5459000000
2628.6809080000 -22.6557660000 4.7400700000
2680.0783690000 -52.9405780000 0.2946640000
2732.4804690000 -7.5820120000 3.0248410000
2785.9074710000 -9.1365630000 1.6640590000
2840.3789060000 -14.4005970000 4.3238530000
2895.9152830000 -18.7291090000 2.5167160000
2952.5378420000 -21.6457210000 4.5246730000
3010.2673340000 -21.9847090000 9.9413030000
3069.1254880000 -21.2455980000 9.0252670000
3129.1347660000 -21.2495080000 8.1363830000
3190.3171390000 -22.0293810000 2.0460970000
3252.6958010000 -18.4300560000 1.0127890000
3316.2941890000 -16.7443680000 0.0301400000
3381.1359860000 -15.5235820000 9.0928400000
3447.2456050000 -14.6087760000 8.1965070000
3514.6479490000 -13.8810750000 7.3398700000
3583.3681640000 -13.3966830000 6.5182170000
3653.4318850000 -13.2892690000 5.7336350000
3724.8657230000 -12.9184680000 6.7477380000
3797.6960450000 -11.7409200000 5.9368860000
3871.9506840000 -11.1143390000 5.1767640000
3947.6569820000 -10.8096780000 4.4647450000
4024.8435060000 -10.5328700000 4.8458540000
4103.5390630000 -9.6301850000 4.2224450000
4183.7739260000 -8.5629920000 3.5779630000
4265.5771480000 -8.0581390000 2.9305900000
4348.9794920000 -7.6269650000 2.3086530000
4434.0131840000 -7.2503480000 1.7116430000
4520.7089840000 -6.9172200000 1.1393050000
4609.1005860000 -6.6200300000 0.5915780000
4699.2197270000 -6.3530550000 0.0686610000
4791.1015630000 -6.1115450000 9.5709800000
4884.7792970000 -5.5352380000 9.0406820000
4980.2890630000 -5.3000370000 8.5136110000
5077.6660160000 -5.0865550000 7.9989300000
5176.9472660000 -4.8788410000 7.4961050000
5278.1694340000 -4.7177780000 7.0060100000
5381.3710940000 -4.5546930000 6.5284400000
5486.5903320000 -4.4137290000 6.0619960000
5593.8666990000 -4.2876060000 5.6070650000
5703.2412110000 -4.1753600000 5.1634050000
5814.7534180000 -4.0761230000 4.7307880000
5928.4467770000 -3.9891030000 4.3089720000
6044.3627930000 -3.9135840000 3.8977330000
6162.5449220000 -3.8489160000 3.4968470000
6283.0380860000 -3.7945030000 3.1060880000
6405.8872070000 -3.7635700000 2.7258580000
6531.1386720000 -3.7282870000 2.3562160000
6658.8383790000 -3.7018080000 1.9961250000
6789.0356450000 -3.6835680000 1.6453620000
6921.7783200000 -3.6731980000 1.3037210000
7057.1162110000 -3.6703670000 0.9709960000
7195.1005860000 -3.6747810000 0.6469810000
7335.7827150000 -3.6861810000 0.3314800000
7479.2158200000 -3.7171440000 0.0251150000
7625.4531250000 -3.7422410000 9.7274760000
7774.5498050000 -3.7736430000 9.4378410000
7926.5620120000 -3.8112290000 9.1560200000
8081.5458980000 -3.8581320000 8.8820100000
8239.5605470000 -3.9079740000 8.6156160000
8400.6640630000 -3.9778090000 8.3568530000
8564.9189450000 -4.0394900000 8.1052370000
8732.3837890000 -4.1207310000 7.8605950000
8903.1240230000 -4.1946550000 7.6230640000
9077.2021480000 -4.2737570000 7.3947790000
9254.6845700000 -4.3591240000 7.1729920000
9435.6367190000 -4.4510820000 6.9575320000
9620.1269530000 -4.5500580000 6.7482250000
9808.2246090000 -4.6565890000 6.5449040000
10000.0000000000 -4.7713560000 6.3474070000
10195.5253900000 -4.8952140000 6.1555750000
10394.8730500000 -5.0292420000 5.9692540000
10598.1191400000 -5.1748110000 5.7882900000
10805.3388700000 -5.3336790000 5.6125380000
11016.6103500000 -5.5081310000 5.4418560000
11232.0127000000 -5.7022150000 5.2761140000
11451.6259800000 -5.9180350000 5.1151970000
11675.5341800000 -6.1639250000 4.9589530000
11903.8203100000 -6.4450960000 4.8073280000
12136.5693400000 -6.7765520000 4.6601160000
12373.8701200000 -7.1783740000 4.5171940000
12615.8105500000 -7.6901210000 4.3784390000
12862.4814500000 -8.3973000000 4.2437480000
13113.9746100000 -9.5463130000 4.1130100000
13219.4003900000 -10.3563930000 4.0600730000
13220.7998100000 -10.3698490000 4.0593780000
13222.2002000000 -10.3834190000 4.0586820000
13223.5996100000 -10.3970690000 4.0579870000
13225.0000000000 -10.4108350000 4.0572920000
13226.4003900000 -10.4246940000 4.0565960000
13227.7998100000 -10.4386450000 4.0559020000
13229.2002000000 -10.4527190000 4.0552070000
13230.5996100000 -10.4668780000 4.0545130000
13232.0996100000 -10.4821790000 4.0537690000
13233.5000000000 -10.4965710000 4.0530750000
13234.9003900000 -10.5110830000 4.0523810000
13236.2998100000 -10.5256860000 4.0516870000
13237.7002000000 -10.5404230000 4.0509930000
13239.0996100000 -10.5552560000 4.0503010000
13240.5000000000 -10.5702270000 4.0496070000
13241.9003900000 -10.5853050000 4.0489140000
13243.4003900000 -10.6015970000 4.0481720000
13244.7998100000 -10.6169180000 4.0474800000
13246.2002000000 -10.6323840000 4.0467870000
13247.5996100000 -10.6479570000 4.0460950000
13249.0000000000 -10.6636700000 4.0454030000
13250.4003900000 -10.6795240000 4.0447110000
13251.9003900000 -10.6966500000 4.0439690000
13253.2998100000 -10.7127620000 4.0432780000
13254.7002000000 -10.7290330000 4.0425870000
13256.0996100000 -10.7454240000 4.0418960000
13257.5000000000 -10.7619700000 4.0412050000
13258.9003900000 -10.7786710000 4.0405140000
13260.4003900000 -10.7967210000 4.0397740000
13261.7998100000 -10.8137100000 4.0390840000
13263.2002000000 -10.8308640000 4.0383940000
13264.5996100000 -10.8481750000 4.0377040000
13266.0000000000 -10.8656460000 4.0370140000
13267.5000000000 -10.8845460000 4.0362750000
13268.9003900000 -10.9023570000 4.0355860000
13270.2998100000 -10.9203370000 4.0348970000
13271.7002000000 -10.9384880000 4.0342080000
13273.0996100000 -10.9568150000 4.0335190000
13274.5996100000 -10.9766510000 4.0327810000
13276.0000000000 -10.9953520000 4.0320930000
13277.4003900000 -11.0142390000 4.0314040000
13278.7998100000 -11.0333170000 4.0307160000
13280.2002000000 -11.0525880000 4.0300280000
13281.7002000000 -11.0734570000 4.0292910000
13283.0996100000 -11.0931290000 4.0286040000
13284.5000000000 -11.1130340000 4.0279160000
13285.9003900000 -11.1331370000 4.0272290000
13287.4003900000 -11.1549160000 4.0264930000
13288.7998100000 -11.1754690000 4.0258060000
13290.2002000000 -11.1962480000 4.0251200000
13291.5996100000 -11.2172420000 4.0244340000
13293.0996100000 -11.2400140000 4.0236980000
13294.5000000000 -11.2615300000 4.0230120000
13295.9003900000 -11.2832780000 4.0223260000
13297.2998100000 -11.3052630000 4.0216410000
13298.7998100000 -11.3291230000 4.0209060000
13300.2002000000 -11.3516780000 4.0202210000
13301.5996100000 -11.3744750000 4.0195360000
13303.0000000000 -11.3975780000 4.0188500000
13304.5000000000 -11.4226180000 4.0181170000
13305.9003900000 -11.4463200000 4.0174320000
13307.2998100000 -11.4702870000 4.0167480000
13308.7998100000 -11.4963270000 4.0160150000
13310.2002000000 -11.5209550000 4.0153310000
13311.5996100000 -11.5459060000 4.0146470000
13313.0000000000 -11.5711890000 4.0139640000
13314.5000000000 -11.5986590000 4.0132310000
13315.9003900000 -11.6246760000 4.0125480000
13317.2998100000 -11.6510170000 4.0118650000
13318.7998100000 -11.6796740000 4.0111340000
13320.2002000000 -11.7068130000 4.0104510000
13321.5996100000 -11.7343440000 4.0097680000
13323.0996100000 -11.7642750000 4.0090370000
13324.5000000000 -11.7926750000 4.0083550000
13325.9003900000 -11.8214870000 4.0076730000
13327.4003900000 -11.8528520000 4.0069430000
13328.7998100000 -11.8825960000 4.0062610000
13330.2002000000 -11.9128120000 4.0055790000
13331.5996100000 -11.9434940000 4.0048990000
13333.0996100000 -11.9769520000 4.0041690000
13334.5000000000 -12.0087370000 4.0034880000
13336.0000000000 -12.0433700000 4.0027590000
13337.4003900000 -12.0762700000 4.0020780000
13338.7998100000 -12.1097240000 4.0013980000
13340.2998100000 -12.1462600000 4.0006690000
13341.7002000000 -12.1810250000 3.9999890000
13343.0996100000 -12.2163850000 3.9993100000
13344.5996100000 -12.2550430000 3.9985820000
13346.0000000000 -12.2918420000 3.9979020000
13347.4003900000 -12.3293890000 3.9972230000
13348.9003900000 -12.3704300000 3.9964950000
13350.2998100000 -12.4095170000 3.9958170000
13351.7002000000 -12.4494480000 3.9951380000
13353.2002000000 -12.4931820000 3.9944110000
13354.5996100000 -12.5349200000 3.9937330000
13356.0996100000 -12.5806780000 3.9930060000
13357.5000000000 -12.6243930000 3.9923290000
13358.9003900000 -12.6691290000 3.9916510000
13360.4003900000 -12.7182560000 3.9909250000
13361.7998100000 -12.7652690000 3.9902480000
13363.2998100000 -12.8169280000 3.9895220000
13364.7002000000 -12.8664940000 3.9888450000
13366.0996100000 -12.9173070000 3.9881690000
13367.5996100000 -12.9733300000 3.9874440000
13369.0000000000 -13.0271710000 3.9867670000
13370.3857400000 -13.0819560000 3.9860980000
13370.5000000000 -13.0865130000 3.9860430000
13371.9003900000 -13.1436760000 3.9853660000
13373.4003900000 -13.2068350000 3.9846420000
13374.7998100000 -13.2676710000 3.9839670000
13376.2002000000 -13.3305410000 3.9832920000
13377.7002000000 -13.4002720000 3.9825680000
13379.0996100000 -13.4677140000 3.9818930000
13380.5996100000 -13.5427060000 3.9811700000
13382.0000000000 -13.6154320000 3.9804950000
13383.5000000000 -13.6965360000 3.9797720000
13384.9003900000 -13.7754380000 3.9790980000
13386.2998100000 -13.8577130000 3.9784240000
13387.7998100000 -13.9499530000 3.9777010000
13389.2002000000 -14.0402110000 3.9770280000
13390.7002000000 -14.1418530000 3.9763060000
13392.0996100000 -14.2417300000 3.9756330000
13393.5996100000 -14.3548940000 3.9749110000
13395.0000000000 -14.4669200000 3.9742380000
13396.5000000000 -14.5944610000 3.9735170000
13397.9003900000 -14.7217660000 3.9728440000
13399.4003900000 -14.8680610000 3.9721240000
13400.7998100000 -15.0152430000 3.9714520000
13402.2998100000 -15.1865660000 3.9707310000
13403.7002000000 -15.3613860000 3.9700600000
13405.2002000000 -15.5680430000 3.9693400000
13406.5996100000 -15.7830260000 3.9686680000
13408.0996100000 -16.0431310000 3.9679490000
13409.5000000000 -16.3223380000 3.9672780000
13411.0000000000 -16.6737540000 3.9665580000
13412.4003900000 -17.0711170000 3.9658880000
13413.9003900000 -17.6120340000 3.9651690000
13415.2998100000 -18.3023990000 3.9644990000
13416.7998100000 -19.4870510000 3.9637810000
13418.2002000000 -22.4317170000 3.9631100000
13419.7002000000 -20.4725700000 0.1267010000
13421.0996100000 -18.8608040000 0.1249080000
13422.5996100000 -17.9364220000 0.1229880000
13424.0000000000 -17.3458690000 0.1211950000
13425.5000000000 -16.8631800000 0.1192750000
13426.9003900000 -16.4990100000 0.1174820000
13428.4003900000 -16.1717510000 0.1155640000
13429.7998100000 -15.9084160000 0.1137730000
13431.2998100000 -15.6604080000 0.1118560000
13432.7998100000 -15.4401540000 0.1099390000
13434.2002000000 -15.2543370000 0.1081490000
13435.7002000000 -15.0729510000 0.1062320000
13437.0996100000 -14.9175330000 0.1044450000
13438.5996100000 -14.7633770000 0.1025300000
13440.0000000000 -14.6295600000 0.1007420000
13441.5000000000 -14.4955110000 0.0988280000
13443.0000000000 -14.3699290000 0.0969140000
13444.4003900000 -14.2594000000 0.0951270000
13445.9003900000 -14.1475470000 0.0932150000
13447.2998100000 -14.0484780000 0.0914310000
13448.7998100000 -13.9475200000 0.0895190000
13450.2002000000 -13.8577020000 0.0877350000
13451.7002000000 -13.7657500000 0.0858240000
13453.2002000000 -13.6778500000 0.0839140000
13454.5996100000 -13.5992230000 0.0821330000
13456.0996100000 -13.5182210000 0.0802240000
13457.5000000000 -13.4454330000 0.0784420000
13459.0000000000 -13.3703710000 0.0765340000
13460.5000000000 -13.2979840000 0.0746270000
13461.9003900000 -13.2326740000 0.0728450000
13463.4003900000 -13.1650280000 0.0709390000
13464.9003900000 -13.0996380000 0.0690350000
13466.2998100000 -13.0404480000 0.0672560000
13467.7998100000 -12.9789110000 0.0653510000
13469.2002000000 -12.9231420000 0.0635740000
13470.7002000000 -12.8650620000 0.0616690000
13472.2002000000 -12.8086210000 0.0597660000
13473.5996100000 -12.7573810000 0.0579910000
13475.0996100000 -12.7038600000 0.0560880000
13476.5996100000 -12.6517340000 0.0541870000
13478.0000000000 -12.6042830000 0.0524130000
13479.5000000000 -12.5546580000 0.0505110000
13481.0000000000 -12.5062330000 0.0486120000
13482.4003900000 -12.4620750000 0.0468390000
13483.9003900000 -12.4158150000 0.0449390000
13485.4003900000 -12.3706030000 0.0430400000
13486.7998100000 -12.3293090000 0.0412690000
13488.2998100000 -12.2860160000 0.0393720000
13489.7998100000 -12.2436130000 0.0374760000
13491.2002000000 -12.2048090000 0.0357040000
13492.7002000000 -12.1640770000 0.0338080000
13494.2002000000 -12.1241830000 0.0319140000
13495.5996100000 -12.0876330000 0.0301450000
13497.0996100000 -12.0491960000 0.0282510000
13498.5996100000 -12.0114840000 0.0263570000
13500.0000000000 -11.9769210000 0.0245900000
13501.5000000000 -11.9405360000 0.0226960000
13503.0000000000 -11.9048020000 0.0208030000
13504.4003900000 -11.8720200000 0.0190380000
13505.9003900000 -11.8374800000 0.0171460000
13507.4003900000 -11.8035270000 0.0152560000
13508.9003900000 -11.7701420000 0.0133650000
13510.2998100000 -11.7395000000 0.0116020000
13511.7998100000 -11.7071600000 0.0097130000
13513.2998100000 -11.6753350000 0.0078250000
13514.7998100000 -11.6440090000 0.0059370000
13516.2002000000 -11.6152110000 0.0041740000
13517.7002000000 -11.5848070000 0.0022870000
13519.2002000000 -11.5548610000 0.0004010000
13520.5996100000 -11.5273310000 9.9986410000
13522.0996100000 -11.4982300000 9.9967560000
13523.5996100000 -11.4695460000 9.9948700000
13525.0996100000 -11.4412700000 9.9929860000
13526.5000000000 -11.4152370000 9.9912270000
13528.0000000000 -11.3877160000 9.9893440000
13529.5000000000 -11.3605700000 9.9874600000
13531.0000000000 -11.3337890000 9.9855780000
13532.5000000000 -11.3073630000 9.9836960000
13533.9003900000 -11.2830140000 9.9819400000
13535.4003900000 -11.2572500000 9.9800590000
13536.9003900000 -11.2318150000 9.9781780000
13538.4003900000 -11.2067020000 9.9762980000
13539.7998100000 -11.1835630000 9.9745450000
13541.2998100000 -11.1590490000 9.9726670000
13542.7998100000 -11.1348330000 9.9707880000
13544.2998100000 -11.1109090000 9.9689100000
13545.7998100000 -11.0872710000 9.9670330000
13547.2002000000 -11.0654600000 9.9652810000
13548.7002000000 -11.0423540000 9.9634050000
13550.2002000000 -11.0195130000 9.9615290000
13551.7002000000 -10.9969330000 9.9596540000
13553.2002000000 -10.9746210000 9.9577800000
13554.5996100000 -10.9540100000 9.9560310000
13556.0996100000 -10.9321600000 9.9541570000
13557.5996100000 -10.9105490000 9.9522840000
13559.0996100000 -10.8891850000 9.9504130000
13560.5996100000 -10.8680360000 9.9485410000
13562.0996100000 -10.8471110000 9.9466690000
13563.5000000000 -10.8277670000 9.9449210000
13565.0000000000 -10.8072760000 9.9430510000
13566.5000000000 -10.7869820000 9.9411820000
13568.0000000000 -10.7668930000 9.9393120000
13569.5000000000 -10.7470080000 9.9374430000
13571.0000000000 -10.7273220000 9.9355750000
13572.5000000000 -10.7078290000 9.9337060000
13573.9003900000 -10.6898120000 9.9319640000
13575.4003900000 -10.6706860000 9.9300970000
13576.9003900000 -10.6517440000 9.9282300000
13578.4003900000 -10.6329820000 9.9263640000
13579.9003900000 -10.6143990000 9.9244990000
13581.4003900000 -10.5960010000 9.9226350000
13582.9003900000 -10.5777630000 9.9207710000
13584.2998100000 -10.5608930000 9.9190310000
13585.7998100000 -10.5429760000 9.9171680000
13587.2998100000 -10.5252330000 9.9153060000
13588.7998100000 -10.5076380000 9.9134440000
13590.2998100000 -10.4901990000 9.9115820000
13591.7998100000 -10.4729150000 9.9097200000
13593.2998100000 -10.4557820000 9.9078600000
13594.7998100000 -10.4387970000 9.9059990000
13596.2998100000 -10.4219590000 9.9041400000
13597.7998100000 -10.4052650000 9.9022800000
13599.2002000000 -10.3898130000 9.9005450000
13600.7002000000 -10.3733900000 9.8986870000
13602.2002000000 -10.3571050000 9.8968300000
13603.7002000000 -10.3409550000 9.8949720000
13605.2002000000 -10.3249470000 9.8931170000
13606.7002000000 -10.3090600000 9.8912600000
13608.2002000000 -10.2933030000 9.8894050000
13609.7002000000 -10.2776710000 9.8875490000
13611.2002000000 -10.2621640000 9.8856950000
13612.7002000000 -10.2467800000 9.8838420000
13614.2002000000 -10.2315170000 9.8819880000
13615.7002000000 -10.2163830000 9.8801360000
13617.2002000000 -10.2013570000 9.8782840000
13618.7002000000 -10.1864460000 9.8764310000
13620.2002000000 -10.1716490000 9.8745790000
13621.7002000000 -10.1569640000 9.8727280000
13623.2002000000 -10.1423910000 9.8708780000
13624.7002000000 -10.1279270000 9.8690280000
13631.8105500000 -10.0608120000 9.8602680000
13898.3466800000 -8.4985590000 9.5401330000
14170.0937500000 -7.7140280000 9.2295440000
14447.1543000000 -7.2614890000 8.9281260000
14729.6328100000 -7.0290370000 8.6356450000
15017.6337900000 -7.0011570000 8.3518670000
15311.2666000000 -7.2615620000 8.0765980000
15442.0996100000 -7.5516390000 7.9582760000
15444.0000000000 -7.5572810000 7.9565760000
15445.9003900000 -7.5629720000 7.9548780000
15447.7998100000 -7.5687180000 7.9531800000
15449.7998100000 -7.5748250000 7.9513930000
15451.7002000000 -7.5806870000 7.9496950000
15453.5996100000 -7.5866010000 7.9479990000
15455.5000000000 -7.5925720000 7.9463030000
15457.5000000000 -7.5989240000 7.9445180000
15459.4003900000 -7.6050140000 7.9428230000
15461.2998100000 -7.6111650000 7.9411290000
15463.2998100000 -7.6177040000 7.9393460000
15465.2002000000 -7.6239810000 7.9376520000
15467.0996100000 -7.6303150000 7.9359600000
15469.0000000000 -7.6367180000 7.9342680000
15471.0000000000 -7.6435240000 7.9324870000
15472.9003900000 -7.6500600000 7.9307950000
15474.7998100000 -7.6566580000 7.9291050000
15476.7998100000 -7.6636760000 7.9273260000
15478.7002000000 -7.6704150000 7.9256350000
15480.5996100000 -7.6772180000 7.9239480000
15482.5996100000 -7.6844580000 7.9221710000
15484.5000000000 -7.6914120000 7.9204820000
15486.4003900000 -7.6984400000 7.9187940000
15488.4003900000 -7.7059130000 7.9170180000
15490.2998100000 -7.7130890000 7.9153320000
15492.2002000000 -7.7203410000 7.9136470000
15494.2002000000 -7.7280590000 7.9118730000
15496.0996100000 -7.7354720000 7.9101890000
15498.0000000000 -7.7429690000 7.9085040000
15500.0000000000 -7.7509450000 7.9067320000
15501.9003900000 -7.7586110000 7.9050480000
15503.9003900000 -7.7667680000 7.9032770000
15505.7998100000 -7.7746060000 7.9015960000
15507.7002000000 -7.7825300000 7.8999150000
15509.7002000000 -7.7909690000 7.8981460000
15511.5996100000 -7.7990790000 7.8964650000
15513.5996100000 -7.8077160000 7.8946970000
15515.5000000000 -7.8160220000 7.8930170000
15517.4003900000 -7.8244250000 7.8913380000
15519.4003900000 -7.8333720000 7.8895720000
15521.2998100000 -7.8419690000 7.8878950000
15523.2998100000 -7.8511390000 7.8861290000
15525.2002000000 -7.8599510000 7.8844530000
15527.2002000000 -7.8693440000 7.8826890000
15529.0996100000 -7.8783770000 7.8810140000
15531.0000000000 -7.8875260000 7.8793380000
15533.0000000000 -7.8972740000 7.8775760000
15534.9003900000 -7.9066580000 7.8759010000
15536.9003900000 -7.9166580000 7.8741400000
15538.7998100000 -7.9262810000 7.8724680000
15540.7998100000 -7.9365440000 7.8707080000
15542.7002000000 -7.9464240000 7.8690360000
15544.7002000000 -7.9569670000 7.8672760000
15546.5996100000 -7.9671090000 7.8656070000
15548.5996100000 -7.9779350000 7.8638490000
15550.5000000000 -7.9883670000 7.8621790000
15552.5000000000 -7.9994960000 7.8604220000
15554.4003900000 -8.0102210000 7.8587530000
15556.4003900000 -8.0216660000 7.8569970000
15558.2998100000 -8.0326940000 7.8553300000
15560.2998100000 -8.0444710000 7.8535760000
15562.2002000000 -8.0558290000 7.8519090000
15564.2002000000 -8.0679560000 7.8501560000
15566.0996100000 -8.0796420000 7.8484920000
15568.0996100000 -8.0921440000 7.8467390000
15570.0996100000 -8.1048360000 7.8449870000
15572.0000000000 -8.1170790000 7.8433240000
15574.0000000000 -8.1301770000 7.8415730000
15575.9003900000 -8.1428100000 7.8399110000
15577.9003900000 -8.1563230000 7.8381610000
15579.7998100000 -8.1693690000 7.8365000000
15581.7998100000 -8.1833300000 7.8347520000
15583.7998100000 -8.1975290000 7.8330040000
15585.7002000000 -8.2112540000 7.8313440000
15587.7002000000 -8.2259430000 7.8295970000
15589.5996100000 -8.2401400000 7.8279390000
15591.5996100000 -8.2553490000 7.8261930000
15593.5996100000 -8.2708380000 7.8244490000
15595.5000000000 -8.2858280000 7.8227910000
15597.5000000000 -8.3018900000 7.8210470000
15599.4003900000 -8.3174430000 7.8193910000
15601.4003900000 -8.3341200000 7.8176480000
15603.4003900000 -8.3511280000 7.8159060000
15605.2998100000 -8.3676030000 7.8142520000
15607.2998100000 -8.3852940000 7.8125110000
15609.2998100000 -8.4033550000 7.8107710000
15610.6396500000 -8.4156690000 7.8096050000
15611.2002000000 -8.4208760000 7.8091170000
15613.2002000000 -8.4397000000 7.8073780000
15615.2002000000 -8.4589410000 7.8056400000
15617.0996100000 -8.4776180000 7.8039890000
15619.0996100000 -8.4977200000 7.8022510000
15621.0996100000 -8.5182910000 7.8005150000
15623.0000000000 -8.5382970000 7.7988640000
15625.0000000000 -8.5598470000 7.7971290000
15627.0000000000 -8.5819330000 7.7953930000
15628.9003900000 -8.6034440000 7.7937450000
15630.9003900000 -8.6266520000 7.7920110000
15632.9003900000 -8.6504760000 7.7902770000
15634.7998100000 -8.6737100000 7.7886310000
15636.7998100000 -8.6988330000 7.7868990000
15638.7998100000 -8.7246750000 7.7851670000
15640.7998100000 -8.7512770000 7.7834360000
15642.7002000000 -8.7773030000 7.7817910000
15644.7002000000 -8.8055140000 7.7800610000
15646.7002000000 -8.8346250000 7.7783310000
15648.7002000000 -8.8646930000 7.7766020000
15650.5996100000 -8.8941970000 7.7749610000
15652.5996100000 -8.9263130000 7.7732320000
15654.5996100000 -8.9595880000 7.7715050000
15656.5996100000 -8.9941220000 7.7697780000
15658.5000000000 -9.0281440000 7.7681380000
15660.5000000000 -9.0653590000 7.7664120000
15662.5000000000 -9.1041400000 7.7646870000
15664.5000000000 -9.1445810000 7.7629620000
15666.5000000000 -9.1868470000 7.7612380000
15668.4003900000 -9.2288600000 7.7596000000
15670.4003900000 -9.2751870000 7.7578770000
15672.4003900000 -9.3239080000 7.7561550000
15674.4003900000 -9.3752740000 7.7544330000
15676.4003900000 -9.4295830000 7.7527120000
15678.2998100000 -9.4842140000 7.7510780000
15680.2998100000 -9.5453250000 7.7493580000
15682.2998100000 -9.6106160000 7.7476380000
15684.2998100000 -9.6806870000 7.7459200000
15686.2998100000 -9.7563200000 7.7442000000
15688.2998100000 -9.8383720000 7.7424830000
15690.2002000000 -9.9233690000 7.7408510000
15692.2002000000 -10.0217940000 7.7391340000
15694.2002000000 -10.1313140000 7.7374180000
15696.2002000000 -10.2547860000 7.7357030000
15698.2002000000 -10.3962410000 7.7339870000
15700.2002000000 -10.5617670000 7.7322730000
15702.2002000000 -10.7611710000 7.7305590000
15704.2002000000 -11.0118380000 7.7288460000
15706.0996100000 -11.3293630000 7.7272190000
15708.0996100000 -11.8335450000 7.7255070000
15710.0996100000 -12.9188060000 7.7237950000
15712.0996100000 -12.9315940000 0.8398640000
15714.0996100000 -11.8392110000 0.8375500000
15716.0996100000 -11.3306140000 0.8352370000
15718.0996100000 -10.9951870000 0.8329250000
15720.0996100000 -10.7443550000 0.8306130000
15722.0996100000 -10.5438430000 0.8283030000
15724.0996100000 -10.3767400000 0.8259930000
15726.0996100000 -10.2333870000 0.8236830000
15728.0996100000 -10.1079410000 0.8213740000
15730.0996100000 -9.9963570000 0.8190670000
15732.0996100000 -9.8958580000 0.8167600000
15734.0996100000 -9.8044260000 0.8144530000
15736.0996100000 -9.7205520000 0.8121480000
15738.0000000000 -9.6467790000 0.8099580000
15740.0000000000 -9.5745270000 0.8076530000
15742.0000000000 -9.5070600000 0.8053500000
15744.0000000000 -9.4437480000 0.8030460000
15746.0000000000 -9.3841620000 0.8007450000
15748.0000000000 -9.3278560000 0.7984440000
15750.0000000000 -9.2744880000 0.7961440000
15752.0000000000 -9.2237640000 0.7938430000
15754.0000000000 -9.1754320000 0.7915450000
15756.0000000000 -9.1292740000 0.7892470000
15758.0996100000 -9.0829420000 0.7868340000
15760.0996100000 -9.0406800000 0.7845370000
15762.0996100000 -9.0000880000 0.7822410000
15764.0996100000 -8.9610200000 0.7799440000
15766.0996100000 -8.9233980000 0.7776500000
15768.0996100000 -8.8871050000 0.7753560000
15770.0996100000 -8.8520470000 0.7730640000
15772.0996100000 -8.8181450000 0.7707710000
15774.0996100000 -8.7853230000 0.7684790000
15776.0996100000 -8.7535150000 0.7661890000
15778.0996100000 -8.7226470000 0.7638980000
15780.0996100000 -8.6926900000 0.7616080000
15782.0996100000 -8.6635810000 0.7593190000
15784.0996100000 -8.6352720000 0.7570310000
15786.0996100000 -8.6077200000 0.7547450000
15788.2002000000 -8.5795500000 0.7523420000
15790.2002000000 -8.5534330000 0.7500560000
15792.2002000000 -8.5279640000 0.7477710000
15794.2002000000 -8.5031100000 0.7454870000
15796.2002000000 -8.4788430000 0.7432030000
15798.2002000000 -8.4551260000 0.7409190000
15800.2002000000 -8.4319550000 0.7386370000
15802.2002000000 -8.4092960000 0.7363560000
15804.2998100000 -8.3860420000 0.7339620000
15806.2998100000 -8.3643550000 0.7316810000
15808.2998100000 -8.3431300000 0.7294020000
15810.2998100000 -8.3223370000 0.7271230000
15812.2998100000 -8.3019580000 0.7248460000
15814.2998100000 -8.2819800000 0.7225690000
15816.2998100000 -8.2623850000 0.7202920000
15818.4003900000 -8.2421990000 0.7179020000
15820.4003900000 -8.2233500000 0.7156270000
15822.4003900000 -8.2048440000 0.7133530000
15824.4003900000 -8.1866700000 0.7110800000
15826.4003900000 -8.1688100000 0.7088060000
15828.5000000000 -8.1504050000 0.7064210000
15830.5000000000 -8.1331770000 0.7041500000
15832.5000000000 -8.1162310000 0.7018790000
15834.5000000000 -8.0995740000 0.6996090000
15836.5000000000 -8.0831900000 0.6973390000
15838.5996100000 -8.0662770000 0.6949590000
15840.5996100000 -8.0504160000 0.6926900000
15842.5996100000 -8.0348120000 0.6904230000
15844.5996100000 -8.0194490000 0.6881570000
15846.7002000000 -8.0035620000 0.6857770000
15848.7002000000 -7.9886720000 0.6835130000
15850.7002000000 -7.9740030000 0.6812490000
15852.7002000000 -7.9595490000 0.6789860000
15854.7998100000 -7.9445970000 0.6766090000
15856.7998100000 -7.9305670000 0.6743480000
15858.7998100000 -7.9167360000 0.6720870000
15860.9003900000 -7.9024200000 0.6697130000
15862.9003900000 -7.8889730000 0.6674530000
15864.9003900000 -7.8757170000 0.6651940000
15866.9003900000 -7.8626400000 0.6629350000
15869.0000000000 -7.8490970000 0.6605640000
15871.0000000000 -7.8363740000 0.6583080000
15873.0000000000 -7.8238190000 0.6560530000
15875.0996100000 -7.8108160000 0.6536850000
15877.0996100000 -7.7985850000 0.6514290000
15879.0996100000 -7.7865160000 0.6491760000
15881.2002000000 -7.7740060000 0.6468100000
15883.2002000000 -7.7622400000 0.6445560000
15885.2002000000 -7.7506260000 0.6423040000
15887.2998100000 -7.7385890000 0.6399420000
15889.2998100000 -7.7272640000 0.6376910000
15891.4003900000 -7.7155140000 0.6353280000
15893.4003900000 -7.7044670000 0.6330800000
15895.4003900000 -7.6935520000 0.6308320000
15897.5000000000 -7.6822280000 0.6284720000
15899.5000000000 -7.6715740000 0.6262250000
15901.5000000000 -7.6610440000 0.6239800000
15903.5996100000 -7.6501170000 0.6216220000
15905.5996100000 -7.6398340000 0.6193780000
15907.7002000000 -7.6291570000 0.6170210000
15909.7002000000 -7.6191120000 0.6147780000
15911.7002000000 -7.6091800000 0.6125350000
15913.7998100000 -7.5988700000 0.6101820000
15915.7998100000 -7.5891630000 0.6079410000
15915.8671900000 -7.5888410000 0.6078660000
15917.9003900000 -7.5790860000 0.6055880000
15919.9003900000 -7.5695980000 0.6033490000
15922.0000000000 -7.5597450000 0.6009980000
15924.0000000000 -7.5504670000 0.5987610000
15926.0996100000 -7.5408330000 0.5964110000
15928.0996100000 -7.5317590000 0.5941740000
15930.0996100000 -7.5227830000 0.5919390000
15932.2002000000 -7.5134550000 0.5895910000
15934.2002000000 -7.5046730000 0.5873570000
15936.2998100000 -7.4955520000 0.5850110000
15938.2998100000 -7.4869590000 0.5827780000
15940.4003900000 -7.4780320000 0.5804340000
15942.4003900000 -7.4696230000 0.5782030000
15944.5000000000 -7.4608860000 0.5758600000
15946.5000000000 -7.4526540000 0.5736300000
15948.5996100000 -7.4441020000 0.5712890000
15950.5996100000 -7.4360440000 0.5690610000
15952.7002000000 -7.4276680000 0.5667200000
15954.7002000000 -7.4197780000 0.5644930000
15956.7998100000 -7.4115850000 0.5621570000
15958.9003900000 -7.4034710000 0.5598180000
15960.9003900000 -7.3958290000 0.5575930000
15963.0000000000 -7.3878880000 0.5552580000
15965.0000000000 -7.3804040000 0.5530340000
15967.0996100000 -7.3726300000 0.5507010000
15969.0996100000 -7.3652970000 0.5484780000
15971.2002000000 -7.3576810000 0.5461450000
15973.2002000000 -7.3505030000 0.5439240000
15975.2998100000 -7.3430430000 0.5415940000
15977.4003900000 -7.3356590000 0.5392620000
15979.4003900000 -7.3287030000 0.5370440000
15981.5000000000 -7.3214780000 0.5347160000
15983.5000000000 -7.3146650000 0.5324980000
15985.5996100000 -7.3075850000 0.5301710000
15987.7002000000 -7.3005770000 0.5278430000
15989.7002000000 -7.2939750000 0.5256290000
15991.7998100000 -7.2871180000 0.5233050000
15993.9003900000 -7.2803280000 0.5209790000
15995.9003900000 -7.2739320000 0.5187660000
15998.0000000000 -7.2672860000 0.5164440000
16083.0996100000 -7.0580630000 0.4230250000
16085.2002000000 -7.0540110000 0.4207360000
16087.2002000000 -7.0502060000 0.4185560000
16089.2998100000 -7.0462680000 0.4162680000
16091.4003900000 -7.0423880000 0.4139810000
16093.5000000000 -7.0385660000 0.4116950000
16095.5996100000 -7.0348020000 0.4094100000
16097.7002000000 -7.0310960000 0.4071250000
16099.7998100000 -7.0274490000 0.4048410000
16101.9003900000 -7.0238600000 0.4025580000
16104.0000000000 -7.0203290000 0.4002760000
16106.0000000000 -7.0170180000 0.3981030000
16108.0996100000 -7.0136040000 0.3958230000
16110.2002000000 -7.0102420000 0.3935410000
16112.2998100000 -7.0069450000 0.3912640000
16114.4003900000 -7.0037010000 0.3889830000
16116.5000000000 -7.0005190000 0.3867050000
16118.5996100000 -6.9973990000 0.3844300000
16120.7002000000 -6.9943320000 0.3821520000
16122.7998100000 -6.9913310000 0.3798780000
16124.9003900000 -6.9883840000 0.3776010000
16127.0000000000 -6.9854990000 0.3753270000
16129.0996100000 -6.9826780000 0.3730550000
16131.2002000000 -6.9799120000 0.3707810000
16133.2998100000 -6.9772110000 0.3685110000
16135.4003900000 -6.9745670000 0.3662380000
16137.5000000000 -6.9719870000 0.3639670000
16139.5996100000 -6.9694710000 0.3616990000
16141.7002000000 -6.9670120000 0.3594280000
16143.7998100000 -6.9646180000 0.3571610000
16145.9003900000 -6.9622870000 0.3548930000
16148.0000000000 -6.9600190000 0.3526260000
16150.0996100000 -6.9578170000 0.3503620000
16152.2002000000 -6.9556750000 0.3480950000
16154.2998100000 -6.9536000000 0.3458300000
16156.4003900000 -6.9515900000 0.3435660000
16158.5000000000 -6.9496460000 0.3413030000
16160.5996100000 -6.9477690000 0.3390430000
16162.7002000000 -6.9459560000 0.3367800000
16164.7998100000 -6.9442120000 0.3345180000
16167.0000000000 -6.9424590000 0.3321510000
16169.0996100000 -6.9408560000 0.3298920000
16171.2002000000 -6.9393210000 0.3276340000
16173.2998100000 -6.9378560000 0.3253760000
16175.4003900000 -6.9364630000 0.3231190000
16177.5000000000 -6.9351410000 0.3208630000
16179.5996100000 -6.9338910000 0.3186060000
16181.7002000000 -6.9327140000 0.3163520000
16183.7998100000 -6.9316120000 0.3140970000
16185.9003900000 -6.9305840000 0.3118440000
16188.0996100000 -6.9295900000 0.3094850000
16190.2002000000 -6.9287180000 0.3072310000
16192.2998100000 -6.9279260000 0.3049820000
16194.4003900000 -6.9272110000 0.3027300000
16196.5000000000 -6.9265770000 0.3004800000
16198.5996100000 -6.9260240000 0.2982330000
16200.7998100000 -6.9255330000 0.2958770000
16202.9003900000 -6.9251500000 0.2936290000
16205.0000000000 -6.9248520000 0.2913820000
16207.0996100000 -6.9246410000 0.2891360000
16209.2002000000 -6.9245170000 0.2868910000
16211.2998100000 -6.9244820000 0.2846460000
16213.5000000000 -6.9245420000 0.2822960000
16215.5996100000 -6.9246950000 0.2800530000
16217.7002000000 -6.9249420000 0.2778090000
16219.7998100000 -6.9252830000 0.2755690000
16221.9003900000 -6.9257230000 0.2733270000
16224.0996100000 -6.9262900000 0.2709810000
16226.2002000000 -6.9269350000 0.2687420000
16227.0615200000 -6.9272290000 0.2678220000
16228.2998100000 -6.9276830000 0.2665020000
16230.4003900000 -6.9285360000 0.2642640000
16232.5996100000 -6.9295460000 0.2619220000
16234.7002000000 -6.9306220000 0.2596860000
16236.7998100000 -6.9318110000 0.2574490000
16238.9003900000 -6.9331160000 0.2552130000
16241.0996100000 -6.9346080000 0.2528720000
16243.2002000000 -6.9361550000 0.2506390000
16245.2998100000 -6.9378260000 0.2484060000
16247.5000000000 -6.9397120000 0.2460690000
16249.5996100000 -6.9416450000 0.2438370000
16251.7002000000 -6.9437110000 0.2416080000
16253.7998100000 -6.9459140000 0.2393770000
16256.0000000000 -6.9483730000 0.2370410000
16258.0996100000 -6.9508670000 0.2348130000
16260.2002000000 -6.9535100000 0.2325850000
16262.4003900000 -6.9564400000 0.2302530000
16264.5000000000 -6.9594000000 0.2280260000
16266.5996100000 -6.9625220000 0.2258010000
16268.7998100000 -6.9659730000 0.2234700000
16270.9003900000 -6.9694420000 0.2212460000
16273.0000000000 -6.9730900000 0.2190230000
16275.2002000000 -6.9771070000 0.2166950000
16277.2998100000 -6.9811370000 0.2144740000
16279.5000000000 -6.9855700000 0.2121480000
16281.5996100000 -6.9900120000 0.2099280000
16283.7002000000 -6.9946700000 0.2077050000
16285.9003900000 -6.9997810000 0.2053820000
16288.0000000000 -7.0048940000 0.2031640000
16290.2002000000 -7.0105050000 0.2008420000
16292.2998100000 -7.0161160000 0.1986260000
16294.4003900000 -7.0219900000 0.1964070000
16296.5996100000 -7.0284260000 0.1940880000
16298.7002000000 -7.0348590000 0.1918740000
16300.9003900000 -7.0419120000 0.1895550000
16303.0000000000 -7.0489630000 0.1873420000
16305.0996100000 -7.0563360000 0.1851300000
16307.2998100000 -7.0644300000 0.1828120000
16309.4003900000 -7.0725170000 0.1806010000
16311.5996100000 -7.0813890000 0.1782870000
16313.7002000000 -7.0902680000 0.1760780000
16315.9003900000 -7.1000240000 0.1737620000
16318.0000000000 -7.1097860000 0.1715550000
16320.2002000000 -7.1205150000 0.1692440000
16322.2998100000 -7.1312720000 0.1670370000
16324.5000000000 -7.1431090000 0.1647270000
16326.5996100000 -7.1549950000 0.1625220000
16328.7998100000 -7.1681070000 0.1602130000
16330.9003900000 -7.1812860000 0.1580090000
16333.0996100000 -7.1958420000 0.1557020000
16335.2002000000 -7.2105180000 0.1535000000
16337.4003900000 -7.2267820000 0.1511930000
16339.5000000000 -7.2432130000 0.1489930000
16341.7002000000 -7.2614630000 0.1466880000
16343.7998100000 -7.2799800000 0.1444890000
16346.0000000000 -7.3006470000 0.1421850000
16348.0996100000 -7.3216710000 0.1399900000
16350.2998100000 -7.3452700000 0.1376880000
16352.5000000000 -7.3706400000 0.1353860000
16354.5996100000 -7.3966800000 0.1331920000
16356.7998100000 -7.4262090000 0.1308920000
16358.9003900000 -7.4567960000 0.1286970000
16361.0996100000 -7.4917510000 0.1264010000
16363.2002000000 -7.5284240000 0.1242070000
16365.4003900000 -7.5708470000 0.1219110000
16367.5996100000 -7.6182700000 0.1196170000
16369.7002000000 -7.6692930000 0.1174260000
16371.9003900000 -7.7303570000 0.1151310000
16374.0996100000 -7.8014460000 0.1128390000
16376.2002000000 -7.8820450000 0.1106510000
16378.4003900000 -7.9855810000 0.1083580000
16380.5000000000 -8.1123010000 0.1061720000
16382.7002000000 -8.2963580000 0.1038830000
16384.9003900000 -8.5989290000 0.1015920000
16387.0000000000 -9.4194370000 0.0994090000
16389.1992200000 -8.8060570000 1.6756220000
16391.4003900000 -8.3829670000 1.6732290000
16393.5000000000 -8.1619000000 1.6709510000
16395.6992200000 -7.9999590000 1.6685640000
16397.9003900000 -7.8754710000 1.6661760000
16400.0000000000 -7.7783090000 1.6638980000
16402.1992200000 -7.6919280000 1.6615120000
16404.4003900000 -7.6168790000 1.6591260000
16406.5996100000 -7.5504980000 1.6567420000
16408.6992200000 -7.4934070000 1.6544670000
16410.9003900000 -7.4388860000 1.6520820000
16413.0996100000 -7.3888860000 1.6497010000
16415.1992200000 -7.3446390000 1.6474280000
16417.4003900000 -7.3013770000 1.6450460000
16419.5996100000 -7.2608940000 1.6426670000
16421.8007800000 -7.2227570000 1.6402860000
16423.9003900000 -7.1883210000 1.6380160000
16426.0996100000 -7.1540630000 1.6356380000
16428.3007800000 -7.1214260000 1.6332600000
16430.5000000000 -7.0902920000 1.6308840000
16432.5996100000 -7.0618050000 1.6286160000
16434.8007800000 -7.0331280000 1.6262410000
16437.0000000000 -7.0055760000 1.6238670000
16439.1992200000 -6.9790300000 1.6214940000
16441.4003900000 -6.9533840000 1.6191210000
16443.5000000000 -6.9297110000 1.6168560000
16445.6992200000 -6.9056880000 1.6144860000
16447.9003900000 -6.8823760000 1.6121130000
16450.0996100000 -6.8597630000 1.6097440000
16452.3007800000 -6.8377630000 1.6073740000
16454.5000000000 -6.8163740000 1.6050060000
16456.5996100000 -6.7964660000 1.6027460000
16458.8007800000 -6.7761090000 1.6003780000
16461.0000000000 -6.7562600000 1.5980120000
16463.1992200000 -6.7368720000 1.5956480000
16465.4003900000 -6.7179040000 1.5932820000
16467.5996100000 -6.6993640000 1.5909190000
16469.8007800000 -6.6811990000 1.5885530000
16471.9003900000 -6.6642130000 1.5862980000
16474.0996100000 -6.6467690000 1.5839370000
16476.3007800000 -6.6296450000 1.5815740000
16478.5000000000 -6.6128540000 1.5792150000
16480.6992200000 -6.5963640000 1.5768560000
16482.9003900000 -6.5801320000 1.5744950000
16485.0996100000 -6.5643490000 1.5721380000
16487.3007800000 -6.5486190000 1.5697790000
16489.5000000000 -6.5332160000 1.5674230000
16491.6992200000 -6.5180620000 1.5650670000
16493.9003900000 -6.5031310000 1.5627110000
16496.0996100000 -6.4884400000 1.5603570000
16498.1992200000 -6.4746130000 1.5581100000
16500.4003900000 -6.4603260000 1.5557560000
16502.5996100000 -6.4462520000 1.5534040000
16504.8007800000 -6.4323590000 1.5510500000
16507.0000000000 -6.4186660000 1.5487000000
16509.1992200000 -6.4051530000 1.5463500000
16511.4003900000 -6.3918030000 1.5440000000
16513.5996100000 -6.3786330000 1.5416510000
16515.8007800000 -6.3656140000 1.5393020000
16518.0000000000 -6.3527640000 1.5369550000
16520.1992200000 -6.3400670000 1.5346090000
16522.4003900000 -6.3275070000 1.5322620000
16524.5996100000 -6.3151000000 1.5299170000
16526.8007800000 -6.3028230000 1.5275710000
16529.0000000000 -6.2906900000 1.5252280000
16531.1992200000 -6.2786890000 1.5228850000
16533.5000000000 -6.2662620000 1.5204330000
16535.6992200000 -6.2545180000 1.5180930000
16537.9003900000 -6.2428830000 1.5157510000
16540.0996100000 -6.2313750000 1.5134120000
16542.3007800000 -6.2199710000 1.5110700000
16544.3418000000 -6.2094960000 1.5089010000
16544.5000000000 -6.2086880000 1.5087320000
16546.6992200000 -6.1975130000 1.5063940000
16548.9003900000 -6.1864330000 1.5040560000
16551.0996100000 -6.1754650000 1.5017190000
16553.3007800000 -6.1645870000 1.4993830000
16555.5000000000 -6.1538170000 1.4970480000
16557.6992200000 -6.1431420000 1.4947140000
16559.9003900000 -6.1325500000 1.4923790000
16562.1992200000 -6.1215870000 1.4899420000
16564.4003900000 -6.1111790000 1.4876080000
16566.5996100000 -6.1008660000 1.4852770000
16568.8007800000 -6.0906290000 1.4829440000
16571.0000000000 -6.0804840000 1.4806150000
16573.1992200000 -6.0704190000 1.4782860000
16575.4003900000 -6.0604170000 1.4759540000
16577.6992200000 -6.0500640000 1.4735220000
16579.9003900000 -6.0402270000 1.4711930000
16582.0996100000 -6.0304720000 1.4688670000
16584.3007800000 -6.0207820000 1.4665400000
16586.5000000000 -6.0111720000 1.4642150000
16588.8007800000 -6.0011940000 1.4617840000
16591.0000000000 -5.9917250000 1.4594610000
16593.1992200000 -5.9823230000 1.4571390000
16595.4003900000 -5.9729780000 1.4548160000
16597.5996100000 -5.9637060000 1.4524950000
16599.9003900000 -5.9540680000 1.4500660000
16602.0996100000 -5.9449240000 1.4477460000
16604.3007800000 -5.9358340000 1.4454250000
16606.5000000000 -5.9268110000 1.4431080000
16608.8007800000 -5.9174360000 1.4406830000
16611.0000000000 -5.9085330000 1.4383670000
16613.1992200000 -5.8996850000 1.4360500000
16615.4003900000 -5.8908860000 1.4337340000
16617.6992200000 -5.8817570000 1.4313140000
16619.9003900000 -5.8730690000 1.4289990000
16622.0996100000 -5.8644410000 1.4266860000
16624.3007800000 -5.8558580000 1.4243720000
16626.5996100000 -5.8469430000 1.4219530000
16628.8007800000 -5.8384640000 1.4196410000
16631.0000000000 -5.8300420000 1.4173310000
16633.3007800000 -5.8212840000 1.4149150000
16635.5000000000 -5.8129610000 1.4126060000
16637.6992200000 -5.8046840000 1.4102970000
16640.0000000000 -5.7960770000 1.4078850000
16642.1992200000 -5.7878950000 1.4055780000
16644.4003900000 -5.7797510000 1.4032700000
16646.6992200000 -5.7712870000 1.4008580000
16648.9003900000 -5.7632330000 1.3985520000
16651.0996100000 -5.7552290000 1.3962480000
16653.4003900000 -5.7469020000 1.3938390000
16655.5996100000 -5.7389840000 1.3915370000
16657.8007800000 -5.7311000000 1.3892330000
16660.0996100000 -5.7229110000 1.3868280000
16662.3007800000 -5.7151100000 1.3845260000
16664.5996100000 -5.7069990000 1.3821210000
16666.8007800000 -5.6992780000 1.3798200000
16669.0000000000 -5.6916020000 1.3775220000
16671.3007800000 -5.6836140000 1.3751180000
16673.5000000000 -5.6760140000 1.3728220000
16675.8007800000 -5.6681060000 1.3704200000
16678.0000000000 -5.6605810000 1.3681250000
16680.3007800000 -5.6527430000 1.3657230000
16682.5000000000 -5.6452910000 1.3634290000
16684.6992200000 -5.6378750000 1.3611360000
16687.0000000000 -5.6301540000 1.3587380000
16867.8242200000 -5.1119550000 1.1725940000
17197.6328100000 -4.4228630000 0.8446520000
17533.8906300000 -3.9005510000 0.5251360000
17876.7207000000 -3.4699730000 0.2141710000
18226.2558600000 -3.1057710000 9.9110510000
18582.6250000000 -2.7923310000 9.6155750000
18945.9628900000 -2.5191710000 9.3275570000
19316.4023400000 -2.2790820000 9.0468220000
19694.0878900000 -2.0668140000 8.7731910000
20079.1562500000 -1.8784020000 8.5065020000
20471.7539100000 -1.7102170000 8.2465790000
20872.0273400000 -1.5607990000 7.9931810000
21280.1289100000 -1.4276650000 7.7462420000
21696.2070300000 -1.3315870000 7.5097300000
22120.4238300000 -1.2273060000 7.2801780000
22552.9335900000 -1.1343160000 7.0571810000
22993.8984400000 -1.0515150000 6.8405650000
23443.4882800000 -0.9779430000 6.6301580000
23901.8671900000 -0.9127570000 6.4258010000
24369.2070300000 -0.8552100000 6.2273300000
24845.6875000000 -0.8046340000 6.0345880000
25331.4824200000 -0.7604280000 5.8474250000
25826.7753900000 -0.7220300000 5.6656880000
26331.7539100000 -0.6888010000 5.4892330000
26846.6054700000 -0.6591750000 5.3179760000
27371.5234400000 -0.6358400000 5.1518780000
27906.7070300000 -0.6166810000 4.9906550000
28452.3515600000 -0.6013720000 4.8341750000
29008.6660200000 -0.5896150000 4.6823050000
29575.8593800000 -0.5811370000 4.5349190000
30154.1406300000 -0.5756880000 4.3918920000
30743.7304700000 -0.5730390000 4.2531040000
31344.8476600000 -0.5729780000 4.1184360000
31957.7168000000 -0.5768870000 3.9879210000
32582.5703100000 -0.5815480000 3.8613430000
33219.6406300000 -0.5895500000 3.7386670000
33869.1679700000 -0.5982080000 3.6197460000
34531.3945300000 -0.6085880000 3.5044340000
35206.5703100000 -0.6205590000 3.3926260000
35894.9492200000 -0.6340030000 3.2842200000
36596.7851600000 -0.6488090000 3.1791180000
37312.3437500000 -0.6648760000 3.0772250000
38041.8906300000 -0.6821120000 2.9784460000
38785.7070300000 -0.7004320000 2.8826890000
39544.0625000000 -0.7197600000 2.7898690000
40317.2500000000 -0.7400270000 2.6998980000
41105.5546900000 -0.7611690000 2.6126930000
41909.2695300000 -0.7831290000 2.5281730000
42728.6992200000 -0.8057690000 2.4462590000
43564.1523400000 -0.8292230000 2.3668730000
44415.9414100000 -0.8533620000 2.2899420000
45284.3867200000 -0.8781560000 2.2153940000
46169.8085900000 -0.9035760000 2.1431570000
47072.5429700000 -0.9296020000 2.0731650000
47992.9296900000 -0.9562180000 2.0053490000
48931.3125000000 -0.9834150000 1.9396470000
49888.0429700000 -1.0111870000 1.8759940000
50863.4765600000 -1.0395390000 1.8143300000
51857.9843800000 -1.0684800000 1.7545950000
52871.9375000000 -1.0980240000 1.6967320000
53905.7187500000 -1.1284250000 1.6406870000
54959.7109400000 -1.1592570000 1.5864050000
56034.3085900000 -1.1909600000 1.5338350000
57129.9218800000 -1.2232430000 1.4829230000
58246.9531300000 -1.2572060000 1.4336230000
59385.8281300000 -1.2911880000 1.3859240000
60546.9687500000 -1.3261590000 1.3397350000
61730.8125000000 -1.3622300000 1.2950100000
62937.8046900000 -1.3995380000 1.2517050000
64168.3984400000 -1.4382440000 1.2097780000
65423.0507800000 -1.4785470000 1.1691860000
66702.2343800000 -1.5206850000 1.1298880000
68006.4296900000 -1.5650040000 1.0918460000
69336.1250000000 -1.6142470000 1.0551590000
70691.8203100000 -1.6639150000 1.0196570000
72074.0234400000 -1.7202240000 0.9854350000
73483.2500000000 -1.7782190000 0.9523650000
74920.0312500000 -1.8408110000 0.9203660000
76384.9062500000 -1.9098830000 0.8894030000
77878.4218800000 -1.9872260000 0.8594430000
79401.1406300000 -2.0775370000 0.8304760000
80953.6328100000 -2.1801980000 0.8025980000
82536.4765600000 -2.3032570000 0.7757170000
84150.2734400000 -2.4570350000 0.7497300000
85795.6250000000 -2.6609720000 0.7246060000
87473.1406300000 -2.9583020000 0.7003180000
89183.4609400000 -3.4732720000 0.6768380000
90927.2187500000 -9.5537980000 3.0946420000
92705.0781300000 -204.8347470000 3.0036180000
94517.6953100000 -3.2027110000 2.9149620000
96365.7500000000 -4.4579560000 2.8286230000
98249.9453100000 -5.2302440000 2.7445490000
100170.9766000000 -6.5937070000 2.6626890000
102129.5703000000 -12.7164960000 2.5829940000
104126.4609000000 8.0879190000 2.5054150000
106162.3906000000 0.2608620000 2.4299030000
108238.1328000000 -1.2125180000 2.3564120000
110354.4609000000 -1.8724060000 2.2848960000
112512.1641000000 -2.2930230000 2.2153090000
114712.0547000000 -2.6411450000 2.1476070000
116954.9688000000 -3.0038840000 2.0817460000
119241.7266000000 -3.4700700000 2.0176830000
121573.2031000000 -4.2093870000 1.9553770000
123950.2656000000 -5.7587960000 1.8947850000
126373.8047000000 -11.8121950000 1.8358680000
128844.7266000000 18.5943910000 1.7787690000
131363.9688000000 3.2558270000 1.7236750000
133932.4531000000 1.0624320000 1.6701940000
136551.1719000000 0.1729110000 1.6182800000
139221.0938000000 -0.3172930000 1.5678900000
141943.2188000000 -0.6347520000 1.5189830000
144718.5625000000 -0.8635920000 1.4715180000
147548.1719000000 -1.0427890000 1.4254540000
150433.1094000000 -1.1934850000 1.3807530000
153374.4531000000 -1.3288720000 1.3373770000
156373.2969000000 -1.4585330000 1.2952890000
159430.7969000000 -1.5908150000 1.2544530000
162548.0625000000 -1.7346020000 1.2148340000
165726.2813000000 -1.9013760000 1.1763970000
168966.6406000000 -2.1086490000 1.1391110000
172270.3750000000 -2.3873100000 1.1029420000
175638.6875000000 -2.8006980000 1.0678600000
179072.8594000000 -3.5068030000 1.0338320000
182574.1875000000 -5.0484150000 1.0008300000
186143.9688000000 -11.3850230000 0.9688250000
189783.5469000000 16.8900010000 0.9379630000
193494.2969000000 3.7200240000 0.9083580000
197277.5938000000 1.6753670000 0.8796810000
201134.8594000000 0.8387520000 0.8519010000
205067.5469000000 0.3803880000 0.8249930000
209077.1406000000 0.0890420000 0.7989270000
213165.1250000000 -0.1138420000 0.7736790000
217333.0313000000 -0.2642000000 0.7492220000
221582.4375000000 -0.3808250000 0.7255330000
225914.9219000000 -0.4745100000 0.7025860000
230332.1250000000 -0.5519100000 0.6803600000
234835.7031000000 -0.6173590000 0.6588310000
239427.3281000000 -0.6738070000 0.6379770000
244108.7344000000 -0.7233450000 0.6177790000
248881.6719000000 -0.7674980000 0.5982150000
253747.9219000000 -0.8074170000 0.5792650000
258709.3281000000 -0.8439920000 0.5609110000
263767.7500000000 -0.8779340000 0.5431340000
268925.0625000000 -0.9098230000 0.5259150000
274183.2188000000 -0.9401530000 0.5092380000
279544.1875000000 -0.9693550000 0.4930850000
285010.0000000000 -0.9978230000 0.4774410000
290582.6563000000 -1.0259310000 0.4622890000
296264.2500000000 -1.0540510000 0.4476130000
302056.9688000000 -1.0825720000 0.4334000000
307962.9375000000 -1.1119170000 0.4196340000
313984.3750000000 -1.1425720000 0.4063010000
320123.5625000000 -1.1751160000 0.3933890000
326382.7813000000 -1.2102660000 0.3808830000
332764.3750000000 -1.2489470000 0.3687720000
339270.7500000000 -1.2923880000 0.3570420000
345904.3438000000 -1.3422920000 0.3456830000
352667.6563000000 -1.4011060000 0.3346810000
359563.1875000000 -1.4725080000 0.3240270000
366593.5625000000 -1.5623170000 0.3137090000
373761.3750000000 -1.6803560000 0.3037170000
381069.3438000000 -1.8446490000 0.2940400000
388520.2188000000 -2.0922980000 0.2846690000
396116.7500000000 -2.5138840000 0.2755940000
403861.8125000000 -3.4043420000 0.2668060000
411758.3438000000 -6.5854420000 0.2582950000
419809.2500000000 18.1678710000 0.2500540000
428017.5625000000 2.5784250000 0.2420730000
436386.3750000000 0.9829600000 0.2343450000
444918.8125000000 0.3736590000 0.2268610000
453618.0938000000 0.0508200000 0.2196140000
462487.4688000000 -0.1498520000 0.2125970000
471530.2500000000 -0.2871290000 0.2058020000
480749.8438000000 -0.3872610000 0.1992220000
490149.7188000000 -0.4637370000 0.1928510000
499733.3750000000 -0.5242050000 0.1866810000
509504.4063000000 -0.5733230000 0.1807080000
519466.5000000000 -0.6140910000 0.1749230000
529623.3750000000 -0.6485320000 0.1693220000
539978.8125000000 -0.6780560000 0.1638990000
550536.7500000000 -0.7036800000 0.1586480000
561301.1250000000 -0.7261540000 0.1535640000
572276.0000000000 -0.7460450000 0.1486420000
583465.4375000000 -0.7637870000 0.1438750000
594873.6250000000 -0.7797230000 0.1392610000
606504.8750000000 -0.7941230000 0.1347920000
618363.5625000000 -0.8072050000 0.1304660000
630454.1250000000 -0.8191450000 0.1262780000
642781.1250000000 -0.8300910000 0.1222230000
655349.0625000000 -0.8401640000 0.1182970000
668162.8125000000 -0.8494640000 0.1144960000
681227.0625000000 -0.8580780000 0.1108160000
694546.7500000000 -0.8660790000 0.1072530000
