30.0000000000 -81.5632710000 1.4493370000
30.5865750000 -81.4633330000 2.1565360000
31.1846200000 -81.3202440000 2.8792440000
31.7943570000 -81.1316450000 3.6143900000
32.4160160000 -80.8953780000 4.3585970000
33.0498310000 -80.6096570000 5.1082120000
33.6960370000 -80.2728730000 5.8592990000
34.3548770000 -79.8838650000 6.6077040000
35.0266040000 -79.4418030000 7.3490680000
35.7114600000 -78.9462970000 8.0788480000
36.4097100000 -78.3973770000 8.7923910000
37.1216090000 -77.7955550000 9.4849590000
37.8474310000 -77.1417620000 0.1517830000
38.5874440000 -76.4374620000 0.7881180000
39.3419230000 -75.6846010000 1.3892880000
40.1111560000 -74.8855820000 1.9507560000
40.8954320000 -74.0433120000 2.4681630000
41.6950380000 -73.1611480000 2.9373910000
42.5102810000 -72.2428670000 3.3546260000
43.3414650000 -71.2926790000 3.7163850000
44.1888960000 -70.3151470000 4.0195810000
45.0529020000 -69.3151550000 4.2615680000
45.9338000000 -68.2978670000 4.4401630000
46.8319210000 -67.2713930000 4.5537010000
47.7476010000 -66.2358630000 4.6011580000
48.6811870000 -65.1996540000 4.5817970000
49.6330260000 -64.1685030000 4.4955730000
50.6034740000 -63.1481020000 4.3430060000
51.5928990000 -62.1440730000 4.1251640000
52.6016690000 -61.1619070000 3.8436570000
53.6301650000 -60.2068900000 3.5006180000
54.6787680000 -59.2840650000 3.0986730000
55.7478750000 -58.3981590000 2.6409030000
56.8378870000 -57.5535510000 2.1308080000
57.9492070000 -56.7542460000 1.5722620000
59.0822600000 -56.0038110000 0.9694560000
60.2374690000 -55.3053630000 0.3268490000
61.4152600000 -54.6615750000 9.6491170000
62.6160810000 -54.0746230000 8.9410820000
63.8403850000 -53.5462270000 8.2076640000
65.0886230000 -53.0776330000 7.4538210000
66.3612670000 -52.6696430000 6.6844920000
67.6587980000 -52.3226430000 5.9045320000
68.9816970000 -52.0366440000 5.1186900000
70.3304600000 -51.8113400000 4.3315380000
71.7055970000 -51.6461600000 3.5474200000
73.1076200000 -51.5403790000 2.7704410000
74.5370640000 -51.4932400000 2.0044280000
75.9944460000 -51.5040970000 1.2528890000
77.4803310000 -56.5394590000 0.6397120000
78.9952620000 -56.5702130000 0.1827550000
80.5398180000 -56.6457980000 9.7362500000
82.1145710000 -56.7717900000 9.3015770000
83.7201160000 -56.9580880000 8.8799170000
85.3570560000 -57.2229840000 8.4722570000
87.0260010000 -57.7057380000 0.1427390000
88.7275770000 -60.8418120000 9.8412720000
90.4624250000 -60.4690860000 9.5699270000
92.2311940000 -60.2313000000 9.3068480000
94.0345380000 -60.0945970000 9.0522950000
95.8731540000 -59.9896510000 8.8051610000
97.7477110000 -59.9304050000 8.5650930000
99.6589200000 -59.9135930000 8.3317630000
101.6075060000 -59.9411390000 8.1048740000
103.5941850000 -60.0212780000 7.8841530000
105.6197130000 -60.5018880000 9.0901410000
107.6848450000 -59.8518330000 8.8006240000
109.7903520000 -59.5700260000 8.5221000000
111.9370270000 -59.4038090000 8.2539600000
114.1256790000 -59.3021580000 7.9956330000
116.3571170000 -59.2452010000 7.7466030000
118.6321950000 -59.2231140000 7.5063930000
120.9517520000 -59.2305030000 7.2745630000
123.3166580000 -59.2643930000 7.0507060000
125.7278060000 -59.3234250000 6.8344490000
128.1860960000 -59.4075510000 6.6254430000
130.6924590000 -59.5180930000 6.4233690000
133.2478330000 -59.6581420000 6.2279280000
135.8531490000 -59.8335570000 6.0388490000
138.5094300000 -60.2215160000 6.1371360000
141.2176360000 -60.2505000000 5.9981230000
143.9787900000 -60.4805260000 6.0828480000
146.7939300000 -60.5707630000 5.9939110000
149.6641240000 -60.7186850000 6.0371300000
152.5904390000 -60.8472630000 5.9796980000
155.5739590000 -61.0056950000 5.9375720000
158.6158140000 -61.1826710000 5.9114480000
161.7171480000 -61.3740810000 5.9020610000
164.8791350000 -61.5776630000 5.9101880000
168.1029360000 -61.7918700000 5.9366350000
171.3897710000 -62.0154500000 5.9822390000
174.7408600000 -62.2472880000 6.0478560000
178.1574860000 -62.4863130000 6.1343560000
181.6409150000 -62.7314490000 6.2426120000
185.1924440000 -62.9815710000 6.3734960000
188.8134160000 -63.2354970000 6.5278610000
192.5051880000 -63.4919740000 6.7065390000
196.2691500000 -63.7496600000 6.9103250000
200.1067050000 -64.0071180000 7.1399620000
204.0192870000 -64.2628170000 7.3961360000
208.0083770000 -64.5151290000 7.6794560000
212.0754700000 -64.7623370000 7.9904440000
216.2220760000 -65.0026170000 8.3295190000
220.4497530000 -65.1883320000 8.6966920000
224.7601010000 -65.4074100000 9.0913330000
229.1547240000 -65.6135410000 9.5144820000
233.6352690000 -65.8047410000 9.9660100000
238.2034300000 -65.9784320000 0.4456160000
242.8609010000 -66.1327670000 0.9528150000
247.6094360000 -66.2653430000 1.4869400000
252.4508210000 -66.3739470000 2.0471160000
257.3868710000 -66.4563220000 2.6322610000
262.4194340000 -66.5102620000 3.2410830000
267.5503850000 -66.5336150000 3.8720630000
272.7816770000 -66.5243300000 4.5234720000
278.1152340000 -66.4804310000 5.1933550000
283.5530700000 -66.4001010000 5.8795370000
289.0972600000 -66.2816540000 6.5796450000
294.7498170000 -66.1236340000 7.2910880000
300.5129390000 -65.9247510000 8.0110910000
306.3887020000 -65.6839900000 8.7366870000
312.3793640000 -65.4006200000 9.4647580000
318.4871830000 -65.0741730000 0.1920410000
324.7143860000 -64.7045820000 0.9151310000
331.0633850000 -64.2921070000 1.6305410000
337.5364990000 -63.8374670000 2.3346960000
344.1361690000 -63.1275370000 3.0237370000
350.8648990000 -62.5857510000 3.6827110000
357.7251890000 -62.0072330000 4.3188720000
364.7196040000 -61.8922200000 4.9372440000
371.8508000000 -61.2440570000 5.5311720000
379.1213990000 -60.5715070000 6.0912170000
386.5341800000 -59.8816410000 6.6140750000
394.0918880000 -59.1842040000 7.0966030000
401.7973630000 -58.4933090000 7.5358580000
409.6535340000 -58.1185910000 7.9294150000
417.6632690000 -57.5870860000 9.2908780000
425.8296200000 -56.4565160000 9.6667210000
434.1556700000 -55.4985810000 9.9930310000
442.6445010000 -54.5366520000 0.9543510000
451.2993160000 -53.3486210000 1.2262670000
460.1233520000 -52.2226180000 1.4469950000
469.1199040000 -51.1190150000 1.6158280000
478.2923890000 -50.0284310000 1.7323840000
487.6441960000 -48.9489140000 1.7966020000
497.1788640000 -47.8813360000 1.8087440000
506.8999330000 -46.8278920000 1.7693790000
516.8110960000 -45.7914960000 1.6793820000
526.9160770000 -44.7754520000 1.5399230000
537.2185670000 -43.7834050000 1.3524490000
547.7225340000 -42.8192560000 1.1186600000
558.4318850000 -46.1324620000 0.9675060000
569.3506470000 -45.2925530000 0.8772410000
580.4828490000 -48.1383820000 0.9059730000
591.8327640000 -47.4044990000 0.9419290000
603.4046020000 -46.6781650000 0.9461610000
615.2026370000 -45.9840580000 0.9180970000
627.2313840000 -45.3368300000 0.8578870000
639.4953610000 -44.7606050000 0.7657790000
651.9990840000 -44.4126470000 2.4814910000
664.7473140000 -43.0271450000 2.3394970000
677.7447510000 -41.9419750000 2.1663440000
690.9963990000 -40.9643020000 1.9626330000
704.5070800000 -40.0506320000 1.7290740000
718.2819820000 -39.1856270000 1.4664500000
732.3261720000 -38.3638760000 1.1756250000
746.6450200000 -37.5851630000 0.8575420000
761.2437740000 -36.8538320000 0.5132160000
776.1279910000 -36.1429940000 0.5451350000
791.3032230000 -35.3125190000 0.1599200000
806.7752080000 -34.5573270000 9.7518460000
822.5496830000 -33.8511850000 9.3221630000
838.6325680000 -33.1884800000 8.8721640000
855.0299680000 -32.5690040000 8.4031870000
871.7479250000 -31.9957240000 7.9166070000
888.7927860000 -31.4753590000 7.4138300000
906.1708980000 -31.0060880000 7.4377170000
923.8888550000 -30.3241390000 6.9113790000
941.9531860000 -29.7451170000 6.3729290000
960.3707280000 -29.2241590000 5.8238370000
979.1483760000 -28.7498700000 5.2655830000
998.2931520000 -28.3178410000 4.6996500000
1017.8123170000 -27.9459820000 4.3213830000
1037.7131350000 -27.5936130000 3.9603540000
1058.0029300000 -27.2568550000 3.5981160000
1078.6895750000 -26.9350740000 3.2347950000
1099.7806400000 -26.6327210000 2.8707580000
1121.2841800000 -26.3407730000 2.5062830000
1143.2080080000 -26.0628850000 2.1413080000
1165.5606690000 -25.7989440000 1.7759670000
1188.3502200000 -25.5489030000 1.4104020000
1211.5854490000 -25.3127560000 1.0447440000
1235.2750240000 -25.0905550000 0.6791380000
1259.4277340000 -24.8823930000 0.3137250000
1284.0527340000 -24.6884000000 9.9486480000
1309.1591800000 -24.5120620000 9.5842900000
1334.7564700000 -24.3472350000 9.2206950000
1360.8542480000 -24.1971890000 8.8579370000
1387.4624020000 -24.0622200000 8.4961640000
1414.5908200000 -23.9426610000 8.1355300000
1442.2495120000 -23.8389090000 7.7761920000
1470.4492190000 -23.7514130000 7.4183010000
1499.2000730000 -23.6806890000 7.0620160000
1528.5131840000 -23.6474840000 6.7087140000
1558.3995360000 -23.6130490000 6.3581920000
1588.8701170000 -23.5972940000 6.0098990000
1619.9365230000 -23.6038820000 5.6639970000
1651.6103520000 -23.8782920000 5.3206910000
1683.9034420000 -23.9311140000 4.9937150000
1716.8280030000 -24.0063080000 4.6701090000
1750.3962400000 -24.3026560000 4.3529410000
1784.6208500000 -24.4320830000 4.0470820000
1819.5146480000 -24.5891780000 3.7451720000
1855.0908200000 -24.7767830000 3.4472310000
1891.3624270000 -24.9983880000 3.1532880000
1928.3432620000 -25.2583430000 2.8633560000
1966.0472410000 -25.5621410000 2.5774520000
2004.4884030000 -25.9152180000 2.2955430000
2043.6811520000 -26.3301790000 2.0176820000
2083.6401370000 -26.8181270000 1.7438790000
2124.3806150000 -27.3970220000 1.4741360000
2165.9174800000 -28.0935130000 1.2084610000
2208.2666020000 -28.9497660000 0.9468520000
2251.4438480000 -30.0355430000 0.6892900000
2295.4653320000 -31.4958320000 0.4357720000
2340.3474120000 -33.6405070000 0.1863080000
2386.1069340000 -37.3438490000 9.9408930000
2432.7612300000 -46.1789780000 9.6995160000
2480.3278810000 -117.0148540000 9.4621660000
2528.8244630000 -22.3222060000 8.9687270000
2578.2692870000 -51.5608330000 1.6525120000
2628.6809080000 -4.9174590000 5.1025660000
2680.0783690000 -5.9841940000 1.6268180000
2732.4804690000 -11.6675770000 2.5312180000
2785.9074710000 -16.5200560000 8.8326340000
2840.3789060000 -20.3703350000 7.7485810000
2895.9152830000 -23.2122900000 8.6276720000
2952.5378420000 -24.2114720000 2.0889110000
3010.2673340000 -21.2488560000 8.4007070000
3069.1254880000 -24.7223700000 2.3609620000
3129.1347660000 -18.8919680000 1.3118990000
3190.3171390000 -17.0611530000 0.3125720000
3252.6958010000 -15.7989100000 9.3597740000
3316.2941890000 -14.8459950000 8.4506190000
3381.1359860000 -14.1134860000 7.5826640000
3447.2456050000 -13.6134290000 6.7531190000
3514.6479490000 -13.5051320000 5.9613630000
3583.3681640000 -13.0716470000 6.9581470000
3653.4318850000 -11.9127790000 6.1533790000
3724.8657230000 -11.2786660000 5.3972530000
3797.6960450000 -10.9538350000 4.6876300000
3871.9506840000 -10.7425450000 5.0810510000
3947.6569820000 -9.7839450000 4.4558960000
4024.8435060000 -8.6867070000 3.8244300000
4103.5390630000 -8.1648450000 3.1729720000
4183.7739260000 -7.7185500000 2.5460640000
4265.5771480000 -7.3279790000 1.9432620000
4348.9794920000 -6.9817390000 1.3642750000
4434.0131840000 -6.6721140000 0.8089730000
4520.7089840000 -6.3932930000 0.2774310000
4609.1005860000 -6.1404940000 9.7698880000
4699.2197270000 -5.5951700000 9.2336010000
4791.1015630000 -5.3550970000 8.7032470000
4884.7792970000 -5.1369780000 8.1855620000
4980.2890630000 -4.9284320000 7.6801380000
5077.6660160000 -4.7544720000 7.1866260000
5176.9472660000 -4.5865790000 6.7053700000
5278.1694340000 -4.4410280000 6.2352640000
5381.3710940000 -4.3104040000 5.7766990000
5486.5903320000 -4.1939890000 5.3294360000
5593.8666990000 -4.0907710000 4.8932420000
5703.2412110000 -3.9999480000 4.4678830000
5814.7534180000 -3.9207930000 4.0531380000
5928.4467770000 -3.8526420000 3.6487760000
6044.3627930000 -3.7948900000 3.2545800000
6162.5449220000 -3.7600990000 2.8706860000
6283.0380860000 -3.7219010000 2.4976140000
6405.8872070000 -3.6924710000 2.1341290000
6531.1386720000 -3.6713910000 1.7800140000
6658.8383790000 -3.6582810000 1.4350660000
6789.0356450000 -3.6528020000 1.0990730000
6921.7783200000 -3.6546500000 0.7718370000
7057.1162110000 -3.6635560000 0.4531580000
7195.1005860000 -3.6922840000 0.1437070000
7335.7827150000 -3.7150020000 9.8430060000
7479.2158200000 -3.7440620000 9.5503560000
7625.4531250000 -3.7793320000 9.2655680000
7774.5498050000 -3.8401780000 8.9887400000
7926.5620120000 -3.8874910000 8.7200320000
8081.5458980000 -3.9407900000 8.4586430000
8239.5605470000 -4.0139900000 8.2045690000
8400.6640630000 -4.0791770000 7.9576830000
8564.9189450000 -4.1506090000 7.7175770000
8732.3837890000 -4.2307870000 7.4840840000
8903.1240230000 -4.3153970000 7.2571160000
9077.2021480000 -4.4050620000 7.0392280000
9254.6845700000 -4.5015380000 6.8275570000
9435.6367190000 -4.6053090000 6.6219350000
9620.1269530000 -4.7169930000 6.4221980000
9808.2246090000 -4.8373610000 6.2281850000
10000.0000000000 -4.9676630000 6.0397430000
10195.5253900000 -5.1086060000 5.8567190000
10394.8730500000 -5.2619980000 5.6789640000
10598.1191400000 -5.4298580000 5.5063320000
10805.3388700000 -5.6153670000 5.3386890000
11016.6103500000 -5.8210350000 5.1759200000
11232.0127000000 -6.0536760000 5.0178750000
11451.6259800000 -6.3174230000 4.8644910000
11675.5341800000 -6.6240380000 4.7155660000
11903.8203100000 -6.9899690000 4.5709780000
12136.5693400000 -7.4445750000 4.4306080000
12373.8701200000 -8.0422360000 4.2943560000
12615.8105500000 -8.9213400000 4.1620870000
12849.5000000000 -10.4855470000 4.0402890000
12850.7998100000 -10.4990430000 4.0396280000
12852.0996100000 -10.5126350000 4.0389660000
12853.4003900000 -10.5263360000 4.0383040000
12854.7998100000 -10.5411910000 4.0375920000
12856.0996100000 -10.5550880000 4.0369310000
12857.4003900000 -10.5690860000 4.0362700000
12858.7998100000 -10.5842790000 4.0355580000
12860.0996100000 -10.5984950000 4.0348970000
12861.4003900000 -10.6128260000 4.0342360000
12862.4814500000 -10.6248140000 4.0336880000
12862.7998100000 -10.6283620000 4.0335260000
12864.0996100000 -10.6429100000 4.0328660000
12865.5000000000 -10.6587150000 4.0321550000
12866.7998100000 -10.6734870000 4.0314950000
12868.0996100000 -10.6883840000 4.0308360000
12869.5000000000 -10.7045710000 4.0301250000
12870.7998100000 -10.7197140000 4.0294660000
12872.0996100000 -10.7349780000 4.0288070000
12873.5000000000 -10.7515550000 4.0280970000
12874.7998100000 -10.7670770000 4.0274390000
12876.0996100000 -10.7827260000 4.0267800000
12877.5000000000 -10.7997260000 4.0260710000
12878.7998100000 -10.8156450000 4.0254130000
12880.2002000000 -10.8329520000 4.0247040000
12881.5000000000 -10.8491540000 4.0240460000
12882.7998100000 -10.8654930000 4.0233880000
12884.2002000000 -10.8832480000 4.0226800000
12885.5000000000 -10.8998820000 4.0220230000
12886.7998100000 -10.9166630000 4.0213660000
12888.2002000000 -10.9349040000 4.0206580000
12889.5000000000 -10.9519970000 4.0200010000
12890.9003900000 -10.9705920000 4.0192940000
12892.2002000000 -10.9880080000 4.0186370000
12893.5000000000 -11.0055860000 4.0179810000
12894.9003900000 -11.0246990000 4.0172740000
12896.2002000000 -11.0426190000 4.0166180000
12897.5996100000 -11.0620950000 4.0159130000
12898.9003900000 -11.0803840000 4.0152560000
12900.2998100000 -11.1002660000 4.0145510000
12901.5996100000 -11.1189120000 4.0138960000
12902.9003900000 -11.1377550000 4.0132400000
12904.2998100000 -11.1582320000 4.0125350000
12905.5996100000 -11.1774550000 4.0118800000
12907.0000000000 -11.1983790000 4.0111760000
12908.2998100000 -11.2180120000 4.0105210000
12909.7002000000 -11.2394010000 4.0098160000
12911.0000000000 -11.2594630000 4.0091620000
12912.2998100000 -11.2797380000 4.0085080000
12913.7002000000 -11.3018190000 4.0078040000
12915.0000000000 -11.3225510000 4.0071510000
12916.4003900000 -11.3451340000 4.0064470000
12917.7002000000 -11.3663430000 4.0057940000
12919.0996100000 -11.3894540000 4.0050910000
12920.4003900000 -11.4111800000 4.0044370000
12921.7998100000 -11.4348260000 4.0037350000
12923.0996100000 -11.4570600000 4.0030820000
12924.5000000000 -11.4813170000 4.0023790000
12925.7998100000 -11.5040850000 4.0017280000
12927.2002000000 -11.5289500000 4.0010250000
12928.5000000000 -11.5523130000 4.0003730000
12929.9003900000 -11.5777990000 3.9996710000
12931.2002000000 -11.6017700000 3.9990200000
12932.5000000000 -11.6260450000 3.9983690000
12933.9003900000 -11.6525580000 3.9976670000
12935.2002000000 -11.6774720000 3.9970170000
12936.5996100000 -11.7046940000 3.9963160000
12937.9003900000 -11.7303390000 3.9956650000
12939.2998100000 -11.7583090000 3.9949650000
12940.5996100000 -11.7846680000 3.9943140000
12942.0000000000 -11.8134890000 3.9936140000
12943.2998100000 -11.8406240000 3.9929640000
12944.7002000000 -11.8702850000 3.9922640000
12946.0996100000 -11.9003930000 3.9915650000
12947.4003900000 -11.9288180000 3.9909150000
12948.7998100000 -11.9598880000 3.9902160000
12950.0996100000 -11.9891950000 3.9895670000
12951.5000000000 -12.0212680000 3.9888680000
12952.7998100000 -12.0515360000 3.9882190000
12954.2002000000 -12.0846790000 3.9875210000
12955.5000000000 -12.1159730000 3.9868730000
12956.9003900000 -12.1502820000 3.9861740000
12958.2002000000 -12.1826740000 3.9855260000
12959.5996100000 -12.2181610000 3.9848290000
12960.9003900000 -12.2517540000 3.9841810000
12962.2998100000 -12.2885530000 3.9834840000
12963.5996100000 -12.3233870000 3.9828370000
12965.0000000000 -12.3616520000 3.9821390000
12966.4003900000 -12.4006690000 3.9814420000
12967.7002000000 -12.4376170000 3.9807960000
12969.0996100000 -12.4782250000 3.9800990000
12970.4003900000 -12.5167400000 3.9794520000
12971.7998100000 -12.5590430000 3.9787570000
12973.0996100000 -12.5992000000 3.9781110000
12974.5000000000 -12.6434090000 3.9774150000
12975.9003900000 -12.6886900000 3.9767190000
12977.2002000000 -12.7316790000 3.9760730000
12978.5996100000 -12.7790460000 3.9753790000
12979.9003900000 -12.8241600000 3.9747330000
12981.2998100000 -12.8738890000 3.9740390000
12982.7002000000 -12.9250070000 3.9733440000
12984.0000000000 -12.9736810000 3.9726990000
12985.4003900000 -13.0275180000 3.9720050000
12986.7002000000 -13.0788880000 3.9713600000
12988.0996100000 -13.1357910000 3.9706660000
12989.5000000000 -13.1944230000 3.9699730000
12990.7998100000 -13.2505050000 3.9693290000
12992.2002000000 -13.3127880000 3.9686360000
12993.5000000000 -13.3724720000 3.9679920000
12994.9003900000 -13.4389330000 3.9672990000
12996.2998100000 -13.5076680000 3.9666060000
12997.5996100000 -13.5737970000 3.9659630000
12999.0000000000 -13.6476470000 3.9652710000
13000.4003900000 -13.7244820000 3.9645780000
13001.7002000000 -13.7986100000 3.9639360000
13003.0996100000 -13.8817010000 3.9632450000
13004.4003900000 -13.9622940000 3.9626020000
13005.7998100000 -14.0529500000 3.9619100000
13007.2002000000 -14.1480580000 3.9612190000
13008.5000000000 -14.2407460000 3.9605770000
13009.9003900000 -14.3457930000 3.9598870000
13011.2998100000 -14.4568540000 3.9591960000
13012.5996100000 -14.5659900000 3.9585550000
13014.0000000000 -14.6908270000 3.9578650000
13015.4003900000 -14.8242380000 3.9571740000
13016.7002000000 -14.9568800000 3.9565340000
13018.0996100000 -15.1106440000 3.9558440000
13019.5000000000 -15.2776070000 3.9551540000
13020.7998100000 -15.4465930000 3.9545140000
13022.2002000000 -15.6467940000 3.9538250000
13023.5996100000 -15.8696080000 3.9531360000
13024.9003900000 -16.1024280000 3.9524960000
13026.2998100000 -16.3883230000 3.9518070000
13027.7002000000 -16.7238480000 3.9511180000
13029.0000000000 -17.0969090000 3.9504800000
13030.4003900000 -17.5987680000 3.9497910000
13031.7998100000 -18.2753070000 3.9491030000
13033.0996100000 -19.2201020000 3.9484650000
13034.5000000000 -21.3786750000 3.9477770000
13035.9003900000 -21.4045010000 0.1374810000
13037.2998100000 -19.2375090000 0.1356590000
13038.5996100000 -18.2864210000 0.1339680000
13040.0000000000 -17.6052250000 0.1321490000
13041.4003900000 -17.0993500000 0.1303280000
13042.7002000000 -16.7229350000 0.1286390000
13044.0996100000 -16.3842910000 0.1268200000
13045.5000000000 -16.0950830000 0.1250010000
13046.9003900000 -15.8425150000 0.1231820000
13048.2002000000 -15.6337960000 0.1214940000
13049.5996100000 -15.4312090000 0.1196780000
13051.0000000000 -15.2472290000 0.1178620000
13052.4003900000 -15.0787060000 0.1160440000
13053.7002000000 -14.9341440000 0.1143580000
13055.0996100000 -14.7894400000 0.1125440000
13056.5000000000 -14.6543490000 0.1107280000
13057.9003900000 -14.5279100000 0.1089130000
13059.2002000000 -14.4172770000 0.1072290000
13060.5996100000 -14.3046760000 0.1054170000
13062.0000000000 -14.1979410000 0.1036020000
13063.4003900000 -14.0966860000 0.1017900000
13064.7002000000 -14.0070530000 0.1001080000
13066.0996100000 -13.9148690000 0.0982970000
13067.5000000000 -13.8266300000 0.0964850000
13068.9003900000 -13.7421720000 0.0946740000
13070.2002000000 -13.6668240000 0.0929930000
13071.5996100000 -13.5887220000 0.0911840000
13073.0000000000 -13.5135540000 0.0893740000
13074.4003900000 -13.4411030000 0.0875650000
13075.7998100000 -13.3711810000 0.0857560000
13077.0996100000 -13.3083760000 0.0840780000
13078.5000000000 -13.2428640000 0.0822710000
13079.9003900000 -13.1793820000 0.0804620000
13081.2998100000 -13.1179320000 0.0786560000
13082.7002000000 -13.0582700000 0.0768500000
13084.0000000000 -13.0044200000 0.0751730000
13085.4003900000 -12.9479580000 0.0733670000
13086.7998100000 -12.8931160000 0.0715640000
13088.2002000000 -12.8396620000 0.0697580000
13089.5996100000 -12.7876640000 0.0679550000
13090.9003900000 -12.7404990000 0.0662790000
13092.2998100000 -12.6909800000 0.0644780000
13093.7002000000 -12.6425890000 0.0626750000
13095.0996100000 -12.5954010000 0.0608730000
13096.5000000000 -12.5492350000 0.0590710000
13097.9003900000 -12.5041390000 0.0572690000
13099.2002000000 -12.4631570000 0.0555970000
13100.5996100000 -12.4199640000 0.0537990000
13102.0000000000 -12.3776240000 0.0519970000
13103.4003900000 -12.3361870000 0.0501990000
13104.7998100000 -12.2955900000 0.0483990000
13106.2002000000 -12.2557980000 0.0466010000
13107.5996100000 -12.2168060000 0.0448050000
13108.9003900000 -12.1812210000 0.0431340000
13110.2998100000 -12.1436140000 0.0413370000
13111.7002000000 -12.1067000000 0.0395400000
13113.0996100000 -12.0704540000 0.0377450000
13113.9746100000 -12.0481410000 0.0366220000
13114.5000000000 -12.0348510000 0.0359490000
13115.9003900000 -11.9998700000 0.0341530000
13117.2998100000 -11.9654890000 0.0323580000
13118.5996100000 -11.9340880000 0.0306930000
13120.0000000000 -11.9008080000 0.0288990000
13121.4003900000 -11.8680510000 0.0271040000
13122.7998100000 -11.8358640000 0.0253120000
13124.2002000000 -11.8041650000 0.0235200000
13125.5996100000 -11.7729610000 0.0217280000
13127.0000000000 -11.7422340000 0.0199370000
13128.4003900000 -11.7119530000 0.0181440000
13129.7998100000 -11.6821630000 0.0163550000
13131.2002000000 -11.6527910000 0.0145650000
13132.5000000000 -11.6259010000 0.0129020000
13133.9003900000 -11.5973190000 0.0111120000
13135.2998100000 -11.5691780000 0.0093240000
13136.7002000000 -11.5413890000 0.0075350000
13138.0996100000 -11.5140190000 0.0057480000
13139.5000000000 -11.4870010000 0.0039610000
13140.9003900000 -11.4603260000 0.0021720000
13142.2998100000 -11.4340380000 0.0003870000
13143.7002000000 -11.4080570000 9.9986000000
13145.0996100000 -11.3824440000 9.9968160000
13146.5000000000 -11.3571400000 9.9950300000
13147.9003900000 -11.3321340000 9.9932440000
13149.2998100000 -11.3074730000 9.9914610000
13150.7002000000 -11.2830800000 9.9896760000
13152.0000000000 -11.2607120000 9.9880200000
13153.4003900000 -11.2368970000 9.9862380000
13154.7998100000 -11.2133810000 9.9844560000
13156.2002000000 -11.1901060000 9.9826730000
13157.5996100000 -11.1671330000 9.9808920000
13159.0000000000 -11.1443920000 9.9791110000
13160.4003900000 -11.1219220000 9.9773290000
13161.7998100000 -11.0997200000 9.9755510000
13163.2002000000 -11.0777330000 9.9737700000
13164.5996100000 -11.0560160000 9.9719920000
13166.0000000000 -11.0345050000 9.9702120000
13167.4003900000 -11.0132390000 9.9684330000
13168.7998100000 -10.9922130000 9.9666570000
13170.2002000000 -10.9713790000 9.9648780000
13171.5996100000 -10.9507900000 9.9631020000
13173.0000000000 -10.9303860000 9.9613240000
13174.4003900000 -10.9102030000 9.9595480000
13175.7998100000 -10.8902370000 9.9577730000
13177.2002000000 -10.8704440000 9.9559970000
13178.5996100000 -10.8508740000 9.9542240000
13180.0000000000 -10.8314700000 9.9524480000
13181.4003900000 -10.8122660000 9.9506740000
13182.7998100000 -10.7932620000 9.9489020000
13184.2002000000 -10.7744120000 9.9471280000
13185.5996100000 -10.7557670000 9.9453560000
13187.0000000000 -10.7372700000 9.9435830000
13188.4003900000 -10.7189590000 9.9418120000
13189.7998100000 -10.7008160000 9.9400410000
13191.2002000000 -10.6828380000 9.9382710000
13192.5996100000 -10.6650360000 9.9365020000
13194.0000000000 -10.6473690000 9.9347310000
13195.4003900000 -10.6298720000 9.9329610000
13196.7998100000 -10.6125290000 9.9311920000
13198.2002000000 -10.5953380000 9.9294230000
13199.7002000000 -10.5770820000 9.9275290000
13201.0996100000 -10.5602080000 9.9257630000
13202.5000000000 -10.5434560000 9.9239950000
13203.9003900000 -10.5268570000 9.9222280000
13205.2998100000 -10.5104090000 9.9204640000
13206.7002000000 -10.4940760000 9.9186960000
13208.0996100000 -10.4779000000 9.9169320000
13209.5000000000 -10.4618350000 9.9151660000
13210.9003900000 -10.4459110000 9.9134020000
13212.2998100000 -10.4301270000 9.9116390000
13213.7002000000 -10.4144490000 9.9098750000
13215.0996100000 -10.3989160000 9.9081130000
13216.5000000000 -10.3834860000 9.9063490000
13217.9003900000 -10.3681860000 9.9045870000
13219.4003900000 -10.3519250000 9.9026990000
13220.7998100000 -10.3368820000 9.9009400000
13222.2002000000 -10.3219330000 9.8991780000
13223.5996100000 -10.3071180000 9.8974190000
13225.0000000000 -10.2923970000 9.8956580000
13226.4003900000 -10.2777950000 9.8938980000
13227.7998100000 -10.2633120000 9.8921400000
13229.2002000000 -10.2489180000 9.8903810000
13230.5996100000 -10.2346490000 9.8886240000
13232.0996100000 -10.2194640000 9.8867410000
13370.3857400000 -9.1791040000 9.7153970000
13631.8105500000 -8.1102690000 9.4030150000
13898.3466800000 -7.5184610000 9.0991380000
14170.0937500000 -7.1909850000 8.8035970000
14447.1543000000 -7.0782750000 8.5162360000
14729.6328100000 -7.2168660000 8.2368980000
14957.7002000000 -7.6725390000 8.0208240000
14959.5000000000 -7.6785450000 8.0191510000
14961.2998100000 -7.6846070000 8.0174780000
14963.0996100000 -7.6907280000 8.0158070000
14964.9003900000 -7.6969120000 8.0141340000
14966.7002000000 -7.7031580000 8.0124640000
14968.5000000000 -7.7094630000 8.0107930000
14970.2998100000 -7.7158310000 8.0091240000
14972.0996100000 -7.7222630000 8.0074550000
14974.0000000000 -7.7291270000 8.0056920000
14975.7998100000 -7.7356930000 8.0040240000
14977.5996100000 -7.7423270000 8.0023570000
14979.4003900000 -7.7490360000 8.0006880000
14981.2002000000 -7.7558070000 7.9990210000
14983.0000000000 -7.7626490000 7.9973550000
14984.7998100000 -7.7695610000 7.9956890000
14986.5996100000 -7.7765500000 7.9940230000
14988.4003900000 -7.7836130000 7.9923580000
14990.2002000000 -7.7907460000 7.9906940000
14992.0996100000 -7.7983600000 7.9889370000
14993.9003900000 -7.8056550000 7.9872730000
14995.7002000000 -7.8130250000 7.9856100000
14997.5000000000 -7.8204800000 7.9839480000
14999.2998100000 -7.8280120000 7.9822860000
15001.0996100000 -7.8356270000 7.9806250000
15002.9003900000 -7.8433300000 7.9789630000
15004.7998100000 -7.8515510000 7.9772110000
15006.5996100000 -7.8594290000 7.9755510000
15008.4003900000 -7.8673990000 7.9738910000
15010.2002000000 -7.8754610000 7.9722320000
15012.0000000000 -7.8836100000 7.9705730000
15013.7998100000 -7.8918540000 7.9689160000
15015.7002000000 -7.9006640000 7.9671650000
15017.5000000000 -7.9091070000 7.9655090000
15017.6337900000 -7.9097370000 7.9653860000
15019.2998100000 -7.9176490000 7.9638530000
15021.0996100000 -7.9262970000 7.9621960000
15022.9003900000 -7.9350490000 7.9605400000
15024.7998100000 -7.9443920000 7.9587940000
15026.5996100000 -7.9533630000 7.9571390000
15028.4003900000 -7.9624450000 7.9554850000
15030.2002000000 -7.9716330000 7.9538320000
15032.0000000000 -7.9809370000 7.9521790000
15033.9003900000 -7.9908900000 7.9504340000
15035.7002000000 -8.0004360000 7.9487820000
15037.5000000000 -8.0101100000 7.9471300000
15039.2998100000 -8.0199030000 7.9454790000
15041.2002000000 -8.0303860000 7.9437370000
15043.0000000000 -8.0404440000 7.9420870000
15044.7998100000 -8.0506360000 7.9404380000
15046.5996100000 -8.0609660000 7.9387890000
15048.5000000000 -8.0720260000 7.9370480000
15050.2998100000 -8.0826450000 7.9354000000
15052.0996100000 -8.0934110000 7.9337530000
15054.0000000000 -8.1049450000 7.9320140000
15055.7998100000 -8.1160240000 7.9303670000
15057.5996100000 -8.1272660000 7.9287210000
15059.4003900000 -8.1386700000 7.9270750000
15061.2998100000 -8.1508820000 7.9253390000
15063.0996100000 -8.1626240000 7.9236950000
15064.9003900000 -8.1745490000 7.9220500000
15066.7998100000 -8.1873250000 7.9203150000
15068.5996100000 -8.1996150000 7.9186730000
15070.4003900000 -8.2121030000 7.9170290000
15072.2998100000 -8.2254890000 7.9152960000
15074.0996100000 -8.2383750000 7.9136550000
15075.9003900000 -8.2514740000 7.9120130000
15077.7998100000 -8.2655250000 7.9102820000
15079.5996100000 -8.2790590000 7.9086420000
15081.4003900000 -8.2928260000 7.9070010000
15083.2998100000 -8.3076020000 7.9052720000
15085.0996100000 -8.3218450000 7.9036330000
15086.9003900000 -8.3363500000 7.9019940000
15088.7998100000 -8.3519150000 7.9002660000
15090.5996100000 -8.3669440000 7.8986280000
15092.4003900000 -8.3822460000 7.8969910000
15094.2998100000 -8.3986960000 7.8952640000
15096.0996100000 -8.4145770000 7.8936290000
15097.9003900000 -8.4307680000 7.8919940000
15099.7998100000 -8.4481890000 7.8902680000
15101.5996100000 -8.4650240000 7.8886340000
15103.5000000000 -8.4831690000 7.8869090000
15105.2998100000 -8.5007060000 7.8852760000
15107.0996100000 -8.5186050000 7.8836440000
15109.0000000000 -8.5379170000 7.8819200000
15110.7998100000 -8.5566050000 7.8802890000
15112.7002000000 -8.5767850000 7.8785660000
15114.5000000000 -8.5963290000 7.8769360000
15116.4003900000 -8.6174520000 7.8752140000
15118.2002000000 -8.6379260000 7.8735850000
15120.0000000000 -8.6588850000 7.8719560000
15121.9003900000 -8.6815710000 7.8702360000
15123.7002000000 -8.7035950000 7.8686080000
15125.5996100000 -8.7274480000 7.8668900000
15127.4003900000 -8.7506560000 7.8652620000
15129.2998100000 -8.7758080000 7.8635450000
15131.0996100000 -8.8003000000 7.8619190000
15133.0000000000 -8.8269060000 7.8602020000
15134.7998100000 -8.8528370000 7.8585770000
15136.7002000000 -8.8810510000 7.8568620000
15138.5000000000 -8.9085920000 7.8552370000
15140.4003900000 -8.9385930000 7.8535240000
15142.2002000000 -8.9679620000 7.8519000000
15144.0996100000 -8.9999830000 7.8501880000
15145.9003900000 -9.0314250000 7.8485640000
15147.7998100000 -9.0657630000 7.8468530000
15149.5996100000 -9.0995410000 7.8452320000
15151.5000000000 -9.1365600000 7.8435210000
15153.2998100000 -9.1730370000 7.8419000000
15155.2002000000 -9.2131710000 7.8401900000
15157.0000000000 -9.2528220000 7.8385710000
15158.9003900000 -9.2965970000 7.8368620000
15160.7002000000 -9.3400060000 7.8352430000
15162.5996100000 -9.3881010000 7.8335360000
15164.4003900000 -9.4360530000 7.8319180000
15166.2998100000 -9.4894170000 7.8302110000
15168.0996100000 -9.5428830000 7.8285950000
15170.0000000000 -9.6028030000 7.8268890000
15171.7998100000 -9.6632170000 7.8252740000
15173.7002000000 -9.7314440000 7.8235680000
15175.5996100000 -9.8048440000 7.8218640000
15177.4003900000 -9.8799800000 7.8202500000
15179.2998100000 -9.9661010000 7.8185470000
15181.0996100000 -10.0555050000 7.8169340000
15183.0000000000 -10.1597070000 7.8152320000
15184.9003900000 -10.2764740000 7.8135290000
15186.7002000000 -10.4016070000 7.8119180000
15188.5996100000 -10.5537640000 7.8102180000
15190.4003900000 -10.7236740000 7.8086070000
15192.2998100000 -10.9418950000 7.8069070000
15194.2002000000 -11.2227780000 7.8052080000
15196.0000000000 -11.5913350000 7.8035990000
15197.9003900000 -12.2317120000 7.8019000000
15199.7002000000 -14.1666560000 7.8002920000
15201.5996100000 -12.5112660000 0.9346680000
15203.5000000000 -11.7278780000 0.9323510000
15205.2998100000 -11.3120600000 0.9301570000
15207.2002000000 -11.0044830000 0.9278410000
15209.0996100000 -10.7692040000 0.9255270000
15210.9003900000 -10.5875880000 0.9233330000
15212.7998100000 -10.4257970000 0.9210210000
15214.7002000000 -10.2862810000 0.9187080000
15216.5000000000 -10.1696650000 0.9165170000
15218.4003900000 -10.0595760000 0.9142070000
15220.2998100000 -9.9602130000 0.9118960000
15222.0996100000 -9.8742370000 0.9097080000
15224.0000000000 -9.7906470000 0.9073980000
15225.9003900000 -9.7133610000 0.9050890000
15227.7998100000 -9.6415570000 0.9027830000
15229.5996100000 -9.5778090000 0.9005970000
15231.5000000000 -9.5145720000 0.8982920000
15233.4003900000 -9.4549640000 0.8959850000
15235.2002000000 -9.4015320000 0.8938020000
15237.0996100000 -9.3479750000 0.8914990000
15239.0000000000 -9.2970300000 0.8891940000
15240.9003900000 -9.2485010000 0.8868910000
15242.7002000000 -9.2045130000 0.8847100000
15244.5996100000 -9.1600630000 0.8824110000
15246.5000000000 -9.1173960000 0.8801090000
15248.4003900000 -9.0764150000 0.8778090000
15250.2002000000 -9.0390490000 0.8756310000
15252.0996100000 -9.0010090000 0.8733330000
15254.0000000000 -8.9643120000 0.8710360000
15255.9003900000 -8.9288460000 0.8687380000
15257.7002000000 -8.8963460000 0.8665630000
15259.5996100000 -8.8631030000 0.8642680000
15261.5000000000 -8.8308730000 0.8619720000
15263.4003900000 -8.7996250000 0.8596780000
15265.2002000000 -8.7708500000 0.8575050000
15267.0996100000 -8.7413420000 0.8552140000
15269.0000000000 -8.7126170000 0.8529210000
15270.9003900000 -8.6846630000 0.8506290000
15272.7998100000 -8.6574660000 0.8483400000
15274.7002000000 -8.6309350000 0.8460490000
15276.5000000000 -8.6064220000 0.8438820000
15278.4003900000 -8.5811440000 0.8415920000
15280.2998100000 -8.5564780000 0.8393050000
15282.2002000000 -8.5323820000 0.8370180000
15284.0996100000 -8.5088320000 0.8347320000
15286.0000000000 -8.4857910000 0.8324460000
15287.7998100000 -8.4644370000 0.8302810000
15289.7002000000 -8.4423500000 0.8279960000
15291.5996100000 -8.4207440000 0.8257140000
15293.5000000000 -8.3995580000 0.8234310000
15295.4003900000 -8.3787970000 0.8211480000
15297.2998100000 -8.3584630000 0.8188690000
15299.2002000000 -8.3385010000 0.8165860000
15301.0000000000 -8.3199500000 0.8144270000
15302.9003900000 -8.3007120000 0.8121470000
15304.7998100000 -8.2818350000 0.8098700000
15306.7002000000 -8.2632970000 0.8075920000
15308.5996100000 -8.2450880000 0.8053150000
15310.5000000000 -8.2271860000 0.8030380000
15311.2666000000 -8.2200520000 0.8021190000
15312.4003900000 -8.2095910000 0.8007610000
15314.2998100000 -8.1923090000 0.7984880000
15316.2002000000 -8.1752990000 0.7962130000
15318.0996100000 -8.1585740000 0.7939400000
15319.9003900000 -8.1429720000 0.7917860000
15321.7998100000 -8.1267640000 0.7895150000
15323.7002000000 -8.1108120000 0.7872430000
15325.5996100000 -8.0951050000 0.7849730000
15327.5000000000 -8.0796310000 0.7827020000
15329.4003900000 -8.0643980000 0.7804330000
15331.2998100000 -8.0493900000 0.7781650000
15333.2002000000 -8.0345950000 0.7758960000
15335.0996100000 -8.0200300000 0.7736300000
15337.0000000000 -8.0056590000 0.7713630000
15338.9003900000 -7.9914910000 0.7690960000
15340.7998100000 -7.9775350000 0.7668330000
15342.7002000000 -7.9637580000 0.7645680000
15344.5996100000 -7.9501760000 0.7623040000
15346.5000000000 -7.9367700000 0.7600410000
15348.4003900000 -7.9235520000 0.7577790000
15350.2998100000 -7.9105070000 0.7555180000
15352.2002000000 -7.8976270000 0.7532560000
15354.0996100000 -7.8849270000 0.7509980000
15356.0000000000 -7.8723770000 0.7487370000
15357.9003900000 -7.8599860000 0.7464780000
15359.7998100000 -7.8477640000 0.7442220000
15361.7002000000 -7.8356820000 0.7419630000
15363.5996100000 -7.8237550000 0.7397070000
15365.5000000000 -7.8119680000 0.7374510000
15367.4003900000 -7.8003310000 0.7351950000
15369.2998100000 -7.7888330000 0.7329420000
15371.2002000000 -7.7774670000 0.7306870000
15373.0996100000 -7.7662470000 0.7284360000
15375.0000000000 -7.7551470000 0.7261820000
15376.9003900000 -7.7441760000 0.7239290000
15378.9003900000 -7.7327700000 0.7215600000
15380.7998100000 -7.7220630000 0.7193110000
15382.7002000000 -7.7114770000 0.7170610000
15384.5996100000 -7.7010120000 0.7148120000
15386.5000000000 -7.6906580000 0.7125640000
15388.4003900000 -7.6804250000 0.7103170000
15390.2998100000 -7.6703050000 0.7080710000
15392.2002000000 -7.6602910000 0.7058240000
15394.0996100000 -7.6503960000 0.7035800000
15396.0000000000 -7.6405980000 0.7013340000
15398.0000000000 -7.6304010000 0.6989730000
15399.9003900000 -7.6208070000 0.6967290000
15401.7998100000 -7.6233540000 0.6944870000
15403.7002000000 -7.6074290000 0.6922460000
15405.5996100000 -7.5981420000 0.6900080000
15407.5000000000 -7.5889580000 0.6877690000
15409.4003900000 -7.5798760000 0.6855320000
15411.4003900000 -7.5704150000 0.6831760000
15413.2998100000 -7.5615320000 0.6809410000
15415.2002000000 -7.5527310000 0.6787040000
15417.0996100000 -7.5440260000 0.6764700000
15419.0000000000 -7.5354100000 0.6742360000
15420.9003900000 -7.5268770000 0.6720020000
15422.9003900000 -7.5179930000 0.6696520000
15424.7998100000 -7.5096420000 0.6674200000
15426.7002000000 -7.5013700000 0.6651880000
15428.5996100000 -7.4931900000 0.6629590000
15430.5000000000 -7.4850840000 0.6607280000
15432.5000000000 -7.4766420000 0.6583810000
15434.4003900000 -7.4687000000 0.6561530000
15436.2998100000 -7.4608420000 0.6539250000
15438.2002000000 -7.4530610000 0.6516980000
15440.0996100000 -7.4453570000 0.6494720000
15442.0996100000 -7.4373290000 0.6471290000
15444.0000000000 -7.4297770000 0.6449030000
15445.9003900000 -7.4223020000 0.6426790000
15447.7998100000 -7.4149000000 0.6404560000
15449.7998100000 -7.4071870000 0.6381160000
15451.7002000000 -7.3999300000 0.6358930000
15453.5996100000 -7.3927470000 0.6336720000
15455.5000000000 -7.3856340000 0.6314520000
15457.5000000000 -7.3782180000 0.6291130000
15459.4003900000 -7.3712470000 0.6268940000
15461.2998100000 -7.3643440000 0.6246760000
15463.2998100000 -7.3571490000 0.6223410000
15465.2002000000 -7.3503790000 0.6201230000
15467.0996100000 -7.3436820000 0.6179080000
15469.0000000000 -7.3370440000 0.6156910000
15471.0000000000 -7.3301290000 0.6133590000
15472.9003900000 -7.3236220000 0.6111440000
15474.7998100000 -7.3171830000 0.6089310000
15476.7998100000 -7.3104720000 0.6066010000
15478.7002000000 -7.3041570000 0.6043870000
15577.9003900000 -7.0518780000 0.4898200000
15579.7998100000 -7.0484240000 0.4876440000
15581.7998100000 -7.0448420000 0.4853540000
15583.7998100000 -7.0413160000 0.4830650000
15585.7002000000 -7.0380160000 0.4808900000
15587.7002000000 -7.0345990000 0.4786020000
15589.5996100000 -7.0314050000 0.4764290000
15591.5996100000 -7.0280980000 0.4741430000
15593.5996100000 -7.0248470000 0.4718570000
15595.5000000000 -7.0218100000 0.4696860000
15597.5000000000 -7.0186690000 0.4674020000
15599.4003900000 -7.0157370000 0.4652310000
15601.4003900000 -7.0127070000 0.4629490000
15603.4003900000 -7.0097350000 0.4606670000
15605.2998100000 -7.0069650000 0.4585000000
15607.2998100000 -7.0041050000 0.4562190000
15609.2998100000 -7.0013030000 0.4539390000
15610.6396500000 -6.9994570000 0.4524120000
15611.2002000000 -6.9986930000 0.4517730000
15613.2002000000 -6.9960050000 0.4494940000
15615.2002000000 -6.9933750000 0.4472170000
15617.0996100000 -6.9909320000 0.4450540000
15619.0996100000 -6.9884180000 0.4427780000
15621.0996100000 -6.9859630000 0.4405020000
15623.0000000000 -6.9836850000 0.4383400000
15625.0000000000 -6.9813480000 0.4360670000
15627.0000000000 -6.9790720000 0.4337930000
15628.9003900000 -6.9769650000 0.4316330000
15630.9003900000 -6.9748080000 0.4293610000
15632.9003900000 -6.9727130000 0.4270910000
15634.7998100000 -6.9707810000 0.4249330000
15636.7998100000 -6.9688090000 0.4226640000
15638.7998100000 -6.9668990000 0.4203950000
15640.7998100000 -6.9650550000 0.4181260000
15642.7002000000 -6.9633610000 0.4159720000
15644.7002000000 -6.9616420000 0.4137050000
15646.7002000000 -6.9599890000 0.4114390000
15648.7002000000 -6.9584020000 0.4091730000
15650.5996100000 -6.9569570000 0.4070220000
15652.5996100000 -6.9555010000 0.4047580000
15654.5996100000 -6.9541140000 0.4024950000
15656.5996100000 -6.9527950000 0.4002310000
15658.5000000000 -6.9516070000 0.3980830000
15660.5000000000 -6.9504260000 0.3958220000
15662.5000000000 -6.9493150000 0.3935600000
15664.5000000000 -6.9482770000 0.3913010000
15666.5000000000 -6.9473120000 0.3890420000
15668.4003900000 -6.9464630000 0.3868960000
15670.4003900000 -6.9456430000 0.3846390000
15672.4003900000 -6.9449000000 0.3823820000
15674.4003900000 -6.9442320000 0.3801260000
15676.4003900000 -6.9436430000 0.3778710000
15678.2998100000 -6.9431570000 0.3757300000
15680.2998100000 -6.9427230000 0.3734750000
15682.2998100000 -6.9423700000 0.3712220000
15684.2998100000 -6.9421000000 0.3689700000
15686.2998100000 -6.9419140000 0.3667170000
15688.2998100000 -6.9418130000 0.3644670000
15690.2002000000 -6.9417980000 0.3623290000
15692.2002000000 -6.9418670000 0.3600780000
15694.2002000000 -6.9420260000 0.3578290000
15696.2002000000 -6.9422760000 0.3555810000
15698.2002000000 -6.9426190000 0.3533340000
15700.2002000000 -6.9430560000 0.3510880000
15702.2002000000 -6.9435900000 0.3488420000
15704.2002000000 -6.9442210000 0.3465970000
15706.0996100000 -6.9449130000 0.3444640000
15708.0996100000 -6.9457420000 0.3422210000
15710.0996100000 -6.9466740000 0.3399780000
15712.0996100000 -6.9477130000 0.3377340000
15714.0996100000 -6.9488600000 0.3354930000
15716.0996100000 -6.9501180000 0.3332520000
15718.0996100000 -6.9514880000 0.3310120000
15720.0996100000 -6.9529750000 0.3287730000
15722.0996100000 -6.9545810000 0.3265340000
15724.0996100000 -6.9563080000 0.3242960000
15726.0996100000 -6.9581600000 0.3220580000
15728.0996100000 -6.9601390000 0.3198210000
15730.0996100000 -6.9622490000 0.3175850000
15732.0996100000 -6.9644930000 0.3153510000
15734.0996100000 -6.9668750000 0.3131160000
15736.0996100000 -6.9693980000 0.3108830000
15738.0000000000 -6.9719310000 0.3087610000
15740.0000000000 -6.9747410000 0.3065280000
15742.0000000000 -6.9777060000 0.3042960000
15744.0000000000 -6.9808310000 0.3020650000
15746.0000000000 -6.9841170000 0.2998340000
15748.0000000000 -6.9875720000 0.2976060000
15750.0000000000 -6.9912000000 0.2953770000
15752.0000000000 -6.9950080000 0.2931490000
15754.0000000000 -6.9990000000 0.2909210000
15756.0000000000 -7.0031850000 0.2886950000
15758.0996100000 -7.0077920000 0.2863580000
15760.0996100000 -7.0123920000 0.2841330000
15762.0996100000 -7.0172040000 0.2819080000
15764.0996100000 -7.0222400000 0.2796840000
15766.0996100000 -7.0275040000 0.2774610000
15768.0996100000 -7.0330080000 0.2752390000
15770.0996100000 -7.0387600000 0.2730170000
15772.0996100000 -7.0447710000 0.2707970000
15774.0996100000 -7.0510530000 0.2685770000
15776.0996100000 -7.0576160000 0.2663570000
15778.0996100000 -7.0644780000 0.2641370000
15780.0996100000 -7.0716460000 0.2619200000
15782.0996100000 -7.0791370000 0.2597030000
15784.0996100000 -7.0869670000 0.2574860000
15786.0996100000 -7.0951540000 0.2552700000
15788.2002000000 -7.1041590000 0.2529430000
15790.2002000000 -7.1131360000 0.2507290000
15792.2002000000 -7.1225310000 0.2485150000
15794.2002000000 -7.1323690000 0.2463030000
15796.2002000000 -7.1426730000 0.2440900000
15798.2002000000 -7.1534810000 0.2418780000
15800.2002000000 -7.1648100000 0.2396670000
15802.2002000000 -7.1767020000 0.2374570000
15804.2998100000 -7.1898310000 0.2351380000
15806.2998100000 -7.2030060000 0.2329280000
15808.2998100000 -7.2168670000 0.2307210000
15810.2998100000 -7.2314730000 0.2285140000
15812.2998100000 -7.2468830000 0.2263070000
15814.2998100000 -7.2631640000 0.2241010000
15816.2998100000 -7.2803920000 0.2218960000
15818.4003900000 -7.2996030000 0.2195810000
15820.4003900000 -7.3190540000 0.2173770000
15822.4003900000 -7.3397550000 0.2151740000
15824.4003900000 -7.3618380000 0.2129720000
15826.4003900000 -7.3854700000 0.2107700000
15828.5000000000 -7.4121180000 0.2084590000
15830.5000000000 -7.4395020000 0.2062600000
15832.5000000000 -7.4691150000 0.2040590000
15834.5000000000 -7.5012550000 0.2018600000
15836.5000000000 -7.5363340000 0.1996620000
15838.5996100000 -7.5768670000 0.1973560000
15840.5996100000 -7.6197230000 0.1951590000
15842.5996100000 -7.6675460000 0.1929630000
15844.5996100000 -7.7215150000 0.1907680000
15846.7002000000 -7.7866190000 0.1884620000
15848.7002000000 -7.8590830000 0.1862690000
15850.7002000000 -7.9455540000 0.1840760000
15852.7002000000 -8.0522480000 0.1818840000
15854.7998100000 -8.1988650000 0.1795830000
15856.7998100000 -8.3989770000 0.1773920000
15858.7998100000 -8.7445180000 0.1752010000
15860.9003900000 -10.2588240000 1.7636620000
15862.9003900000 -8.7128330000 1.7613720000
15864.9003900000 -8.3694000000 1.7590830000
15866.9003900000 -8.1635100000 1.7567940000
15869.0000000000 -8.0087490000 1.7543930000
15871.0000000000 -7.8935330000 1.7521060000
15873.0000000000 -7.7981820000 1.7498190000
15875.0996100000 -7.7128820000 1.7474200000
15877.0996100000 -7.6419000000 1.7451340000
15879.0996100000 -7.5786480000 1.7428490000
15881.2002000000 -7.5187700000 1.7404520000
15883.2002000000 -7.4667680000 1.7381680000
15885.2002000000 -7.4188570000 1.7358860000
15887.2998100000 -7.3722450000 1.7334910000
15889.2998100000 -7.3308210000 1.7312100000
15891.4003900000 -7.2900020000 1.7288150000
15893.4003900000 -7.2533870000 1.7265360000
15895.4003900000 -7.2186940000 1.7242570000
15897.5000000000 -7.1840970000 1.7218650000
15899.5000000000 -7.1527080000 1.7195870000
15901.5000000000 -7.1226840000 1.7173100000
15903.5996100000 -7.0924860000 1.7149200000
15905.5996100000 -7.0648750000 1.7126450000
15907.7002000000 -7.0369670000 1.7102550000
15909.7002000000 -7.0113590000 1.7079810000
15911.7002000000 -6.9866100000 1.7057080000
15913.7998100000 -6.9614750000 1.7033210000
15915.7998100000 -6.9382900000 1.7010490000
15915.8671900000 -6.9375290000 1.7009740000
15917.9003900000 -6.9146760000 1.6986650000
15919.9003900000 -6.8928370000 1.6963940000
15922.0000000000 -6.8705390000 1.6940100000
15924.0000000000 -6.8498710000 1.6917410000
15926.0996100000 -6.8287240000 1.6893590000
15928.0996100000 -6.8090840000 1.6870910000
15930.0996100000 -6.7899020000 1.6848230000
15932.2002000000 -6.7702150000 1.6824430000
15934.2002000000 -6.7518930000 1.6801770000
15936.2998100000 -6.7330690000 1.6777970000
15938.2998100000 -6.7155180000 1.6755330000
15940.4003900000 -6.6974620000 1.6731560000
15942.4003900000 -6.6806040000 1.6708930000
15944.5000000000 -6.6632410000 1.6685170000
15946.5000000000 -6.6470130000 1.6662550000
15948.5996100000 -6.6302700000 1.6638810000
15950.5996100000 -6.6146180000 1.6616200000
15952.7002000000 -6.5984510000 1.6592460000
15954.7002000000 -6.5833170000 1.6569870000
15956.7998100000 -6.5676890000 1.6546170000
15958.9003900000 -6.5523000000 1.6522450000
15960.9003900000 -6.5378770000 1.6499880000
15963.0000000000 -6.5229600000 1.6476180000
15965.0000000000 -6.5089620000 1.6453630000
15967.0996100000 -6.4944800000 1.6429960000
15969.0996100000 -6.4808690000 1.6407400000
15971.2002000000 -6.4667800000 1.6383740000
15973.2002000000 -6.4535420000 1.6361210000
15975.2998100000 -6.4398230000 1.6337560000
15977.4003900000 -6.4262780000 1.6313910000
15979.4003900000 -6.4135470000 1.6291390000
15981.5000000000 -6.4003490000 1.6267780000
15983.5000000000 -6.3879260000 1.6245280000
15985.5996100000 -6.3750350000 1.6221670000
15987.7002000000 -6.3622920000 1.6198040000
15989.7002000000 -6.3502990000 1.6175570000
15991.7998100000 -6.3378520000 1.6151980000
15993.9003900000 -6.3255340000 1.6128390000
15995.9003900000 -6.3139340000 1.6105930000
15998.0000000000 -6.3018830000 1.6082350000
16000.0000000000 -6.2905240000 1.6059910000
16002.0996100000 -6.2787190000 1.6036360000
16004.2002000000 -6.2670350000 1.6012800000
16006.2002000000 -6.2560110000 1.5990370000
16008.2998100000 -6.2445650000 1.5966850000
16010.4003900000 -6.2332090000 1.5943300000
16012.4003900000 -6.2225100000 1.5920920000
16014.5000000000 -6.2113750000 1.5897400000
16016.5996100000 -6.2003430000 1.5873890000
16018.5996100000 -6.1899250000 1.5851500000
16020.7002000000 -6.1790880000 1.5828000000
16022.7998100000 -6.1683460000 1.5804510000
16024.9003900000 -6.1576990000 1.5781030000
16026.9003900000 -6.1476400000 1.5758670000
16029.0000000000 -6.1371790000 1.5735220000
16031.0996100000 -6.1267970000 1.5711760000
16033.0996100000 -6.1169840000 1.5689410000
16035.2002000000 -6.1067670000 1.5665970000
16037.2998100000 -6.0966320000 1.5642530000
16039.4003900000 -6.0865760000 1.5619100000
16041.4003900000 -6.0770690000 1.5596780000
16043.5000000000 -6.0671660000 1.5573360000
16045.5996100000 -6.0573470000 1.5549970000
16047.7002000000 -6.0475840000 1.5526550000
16049.7998100000 -6.0379100000 1.5503170000
16051.7998100000 -6.0287510000 1.5480890000
16053.9003900000 -6.0192060000 1.5457510000
16056.0000000000 -6.0097290000 1.5434130000
16058.0996100000 -6.0003190000 1.5410770000
16060.0996100000 -5.9914140000 1.5388510000
16062.2002000000 -5.9821310000 1.5365150000
16064.2998100000 -5.9729100000 1.5341810000
16066.4003900000 -5.9637520000 1.5318460000
16068.5000000000 -5.9546540000 1.5295130000
16070.5996100000 -5.9456170000 1.5271810000
16072.5996100000 -5.9370680000 1.5249610000
16074.7002000000 -5.9281440000 1.5226300000
16076.7998100000 -5.9192770000 1.5202990000
16078.9003900000 -5.9104570000 1.5179670000
16081.0000000000 -5.9017080000 1.5156400000
16083.0996100000 -5.8930040000 1.5133120000
16085.2002000000 -5.8843540000 1.5109840000
16087.2002000000 -5.8761610000 1.5087670000
16089.2998100000 -5.8676110000 1.5064410000
16091.4003900000 -5.8591120000 1.5041160000
16093.5000000000 -5.8506620000 1.5017910000
16095.5996100000 -5.8422620000 1.4994670000
16097.7002000000 -5.8339090000 1.4971440000
16099.7998100000 -5.8256040000 1.4948210000
16101.9003900000 -5.8173450000 1.4924980000
16104.0000000000 -5.8091320000 1.4901770000
16106.0000000000 -5.8013490000 1.4879670000
16108.0996100000 -5.7932310000 1.4856480000
16110.2002000000 -5.7851420000 1.4833270000
16112.2998100000 -5.7771120000 1.4810100000
16114.4003900000 -5.7691090000 1.4786910000
16116.5000000000 -5.7611550000 1.4763740000
16118.5996100000 -5.7532500000 1.4740590000
16120.7002000000 -5.7453710000 1.4717420000
16122.7998100000 -5.7375470000 1.4694290000
16124.9003900000 -5.7297490000 1.4671130000
16127.0000000000 -5.7219970000 1.4647990000
16129.0996100000 -5.7142900000 1.4624880000
16131.2002000000 -5.7066070000 1.4601740000
16133.2998100000 -5.6989770000 1.4578640000
16135.4003900000 -5.6913690000 1.4555510000
16137.5000000000 -5.6838040000 1.4532410000
16139.5996100000 -5.6762830000 1.4509330000
16141.7002000000 -5.6687840000 1.4486230000
16143.7998100000 -5.6613260000 1.4463150000
16227.0615200000 -5.3898840000 1.3553680000
16544.3418000000 -4.6141460000 1.0185590000
16867.8242200000 -4.0437700000 0.6904260000
17197.6328100000 -3.5977850000 0.3730250000
17533.8906300000 -3.2126060000 0.0647650000
17876.7207000000 -2.8830020000 9.7647380000
18226.2558600000 -2.5968670000 9.4727170000
18582.6250000000 -2.3460280000 9.1884860000
18945.9628900000 -2.1246210000 8.9118330000
19316.4023400000 -1.9282520000 8.6425580000
19694.0878900000 -1.7535090000 8.3804620000
20079.1562500000 -1.5876010000 8.1237430000
20471.7539100000 -1.4480920000 7.8733170000
20872.0273400000 -1.3439130000 7.6318100000
21280.1289100000 -1.2344780000 7.3984790000
21696.2070300000 -1.1368450000 7.1718020000
22120.4238300000 -1.0498500000 6.9516030000
22552.9335900000 -0.9724820000 6.7377140000
22993.8984400000 -0.9038570000 6.5299670000
23443.4882800000 -0.8431920000 6.3281970000
23901.8671900000 -0.7897950000 6.1322480000
24369.2070300000 -0.7430480000 5.9419650000
24845.6875000000 -0.7023970000 5.7571940000
25331.4824200000 -0.6673430000 5.5777910000
25826.7753900000 -0.6374400000 5.4036100000
26331.7539100000 -0.6099830000 5.2343830000
26846.6054700000 -0.5891900000 5.0701310000
27371.5234400000 -0.5724150000 4.9110760000
27906.7070300000 -0.5593200000 4.7567110000
28452.3515600000 -0.5496220000 4.6069090000
29008.6660200000 -0.5430620000 4.4615400000
29575.8593800000 -0.5394000000 4.3204830000
30154.1406300000 -0.5384180000 4.1836180000
30743.7304700000 -0.5411760000 4.0509050000
31344.8476600000 -0.5450920000 3.9222310000
31957.7168000000 -0.5521650000 3.7974740000
32582.5703100000 -0.5602190000 3.6765630000
33219.6406300000 -0.5700580000 3.5593250000
33869.1679700000 -0.5815450000 3.4456530000
34531.3945300000 -0.5945560000 3.3354450000
35206.5703100000 -0.6089760000 3.2286010000
35894.9492200000 -0.6247000000 3.1250200000
36596.7851600000 -0.6416320000 3.0246100000
37312.3437500000 -0.6596830000 2.9272780000
38041.8906300000 -0.6787730000 2.8329340000
38785.7070300000 -0.6988290000 2.7414880000
39544.0625000000 -0.7198210000 2.6528580000
40317.2500000000 -0.7416180000 2.5669610000
41105.5546900000 -0.7642030000 2.4837150000
41909.2695300000 -0.7875280000 2.4030440000
42728.6992200000 -0.8115520000 2.3248710000
43564.1523400000 -0.8362410000 2.2491210000
44415.9414100000 -0.8615640000 2.1757240000
45284.3867200000 -0.8874970000 2.1046100000
46169.8085900000 -0.9140230000 2.0357100000
47072.5429700000 -0.9411280000 1.9689600000
47992.9296900000 -0.9686420000 1.9042940000
48931.3125000000 -0.9968930000 1.8416500000
49888.0429700000 -1.0257230000 1.7809680000
50863.4765600000 -1.0551460000 1.7221900000
51857.9843800000 -1.0851800000 1.6652600000
52871.9375000000 -1.1158540000 1.6101210000
53905.7187500000 -1.1473790000 1.5567230000
54959.7109400000 -1.1794480000 1.5050120000
56034.3085900000 -1.2123990000 1.4549360000
57129.9218800000 -1.2469760000 1.4064760000
58246.9531300000 -1.2816030000 1.3595740000
59385.8281300000 -1.3172690000 1.3141600000
60546.9687500000 -1.3540970000 1.2701900000
61730.8125000000 -1.3922360000 1.2276210000
62937.8046900000 -1.4318660000 1.1864080000
64168.3984400000 -1.4732030000 1.1465110000
65423.0507800000 -1.5168750000 1.1078910000
66702.2343800000 -1.5649050000 1.0706080000
68006.4296900000 -1.6137440000 1.0345760000
69336.1250000000 -1.6682960000 0.9997850000
70691.8203100000 -1.7235900000 0.9662150000
72074.0234400000 -1.7835400000 0.9337320000
73483.2500000000 -1.8492470000 0.9023010000
74920.0312500000 -1.9222100000 0.8718890000
76384.9062500000 -2.0066290000 0.8424870000
77878.4218800000 -2.1013780000 0.8140680000
79401.1406300000 -2.2133780000 0.7865740000
80953.6328100000 -2.3500580000 0.7600960000
82536.4765600000 -2.5247550000 0.7345720000
84150.2734400000 -2.7653340000 0.7098970000
85795.6250000000 -3.1396550000 0.6860450000
87473.1406300000 -3.8821510000 0.6629870000
89183.4609400000 -10.7546230000 3.0685440000
90927.2187500000 -0.3026900000 2.9777360000
92705.0781300000 -3.9471180000 2.8893220000
94517.6953100000 -4.7963200000 2.8032470000
96365.7500000000 -5.7120330000 2.7194570000
98249.9453100000 -8.0289410000 2.6379010000
100170.9766000000 -62.8097690000 2.5585270000
102129.5703000000 2.4270760000 2.4812840000
104126.4609000000 -0.5663580000 2.4061240000
106162.3906000000 -1.5361590000 2.3329970000
108238.1328000000 -2.0574890000 2.2618570000
110354.4609000000 -2.4340110000 2.1926570000
112512.1641000000 -2.7813230000 2.1253510000
114712.0547000000 -3.1805110000 2.0598940000
116954.9688000000 -3.7440490000 1.9962420000
119241.7266000000 -4.7436280000 1.9343530000
121573.2031000000 -7.3086470000 1.8741840000
123950.2656000000 -33.8789440000 1.8156930000
126373.8047000000 6.8153470000 1.7592420000
128844.7266000000 1.9966780000 1.7045430000
131363.9688000000 0.6177260000 1.6514490000
133932.4531000000 -0.0456260000 1.5999170000
136551.1719000000 -0.4432070000 1.5499010000
139221.0938000000 -0.7147780000 1.5013620000
141943.2188000000 -0.9184890000 1.4542580000
144718.5625000000 -1.0834320000 1.4085490000
147548.1719000000 -1.2264360000 1.3641970000
150433.1094000000 -1.3587230000 1.3211640000
153374.4531000000 -1.4891190000 1.2794120000
156373.2969000000 -1.6260360000 1.2389070000
159430.7969000000 -1.7792890000 1.1996120000
162548.0625000000 -1.9626050000 1.1614960000
165726.2813000000 -2.1983910000 1.1245230000
168966.6406000000 -2.5288820000 1.0886620000
172270.3750000000 -3.0479930000 1.0538820000
175638.6875000000 -4.0206920000 1.0201520000
179072.8594000000 -6.6110420000 0.9874420000
182574.1875000000 -38.4262920000 0.9557230000
186143.9688000000 6.9425950000 0.9253590000
189783.5469000000 2.5489520000 0.8960260000
193494.2969000000 1.2579860000 0.8676150000
197277.5938000000 0.6361660000 0.8400960000
201134.8594000000 0.2677100000 0.8134400000
205067.5469000000 0.0223250000 0.7876220000
209077.1406000000 -0.1539640000 0.7626160000
213165.1250000000 -0.2875820000 0.7383950000
217333.0313000000 -0.3930040000 0.7149360000
221582.4375000000 -0.4788420000 0.6922140000
225914.9219000000 -0.5505470000 0.6702080000
230332.1250000000 -0.6117480000 0.6488940000
234835.7031000000 -0.6649620000 0.6282500000
239427.3281000000 -0.7119960000 0.6082570000
244108.7344000000 -0.7541920000 0.5888940000
248881.6719000000 -0.7925700000 0.5701400000
253747.9219000000 -0.8279350000 0.5519780000
258709.3281000000 -0.8609320000 0.5343880000
263767.7500000000 -0.8921000000 0.5173530000
268925.0625000000 -0.9219020000 0.5008560000
274183.2188000000 -0.9507500000 0.4848790000
279544.1875000000 -0.9790260000 0.4694060000
285010.0000000000 -1.0071020000 0.4544220000
290582.6563000000 -1.0353530000 0.4399110000
296264.2500000000 -1.0641830000 0.4258580000
302056.9688000000 -1.0940370000 0.4122500000
307962.9375000000 -1.1254400000 0.3990720000
313984.3750000000 -1.1590230000 0.3863100000
320123.5625000000 -1.1955870000 0.3739530000
326382.7813000000 -1.2361750000 0.3619860000
332764.3750000000 -1.2822040000 0.3503990000
339270.7500000000 -1.3356660000 0.3391780000
345904.3438000000 -1.3994790000 0.3283120000
352667.6563000000 -1.4781320000 0.3177910000
359563.1875000000 -1.5789260000 0.3076040000
366593.5625000000 -1.7146250000 0.2977400000
373761.3750000000 -1.9098010000 0.2881880000
381069.3438000000 -2.2186460000 0.2789400000
388520.2188000000 -2.7889970000 0.2699850000
396116.7500000000 -4.2186990000 0.2613140000
403861.8125000000 -14.7258460000 0.2529190000
411758.3438000000 5.3770580000 0.2447910000
419809.2500000000 1.6302820000 0.2369210000
428017.5625000000 0.6699720000 0.2293010000
436386.3750000000 0.2285260000 0.2219240000
444918.8125000000 -0.0260950000 0.2147810000
453618.0938000000 -0.1923660000 0.2078660000
462487.4688000000 -0.3098550000 0.2011710000
471530.2500000000 -0.3975420000 0.1946890000
480749.8438000000 -0.4656700000 0.1884140000
490149.7188000000 -0.5202570000 0.1823380000
499733.3750000000 -0.5650690000 0.1764570000
509504.4063000000 -0.6025850000 0.1707630000
519466.5000000000 -0.6345050000 0.1652510000
529623.3750000000 -0.6620340000 0.1599150000
539978.8125000000 -0.6860500000 0.1547490000
550536.7500000000 -0.7072060000 0.1497480000
561301.1250000000 -0.7260020000 0.1449070000
572276.0000000000 -0.7428250000 0.1402210000
583465.4375000000 -0.7579790000 0.1356850000
594873.6250000000 -0.7717090000 0.1312940000
606504.8750000000 -0.7842110000 0.1270430000
618363.5625000000 -0.7956470000 0.1229280000
630454.1250000000 -0.8061500000 0.1189460000
642781.1250000000 -0.8158310000 0.1150910000
655349.0625000000 -0.8247840000 0.1113590000
668162.8125000000 -0.8330870000 0.1077470000
681227.0625000000 -0.8408100000 0.1042510000
694546.7500000000 -0.8480100000 0.1008670000
