30.0000000000 -78.2022400000 2.2032840000
30.5865750000 -77.9595640000 2.5257860000
31.1846200000 -77.7023770000 2.8438170000
31.7943570000 -77.4307710000 3.1565570000
32.4160160000 -77.1448970000 3.4631870000
33.0498310000 -76.8449630000 3.7628920000
33.6960370000 -76.5312120000 4.0548520000
34.3548770000 -76.2039570000 4.3382630000
35.0266040000 -75.8635640000 4.6123290000
35.7114600000 -75.5104450000 4.8762690000
36.4097100000 -75.1450810000 5.1293210000
37.1216090000 -74.7679820000 5.3707460000
37.8474310000 -74.3797380000 5.5998290000
38.5874440000 -73.9809570000 5.8158880000
39.3419230000 -73.5785520000 6.0185720000
40.1111560000 -73.1606750000 6.2069910000
40.8954320000 -72.7344210000 6.3805330000
41.6950380000 -72.3005830000 6.5386710000
42.5102810000 -71.8600080000 6.6809200000
43.3414650000 -71.4135820000 6.8068410000
44.1888960000 -70.9622190000 6.9160440000
45.0529020000 -70.5068590000 7.0082000000
45.9338000000 -70.0484920000 7.0830210000
46.8319210000 -69.5881120000 7.1402850000
47.7476010000 -69.1267400000 7.1798250000
48.6811870000 -68.6654210000 7.2015250000
49.6330260000 -68.2052150000 7.2053320000
50.6034740000 -67.7472150000 7.1912520000
51.5928990000 -67.2924960000 7.1593480000
52.6016690000 -65.9944230000 7.1007540000
53.6301650000 -65.5311660000 6.9873430000
54.6787680000 -65.0771330000 6.8551030000
55.7478750000 -64.6335830000 6.7044910000
56.8378870000 -64.2017970000 6.5360180000
57.9492070000 -63.7830770000 6.3502620000
59.0822600000 -63.3787570000 6.1478440000
60.2374690000 -62.9902150000 5.9294450000
61.4152600000 -63.5538940000 5.7048460000
62.6160810000 -63.2130390000 5.5071730000
63.8403850000 -62.8895490000 5.2965360000
65.0886230000 -62.5853840000 5.0735460000
66.3612670000 -62.3028980000 4.8388410000
67.6587980000 -62.0450520000 4.5930820000
68.9816970000 -61.8157580000 4.3369560000
70.3304600000 -61.6204220000 4.0711690000
71.7055970000 -61.4669720000 3.7964370000
73.1076200000 -61.3677860000 3.5134950000
74.5370640000 -61.3437390000 3.2230880000
75.9944460000 -62.0010990000 5.4140640000
77.4803310000 -60.6797490000 4.9772280000
78.9952620000 -59.9886860000 4.5444970000
80.5398180000 -59.4920230000 4.1158970000
82.1145710000 -59.1024740000 3.6915050000
83.7201160000 -58.7864990000 3.2714520000
85.3570560000 -58.5277180000 2.8559060000
87.0260010000 -58.3171310000 2.4450670000
88.7275770000 -58.1496960000 2.0391620000
90.4624250000 -58.0229260000 1.6384350000
92.2311940000 -57.9363750000 1.2431490000
94.0345380000 -57.8917160000 0.8535730000
95.8731540000 -57.8934560000 0.4699780000
97.7477110000 -57.9506530000 0.0926440000
99.6589200000 -59.9122770000 1.3462630000
101.6075060000 -57.9778140000 0.8882900000
103.5941850000 -57.5811880000 0.4438710000
105.6197130000 -57.3694690000 0.0127480000
107.6848450000 -57.2523310000 9.5946960000
109.7903520000 -57.2005620000 9.1895120000
111.9370270000 -57.2018360000 8.7970090000
114.1256790000 -57.2512630000 8.4170110000
116.3571170000 -57.3491480000 8.0493550000
118.6321950000 -57.7770230000 7.9931360000
120.9517520000 -57.6452870000 7.6809810000
123.3166580000 -57.8578070000 7.6038770000
125.7278060000 -57.8546560000 7.3452740000
128.1860960000 -57.9501530000 7.1037030000
130.6924590000 -58.0809860000 6.8793820000
133.2478330000 -58.2373810000 6.6725350000
135.8531490000 -58.4163820000 6.4834040000
138.5094300000 -58.6073420000 6.4227460000
141.2176360000 -58.7710880000 6.2724620000
143.9787900000 -58.9584470000 6.1406510000
146.7939300000 -59.1607250000 6.0275650000
149.6641240000 -59.3747370000 5.9334600000
152.5904390000 -59.5985950000 5.8585880000
155.5739590000 -59.8308910000 5.8032050000
158.6158140000 -60.0704540000 5.7675610000
161.7171480000 -60.3162230000 5.7519010000
164.8791350000 -60.5672110000 5.7564610000
168.1029360000 -60.8224750000 5.7814710000
171.3897710000 -61.0810590000 5.8271480000
174.7408600000 -61.3420640000 5.8936940000
178.1574860000 -61.6045570000 5.9812940000
181.6409150000 -61.8244020000 6.0900610000
185.1924440000 -62.0854990000 6.2189340000
188.8134160000 -62.3452110000 6.3691960000
192.5051880000 -62.6025660000 6.5409310000
196.2691500000 -62.8565830000 6.7341860000
200.1067050000 -63.1062430000 6.9489710000
204.0192870000 -63.3505550000 7.1852550000
208.0083770000 -63.5884630000 7.4429640000
212.0754700000 -63.8189160000 7.7219760000
216.2220760000 -64.0408550000 8.0221150000
220.4497530000 -64.2532200000 8.3431500000
224.7601010000 -64.4549100000 8.6847970000
229.1547240000 -64.6448670000 9.0467000000
233.6352690000 -64.8219910000 9.4284440000
238.2034300000 -64.9852220000 9.8295440000
242.8609010000 -65.1334990000 0.2494410000
247.6094360000 -65.8019180000 0.6928070000
252.4508210000 -65.8964690000 1.1631820000
257.3868710000 -65.9736180000 1.6490130000
262.4194340000 -66.0324400000 2.1495270000
267.5503850000 -66.0720370000 2.6638620000
272.7816770000 -66.0915680000 3.1910840000
278.1152340000 -66.0902710000 3.7301650000
283.5530700000 -66.0674440000 4.2800030000
289.0972600000 -66.3950580000 4.8429150000
294.7498170000 -66.3154300000 5.4210570000
300.5129390000 -66.2130580000 6.0054550000
306.3887020000 -65.8954240000 6.5864050000
312.3793640000 -65.7417140000 7.1684340000
318.4871830000 -65.5653840000 7.7518960000
324.7143860000 -65.3668670000 8.3352050000
331.0633850000 -65.1469190000 8.9167480000
337.5364990000 -64.9066700000 9.4948440000
344.1361690000 -64.6478120000 0.0677830000
350.8648990000 -64.3727260000 0.6338230000
357.7251890000 -64.0848770000 1.1912020000
364.7196040000 -63.7893070000 1.7381290000
371.8508000000 -63.4936450000 2.2728290000
379.1213990000 -63.2100830000 2.7935120000
386.5341800000 -63.7230570000 4.0591030000
394.0918880000 -62.5904880000 4.6098650000
401.7973630000 -62.0202600000 5.1446880000
409.6535340000 -61.6675760000 6.2005630000
417.6632690000 -60.8660090000 6.7413540000
425.8296200000 -60.1654240000 7.2639010000
434.1556700000 -59.4764100000 7.7666910000
442.6445010000 -58.7822570000 8.2482570000
451.2993160000 -58.0772900000 8.7071820000
460.1233520000 -57.3594510000 9.1421070000
469.1199040000 -56.6283260000 9.5517370000
478.2923890000 -54.9861180000 9.9125370000
487.6441960000 -54.2017750000 0.2180250000
497.1788640000 -53.3214570000 0.4891930000
506.8999330000 -52.5215420000 0.7262100000
516.8110960000 -51.7189790000 0.9301090000
526.9160770000 -50.9167370000 1.1003250000
537.2185670000 -50.1183360000 1.2363950000
547.7225340000 -49.3416980000 1.3381610000
558.4318850000 -48.5649600000 1.4058000000
569.3506470000 -47.8083610000 1.4386580000
580.4828490000 -47.0813870000 1.4367470000
591.8327640000 -46.3981130000 1.4001940000
603.4046020000 -45.7814370000 1.3292370000
615.2026370000 -45.4895670000 3.0193250000
627.2313840000 -44.0397340000 2.8936390000
639.4953610000 -42.9205860000 2.7343940000
651.9990840000 -41.9123610000 2.5422400000
664.7473140000 -40.9689290000 2.3179400000
677.7447510000 -40.0743900000 2.0623320000
690.9963990000 -39.2232020000 1.7763630000
704.5070800000 -38.4151040000 1.4610600000
718.2819820000 -37.6542890000 1.1175190000
732.3261720000 -36.9236150000 1.1417870000
746.6450200000 -36.0649680000 0.7537310000
761.2437740000 -35.2837300000 0.3411520000
776.1279910000 -34.5523950000 9.9054110000
791.3032230000 -33.8651770000 9.4479240000
806.7752080000 -33.2217450000 8.9701520000
822.5496830000 -32.6248320000 8.4736020000
838.6325680000 -32.0806240000 7.9598160000
855.0299680000 -31.6429330000 7.9764120000
871.7479250000 -30.9176640000 7.4361040000
888.7927860000 -30.3150650000 6.8831410000
906.1708980000 -29.7752900000 6.3191490000
923.8888550000 -29.2847580000 5.7457540000
941.9531860000 -28.8383810000 5.1645950000
960.3707280000 -28.4338630000 4.5772970000
979.1483760000 -28.0701080000 3.9854850000
998.2931520000 -27.7466560000 3.3907680000
1017.8123170000 -27.4214210000 3.0252380000
1037.7131350000 -27.1088050000 2.6804540000
1058.0029300000 -26.8093240000 2.3343430000
1078.6895750000 -26.5234640000 1.9870070000
1099.7806400000 -26.2511200000 1.6385970000
1121.2841800000 -25.9922490000 1.2892670000
1143.2080080000 -25.7468570000 0.9391650000
1165.5606690000 -25.5149960000 0.5884460000
1188.3502200000 -25.2967640000 0.2372740000
1211.5854490000 -25.0922890000 9.8858010000
1235.2750240000 -24.9045510000 9.5343760000
1259.4277340000 -24.7284160000 9.1831070000
1284.0527340000 -24.5666330000 8.8320850000
1309.1591800000 -24.4194770000 8.4814740000
1334.7564700000 -24.2872660000 8.1314430000
1360.8542480000 -24.1703590000 7.7821600000
1387.4624020000 -24.0691740000 7.4337940000
1414.5908200000 -23.9841900000 7.0865150000
1442.2495120000 -23.9257830000 6.7409190000
1470.4492190000 -23.8753640000 6.3972070000
1499.2000730000 -23.8429260000 6.0551720000
1528.5131840000 -23.8292660000 5.7149840000
1558.3995360000 -24.0776580000 5.3826600000
1588.8701170000 -24.1119560000 5.0601180000
1619.9365230000 -24.1673830000 4.7405850000
1651.6103520000 -24.4367100000 4.4322560000
1683.9034420000 -24.5437260000 4.1296400000
1716.8280030000 -24.6762770000 3.8307290000
1750.3962400000 -24.8367310000 3.5355630000
1784.6208500000 -25.0279690000 3.2441720000
1819.5146480000 -25.2535320000 2.9565860000
1855.0908200000 -25.5178300000 2.6728300000
1891.3624270000 -25.8248670000 2.3929020000
1928.3432620000 -26.1849230000 2.1168270000
1966.0472410000 -26.6059630000 1.8446380000
2004.4884030000 -27.1009010000 1.5763490000
2043.6811520000 -27.6879980000 1.3119730000
2083.6401370000 -28.3944000000 1.0515160000
2124.3806150000 -29.2631230000 0.7949820000
2165.9174800000 -30.3683170000 0.5423770000
2208.2666020000 -31.8530080000 0.2936990000
2251.4438480000 -34.1667290000 0.0512140000
2295.4653320000 -37.9528920000 9.8139920000
2340.3474120000 -47.1458890000 9.5826700000
2386.1069340000 -123.0348660000 9.3556190000
2432.7612300000 -22.0730630000 0.3959240000
2480.3278810000 -59.4367600000 2.0339430000
2528.8244630000 -2.7105120000 4.7448430000
2578.2692870000 -4.3013830000 0.9669800000
2628.6809080000 -10.3078590000 1.2464900000
2680.0783690000 -15.6049780000 6.8829520000
2732.4804690000 -20.0277880000 4.8936670000
2785.9074710000 -23.9034940000 4.2173040000
2840.3789060000 -27.4438990000 4.5855070000
2895.9152830000 -30.5240590000 6.2582870000
2952.5378420000 -33.5921820000 0.2351440000
3010.2673340000 -19.3311920000 1.4804020000
3069.1254880000 -17.4418910000 0.4974350000
3129.1347660000 -16.0937330000 9.5749490000
3190.3171390000 -15.1069930000 8.6777310000
3252.6958010000 -14.3559350000 7.8172990000
3316.2941890000 -13.8361710000 6.9923950000
3381.1359860000 -13.7396850000 6.2016390000
3447.2456050000 -13.1556860000 7.2113690000
3514.6479490000 -12.0120170000 6.3969190000
3583.3681640000 -11.3618250000 5.6288850000
3653.4318850000 -11.0215840000 4.9049910000
3724.8657230000 -10.7859590000 5.2959020000
3797.6960450000 -9.8059640000 4.6481690000
3871.9506840000 -8.7934880000 4.0105290000
3947.6569820000 -8.2660050000 3.3543450000
4024.8435060000 -7.8152450000 2.7235300000
4103.5390630000 -7.4210470000 2.1176360000
4183.7739260000 -7.0718010000 1.5363810000
4265.5771480000 -6.7596440000 0.9796980000
4348.9794920000 -6.4786120000 0.4477060000
4434.0131840000 -6.2237070000 9.9407250000
4520.7089840000 -5.6569190000 9.3994080000
4609.1005860000 -5.4131680000 8.8670220000
4699.2197270000 -5.1914870000 8.3476470000
4791.1015630000 -4.9788630000 7.8408470000
4884.7792970000 -4.7896070000 7.3445700000
4980.2890630000 -4.6201830000 6.8599830000
5077.6660160000 -4.4705080000 6.3868390000
5176.9472660000 -4.3360710000 5.9252280000
5278.1694340000 -4.2158850000 5.4749210000
5381.3710940000 -4.1090600000 5.0356860000
5486.5903320000 -4.0147860000 4.6072940000
5593.8666990000 -3.9323240000 4.1895230000
5703.2412110000 -3.8610060000 3.7821470000
5814.7534180000 -3.8002170000 3.3849550000
5928.4467770000 -3.7633500000 2.9979250000
6044.3627930000 -3.7251210000 2.6220070000
6162.5449220000 -3.6930070000 2.2557130000
6283.0380860000 -3.6693320000 1.8988160000
6405.8872070000 -3.6537070000 1.5511140000
6531.1386720000 -3.6457860000 1.2123980000
6658.8383790000 -3.6452540000 0.8824730000
6789.0356450000 -3.6518350000 0.5611360000
6921.7783200000 -3.6785430000 0.2491550000
7057.1162110000 -3.7020410000 9.9459260000
7195.1005860000 -3.7288360000 9.6507900000
7335.7827150000 -3.7778770000 9.3638340000
7479.2158200000 -3.8215400000 9.0850180000
7625.4531250000 -3.8665610000 8.8139970000
7774.5498050000 -3.9321330000 8.5507350000
7926.5620120000 -3.9888120000 8.2946680000
8081.5458980000 -4.0514890000 8.0455940000
8239.5605470000 -4.1202750000 7.8033400000
8400.6640630000 -4.1953440000 7.5677380000
8564.9189450000 -4.2769420000 7.3386240000
8732.3837890000 -4.3654010000 7.1158370000
8903.1240230000 -4.4611260000 6.8992730000
9077.2021480000 -4.5623480000 6.6916320000
9254.6845700000 -4.6711970000 6.4899240000
9435.6367190000 -4.7883760000 6.2939910000
9620.1269530000 -4.9147670000 6.1036750000
9808.2246090000 -5.0514790000 5.9188220000
10000.0000000000 -5.1999200000 5.7392850000
10195.5253900000 -5.3618940000 5.5649170000
10394.8730500000 -5.5401690000 5.3955820000
10598.1191400000 -5.7370360000 5.2311600000
10805.3388700000 -5.9582990000 5.0715080000
11016.6103500000 -6.2074490000 4.9165460000
11232.0127000000 -6.4942250000 4.7660890000
11451.6259800000 -6.8324700000 4.6200120000
11675.5341800000 -7.2425970000 4.4782100000
11903.8203100000 -7.7651410000 4.3405470000
12136.5693400000 -8.4867800000 4.2069050000
12373.8701200000 -9.6642220000 4.0771720000
12487.0996100000 -10.6490760000 4.0174630000
12488.4003900000 -10.6639030000 4.0167850000
12489.5996100000 -10.6776690000 4.0161600000
12490.9003900000 -10.6927180000 4.0154820000
12492.0996100000 -10.7067030000 4.0148580000
12493.4003900000 -10.7219830000 4.0141800000
12494.5996100000 -10.7361720000 4.0135560000
12495.9003900000 -10.7516880000 4.0128790000
12497.2002000000 -10.7673190000 4.0122030000
12498.4003900000 -10.7818710000 4.0115790000
12499.7002000000 -10.7977500000 4.0109020000
12500.9003900000 -10.8125240000 4.0102790000
12502.2002000000 -10.8286590000 4.0096040000
12503.5000000000 -10.8449310000 4.0089280000
12504.7002000000 -10.8600850000 4.0083040000
12506.0000000000 -10.8766140000 4.0076290000
12507.2002000000 -10.8920200000 4.0070060000
12508.5000000000 -10.9088400000 4.0063310000
12509.7998100000 -10.9258080000 4.0056570000
12511.0000000000 -10.9416030000 4.0050340000
12512.2998100000 -10.9588630000 4.0043600000
12513.5996100000 -10.9762800000 4.0036860000
12514.7998100000 -10.9925100000 4.0030640000
12516.0996100000 -11.0102360000 4.0023900000
12517.2998100000 -11.0267430000 4.0017690000
12518.5996100000 -11.0447880000 4.0010950000
12519.9003900000 -11.0630190000 4.0004220000
12521.0996100000 -11.0799870000 3.9998000000
12522.4003900000 -11.0985560000 3.9991270000
12523.7002000000 -11.1172780000 3.9984550000
12524.9003900000 -11.1347480000 3.9978340000
12526.2002000000 -11.1538410000 3.9971610000
12527.5000000000 -11.1731260000 3.9964890000
12528.7002000000 -11.1910980000 3.9958690000
12530.0000000000 -11.2107630000 3.9951970000
12531.2998100000 -11.2306300000 3.9945260000
12532.5000000000 -11.2491660000 3.9939050000
12533.7998100000 -11.2694360000 3.9932340000
12535.0996100000 -11.2899220000 3.9925630000
12536.2998100000 -11.3090250000 3.9919440000
12537.5996100000 -11.3299390000 3.9912730000
12538.9003900000 -11.3510980000 3.9906020000
12540.0996100000 -11.3708070000 3.9899840000
12541.4003900000 -11.3924230000 3.9893130000
12542.7002000000 -11.4142680000 3.9886430000
12543.9003900000 -11.4346700000 3.9880240000
12545.2002000000 -11.4570040000 3.9873540000
12546.5000000000 -11.4796000000 3.9866850000
12547.7998100000 -11.5024630000 3.9860150000
12549.0000000000 -11.5238100000 3.9853980000
12550.2998100000 -11.5472090000 3.9847290000
12551.5996100000 -11.5708950000 3.9840600000
12552.7998100000 -11.5930370000 3.9834420000
12554.0996100000 -11.6172970000 3.9827740000
12555.4003900000 -11.6418860000 3.9821050000
12556.5996100000 -11.6648260000 3.9814880000
12557.9003900000 -11.6900340000 3.9808200000
12559.2002000000 -11.7155560000 3.9801520000
12560.5000000000 -11.7414210000 3.9794840000
12561.7002000000 -11.7656050000 3.9788680000
12563.0000000000 -11.7921560000 3.9782010000
12564.2998100000 -11.8190770000 3.9775340000
12565.5996100000 -11.8463800000 3.9768670000
12566.7998100000 -11.8719470000 3.9762510000
12568.0996100000 -11.9000150000 3.9755840000
12569.4003900000 -11.9285180000 3.9749170000
12570.7002000000 -11.9574280000 3.9742510000
12571.9003900000 -11.9845010000 3.9736360000
12573.2002000000 -12.0142690000 3.9729700000
12574.5000000000 -12.0445030000 3.9723050000
12575.7998100000 -12.0752190000 3.9716390000
12577.0000000000 -12.1040100000 3.9710250000
12578.2998100000 -12.1356950000 3.9703590000
12579.5996100000 -12.1679110000 3.9696940000
12580.9003900000 -12.2006970000 3.9690290000
12582.0996100000 -12.2314370000 3.9684150000
12583.4003900000 -12.2653290000 3.9677500000
12584.7002000000 -12.2998010000 3.9670860000
12586.0000000000 -12.3349000000 3.9664220000
12587.2002000000 -12.3678700000 3.9658090000
12588.5000000000 -12.4042400000 3.9651450000
12589.7998100000 -12.4413070000 3.9644810000
12591.0996100000 -12.4790990000 3.9638170000
12592.4003900000 -12.5176730000 3.9631540000
12593.5996100000 -12.5539150000 3.9625420000
12594.9003900000 -12.5940270000 3.9618780000
12596.2002000000 -12.6349560000 3.9612150000
12597.5000000000 -12.6767710000 3.9605530000
12598.7998100000 -12.7195100000 3.9598900000
12600.0000000000 -12.7598440000 3.9592780000
12601.2998100000 -12.8044780000 3.9586160000
12602.5996100000 -12.8501300000 3.9579550000
12603.9003900000 -12.8969550000 3.9572920000
12605.2002000000 -12.9449030000 3.9566310000
12606.4003900000 -12.9902730000 3.9560200000
12607.7002000000 -13.0406160000 3.9553580000
12609.0000000000 -13.0923020000 3.9546970000
12610.2998100000 -13.1454040000 3.9540360000
12611.5996100000 -13.2000000000 3.9533750000
12612.9003900000 -13.2562170000 3.9527140000
12614.0996100000 -13.3095070000 3.9521050000
12615.4003900000 -13.3690370000 3.9514440000
12615.8105500000 -13.3881880000 3.9512360000
12616.7002000000 -13.4304040000 3.9507840000
12618.0000000000 -13.4937710000 3.9501240000
12619.2998100000 -13.5592740000 3.9494640000
12620.5996100000 -13.6270610000 3.9488050000
12621.7998100000 -13.6917940000 3.9481960000
12623.0996100000 -13.7644500000 3.9475370000
12624.4003900000 -13.8399790000 3.9468770000
12625.7002000000 -13.9184980000 3.9462180000
12627.0000000000 -14.0003150000 3.9455590000
12628.2998100000 -14.0857180000 3.9449010000
12629.5996100000 -14.1750350000 3.9442420000
12630.7998100000 -14.2613360000 3.9436340000
12632.0996100000 -14.3592070000 3.9429760000
12633.4003900000 -14.4624000000 3.9423180000
12634.7002000000 -14.5712710000 3.9416600000
12636.0000000000 -14.6865670000 3.9410030000
12637.2998100000 -14.8090930000 3.9403450000
12638.5996100000 -14.9398110000 3.9396880000
12639.9003900000 -15.0799970000 3.9390310000
12641.0996100000 -15.2188400000 3.9384240000
12642.4003900000 -15.3814080000 3.9377670000
12643.7002000000 -15.5585560000 3.9371100000
12645.0000000000 -15.7533100000 3.9364540000
12646.2998100000 -15.9693780000 3.9357980000
12647.5996100000 -16.2123910000 3.9351420000
12648.9003900000 -16.4899790000 3.9344860000
12650.2002000000 -16.8130510000 3.9338300000
12651.5000000000 -17.1998020000 3.9331750000
12652.7998100000 -17.6815680000 3.9325190000
12654.0000000000 -18.2638420000 3.9319140000
12655.2998100000 -19.1807920000 3.9312590000
12656.5996100000 -20.9467450000 3.9306040000
12657.9003900000 -22.5780470000 0.1601320000
12659.2002000000 -19.7086050000 0.1583580000
12660.5000000000 -18.5813180000 0.1565860000
12661.7998100000 -17.8656640000 0.1548130000
12663.0996100000 -17.3402520000 0.1530400000
12664.4003900000 -16.9245280000 0.1512660000
12665.7002000000 -16.5808790000 0.1494940000
12667.0000000000 -16.2877620000 0.1477230000
12668.2998100000 -16.0321810000 0.1459520000
12669.5996100000 -15.8055870000 0.1441820000
12670.9003900000 -15.6019120000 0.1424110000
12672.2002000000 -15.4171810000 0.1406410000
12673.4003900000 -15.2605840000 0.1390090000
12674.7002000000 -15.1036770000 0.1372400000
12676.0000000000 -14.9581570000 0.1354720000
12677.2998100000 -14.8224780000 0.1337040000
12678.5996100000 -14.6953910000 0.1319370000
12679.9003900000 -14.5757830000 0.1301690000
12681.2002000000 -14.4629760000 0.1284030000
12682.5000000000 -14.3561650000 0.1266370000
12683.7998100000 -14.2547430000 0.1248710000
12685.0996100000 -14.1581890000 0.1231070000
12686.4003900000 -14.0659910000 0.1213410000
12687.7002000000 -13.9778960000 0.1195770000
12689.0000000000 -13.8934940000 0.1178130000
12690.2998100000 -13.8124880000 0.1160510000
12691.5996100000 -13.7346130000 0.1142880000
12692.9003900000 -13.6595830000 0.1125250000
12694.2002000000 -13.5872990000 0.1107630000
12695.5000000000 -13.5175180000 0.1090010000
12696.7998100000 -13.4500720000 0.1072410000
12698.0996100000 -13.3848560000 0.1054820000
12699.4003900000 -13.3215930000 0.1037210000
12700.7002000000 -13.2602980000 0.1019610000
12702.0000000000 -13.2008100000 0.1002030000
12703.2998100000 -13.1430280000 0.0984440000
12704.5996100000 -13.0868540000 0.0966860000
12705.9003900000 -13.0321630000 0.0949270000
12707.2002000000 -12.9789530000 0.0931700000
12708.5000000000 -12.9271120000 0.0914130000
12709.7998100000 -12.8765680000 0.0896570000
12711.0996100000 -12.8272590000 0.0879010000
12712.4003900000 -12.7790920000 0.0861450000
12713.7002000000 -12.7320820000 0.0843910000
12715.0000000000 -12.6861430000 0.0826360000
12716.2998100000 -12.6412260000 0.0808820000
12717.5996100000 -12.5972860000 0.0791280000
12719.0000000000 -12.5510090000 0.0772410000
12720.2998100000 -12.5089710000 0.0754880000
12721.5996100000 -12.4677930000 0.0737360000
12722.9003900000 -12.4274070000 0.0719830000
12724.2002000000 -12.3878440000 0.0702320000
12725.5000000000 -12.3490410000 0.0684810000
12726.7998100000 -12.3109710000 0.0667310000
12728.0996100000 -12.2736060000 0.0649810000
12729.4003900000 -12.2368950000 0.0632310000
12730.7002000000 -12.2008660000 0.0614810000
12732.0000000000 -12.1654690000 0.0597330000
12733.2998100000 -12.1306840000 0.0579850000
12734.5996100000 -12.0964890000 0.0562380000
12735.9003900000 -12.0628640000 0.0544910000
12737.2002000000 -12.0297920000 0.0527450000
12738.5996100000 -11.9947680000 0.0508640000
12739.9003900000 -11.9627630000 0.0491170000
12741.2002000000 -11.9312810000 0.0473720000
12742.5000000000 -11.9002840000 0.0456270000
12743.7998100000 -11.8697580000 0.0438820000
12745.0996100000 -11.8396860000 0.0421390000
12746.4003900000 -11.8100380000 0.0403950000
12747.7002000000 -11.7808610000 0.0386520000
12749.0000000000 -11.7520810000 0.0369100000
12750.2998100000 -11.7237070000 0.0351690000
12751.7002000000 -11.6935680000 0.0332910000
12753.0000000000 -11.6660030000 0.0315500000
12754.2998100000 -11.6388100000 0.0298100000
12755.5996100000 -11.6119810000 0.0280690000
12756.9003900000 -11.5854860000 0.0263280000
12758.2002000000 -11.5593570000 0.0245900000
12759.5000000000 -11.5335810000 0.0228520000
12760.7998100000 -11.5081130000 0.0211130000
12762.2002000000 -11.4810220000 0.0192400000
12763.5000000000 -11.4562090000 0.0175030000
12764.7998100000 -11.4317000000 0.0157660000
12766.0996100000 -11.4074870000 0.0140300000
12767.4003900000 -11.3835450000 0.0122920000
12768.7002000000 -11.3599040000 0.0105560000
12770.0000000000 -11.3365380000 0.0088210000
12771.4003900000 -11.3116740000 0.0069520000
12772.7002000000 -11.2888620000 0.0052190000
12774.0000000000 -11.2663080000 0.0034850000
12775.2998100000 -11.2440040000 0.0017510000
12776.5996100000 -11.2219480000 0.0000180000
12777.9003900000 -11.2001150000 9.9982840000
12779.2998100000 -11.1768980000 9.9964210000
12780.5996100000 -11.1555660000 9.9946890000
12781.9003900000 -11.1344450000 9.9929570000
12783.2002000000 -11.1135600000 9.9912260000
12784.5000000000 -11.0928910000 9.9894960000
12785.7998100000 -11.0724340000 9.9877660000
12787.2002000000 -11.0506350000 9.9859040000
12788.5000000000 -11.0306060000 9.9841750000
12789.7998100000 -11.0107770000 9.9824470000
12791.0996100000 -10.9911420000 9.9807190000
12792.4003900000 -10.9716860000 9.9789900000
12793.7998100000 -10.9509720000 9.9771310000
12795.0996100000 -10.9319160000 9.9754050000
12796.4003900000 -10.9130290000 9.9736780000
12797.7002000000 -10.8943330000 9.9719510000
12799.0000000000 -10.8758120000 9.9702260000
12800.4003900000 -10.8560410000 9.9683680000
12801.7002000000 -10.8378720000 9.9666430000
12803.0000000000 -10.8198660000 9.9649190000
12804.2998100000 -10.8020360000 9.9631980000
12805.7002000000 -10.7829820000 9.9613410000
12807.0000000000 -10.7654640000 9.9596190000
12808.2998100000 -10.7480960000 9.9578960000
12809.5996100000 -10.7308670000 9.9561750000
12810.9003900000 -10.7137350000 9.9544530000
12812.2998100000 -10.7004290000 9.9526000000
12813.5996100000 -10.6827750000 9.9508810000
12814.9003900000 -10.6660980000 9.9491620000
12816.2002000000 -10.6496040000 9.9474430000
12817.5996100000 -10.6320120000 9.9455950000
12818.9003900000 -10.6158000000 9.9438760000
12820.2002000000 -10.5997330000 9.9421600000
12821.5000000000 -10.5837970000 9.9404430000
12822.9003900000 -10.5667670000 9.9385940000
12824.2002000000 -10.5510970000 9.9368780000
12825.5000000000 -10.5355630000 9.9351640000
12826.9003900000 -10.5189440000 9.9333170000
12828.2002000000 -10.5036510000 9.9316020000
12829.5000000000 -10.4884760000 9.9298890000
12830.7998100000 -10.4734170000 9.9281760000
12832.2002000000 -10.4573280000 9.9263320000
12833.5000000000 -10.4425070000 9.9246190000
12834.7998100000 -10.4277970000 9.9229070000
12836.0996100000 -10.4131980000 9.9211960000
12837.5000000000 -10.3975950000 9.9193530000
12838.7998100000 -10.3832190000 9.9176430000
12840.0996100000 -10.3689490000 9.9159330000
12841.5000000000 -10.3536840000 9.9140900000
12842.7998100000 -10.3396280000 9.9123810000
12844.0996100000 -10.3256720000 9.9106720000
12845.5000000000 -10.3107530000 9.9088330000
12846.7998100000 -10.2970030000 9.9071250000
12848.0996100000 -10.2833490000 9.9054170000
12862.4814500000 -10.1383860000 9.8865590000
13113.9746100000 -8.5876090000 9.5652520000
13370.3857400000 -7.8164750000 9.2534820000
13631.8105500000 -7.3864710000 8.9510120000
13898.3466800000 -7.1905210000 8.6576090000
14170.0937500000 -7.2350280000 8.3730080000
14447.1543000000 -7.6957770000 8.0969710000
14468.9003900000 -7.7677150000 8.0758800000
14470.5996100000 -7.7737120000 8.0742370000
14472.2998100000 -7.7797750000 8.0725920000
14474.0000000000 -7.7858970000 8.0709470000
14475.7002000000 -7.7920800000 8.0693030000
14477.4003900000 -7.7983240000 8.0676590000
14479.0996100000 -7.8046240000 8.0660180000
14480.7998100000 -7.8109930000 8.0643760000
14482.5000000000 -7.8174270000 8.0627340000
14484.2002000000 -7.8239260000 8.0610910000
14485.7998100000 -7.8300990000 8.0595480000
14487.5000000000 -7.8367270000 8.0579070000
14489.2002000000 -7.8434240000 8.0562680000
14490.9003900000 -7.8501850000 8.0546280000
14492.5996100000 -7.8570170000 8.0529900000
14494.2998100000 -7.8639240000 8.0513520000
14496.0000000000 -7.8709030000 8.0497130000
14497.7002000000 -7.8779530000 8.0480770000
14499.4003900000 -7.8850810000 8.0464390000
14501.0996100000 -7.8922810000 8.0448040000
14502.7998100000 -7.8995630000 8.0431680000
14504.5000000000 -7.9069230000 8.0415320000
14506.2002000000 -7.9143590000 8.0398980000
14507.9003900000 -7.9218800000 8.0382630000
14509.5996100000 -7.9294810000 8.0366300000
14511.2998100000 -7.9371690000 8.0349960000
14513.0000000000 -7.9449390000 8.0333630000
14514.7002000000 -7.9528010000 8.0317310000
14516.4003900000 -7.9607510000 8.0300990000
14518.0996100000 -7.9687870000 8.0284680000
14519.7998100000 -7.9769200000 8.0268360000
14521.5000000000 -7.9851420000 8.0252070000
14523.2002000000 -7.9934640000 8.0235770000
14524.9003900000 -8.0018840000 8.0219470000
14526.5996100000 -8.0103980000 8.0203190000
14528.2998100000 -8.0190120000 8.0186910000
14530.0000000000 -8.0277360000 8.0170620000
14531.7002000000 -8.0365630000 8.0154340000
14533.4003900000 -8.0454990000 8.0138070000
14535.0996100000 -8.0545390000 8.0121810000
14536.7998100000 -8.0636890000 8.0105560000
14538.5000000000 -8.0729600000 8.0089300000
14540.2002000000 -8.0823460000 8.0073050000
14541.9003900000 -8.0918510000 8.0056800000
14543.5996100000 -8.1014730000 8.0040570000
14545.2998100000 -8.1112180000 8.0024340000
14547.0000000000 -8.1210960000 8.0008110000
14548.7002000000 -8.1311020000 7.9991870000
14550.4003900000 -8.1412410000 7.9975650000
14552.2002000000 -8.1521190000 7.9958490000
14553.9003900000 -8.1625390000 7.9942270000
14555.5996100000 -8.1730910000 7.9926080000
14557.2998100000 -8.1837990000 7.9909880000
14559.0000000000 -8.1946550000 7.9893680000
14560.7002000000 -8.2056640000 7.9877490000
14562.4003900000 -8.2168280000 7.9861300000
14564.0996100000 -8.2281410000 7.9845130000
14565.7998100000 -8.2396290000 7.9828950000
14567.5000000000 -8.2512860000 7.9812770000
14569.2998100000 -8.2638090000 7.9795660000
14571.0000000000 -8.2758260000 7.9779500000
14572.7002000000 -8.2880230000 7.9763340000
14574.4003900000 -8.3004010000 7.9747190000
14576.0996100000 -8.3129690000 7.9731050000
14577.7998100000 -8.3257430000 7.9714910000
14579.5000000000 -8.3387180000 7.9698770000
14581.2002000000 -8.3519030000 7.9682630000
14583.0000000000 -8.3660900000 7.9665560000
14584.7002000000 -8.3797230000 7.9649430000
14586.4003900000 -8.3935750000 7.9633320000
14588.0996100000 -8.4076610000 7.9617210000
14589.7998100000 -8.4219980000 7.9601110000
14591.5000000000 -8.4365840000 7.9585000000
14593.2998100000 -8.4523010000 7.9567960000
14595.0000000000 -8.4674250000 7.9551860000
14596.7002000000 -8.4828250000 7.9535780000
14598.4003900000 -8.4985010000 7.9519700000
14600.0996100000 -8.5144690000 7.9503620000
14601.9003900000 -8.5317190000 7.9486600000
14603.5996100000 -8.5483260000 7.9470540000
14605.2998100000 -8.5652680000 7.9454470000
14607.0000000000 -8.5825480000 7.9438410000
14608.7002000000 -8.6001710000 7.9422360000
14610.5000000000 -8.6192400000 7.9405360000
14612.2002000000 -8.6376300000 7.9389320000
14613.9003900000 -8.6564240000 7.9373280000
14615.5996100000 -8.6756180000 7.9357260000
14617.2998100000 -8.6952520000 7.9341230000
14619.0996100000 -8.7165180000 7.9324260000
14620.7998100000 -8.7370920000 7.9308240000
14622.5000000000 -8.7581530000 7.9292220000
14624.2002000000 -8.7797130000 7.9276220000
14626.0000000000 -8.8031360000 7.9259270000
14627.7002000000 -8.8258200000 7.9243270000
14629.4003900000 -8.8491040000 7.9227280000
14631.0996100000 -8.8729930000 7.9211290000
14632.9003900000 -8.8990090000 7.9194360000
14634.5996100000 -8.9242700000 7.9178390000
14636.2998100000 -8.9502660000 7.9162410000
14638.0996100000 -8.9786100000 7.9145500000
14639.7998100000 -9.0062240000 7.9129530000
14641.5000000000 -9.0346950000 7.9113570000
14643.2002000000 -9.0640570000 7.9097620000
14645.0000000000 -9.0962220000 7.9080720000
14646.7002000000 -9.1276430000 7.9064780000
14648.4003900000 -9.1601840000 7.9048840000
14650.2002000000 -9.1959100000 7.9031970000
14651.9003900000 -9.2309720000 7.9016040000
14653.5996100000 -9.2673800000 7.9000120000
14655.4003900000 -9.3075610000 7.8983250000
14657.0996100000 -9.3471300000 7.8967340000
14658.7998100000 -9.3884570000 7.8951430000
14660.5996100000 -9.4342580000 7.8934590000
14662.2998100000 -9.4796680000 7.8918680000
14664.0000000000 -9.5273320000 7.8902790000
14665.7998100000 -9.5805780000 7.8885960000
14667.5000000000 -9.6337150000 7.8870080000
14669.2002000000 -9.6900080000 7.8854190000
14671.0000000000 -9.7534200000 7.8837380000
14672.7002000000 -9.8174390000 7.8821510000
14674.4003900000 -9.8860150000 7.8805630000
14676.2002000000 -9.9643160000 7.8788840000
14677.9003900000 -10.0446120000 7.8772980000
14679.7002000000 -10.1375080000 7.8756200000
14681.4003900000 -10.2342620000 7.8740340000
14683.0996100000 -10.3416140000 7.8724510000
14684.9003900000 -10.4698800000 7.8707730000
14686.5996100000 -10.6085860000 7.8691900000
14688.2998100000 -10.7702340000 7.8676070000
14690.0996100000 -10.9762620000 7.8659320000
14691.7998100000 -11.2206130000 7.8643500000
14693.5996100000 -11.5684600000 7.8626760000
14695.2998100000 -12.0698440000 7.8610940000
14697.0996100000 -13.2455800000 7.8594210000
14698.7998100000 -13.1389590000 1.0042150000
14700.5000000000 -12.0750850000 1.0020770000
14702.2998100000 -11.5463200000 0.9998120000
14704.0000000000 -11.2175750000 0.9976740000
14705.7998100000 -10.9571510000 0.9954120000
14707.5000000000 -10.7605190000 0.9932750000
14709.2998100000 -10.5870180000 0.9910140000
14711.0000000000 -10.4464580000 0.9888780000
14712.7002000000 -10.3230090000 0.9867450000
14714.5000000000 -10.2066890000 0.9844850000
14716.2002000000 -10.1078390000 0.9823520000
14718.0000000000 -10.0125650000 0.9800940000
14719.7002000000 -9.9300870000 0.9779620000
14721.5000000000 -9.8493660000 0.9757050000
14723.2002000000 -9.7785750000 0.9735760000
14725.0000000000 -9.7085200000 0.9713200000
14726.7002000000 -9.6464910000 0.9691920000
14728.5000000000 -9.5845930000 0.9669360000
14729.6328100000 -9.5474900000 0.9655200000
14730.2002000000 -9.5293790000 0.9648090000
14732.0000000000 -9.4739210000 0.9625560000
14733.7002000000 -9.4241620000 0.9604300000
14735.5000000000 -9.3739190000 0.9581790000
14737.2002000000 -9.3286230000 0.9560540000
14739.0000000000 -9.2826900000 0.9538030000
14740.7002000000 -9.2411170000 0.9516790000
14742.5000000000 -9.1988080000 0.9494300000
14744.2002000000 -9.1603870000 0.9473080000
14746.0000000000 -9.1211660000 0.9450600000
14747.7998100000 -9.0833830000 0.9428140000
14749.5000000000 -9.0488930000 0.9406930000
14751.2998100000 -9.0135880000 0.9384480000
14753.0000000000 -8.9812880000 0.9363280000
14754.7998100000 -8.9481540000 0.9340850000
14756.5000000000 -8.9177810000 0.9319660000
14758.2998100000 -8.8865660000 0.9297240000
14760.0000000000 -8.8579010000 0.9276060000
14761.7998100000 -8.8283920000 0.9253650000
14763.5996100000 -8.7996910000 0.9231250000
14765.2998100000 -8.7732730000 0.9210100000
14767.0996100000 -8.7460210000 0.9187710000
14768.7998100000 -8.7209040000 0.9166560000
14770.5996100000 -8.6949620000 0.9144190000
14772.4003900000 -8.6696170000 0.9121810000
14774.0996100000 -8.6462690000 0.9100700000
14775.9003900000 -8.6220590000 0.9078330000
14777.5996100000 -8.5997340000 0.9057240000
14779.4003900000 -8.5765630000 0.9034870000
14781.2002000000 -8.5539150000 0.9012550000
14782.9003900000 -8.5329560000 0.8991450000
14784.7002000000 -8.5112210000 0.8969140000
14786.4003900000 -8.4910900000 0.8948050000
14788.2002000000 -8.4701970000 0.8925740000
14790.0000000000 -8.4497110000 0.8903450000
14791.7002000000 -8.4307160000 0.8882390000
14793.5000000000 -8.4109770000 0.8860100000
14795.2998100000 -8.3916010000 0.8837820000
14797.0000000000 -8.3736080000 0.8816780000
14798.7998100000 -8.3548680000 0.8794520000
14800.5996100000 -8.3362680000 0.8772250000
14802.2998100000 -8.3251810000 0.8751240000
14804.0996100000 -8.3070400000 0.8729000000
14805.9003900000 -8.2895190000 0.8706770000
14807.5996100000 -8.2732800000 0.8685800000
14809.4003900000 -8.2563590000 0.8663580000
14811.2002000000 -8.2397240000 0.8641380000
14812.9003900000 -8.2242500000 0.8620410000
14814.7002000000 -8.2081230000 0.8598220000
14816.5000000000 -8.1922460000 0.8576050000
14818.2998100000 -8.1766030000 0.8553870000
14820.0000000000 -8.1620550000 0.8532930000
14821.7998100000 -8.1468620000 0.8510760000
14823.5996100000 -8.1319000000 0.8488610000
14825.2998100000 -8.1179610000 0.8467680000
14827.0996100000 -8.1034140000 0.8445550000
14828.9003900000 -8.0890640000 0.8423400000
14830.7002000000 -8.0749220000 0.8401280000
14832.4003900000 -8.0617370000 0.8380370000
14834.2002000000 -8.0479680000 0.8358270000
14836.0000000000 -8.0343780000 0.8336150000
14837.7998100000 -8.0209750000 0.8314050000
14839.5000000000 -8.0084730000 0.8293180000
14841.2998100000 -7.9954090000 0.8271090000
14843.0996100000 -7.9825140000 0.8249020000
14844.9003900000 -7.9697770000 0.8226930000
14846.5996100000 -7.9579020000 0.8206090000
14848.4003900000 -7.9454740000 0.8184020000
14850.2002000000 -7.9332000000 0.8161950000
14852.0000000000 -7.9210820000 0.8139920000
14853.7998100000 -7.9091130000 0.8117880000
14855.5000000000 -7.8979350000 0.8097060000
14857.2998100000 -7.8862430000 0.8075040000
14859.0996100000 -7.8746900000 0.8053020000
14860.9003900000 -7.8632660000 0.8030990000
14862.7002000000 -7.8519740000 0.8008980000
14864.4003900000 -7.8414310000 0.7988190000
14866.2002000000 -7.8303970000 0.7966190000
14868.0000000000 -7.8194890000 0.7944210000
14869.7998100000 -7.8087020000 0.7922230000
14871.5996100000 -7.7980380000 0.7900270000
14873.4003900000 -7.7874800000 0.7878270000
14875.0996100000 -7.7776320000 0.7857550000
14876.9003900000 -7.7672990000 0.7835580000
14878.7002000000 -7.7570890000 0.7813630000
14880.5000000000 -7.7469900000 0.7791690000
14882.2998100000 -7.7369990000 0.7769760000
14884.0996100000 -7.7271080000 0.7747820000
14885.9003900000 -7.7173230000 0.7725900000
14887.5996100000 -7.7081820000 0.7705200000
14889.4003900000 -7.6985960000 0.7683290000
14891.2002000000 -7.6891150000 0.7661380000
14893.0000000000 -7.6797310000 0.7639490000
14894.7998100000 -7.6704400000 0.7617600000
14896.5996100000 -7.6612490000 0.7595720000
14898.4003900000 -7.6521460000 0.7573830000
14900.2002000000 -7.6431400000 0.7551970000
14902.0000000000 -7.6342210000 0.7530100000
14903.7998100000 -7.6253960000 0.7508250000
14905.5000000000 -7.6171380000 0.7487600000
14907.2998100000 -7.6084830000 0.7465770000
14909.0996100000 -7.5999150000 0.7443930000
14910.9003900000 -7.5914250000 0.7422090000
14912.7002000000 -7.5830200000 0.7400260000
14914.5000000000 -7.5747010000 0.7378450000
14916.2998100000 -7.5664630000 0.7356650000
14918.0996100000 -7.5583050000 0.7334850000
14919.9003900000 -7.5502220000 0.7313050000
14921.7002000000 -7.5422180000 0.7291250000
14923.5000000000 -7.5342940000 0.7269470000
14925.2998100000 -7.5264460000 0.7247700000
14927.0996100000 -7.5186740000 0.7225930000
14928.9003900000 -7.5109670000 0.7204150000
14930.7002000000 -7.5033430000 0.7182400000
14932.5000000000 -7.4957900000 0.7160650000
14934.2998100000 -7.4883090000 0.7138920000
14936.0996100000 -7.4808950000 0.7117180000
14937.9003900000 -7.4735500000 0.7095430000
14939.7002000000 -7.4662790000 0.7073720000
14941.5000000000 -7.4590760000 0.7052000000
14943.2998100000 -7.4519370000 0.7030290000
14945.0996100000 -7.4448690000 0.7008580000
14946.9003900000 -7.4378630000 0.6986890000
14948.7002000000 -7.4309270000 0.6965200000
14950.5000000000 -7.4240550000 0.6943510000
14952.2998100000 -7.4172440000 0.6921830000
14954.0996100000 -7.4105010000 0.6900170000
14955.9003900000 -7.4038160000 0.6878490000
15017.6337900000 -7.2091930000 0.6139450000
15085.0996100000 -7.0640020000 0.5340520000
15086.9003900000 -7.0610380000 0.5319310000
15088.7998100000 -7.0579660000 0.5296960000
15090.5996100000 -7.0551020000 0.5275770000
15092.4003900000 -7.0522870000 0.5254600000
15094.2998100000 -7.0493690000 0.5232260000
15096.0996100000 -7.0466550000 0.5211110000
15097.9003900000 -7.0439880000 0.5189940000
15099.7998100000 -7.0412270000 0.5167630000
15101.5996100000 -7.0386630000 0.5146490000
15103.5000000000 -7.0360080000 0.5124180000
15105.2998100000 -7.0335450000 0.5103050000
15107.0996100000 -7.0311330000 0.5081940000
15109.0000000000 -7.0286390000 0.5059650000
15110.7998100000 -7.0263290000 0.5038550000
15112.7002000000 -7.0239450000 0.5016270000
15114.5000000000 -7.0217400000 0.4995170000
15116.4003900000 -7.0194670000 0.4972910000
15118.2002000000 -7.0173670000 0.4951830000
15120.0000000000 -7.0153200000 0.4930760000
15121.9003900000 -7.0132150000 0.4908510000
15123.7002000000 -7.0112750000 0.4887460000
15125.5996100000 -7.0092840000 0.4865240000
15127.4003900000 -7.0074530000 0.4844190000
15129.2998100000 -7.0055800000 0.4821980000
15131.0996100000 -7.0038600000 0.4800950000
15133.0000000000 -7.0021040000 0.4778740000
15134.7998100000 -7.0004980000 0.4757730000
15136.7002000000 -6.9988610000 0.4735540000
15138.5000000000 -6.9973700000 0.4714530000
15140.4003900000 -6.9958570000 0.4692360000
15142.2002000000 -6.9944820000 0.4671360000
15144.0996100000 -6.9930940000 0.4649220000
15145.9003900000 -6.9918370000 0.4628220000
15147.7998100000 -6.9905770000 0.4606090000
15149.5996100000 -6.9894420000 0.4585110000
15151.5000000000 -6.9883110000 0.4562990000
15153.2998100000 -6.9873020000 0.4542040000
15155.2002000000 -6.9863020000 0.4519910000
15157.0000000000 -6.9854200000 0.4498980000
15158.9003900000 -6.9845570000 0.4476860000
15160.7002000000 -6.9838060000 0.4455940000
15162.5996100000 -6.9830820000 0.4433850000
15164.4003900000 -6.9824640000 0.4412930000
15166.2998100000 -6.9818830000 0.4390860000
15168.0996100000 -6.9814020000 0.4369960000
15170.0000000000 -6.9809680000 0.4347890000
15171.7998100000 -6.9806280000 0.4327000000
15173.7002000000 -6.9803450000 0.4304940000
15175.5996100000 -6.9801410000 0.4282910000
15177.4003900000 -6.9800220000 0.4262030000
15179.2998100000 -6.9799770000 0.4240020000
15181.0996100000 -6.9800100000 0.4219150000
15183.0000000000 -6.9801270000 0.4197140000
15184.9003900000 -6.9803300000 0.4175130000
15186.7002000000 -6.9806030000 0.4154290000
15188.5996100000 -6.9809770000 0.4132310000
15190.4003900000 -6.9814150000 0.4111470000
15192.2998100000 -6.9819670000 0.4089500000
15194.2002000000 -6.9826120000 0.4067520000
15196.0000000000 -6.9833120000 0.4046720000
15197.9003900000 -6.9841450000 0.4024740000
15199.7002000000 -6.9850250000 0.4003950000
15201.5996100000 -6.9860530000 0.3982020000
15203.5000000000 -6.9871840000 0.3960080000
15205.2998100000 -6.9883530000 0.3939310000
15207.2002000000 -6.9896920000 0.3917380000
15209.0996100000 -6.9911400000 0.3895460000
15210.9003900000 -6.9926170000 0.3874700000
15212.7998100000 -6.9942870000 0.3852810000
15214.7002000000 -6.9960740000 0.3830910000
15216.5000000000 -6.9978800000 0.3810170000
15218.4003900000 -6.9999050000 0.3788290000
15220.2998100000 -7.0020570000 0.3766410000
15222.0996100000 -7.0042140000 0.3745700000
15224.0000000000 -7.0066230000 0.3723830000
15225.9003900000 -7.0091690000 0.3701960000
15227.7998100000 -7.0118520000 0.3680130000
15229.5996100000 -7.0145290000 0.3659430000
15231.5000000000 -7.0174980000 0.3637600000
15233.4003900000 -7.0206220000 0.3615770000
15235.2002000000 -7.0237240000 0.3595090000
15237.0996100000 -7.0271560000 0.3573280000
15239.0000000000 -7.0307570000 0.3551470000
15240.9003900000 -7.0345290000 0.3529670000
15242.7002000000 -7.0382670000 0.3509020000
15244.5996100000 -7.0423870000 0.3487240000
15246.5000000000 -7.0467020000 0.3465460000
15248.4003900000 -7.0512130000 0.3443680000
15250.2002000000 -7.0556720000 0.3423060000
15252.0996100000 -7.0605830000 0.3401300000
15254.0000000000 -7.0657130000 0.3379550000
15255.9003900000 -7.0710720000 0.3357800000
15257.7002000000 -7.0763630000 0.3337200000
15259.5996100000 -7.0821870000 0.3315480000
15261.5000000000 -7.0882680000 0.3293740000
15263.4003900000 -7.0946130000 0.3272030000
15265.2002000000 -7.1008810000 0.3251450000
15267.0996100000 -7.1077730000 0.3229760000
15269.0000000000 -7.1149740000 0.3208050000
15270.9003900000 -7.1224910000 0.3186350000
15272.7998100000 -7.1303320000 0.3164670000
15274.7002000000 -7.1385290000 0.3142990000
15276.5000000000 -7.1466280000 0.3122460000
15278.4003900000 -7.1555570000 0.3100790000
15280.2998100000 -7.1648860000 0.3079140000
15282.2002000000 -7.1746440000 0.3057490000
15284.0996100000 -7.1848540000 0.3035840000
15286.0000000000 -7.1955490000 0.3014200000
15287.7998100000 -7.2061460000 0.2993710000
15289.7002000000 -7.2178650000 0.2972080000
15291.5996100000 -7.2301480000 0.2950470000
15293.5000000000 -7.2430590000 0.2928860000
15295.4003900000 -7.2566310000 0.2907240000
15297.2998100000 -7.2708970000 0.2885660000
15299.2002000000 -7.2859410000 0.2864060000
15301.0000000000 -7.3009450000 0.2843620000
15302.9003900000 -7.3176590000 0.2822030000
15304.7998100000 -7.3353330000 0.2800460000
15306.7002000000 -7.3540640000 0.2778900000
15308.5996100000 -7.3739530000 0.2757350000
15310.5000000000 -7.3951290000 0.2735790000
15311.2666000000 -7.4040630000 0.2727090000
15312.4003900000 -7.4177180000 0.2714230000
15314.2998100000 -7.4418560000 0.2692720000
15316.2002000000 -7.4677790000 0.2671180000
15318.0996100000 -7.4956760000 0.2649660000
15319.9003900000 -7.5241960000 0.2629260000
15321.7998100000 -7.5567960000 0.2607760000
15323.7002000000 -7.5923730000 0.2586260000
15325.5996100000 -7.6314410000 0.2564760000
15327.5000000000 -7.6746780000 0.2543270000
15329.4003900000 -7.7229070000 0.2521780000
15331.2998100000 -7.7773140000 0.2500310000
15333.2002000000 -7.8395610000 0.2478840000
15335.0996100000 -7.9119190000 0.2457390000
15337.0000000000 -7.9981910000 0.2435920000
15338.9003900000 -8.1043830000 0.2414460000
15340.7998100000 -8.2415610000 0.2393040000
15342.7002000000 -8.4345820000 0.2371590000
15344.5996100000 -8.7575330000 0.2350170000
15346.5000000000 -9.9488010000 0.2328740000
15348.4003900000 -8.8592380000 1.8317610000
15350.2998100000 -8.4721010000 1.8295250000
15352.2002000000 -8.2513300000 1.8272890000
15354.0996100000 -8.0955370000 1.8250550000
15356.0000000000 -7.9743770000 1.8228200000
15357.9003900000 -7.8749820000 1.8205840000
15359.7998100000 -7.7905730000 1.8183530000
15361.7002000000 -7.7169330000 1.8161190000
15363.5996100000 -7.6515880000 1.8138880000
15365.5000000000 -7.5927100000 1.8116550000
15367.4003900000 -7.5391070000 1.8094240000
15369.2998100000 -7.4898280000 1.8071950000
15371.2002000000 -7.4441520000 1.8049650000
15373.0996100000 -7.4016080000 1.8027370000
15375.0000000000 -7.3616790000 1.8005080000
15376.9003900000 -7.3240670000 1.7982800000
15378.9003900000 -7.2866830000 1.7959360000
15380.7998100000 -7.2530110000 1.7937100000
15382.7002000000 -7.2209340000 1.7914850000
15384.5996100000 -7.1902900000 1.7892600000
15386.5000000000 -7.1609250000 1.7870350000
15388.4003900000 -7.1327480000 1.7848110000
15390.2998100000 -7.1056410000 1.7825880000
15392.2002000000 -7.0795000000 1.7803650000
15394.0996100000 -7.0542850000 1.7781450000
15396.0000000000 -7.0298750000 1.7759230000
15398.0000000000 -7.0050200000 1.7735850000
15399.9003900000 -6.9821270000 1.7713650000
15401.7998100000 -6.9599070000 1.7691460000
15403.7002000000 -6.9383030000 1.7669280000
15405.5996100000 -6.9172760000 1.7647090000
15407.5000000000 -6.8967800000 1.7624910000
15409.4003900000 -6.8768020000 1.7602750000
15411.4003900000 -6.8562780000 1.7579410000
15413.2998100000 -6.8372640000 1.7557280000
15415.2002000000 -6.8186580000 1.7535120000
15417.0996100000 -6.8004710000 1.7512980000
15419.0000000000 -6.7826870000 1.7490840000
15420.9003900000 -6.7655980000 1.7468710000
15422.9003900000 -6.7470070000 1.7445430000
15424.7998100000 -6.7303010000 1.7423320000
15426.7002000000 -6.7138520000 1.7401200000
15428.5996100000 -6.6977050000 1.7379100000
15430.5000000000 -6.6818220000 1.7357010000
15432.5000000000 -6.6654010000 1.7333750000
15434.4003900000 -6.6500600000 1.7311660000
15436.2998100000 -6.6349740000 1.7289580000
15438.2002000000 -6.6201260000 1.7267510000
15440.0996100000 -6.6055060000 1.7245450000
15442.0996100000 -6.5903530000 1.7222230000
15444.0000000000 -6.5761680000 1.7200170000
15445.9003900000 -6.5621930000 1.7178130000
15447.7998100000 -6.5484140000 1.7156100000
15449.7998100000 -6.5341110000 1.7132900000
15451.7002000000 -6.5207060000 1.7110870000
15453.5996100000 -6.5074820000 1.7088850000
15455.5000000000 -6.4944280000 1.7066840000
15457.5000000000 -6.4808560000 1.7043670000
15459.4003900000 -6.4681320000 1.7021670000
15461.2998100000 -6.4555620000 1.6999670000
15463.2998100000 -6.4424900000 1.6976530000
15465.2002000000 -6.4302130000 1.6954540000
15467.0996100000 -6.4180880000 1.6932570000
15469.0000000000 -6.4060860000 1.6910600000
15471.0000000000 -6.3936000000 1.6887480000
15472.9003900000 -6.3818630000 1.6865520000
15474.7998100000 -6.3702560000 1.6843570000
15476.7998100000 -6.3581670000 1.6820470000
15478.7002000000 -6.3467970000 1.6798520000
15480.5996100000 -6.3355530000 1.6776610000
15482.5996100000 -6.3238300000 1.6753530000
15484.5000000000 -6.3127980000 1.6731610000
15486.4003900000 -6.3018710000 1.6709680000
15488.4003900000 -6.2904840000 1.6686620000
15490.2998100000 -6.2797690000 1.6664720000
15492.2002000000 -6.2691520000 1.6642840000
15494.2002000000 -6.2580770000 1.6619800000
15496.0996100000 -6.2476520000 1.6597920000
15498.0000000000 -6.2373110000 1.6576040000
15500.0000000000 -6.2265260000 1.6553020000
15501.9003900000 -6.2163640000 1.6531150000
15503.9003900000 -6.2057620000 1.6508150000
15505.7998100000 -6.1957760000 1.6486300000
15507.7002000000 -6.1858690000 1.6464460000
15509.7002000000 -6.1755260000 1.6441480000
15511.5996100000 -6.1657780000 1.6419650000
15513.5996100000 -6.1555990000 1.6396680000
15515.5000000000 -6.1459990000 1.6374860000
15517.4003900000 -6.1364710000 1.6353030000
15519.4003900000 -6.1265230000 1.6330080000
15521.2998100000 -6.1171480000 1.6308300000
15523.2998100000 -6.1073420000 1.6285350000
15525.2002000000 -6.0981000000 1.6263560000
15527.2002000000 -6.0884410000 1.6240640000
15529.0996100000 -6.0793300000 1.6218870000
15531.0000000000 -6.0702780000 1.6197100000
15533.0000000000 -6.0608200000 1.6174190000
15534.9003900000 -6.0518920000 1.6152430000
15536.9003900000 -6.0425620000 1.6129540000
15538.7998100000 -6.0337590000 1.6107800000
15540.7998100000 -6.0245530000 1.6084920000
15542.7002000000 -6.0158650000 1.6063190000
15544.7002000000 -6.0067740000 1.6040320000
15546.5996100000 -5.9982020000 1.6018620000
15548.5996100000 -5.9892310000 1.5995760000
15550.5000000000 -5.9807580000 1.5974050000
15552.5000000000 -5.9718990000 1.5951210000
15554.4003900000 -5.9635300000 1.5929520000
15556.4003900000 -5.9547780000 1.5906690000
15558.2998100000 -5.9465140000 1.5885010000
15560.2998100000 -5.9378660000 1.5862210000
15562.2002000000 -5.9296960000 1.5840530000
15564.2002000000 -5.9211480000 1.5817730000
15566.0996100000 -5.9130800000 1.5796090000
15568.0996100000 -5.9046260000 1.5773300000
15570.0996100000 -5.8962260000 1.5750510000
15572.0000000000 -5.8882900000 1.5728880000
15574.0000000000 -5.8799790000 1.5706110000
15575.9003900000 -5.8721310000 1.5684490000
15577.9003900000 -5.8639140000 1.5661740000
15579.7998100000 -5.8561500000 1.5640130000
15581.7998100000 -5.8480200000 1.5617390000
15583.7998100000 -5.8399350000 1.5594660000
15585.7002000000 -5.8322910000 1.5573060000
15587.7002000000 -5.8242890000 1.5550350000
15589.5996100000 -5.8167270000 1.5528760000
15591.5996100000 -5.8088070000 1.5506060000
15593.5996100000 -5.8009280000 1.5483360000
15595.5000000000 -5.7934770000 1.5461800000
15597.5000000000 -5.7856760000 1.5439110000
15599.4003900000 -5.7782980000 1.5417560000
15601.4003900000 -5.7705740000 1.5394890000
15603.4003900000 -5.7628870000 1.5372220000
15605.2998100000 -5.7556200000 1.5350690000
15607.2998100000 -5.7480070000 1.5328040000
15609.2998100000 -5.7404300000 1.5305400000
15610.6396500000 -5.7353740000 1.5290220000
15611.2002000000 -5.7332630000 1.5283880000
15613.2002000000 -5.7257570000 1.5261240000
15615.2002000000 -5.7182860000 1.5238620000
15915.8671900000 -4.8498860000 1.1911700000
16227.0615200000 -4.2271020000 0.8619150000
16544.3418000000 -3.7336750000 0.5411010000
16867.8242200000 -3.3227770000 0.2286210000
17197.6328100000 -2.9726580000 9.9240610000
17533.8906300000 -2.6695180000 9.6272290000
17876.7207000000 -2.4042410000 9.3379340000
18226.2558600000 -2.1703930000 9.0559920000
18582.6250000000 -1.9632110000 8.7812300000
18945.9628900000 -1.7790370000 8.5134750000
19316.4023400000 -1.6132380000 8.2523770000
19694.0878900000 -1.4668850000 7.9977870000
20079.1562500000 -1.3583250000 7.7511090000
20471.7539100000 -1.2437230000 7.5140160000
20872.0273400000 -1.1414370000 7.2836860000
21280.1289100000 -1.0502410000 7.0599390000
21696.2070300000 -0.9690730000 6.8426070000
22120.4238300000 -0.8970010000 6.6315160000
22552.9335900000 -0.8332060000 6.4265050000
22993.8984400000 -0.7769620000 6.2274090000
23443.4882800000 -0.7276200000 6.0340720000
23901.8671900000 -0.6846040000 5.8463430000
24369.2070300000 -0.6473920000 5.6640680000
24845.6875000000 -0.6155140000 5.4871020000
25331.4824200000 -0.5868190000 5.3152970000
25826.7753900000 -0.5643620000 5.1483390000
26331.7539100000 -0.5461020000 4.9862700000
26846.6054700000 -0.5316970000 4.8291070000
27371.5234400000 -0.5207570000 4.6769520000
27906.7070300000 -0.5130620000 4.5293050000
28452.3515600000 -0.5083640000 4.3860450000
29008.6660200000 -0.5064360000 4.2470470000
29575.8593800000 -0.5080310000 4.1122250000
30154.1406300000 -0.5111810000 3.9815210000
30743.7304700000 -0.5172960000 3.8547660000
31344.8476600000 -0.5247220000 3.7319300000
31957.7168000000 -0.5339930000 3.6128300000
32582.5703100000 -0.5449680000 3.4973610000
33219.6406300000 -0.5575180000 3.3854150000
33869.1679700000 -0.5715230000 3.2768900000
34531.3945300000 -0.5865100000 3.1716850000
35206.5703100000 -0.6030920000 3.0697010000
35894.9492200000 -0.6208300000 2.9708470000
36596.7851600000 -0.6396380000 2.8750310000
37312.3437500000 -0.6594420000 2.7821650000
38041.8906300000 -0.6801710000 2.6921620000
38785.7070300000 -0.7017630000 2.6049360000
39544.0625000000 -0.7241630000 2.5204070000
40317.2500000000 -0.7473200000 2.4384950000
41105.5546900000 -0.7711910000 2.3591220000
41909.2695300000 -0.7957370000 2.2822140000
42728.6992200000 -0.8209270000 2.2076970000
43564.1523400000 -0.8467340000 2.1355000000
44415.9414100000 -0.8731370000 2.0655550000
45284.3867200000 -0.9000490000 1.9977940000
46169.8085900000 -0.9276050000 1.9321510000
47072.5429700000 -0.9557290000 1.8685650000
47992.9296900000 -0.9844240000 1.8069720000
48931.3125000000 -1.0137010000 1.7473150000
49888.0429700000 -1.0435750000 1.6895340000
50863.4765600000 -1.0740720000 1.6335730000
51857.9843800000 -1.1053070000 1.5793810000
52871.9375000000 -1.1371520000 1.5269000000
53905.7187500000 -1.1698630000 1.4760820000
54959.7109400000 -1.2041860000 1.4268810000
56034.3085900000 -1.2384770000 1.3792890000
57129.9218800000 -1.2737470000 1.3332100000
58246.9531300000 -1.3101120000 1.2885970000
59385.8281300000 -1.3477110000 1.2454060000
60546.9687500000 -1.3867050000 1.2035930000
61730.8125000000 -1.4272920000 1.1631180000
62937.8046900000 -1.4692420000 1.1239320000
64168.3984400000 -1.5163740000 1.0860610000
65423.0507800000 -1.5633730000 1.0494750000
66702.2343800000 -1.6163610000 1.0140940000
68006.4296900000 -1.6697890000 0.9800050000
69336.1250000000 -1.7274220000 0.9470200000
70691.8203100000 -1.7902130000 0.9151040000
72074.0234400000 -1.8594340000 0.8842240000
73483.2500000000 -1.9388960000 0.8543710000
74920.0312500000 -2.0269540000 0.8255140000
76384.9062500000 -2.1294150000 0.7975970000
77878.4218800000 -2.2521490000 0.7705890000
79401.1406300000 -2.4064820000 0.7444730000
80953.6328100000 -2.6085720000 0.7193370000
82536.4765600000 -2.9009590000 0.6951030000
84150.2734400000 -3.3994140000 0.6716780000
85795.6250000000 -9.7411170000 3.1290400000
87473.1406300000 -36.4081340000 3.0368200000
89183.4609400000 -2.9963870000 2.9469870000
90927.2187500000 -4.3904990000 2.8594910000
92705.0781300000 -5.1670990000 2.7742780000
94517.6953100000 -6.4642760000 2.6913000000
96365.7500000000 -11.7470530000 2.6105070000
98249.9453100000 10.3214790000 2.5318510000
100170.9766000000 0.5186390000 2.4552840000
102129.5703000000 -1.0897450000 2.3807590000
104126.4609000000 -1.7868100000 2.3082300000
106162.3906000000 -2.2221670000 2.2376530000
108238.1328000000 -2.5763570000 2.1689830000
110354.4609000000 -2.9398010000 2.1021750000
112512.1641000000 -3.4003710000 2.0371890000
114712.0547000000 -4.1196630000 1.9739820000
116954.9688000000 -5.5910750000 1.9125110000
119241.7266000000 -10.9329620000 1.8527380000
121573.2031000000 24.2888030000 1.7947720000
123950.2656000000 3.6482850000 1.7388870000
126373.8047000000 1.2392950000 1.6846380000
128844.7266000000 0.2938350000 1.6319810000
131363.9688000000 -0.2195340000 1.5808730000
133932.4531000000 -0.5489750000 1.5312710000
136551.1719000000 -0.7848610000 1.4831320000
139221.0938000000 -0.9685350000 1.4364180000
141943.2188000000 -1.1222010000 1.3910890000
144718.5625000000 -1.2595770000 1.3471060000
147548.1719000000 -1.3905110000 1.3044320000
150433.1094000000 -1.5234560000 1.2630300000
153374.4531000000 -1.6672810000 1.2228660000
156373.2969000000 -1.8332960000 1.1839040000
159430.7969000000 -2.0385680000 1.1461110000
162548.0625000000 -2.3128880000 1.1094550000
165726.2813000000 -2.7166700000 1.0739020000
168966.6406000000 -3.3981900000 1.0394230000
172270.3750000000 -4.8521820000 1.0059870000
175638.6875000000 -10.3837130000 0.9735640000
179072.8594000000 21.2645870000 0.9422690000
182574.1875000000 4.0733770000 0.9122810000
186143.9688000000 1.8412580000 0.8832350000
189783.5469000000 0.9559460000 0.8551030000
193494.2969000000 0.4775410000 0.8278560000
197277.5938000000 0.1758540000 0.8014660000
201134.8594000000 -0.0331390000 0.7759080000
205067.5469000000 -0.1874500000 0.7511540000
209077.1406000000 -0.3067990000 0.7271810000
213165.1250000000 -0.4024540000 0.7039630000
217333.0313000000 -0.4813290000 0.6814780000
221582.4375000000 -0.5479130000 0.6597010000
225914.9219000000 -0.6052540000 0.6386120000
230332.1250000000 -0.6555050000 0.6181890000
234835.7031000000 -0.7002340000 0.5984110000
239427.3281000000 -0.7406210000 0.5792570000
244108.7344000000 -0.7775770000 0.5607090000
248881.6719000000 -0.8118260000 0.5427470000
253747.9219000000 -0.8439610000 0.5253540000
258709.3281000000 -0.8744810000 0.5085100000
263767.7500000000 -0.9038250000 0.4922000000
268925.0625000000 -0.9323870000 0.4764070000
274183.2188000000 -0.9605430000 0.4611130000
279544.1875000000 -0.9886640000 0.4463050000
285010.0000000000 -1.0171360000 0.4319650000
290582.6563000000 -1.0463780000 0.4180810000
296264.2500000000 -1.0768680000 0.4046370000
302056.9688000000 -1.1091740000 0.3916200000
307962.9375000000 -1.1439980000 0.3790160000
313984.3750000000 -1.1822380000 0.3668130000
320123.5625000000 -1.2250910000 0.3549970000
326382.7813000000 -1.2742060000 0.3435570000
332764.3750000000 -1.3319450000 0.3324810000
339270.7500000000 -1.4018500000 0.3217580000
345904.3438000000 -1.4894990000 0.3113760000
352667.6563000000 -1.6042650000 0.3013240000
359563.1875000000 -1.7632290000 0.2915930000
366593.5625000000 -2.0012290000 0.2821710000
373761.3750000000 -2.4021080000 0.2730500000
381069.3438000000 -3.2318070000 0.2642210000
388520.2188000000 -6.0208390000 0.2556730000
396116.7500000000 26.2417340000 0.2473970000
403861.8125000000 2.8151020000 0.2393870000
411758.3438000000 1.0872870000 0.2316320000
419809.2500000000 0.4507870000 0.2241250000
428017.5625000000 0.1185230000 0.2168580000
436386.3750000000 -0.0863220000 0.2098230000
444918.8125000000 -0.2257290000 0.2030140000
453618.0938000000 -0.3270540000 0.1964230000
462487.4688000000 -0.4042450000 0.1900430000
471530.2500000000 -0.4651610000 0.1838670000
480749.8438000000 -0.5145720000 0.1778900000
490149.7188000000 -0.5555370000 0.1721040000
499733.3750000000 -0.5901120000 0.1665040000
509504.4063000000 -0.6197310000 0.1610840000
519466.5000000000 -0.6454220000 0.1558380000
529623.3750000000 -0.6679450000 0.1507600000
539978.8125000000 -0.6878700000 0.1458460000
550536.7500000000 -0.7056390000 0.1410900000
561301.1250000000 -0.7215950000 0.1364870000
572276.0000000000 -0.7360090000 0.1320320000
583465.4375000000 -0.7491020000 0.1277200000
594873.6250000000 -0.7610520000 0.1235480000
606504.8750000000 -0.7720050000 0.1195090000
618363.5625000000 -0.7820830000 0.1156020000
630454.1250000000 -0.7913870000 0.1118200000
642781.1250000000 -0.8000050000 0.1081600000
655349.0625000000 -0.8080100000 0.1046190000
668162.8125000000 -0.8154630000 0.1011920000
681227.0625000000 -0.8224200000 0.0978760000
694546.7500000000 -0.8289280000 0.0946670000
