30.0000000000 -68.9111480000 6.4935550000
30.5865750000 -68.4716950000 6.5011690000
31.1846200000 -68.0401920000 6.4924110000
31.7943570000 -67.6032940000 6.4672510000
32.4160160000 -67.1690900000 6.4255890000
33.0498310000 -66.7384800000 6.3675460000
33.6960370000 -66.3123700000 6.2932970000
34.3548770000 -65.8916470000 6.2030600000
35.0266040000 -65.4771960000 6.0971030000
35.7114600000 -65.0699080000 5.9757400000
36.4097100000 -64.6706310000 5.8393280000
37.1216090000 -64.2802350000 5.6882690000
37.8474310000 -63.8995440000 5.5230040000
38.5874440000 -63.5293920000 5.3440110000
39.3419230000 -63.1706010000 5.1518100000
40.1111560000 -62.8239670000 4.9469460000
40.8954320000 -62.4902950000 4.7300040000
41.6950380000 -62.1703830000 4.5015930000
42.5102810000 -61.8650280000 4.2623420000
43.3414650000 -61.5750620000 4.0129150000
44.1888960000 -61.3013270000 3.7539840000
45.0529020000 -61.0447200000 3.4862420000
45.9338000000 -60.8062170000 3.2103970000
46.8319210000 -60.5869030000 2.9271620000
47.7476010000 -60.3880160000 2.6372650000
48.6811870000 -60.2110440000 2.3414300000
49.6330260000 -60.0578120000 2.0403880000
50.6034740000 -59.9306560000 1.7348650000
51.5928990000 -59.8326800000 1.4255840000
52.6016690000 -59.7681690000 1.1132570000
53.6301650000 -59.7433010000 0.7985920000
54.6787680000 -59.7673760000 0.4822800000
55.7478750000 -59.8552280000 0.1649980000
56.8378870000 -60.0320930000 9.8474040000
57.9492070000 -61.4229470000 2.7832040000
59.0822600000 -59.6958310000 2.2965260000
60.2374690000 -58.9555850000 1.8225890000
61.4152600000 -58.4781800000 1.3611490000
62.6160810000 -58.1365390000 0.9119930000
63.8403850000 -57.8830180000 0.4749480000
65.0886230000 -57.6941530000 0.0498630000
66.3612670000 -57.5565910000 9.6366120000
67.6587980000 -57.4620820000 9.2350790000
68.9816970000 -57.4053270000 8.8451650000
70.3304600000 -57.3829880000 8.4667820000
71.7055970000 -57.3932190000 8.0998330000
73.1076200000 -57.4355280000 7.7442330000
74.5370640000 -57.5108990000 7.3998970000
75.9944460000 -57.6222650000 7.0667320000
77.4803310000 -57.7755200000 6.7446420000
78.9952620000 -57.9817010000 6.4335230000
80.5398180000 -60.4436680000 7.9741030000
82.1145710000 -58.2715450000 7.5947910000
83.7201160000 -57.9224320000 7.2311540000
85.3570560000 -57.7685240000 6.8827410000
87.0260010000 -57.7076610000 6.5491110000
88.7275770000 -57.7065350000 6.2298320000
90.4624250000 -57.7502440000 5.9244820000
92.2311940000 -57.8314860000 5.6326430000
94.0345380000 -57.9471630000 5.3539070000
95.8731540000 -58.0975610000 5.0878640000
97.7477110000 -58.2869610000 4.8341200000
99.6589200000 -58.5462150000 4.9457320000
101.6075060000 -58.6318590000 4.7393260000
103.5941850000 -58.7954440000 4.7935990000
105.6197130000 -58.8668520000 4.6306550000
107.6848450000 -58.9839550000 4.4809560000
109.7903520000 -59.1234250000 4.3442850000
111.9370270000 -59.2784080000 4.2204450000
114.1256790000 -59.4458890000 4.1092420000
116.3571170000 -59.6244850000 4.0105030000
118.6321950000 -59.8139460000 3.9240640000
120.9517520000 -62.3326190000 3.9753470000
123.3166580000 -62.4022870000 3.9792570000
125.7278060000 -62.5076140000 3.9907950000
128.1860960000 -62.6246410000 4.0100250000
130.6924590000 -62.7494050000 4.0370250000
133.2478330000 -62.8803790000 4.0718940000
135.8531490000 -63.0167730000 4.1147430000
138.5094300000 -63.1581040000 4.1657050000
141.2176360000 -63.3040390000 4.2249240000
143.9787900000 -63.4543270000 4.2925630000
146.7939300000 -63.5762790000 4.3681450000
149.6641240000 -63.7336200000 4.4521690000
152.5904390000 -63.8947910000 4.5451270000
155.5739590000 -64.0596620000 4.6472360000
158.6158140000 -64.2281270000 4.7587270000
161.7171480000 -64.4000700000 4.8798470000
164.8791350000 -64.5753710000 5.0108530000
168.1029360000 -64.7539290000 5.1520180000
171.3897710000 -64.9356230000 5.3036260000
174.7408600000 -65.1203310000 5.4659740000
178.1574860000 -65.3079300000 5.6393710000
181.6409150000 -65.4982910000 5.8241410000
185.1924440000 -65.6912610000 6.0206140000
188.8134160000 -65.8866960000 6.2291350000
192.5051880000 -66.0844270000 6.4500570000
196.2691500000 -66.2842860000 6.6837480000
200.1067050000 -66.4860760000 6.9305810000
204.0192870000 -66.6896060000 7.1909400000
208.0083770000 -66.8946530000 7.4652210000
212.0754700000 -67.1009980000 7.7538250000
216.2220760000 -67.3083950000 8.0571600000
220.4497530000 -67.5165860000 8.3756470000
224.7601010000 -67.7252960000 8.7097100000
229.1547240000 -67.9342500000 9.0597800000
233.6352690000 -68.0265200000 9.4218170000
238.2034300000 -68.2326580000 9.7988100000
242.8609010000 -68.4382550000 0.1929070000
247.6094360000 -68.6429900000 0.6045530000
252.4508210000 -68.8465120000 1.0341920000
257.3868710000 -69.0484770000 1.4822700000
262.4194340000 -69.2485280000 1.9492350000
267.5503850000 -69.4463120000 2.4355310000
272.7816770000 -69.6414870000 2.9416070000
278.1152340000 -69.8337250000 3.4679040000
283.5530700000 -70.0227130000 4.0148590000
289.0972600000 -70.2082060000 4.5829170000
294.7498170000 -70.3899990000 5.1725030000
300.5129390000 -70.5679700000 5.7840470000
306.3887020000 -70.7421490000 6.4179610000
312.3793640000 -70.9127500000 7.0746610000
318.4871830000 -71.0802610000 7.7545510000
324.7143860000 -71.2564090000 8.4582600000
331.0633850000 -71.4212110000 9.1862600000
337.5364990000 -71.5879900000 9.9385870000
344.1361690000 -71.7610630000 0.7155900000
350.8648990000 -71.9478000000 1.5176120000
357.7251890000 -72.1613310000 2.3449800000
364.7196040000 -72.4171600000 3.8688130000
371.8508000000 -72.3540040000 4.8053610000
379.1213990000 -72.6917420000 6.2254300000
386.5341800000 -72.3143690000 7.2586670000
394.0918880000 -65.4419560000 8.3199100000
401.7973630000 -64.9190980000 9.0409740000
409.6535340000 -60.0580830000 9.7325400000
417.6632690000 -59.2884450000 0.1998350000
425.8296200000 -58.5045660000 0.6381470000
434.1556700000 -57.7063980000 1.0460780000
442.6445010000 -56.8948140000 1.4223270000
451.2993160000 -56.0712620000 1.7657150000
460.1233520000 -55.2376100000 2.0751760000
469.1199040000 -54.3960950000 2.3497730000
478.2923890000 -53.5492780000 2.5886880000
487.6441960000 -52.7066540000 2.7914770000
497.1788640000 -51.8586080000 2.9574780000
506.8999330000 -51.0154610000 3.0861590000
516.8110960000 -50.1819000000 3.1772460000
526.9160770000 -49.3637620000 3.2305950000
537.2185670000 -48.5687100000 3.2461850000
547.7225340000 -47.8074490000 3.2241480000
558.4318850000 -47.0961840000 3.1647300000
569.3506470000 -46.4619790000 3.0683060000
580.4828490000 -45.7547300000 4.6971820000
591.8327640000 -44.4441600000 4.5403590000
603.4046020000 -43.3391230000 4.3479270000
615.2026370000 -42.3238600000 4.1207120000
627.2313840000 -41.3674050000 3.8596460000
639.4953610000 -40.4585950000 3.5657580000
651.9990840000 -39.5939600000 3.2401660000
664.7473140000 -38.7746320000 2.8840680000
677.7447510000 -38.3454930000 2.8827290000
690.9963990000 -37.2063600000 2.4777340000
704.5070800000 -36.3589710000 2.0462380000
718.2819820000 -35.5772210000 1.5896910000
732.3261720000 -34.8441240000 1.1095940000
746.6450200000 -34.1557200000 0.6074790000
761.2437740000 -33.5121230000 0.0849190000
776.1279910000 -32.9159580000 9.5435050000
791.3032230000 -32.3728680000 8.9848540000
806.7752080000 -32.0120740000 8.9536670000
822.5496830000 -31.2581600000 8.3688980000
838.6325680000 -30.6584870000 7.7715850000
855.0299680000 -30.1271190000 7.1633470000
871.7479250000 -29.6475110000 6.5457920000
888.7927860000 -29.2135770000 5.9205070000
906.1708980000 -28.8223990000 5.2890700000
923.8888550000 -28.4722440000 4.6530150000
941.9531860000 -28.1617810000 4.0138570000
960.3707280000 -27.8895420000 3.3730660000
979.1483760000 -27.6532420000 2.7320770000
998.2931520000 -27.4483410000 2.0922780000
1017.8123170000 -27.1667140000 1.7324520000
1037.7131350000 -26.8888030000 1.3980390000
1058.0029300000 -26.6239380000 1.0621510000
1078.6895750000 -26.3721280000 0.7249510000
1099.7806400000 -26.1339360000 0.3866210000
1121.2841800000 -25.9085690000 0.0473330000
1143.2080080000 -25.6965580000 9.7072530000
1165.5606690000 -25.4995750000 9.3666970000
1188.3502200000 -25.3150160000 9.0257530000
1211.5854490000 -25.1444030000 8.6845840000
1235.2750240000 -24.9880030000 8.3433740000
1259.4277340000 -24.8461170000 8.0023080000
1284.0527340000 -24.7190900000 7.6615660000
1309.1591800000 -24.6073070000 7.3213310000
1334.7564700000 -24.5112080000 6.9817890000
1360.8542480000 -24.4384820000 6.6433430000
1387.4624020000 -24.3757650000 6.3064880000
1414.5908200000 -24.3303720000 5.9709580000
1442.2495120000 -24.5236890000 5.6382240000
1470.4492190000 -24.5245270000 5.3181790000
1499.2000730000 -24.5443590000 5.0008600000
1528.5131840000 -24.7603950000 4.6912850000
1558.3995360000 -24.8275280000 4.3896360000
1588.8701170000 -24.9167230000 4.0915730000
1619.9365230000 -25.0296570000 3.7971430000
1651.6103520000 -25.1683370000 3.5063860000
1683.9034420000 -25.3351840000 3.2193420000
1716.8280030000 -25.5331540000 2.9360440000
1750.3962400000 -25.7658750000 2.6565200000
1784.6208500000 -26.0378720000 2.3807950000
1819.5146480000 -26.3548700000 2.1088910000
1855.0908200000 -26.8879220000 1.8415470000
1891.3624270000 -27.3176160000 1.5820520000
1928.3432620000 -27.9479390000 1.3271800000
1966.0472410000 -28.5452060000 1.0787130000
2004.4884030000 -29.2644200000 0.8338220000
2043.6811520000 -30.1501750000 0.5924900000
2083.6401370000 -31.2795770000 0.3547010000
2124.3806150000 -32.8020100000 0.1204340000
2165.9174800000 -35.0558400000 9.8896760000
2208.2666020000 -39.0058290000 9.6624100000
2251.4438480000 -48.7688520000 9.4386180000
2295.4653320000 -181.5989990000 3.2221070000
2340.3474120000 -23.2847770000 6.2382430000
2386.1069340000 -92.0005490000 9.3081510000
2432.7612300000 -1.3793030000 1.4618300000
2480.3278810000 -4.2130480000 9.4185430000
2528.8244630000 -10.4254080000 0.0321500000
2578.2692870000 -15.9072420000 5.6327780000
2628.6809080000 -20.5941450000 3.4325470000
2680.0783690000 -24.9110580000 2.3457690000
2732.4804690000 -29.3552380000 1.9551270000
2785.9074710000 -34.4743770000 2.1658630000
2840.3789060000 -42.6321790000 3.1290050000
2895.9152830000 -46.0204890000 9.8076900000
2952.5378420000 -52.4806860000 4.4405780000
3010.2673340000 -16.5308170000 9.7573070000
3069.1254880000 -15.5075240000 8.9271130000
3129.1347660000 -14.7146360000 8.1163750000
3190.3171390000 -14.1530900000 7.3255730000
3252.6958010000 -14.0868330000 6.5540810000
3316.2941890000 -13.1801790000 7.5416240000
3381.1359860000 -12.0672540000 6.7368830000
3447.2456050000 -11.3725530000 5.9617730000
3514.6479490000 -10.9823640000 5.2149430000
3583.3681640000 -10.6447360000 5.5766600000
3653.4318850000 -9.6242570000 4.8747540000
3724.8657230000 -8.9433980000 4.1970770000
3797.6960450000 -8.4030470000 3.5411930000
3871.9506840000 -7.9388510000 2.9090140000
3947.6569820000 -7.5310120000 2.3001330000
4024.8435060000 -7.1681010000 1.7142620000
4103.5390630000 -6.8423720000 1.1512550000
4183.7739260000 -6.5479590000 0.6110610000
4265.5771480000 -6.0331500000 0.0917260000
4348.9794920000 -5.7608420000 9.5443420000
4434.0131840000 -5.5128010000 9.0103380000
4520.7089840000 -5.2869160000 8.4894600000
4609.1005860000 -5.0727070000 7.9812340000
4699.2197270000 -4.8735730000 7.4830780000
4791.1015630000 -4.7000840000 6.9963070000
4884.7792970000 -4.5460680000 6.5210210000
4980.2890630000 -4.4074150000 6.0572320000
5077.6660160000 -4.2831340000 5.6047130000
5176.9472660000 -4.1723280000 5.1632350000
5278.1694340000 -4.0741870000 4.7325740000
5381.3710940000 -3.9879700000 4.3125120000
5486.5903320000 -3.9130020000 3.9028300000
5593.8666990000 -3.8486670000 3.5033150000
5703.2412110000 -3.8087620000 3.1138790000
5814.7534180000 -3.7644740000 2.7356410000
5928.4467770000 -3.7291390000 2.3670130000
6044.3627930000 -3.7023280000 2.0077860000
6162.5449220000 -3.6836470000 1.6577600000
6283.0380860000 -3.6727420000 1.3167250000
6405.8872070000 -3.6692950000 0.9844880000
6531.1386720000 -3.6730220000 0.6608510000
6658.8383790000 -3.6971770000 0.3467700000
6789.0356450000 -3.7320170000 0.0413930000
6921.7783200000 -3.7559000000 9.7444920000
7057.1162110000 -3.7860070000 9.4554910000
7195.1005860000 -3.8435600000 9.1748300000
7335.7827150000 -3.8857720000 8.9021800000
7479.2158200000 -3.9338970000 8.6369040000
7625.4531250000 -3.9879300000 8.3788250000
7774.5498050000 -4.0479130000 8.1277700000
7926.5620120000 -4.1139360000 7.8835680000
8081.5458980000 -4.1861520000 7.6460510000
8239.5605470000 -4.2647760000 7.4150550000
8400.6640630000 -4.3501060000 7.1904180000
8564.9189450000 -4.4425380000 6.9719840000
8732.3837890000 -4.5425970000 6.7596000000
8903.1240230000 -4.6509220000 6.5531700000
9077.2021480000 -4.7647070000 6.3555340000
9254.6845700000 -4.8873440000 6.1635510000
9435.6367190000 -5.0198440000 5.9770700000
9620.1269530000 -5.1634840000 5.7959400000
9808.2246090000 -5.3198910000 5.6200160000
10000.0000000000 -5.4915280000 5.4491620000
10195.5253900000 -5.6804620000 5.2832520000
10394.8730500000 -5.8917170000 5.1221550000
10598.1191400000 -6.1284010000 4.9657660000
10805.3388700000 -6.3992440000 4.8139240000
11016.6103500000 -6.7140490000 4.6665080000
11232.0127000000 -7.0905900000 4.5233840000
11451.6259800000 -7.5589320000 4.3844330000
11675.5341800000 -8.1789320000 4.2495360000
11903.8203100000 -9.1002130000 4.1185800000
12120.9003900000 -10.7495250000 3.9998200000
12122.0996100000 -10.7639280000 3.9991780000
12123.2002000000 -10.7772360000 3.9985900000
12124.4003900000 -10.7918480000 3.9979490000
12125.5996100000 -10.8065710000 3.9973080000
12126.7998100000 -10.8214060000 3.9966670000
12128.0000000000 -10.8363690000 3.9960260000
12129.2002000000 -10.8514350000 3.9953860000
12130.4003900000 -10.8666320000 3.9947450000
12131.5000000000 -10.8806540000 3.9941580000
12132.7002000000 -10.8960700000 3.9935180000
12133.9003900000 -10.9116230000 3.9928780000
12135.0996100000 -10.9272760000 3.9922390000
12136.2998100000 -10.9430820000 3.9915990000
12136.5693400000 -10.9466390000 3.9914550000
12137.5000000000 -10.9590040000 3.9909590000
12138.7002000000 -10.9750720000 3.9903200000
12139.9003900000 -10.9912610000 3.9896810000
12141.0000000000 -11.0062190000 3.9890950000
12142.2002000000 -11.0226850000 3.9884560000
12143.4003900000 -11.0392790000 3.9878170000
12144.5996100000 -11.0560160000 3.9871790000
12145.7998100000 -11.0728990000 3.9865410000
12147.0000000000 -11.0899440000 3.9859020000
12148.2002000000 -11.1071260000 3.9852640000
12149.4003900000 -11.1244760000 3.9846260000
12150.5996100000 -11.1419550000 3.9839890000
12151.7998100000 -11.1596220000 3.9833510000
12152.9003900000 -11.1759580000 3.9827660000
12154.0996100000 -11.1939100000 3.9821300000
12155.2998100000 -11.2120580000 3.9814920000
12156.5000000000 -11.2303640000 3.9808550000
12157.7002000000 -11.2488580000 3.9802180000
12158.9003900000 -11.2675160000 3.9795820000
12160.0996100000 -11.2863560000 3.9789450000
12161.2998100000 -11.3053810000 3.9783090000
12162.5000000000 -11.3246090000 3.9776730000
12163.7002000000 -11.3440150000 3.9770370000
12164.9003900000 -11.3636320000 3.9764010000
12166.0996100000 -11.3834190000 3.9757660000
12167.2998100000 -11.4034410000 3.9751300000
12168.5000000000 -11.4236570000 3.9744950000
12169.5996100000 -11.4423720000 3.9739130000
12170.7998100000 -11.4630170000 3.9732770000
12172.0000000000 -11.4838660000 3.9726420000
12173.2002000000 -11.5049590000 3.9720070000
12174.4003900000 -11.5262670000 3.9713730000
12175.5996100000 -11.5478120000 3.9707390000
12176.7998100000 -11.5695990000 3.9701040000
12178.0000000000 -11.5916510000 3.9694700000
12179.2002000000 -11.6139380000 3.9688360000
12180.4003900000 -11.6365040000 3.9682020000
12181.5996100000 -11.6592980000 3.9675690000
12182.7998100000 -11.6823820000 3.9669360000
12184.0000000000 -11.7057620000 3.9663020000
12185.2002000000 -11.7294080000 3.9656690000
12186.4003900000 -11.7533660000 3.9650360000
12187.5996100000 -11.7775840000 3.9644040000
12188.7998100000 -11.8021470000 3.9637710000
12190.0000000000 -11.8270050000 3.9631380000
12191.2002000000 -11.8522060000 3.9625060000
12192.4003900000 -11.8777180000 3.9618730000
12193.5996100000 -11.9035700000 3.9612410000
12194.7998100000 -11.9297700000 3.9606100000
12196.0000000000 -11.9563510000 3.9599780000
12197.2002000000 -11.9832780000 3.9593460000
12198.4003900000 -12.0106060000 3.9587140000
12199.5996100000 -12.0382800000 3.9580840000
12200.7998100000 -12.0663980000 3.9574520000
12202.0000000000 -12.0949060000 3.9568220000
12203.2002000000 -12.1238620000 3.9561900000
12204.4003900000 -12.1532330000 3.9555600000
12205.5996100000 -12.1830530000 3.9549300000
12206.7998100000 -12.2133390000 3.9542990000
12208.0000000000 -12.2441280000 3.9536690000
12209.2002000000 -12.2753880000 3.9530390000
12210.4003900000 -12.3071830000 3.9524090000
12211.5996100000 -12.3394560000 3.9517800000
12212.7998100000 -12.3723240000 3.9511500000
12214.0000000000 -12.4057310000 3.9505210000
12215.2002000000 -12.4397500000 3.9498910000
12216.4003900000 -12.4743440000 3.9492620000
12217.5996100000 -12.5095650000 3.9486330000
12218.7998100000 -12.5454350000 3.9480050000
12220.0000000000 -12.5820060000 3.9473760000
12221.2002000000 -12.6192480000 3.9467480000
12222.4003900000 -12.6572470000 3.9461190000
12223.5996100000 -12.6959380000 3.9454920000
12224.7998100000 -12.7354760000 3.9448630000
12226.0000000000 -12.7758010000 3.9442360000
12227.2998100000 -12.8204530000 3.9435560000
12228.5000000000 -12.8626260000 3.9429280000
12229.7002000000 -12.9056970000 3.9423010000
12230.9003900000 -12.9497750000 3.9416730000
12232.0996100000 -12.9947990000 3.9410470000
12233.2998100000 -13.0409590000 3.9404190000
12234.5000000000 -13.0882000000 3.9397930000
12235.7002000000 -13.1366500000 3.9391660000
12236.9003900000 -13.1862920000 3.9385400000
12238.0996100000 -13.2372270000 3.9379140000
12239.2998100000 -13.2895260000 3.9372880000
12240.5000000000 -13.3433050000 3.9366610000
12241.7002000000 -13.3985600000 3.9360360000
12242.9003900000 -13.4554650000 3.9354100000
12244.2002000000 -13.5189490000 3.9347330000
12245.4003900000 -13.5795200000 3.9341070000
12246.5996100000 -13.6419240000 3.9334830000
12247.7998100000 -13.7064860000 3.9328570000
12249.0000000000 -13.7731910000 3.9322330000
12250.2002000000 -13.8423040000 3.9316080000
12251.4003900000 -13.9138820000 3.9309830000
12252.5996100000 -13.9881720000 3.9303590000
12253.7998100000 -14.0653830000 3.9297350000
12255.0996100000 -14.1526150000 3.9290590000
12256.2998100000 -14.2367850000 3.9284350000
12257.5000000000 -14.3246500000 3.9278110000
12258.7002000000 -14.4167010000 3.9271870000
12259.9003900000 -14.5131950000 3.9265640000
12261.0996100000 -14.6146650000 3.9259410000
12262.2998100000 -14.7216520000 3.9253180000
12263.5000000000 -14.8348790000 3.9246950000
12264.7002000000 -14.9549130000 3.9240720000
12266.0000000000 -15.0937850000 3.9233980000
12267.2002000000 -15.2313750000 3.9227750000
12268.4003900000 -15.3791590000 3.9221530000
12269.5996100000 -15.5389060000 3.9215300000
12270.7998100000 -15.7127170000 3.9209090000
12272.0000000000 -15.9034570000 3.9202860000
12273.2002000000 -16.1143990000 3.9196650000
12274.5000000000 -16.3715820000 3.9189920000
12275.7002000000 -16.6430400000 3.9183700000
12276.9003900000 -16.9574090000 3.9177490000
12278.0996100000 -17.3311790000 3.9171280000
12279.2998100000 -17.7920720000 3.9165070000
12280.5000000000 -18.3938730000 3.9158860000
12281.7998100000 -19.3530540000 3.9152140000
12283.0000000000 -21.0402370000 3.9145930000
12284.2002000000 -23.2602540000 0.1941180000
12285.4003900000 -20.0432360000 0.1923880000
12286.5996100000 -18.8673970000 0.1906600000
12287.7998100000 -18.1300640000 0.1889290000
12289.0996100000 -17.5533350000 0.1870560000
12290.2998100000 -17.1368810000 0.1853280000
12291.5000000000 -16.7917730000 0.1835990000
12292.7002000000 -16.4974710000 0.1818710000
12293.9003900000 -16.2405380000 0.1801420000
12295.2002000000 -15.9949550000 0.1782720000
12296.4003900000 -15.7920920000 0.1765460000
12297.5996100000 -15.6077650000 0.1748210000
12298.7998100000 -15.4388620000 0.1730960000
12300.0000000000 -15.2828720000 0.1713710000
12301.2998100000 -15.1265480000 0.1695020000
12302.5000000000 -14.9922570000 0.1677790000
12303.7002000000 -14.8662290000 0.1660540000
12304.9003900000 -14.7476790000 0.1643310000
12306.0996100000 -14.6356850000 0.1626090000
12307.4003900000 -14.5208640000 0.1607430000
12308.5996100000 -14.4205180000 0.1590220000
12309.7998100000 -14.3247560000 0.1573000000
12311.0000000000 -14.2333830000 0.1555800000
12312.2002000000 -14.1458810000 0.1538590000
12313.5000000000 -14.0552190000 0.1519960000
12314.7002000000 -13.9749890000 0.1502770000
12315.9003900000 -13.8977490000 0.1485570000
12317.0996100000 -13.8234560000 0.1468400000
12318.4003900000 -13.7457990000 0.1449790000
12319.5996100000 -13.6767700000 0.1432630000
12320.7998100000 -13.6099060000 0.1415440000
12322.0000000000 -13.5452220000 0.1398290000
12323.2998100000 -13.4773880000 0.1379690000
12324.5000000000 -13.4166800000 0.1362520000
12325.7002000000 -13.3577800000 0.1345380000
12326.9003900000 -13.3004920000 0.1328220000
12328.2002000000 -13.2402410000 0.1309650000
12329.4003900000 -13.1861740000 0.1292520000
12330.5996100000 -13.1335090000 0.1275400000
12331.7998100000 -13.0821760000 0.1258270000
12333.0996100000 -13.0279900000 0.1239720000
12334.2998100000 -12.9792000000 0.1222590000
12335.5000000000 -12.9316220000 0.1205480000
12336.7998100000 -12.8814760000 0.1186940000
12338.0000000000 -12.8382160000 0.1169830000
12339.2002000000 -12.7944870000 0.1152750000
12340.4003900000 -12.7510680000 0.1135650000
12341.7002000000 -12.7050290000 0.1117150000
12342.9003900000 -12.6634280000 0.1100080000
12344.0996100000 -12.6226550000 0.1083010000
12345.2998100000 -12.5826790000 0.1065950000
12346.5996100000 -12.5402350000 0.1047470000
12347.7998100000 -12.5017990000 0.1030400000
12349.0000000000 -12.4641060000 0.1013350000
12350.2998100000 -12.4240400000 0.0994880000
12351.5000000000 -12.3877480000 0.0977840000
12352.7002000000 -12.3520640000 0.0960800000
12354.0000000000 -12.3141260000 0.0942340000
12355.2002000000 -12.2797290000 0.0925310000
12356.4003900000 -12.2458770000 0.0908280000
12357.7002000000 -12.2098540000 0.0889840000
12358.9003900000 -12.1771630000 0.0872830000
12360.0996100000 -12.1449910000 0.0855830000
12361.4003900000 -12.1106740000 0.0837390000
12362.5996100000 -12.0795560000 0.0820410000
12363.7998100000 -12.0488580000 0.0803390000
12365.0000000000 -12.0186410000 0.0786410000
12366.2998100000 -11.9864030000 0.0768000000
12367.5000000000 -11.9570730000 0.0751020000
12368.7002000000 -11.9281850000 0.0734040000
12370.0000000000 -11.8973430000 0.0715660000
12371.2002000000 -11.8692660000 0.0698670000
12372.5000000000 -11.8393000000 0.0680290000
12373.7002000000 -11.8120320000 0.0663340000
12373.8701200000 -11.8082030000 0.0660940000
12374.9003900000 -11.7851050000 0.0646370000
12376.2002000000 -11.7563710000 0.0628020000
12377.4003900000 -11.7301700000 0.0611070000
12378.5996100000 -11.7043440000 0.0594150000
12379.9003900000 -11.6766880000 0.0575780000
12381.0996100000 -11.6515120000 0.0558850000
12382.2998100000 -11.6266460000 0.0541930000
12383.5996100000 -11.6000450000 0.0523600000
12384.7998100000 -11.5757810000 0.0506670000
12386.0000000000 -11.5518250000 0.0489760000
12387.2998100000 -11.5261850000 0.0471440000
12388.5000000000 -11.5027880000 0.0454530000
12389.7998100000 -11.4777600000 0.0436220000
12391.0000000000 -11.4549330000 0.0419330000
12392.2002000000 -11.4323430000 0.0402430000
12393.5000000000 -11.4081700000 0.0384140000
12394.7002000000 -11.3861130000 0.0367260000
12396.0000000000 -11.3624850000 0.0348980000
12397.2002000000 -11.3409030000 0.0332090000
12398.4003900000 -11.3195680000 0.0315230000
12399.7002000000 -11.2967040000 0.0296960000
12400.9003900000 -11.2758130000 0.0280090000
12402.2002000000 -11.2534550000 0.0261850000
12403.4003900000 -11.2330070000 0.0244990000
12404.5996100000 -11.2127970000 0.0228160000
12405.9003900000 -11.1910940000 0.0209900000
12407.0996100000 -11.1712850000 0.0193070000
12408.4003900000 -11.1500240000 0.0174830000
12409.5996100000 -11.1306300000 0.0158010000
12410.7998100000 -11.1113900000 0.0141190000
12412.0996100000 -11.0907670000 0.0122970000
12413.2998100000 -11.0719200000 0.0106160000
12414.5996100000 -11.0516990000 0.0087960000
12415.7998100000 -11.0331990000 0.0071130000
12417.0996100000 -11.0133640000 0.0052940000
12418.2998100000 -10.9952300000 0.0036150000
12419.5000000000 -10.9772430000 0.0019350000
12420.7998100000 -10.9579530000 0.0001170000
12422.0000000000 -10.9403130000 9.9984390000
12423.2998100000 -10.9213750000 9.9966220000
12424.5000000000 -10.9040400000 9.9949440000
12425.7998100000 -10.8854560000 9.9931290000
12427.0000000000 -10.8684290000 9.9914510000
12428.2998100000 -10.8501600000 9.9896360000
12429.5000000000 -10.8334460000 9.9879620000
12430.7998100000 -10.8154930000 9.9861470000
12432.0000000000 -10.7990530000 9.9844710000
12433.2002000000 -10.7827610000 9.9827990000
12434.5000000000 -10.7652590000 9.9809860000
12435.7002000000 -10.7492280000 9.9793110000
12437.0000000000 -10.7320180000 9.9775000000
12438.2002000000 -10.7162670000 9.9758280000
12439.5000000000 -10.6993400000 9.9740170000
12440.7002000000 -10.6838320000 9.9723440000
12442.0000000000 -10.6671790000 9.9705350000
12443.2002000000 -10.6519330000 9.9688650000
12444.5000000000 -10.6355460000 9.9670560000
12445.7002000000 -10.6205280000 9.9653850000
12447.0000000000 -10.6044110000 9.9635790000
12448.2002000000 -10.5896280000 9.9619100000
12449.5000000000 -10.5737490000 9.9601030000
12450.7002000000 -10.5592060000 9.9584360000
12452.0000000000 -10.5435690000 9.9566300000
12453.2002000000 -10.5292350000 9.9549630000
12454.5000000000 -10.5138330000 9.9531570000
12455.7002000000 -10.4997240000 9.9514920000
12457.0000000000 -10.4845520000 9.9496880000
12458.2002000000 -10.4706410000 9.9480230000
12459.5000000000 -10.4556910000 9.9462190000
12460.7002000000 -10.4419940000 9.9445560000
12615.8105500000 -9.1940880000 9.7331030000
12862.4814500000 -8.1723850000 9.4110930000
13113.9746100000 -7.6162560000 9.0996940000
13370.3857400000 -7.3339660000 8.7985430000
13631.8105500000 -7.2933110000 8.5073010000
13898.3466800000 -7.5982860000 8.2256390000
13995.2998100000 -7.8808440000 8.1268000000
13996.9003900000 -7.8869520000 8.1251830000
13998.5000000000 -7.8931130000 8.1235690000
14000.0000000000 -7.8989470000 8.1220550000
14001.5996100000 -7.9052270000 8.1204410000
14003.2002000000 -7.9115770000 8.1188270000
14004.7998100000 -7.9179830000 8.1172140000
14006.4003900000 -7.9244580000 8.1156020000
14007.9003900000 -7.9305870000 8.1140900000
14009.5000000000 -7.9371850000 8.1124790000
14011.0996100000 -7.9438560000 8.1108680000
14012.7002000000 -7.9505950000 8.1092580000
14014.2998100000 -7.9573990000 8.1076480000
14015.9003900000 -7.9642830000 8.1060370000
14017.4003900000 -7.9707970000 8.1045280000
14019.0000000000 -7.9778130000 8.1029210000
14020.5996100000 -7.9849030000 8.1013140000
14022.2002000000 -7.9920770000 8.0997050000
14023.7998100000 -7.9993190000 8.0980990000
14025.4003900000 -8.0066430000 8.0964920000
14027.0000000000 -8.0140470000 8.0948850000
14028.5996100000 -8.0215260000 8.0932800000
14030.0996100000 -8.0286170000 8.0917750000
14031.7002000000 -8.0362610000 8.0901710000
14033.2998100000 -8.0439850000 8.0885670000
14034.9003900000 -8.0518050000 8.0869630000
14036.5000000000 -8.0597040000 8.0853600000
14038.0996100000 -8.0676920000 8.0837580000
14039.7002000000 -8.0757810000 8.0821540000
14041.2998100000 -8.0839520000 8.0805540000
14042.9003900000 -8.0922230000 8.0789530000
14044.4003900000 -8.1000640000 8.0774520000
14046.0000000000 -8.1085180000 8.0758520000
14047.5996100000 -8.1170770000 8.0742520000
14049.2002000000 -8.1257370000 8.0726530000
14050.7998100000 -8.1344970000 8.0710540000
14052.4003900000 -8.1433720000 8.0694550000
14054.0000000000 -8.1523440000 8.0678590000
14055.5996100000 -8.1614270000 8.0662620000
14057.2002000000 -8.1706320000 8.0646640000
14058.7998100000 -8.1799420000 8.0630680000
14060.4003900000 -8.1893740000 8.0614730000
14062.0000000000 -8.1989260000 8.0598770000
14063.5996100000 -8.2085930000 8.0582830000
14065.2002000000 -8.2183920000 8.0566890000
14066.7998100000 -8.2283180000 8.0550950000
14068.2998100000 -8.2377410000 8.0536010000
14069.9003900000 -8.2479220000 8.0520080000
14071.5000000000 -8.2582320000 8.0504170000
14073.0996100000 -8.2686820000 8.0488250000
14074.7002000000 -8.2792870000 8.0472330000
14076.2998100000 -8.2900250000 8.0456430000
14077.9003900000 -8.3009180000 8.0440520000
14079.5000000000 -8.3119640000 8.0424620000
14081.0996100000 -8.3231600000 8.0408740000
14082.7002000000 -8.3345230000 8.0392850000
14084.2998100000 -8.3460510000 8.0376960000
14085.9003900000 -8.3577470000 8.0361080000
14087.5000000000 -8.3696090000 8.0345210000
14089.0996100000 -8.3816560000 8.0329340000
14090.7002000000 -8.3938850000 8.0313470000
14092.2998100000 -8.4062930000 8.0297620000
14093.9003900000 -8.4189080000 8.0281760000
14095.5000000000 -8.4317060000 8.0265910000
14097.0996100000 -8.4447070000 8.0250080000
14098.7002000000 -8.4579320000 8.0234230000
14100.2998100000 -8.4713560000 8.0218400000
14101.9003900000 -8.4850100000 8.0202570000
14103.5996100000 -8.4997600000 8.0185770000
14105.2002000000 -8.5138900000 8.0169940000
14106.7998100000 -8.5282630000 8.0154120000
14108.4003900000 -8.5428860000 8.0138310000
14110.0000000000 -8.5577580000 8.0122520000
14111.5996100000 -8.5729050000 8.0106720000
14113.2002000000 -8.5883260000 8.0090910000
14114.7998100000 -8.6040240000 8.0075130000
14116.4003900000 -8.6200330000 8.0059340000
14118.0000000000 -8.6363270000 8.0043560000
14119.5996100000 -8.6529360000 8.0027800000
14121.2002000000 -8.6698900000 8.0012020000
14122.7998100000 -8.6871620000 7.9996260000
14124.4003900000 -8.7047960000 7.9980490000
14126.0996100000 -8.7239210000 7.9963760000
14127.7002000000 -8.7423200000 7.9948010000
14129.2998100000 -8.7611130000 7.9932260000
14130.9003900000 -8.7803150000 7.9916520000
14132.5000000000 -8.7999330000 7.9900780000
14134.0996100000 -8.8200080000 7.9885050000
14135.7002000000 -8.8405470000 7.9869320000
14137.2998100000 -8.8615570000 7.9853610000
14138.9003900000 -8.8830990000 7.9837880000
14140.5996100000 -8.9065290000 7.9821200000
14142.2002000000 -8.9291920000 7.9805480000
14143.7998100000 -8.9524100000 7.9789790000
14145.4003900000 -8.9762540000 7.9774090000
14147.0000000000 -9.0007420000 7.9758400000
14148.5996100000 -9.0258920000 7.9742710000
14150.2002000000 -9.0517700000 7.9727030000
14151.7998100000 -9.0784030000 7.9711350000
14153.5000000000 -9.1075570000 7.9694710000
14155.0996100000 -9.1358800000 7.9679030000
14156.7002000000 -9.1651020000 7.9663370000
14158.2998100000 -9.1952570000 7.9647720000
14159.9003900000 -9.2264620000 7.9632050000
14161.5000000000 -9.2587120000 7.9616410000
14163.2002000000 -9.2942680000 7.9599790000
14164.7998100000 -9.3289900000 7.9584160000
14166.4003900000 -9.3650680000 7.9568520000
14168.0000000000 -9.4025860000 7.9552890000
14169.5996100000 -9.4416340000 7.9537270000
14170.0937500000 -9.4540290000 7.9532450000
14171.2998100000 -9.4849990000 7.9520670000
14172.9003900000 -9.5277040000 7.9505060000
14174.5000000000 -9.5724190000 7.9489450000
14176.0996100000 -9.6193070000 7.9473850000
14177.7002000000 -9.6686440000 7.9458250000
14179.4003900000 -9.7240110000 7.9441670000
14181.0000000000 -9.7791720000 7.9426090000
14182.5996100000 -9.8377210000 7.9410500000
14184.2002000000 -9.9000520000 7.9394920000
14185.9003900000 -9.9710030000 7.9378370000
14187.5000000000 -10.0428300000 7.9362810000
14189.0996100000 -10.1203870000 7.9347250000
14190.7002000000 -10.2047570000 7.9331670000
14192.2998100000 -10.2969890000 7.9316120000
14194.0000000000 -10.4056230000 7.9299600000
14195.5996100000 -10.5200820000 7.9284060000
14197.2002000000 -10.6497030000 7.9268520000
14198.7998100000 -10.7989620000 7.9252980000
14200.5000000000 -10.9868110000 7.9236480000
14202.0996100000 -11.2036210000 7.9220950000
14203.7002000000 -11.4812950000 7.9205430000
14205.4003900000 -11.8975280000 7.9188940000
14207.0000000000 -12.5655760000 7.9173430000
14208.5996100000 -15.4108790000 7.9157940000
14210.2002000000 -12.7011060000 1.0787650000
14211.9003900000 -11.9359260000 1.0765140000
14213.5000000000 -11.5260730000 1.0743970000
14215.0996100000 -11.2348450000 1.0722820000
14216.7998100000 -10.9959020000 1.0700320000
14218.4003900000 -10.8128500000 1.0679170000
14220.0000000000 -10.6576340000 1.0658020000
14221.5996100000 -10.5229340000 1.0636880000
14223.2998100000 -10.3967860000 1.0614410000
14224.9003900000 -10.2907130000 1.0593280000
14226.5000000000 -10.1945970000 1.0572170000
14228.2002000000 -10.1013560000 1.0549730000
14229.7998100000 -10.0206720000 1.0528610000
14231.4003900000 -9.9458200000 1.0507510000
14233.0996100000 -9.8718280000 1.0485110000
14234.7002000000 -9.8066630000 1.0464010000
14236.2998100000 -9.7453740000 1.0442930000
14238.0000000000 -9.6839350000 1.0420530000
14239.5996100000 -9.6292740000 1.0399480000
14241.2998100000 -9.5741330000 1.0377090000
14242.9003900000 -9.5247360000 1.0356020000
14244.5000000000 -9.4776200000 1.0334970000
14246.2002000000 -9.4297440000 1.0312600000
14247.7998100000 -9.3866220000 1.0291580000
14249.4003900000 -9.3451780000 1.0270550000
14251.0996100000 -9.3028810000 1.0248210000
14252.7002000000 -9.2645500000 1.0227190000
14254.4003900000 -9.2252920000 1.0204860000
14256.0000000000 -9.1896560000 1.0183870000
14257.5996100000 -9.1551640000 1.0162870000
14259.2998100000 -9.1197080000 1.0140550000
14260.9003900000 -9.0873920000 1.0119570000
14262.5000000000 -9.0560540000 1.0098600000
14264.2002000000 -9.0237230000 1.0076310000
14265.7998100000 -8.9941880000 1.0055350000
14267.5000000000 -8.9636660000 1.0033080000
14269.0996100000 -8.9357400000 1.0012140000
14270.7998100000 -8.9068340000 0.9989870000
14272.4003900000 -8.8803160000 0.9968920000
14274.0000000000 -8.8544760000 0.9948000000
14275.7002000000 -8.8276760000 0.9925760000
14277.2998100000 -8.8030730000 0.9904840000
14279.0000000000 -8.7775260000 0.9882620000
14280.5996100000 -8.7540460000 0.9861730000
14282.2998100000 -8.7296400000 0.9839520000
14283.9003900000 -8.7071730000 0.9818610000
14285.5996100000 -8.6838240000 0.9796430000
14287.2002000000 -8.6622970000 0.9775540000
14288.7998100000 -8.6412000000 0.9754670000
14290.5000000000 -8.6192450000 0.9732500000
14292.0996100000 -8.5989790000 0.9711640000
14293.7998100000 -8.5778730000 0.9689480000
14295.4003900000 -8.5583650000 0.9668630000
14297.0996100000 -8.5380470000 0.9646480000
14298.7002000000 -8.5192640000 0.9625640000
14300.4003900000 -8.4996650000 0.9603510000
14302.0000000000 -8.4815580000 0.9582700000
14303.7002000000 -8.4626410000 0.9560580000
14305.2998100000 -8.4451520000 0.9539780000
14307.0000000000 -8.4268710000 0.9517670000
14308.5996100000 -8.4099630000 0.9496880000
14310.2998100000 -8.3922780000 0.9474790000
14311.9003900000 -8.3759010000 0.9454000000
14313.5996100000 -8.3587860000 0.9431930000
14315.2002000000 -8.3429200000 0.9411160000
14316.9003900000 -8.3263210000 0.9389100000
14318.5996100000 -8.3099900000 0.9367050000
14320.2002000000 -8.2948420000 0.9346290000
14321.9003900000 -8.2789830000 0.9324250000
14323.5000000000 -8.2642840000 0.9303520000
14325.2002000000 -8.2488800000 0.9281490000
14326.7998100000 -8.2345980000 0.9260770000
14328.5000000000 -8.2196250000 0.9238760000
14330.0996100000 -8.2057290000 0.9218030000
14331.7998100000 -8.1911730000 0.9196040000
14333.5000000000 -8.1768100000 0.9174050000
14335.0996100000 -8.1634820000 0.9153370000
14336.7998100000 -8.1494980000 0.9131380000
14338.4003900000 -8.1365020000 0.9110690000
14340.0996100000 -8.1228930000 0.9088750000
14341.7002000000 -8.1102290000 0.9068060000
14343.4003900000 -8.0969550000 0.9046120000
14345.0996100000 -8.0838540000 0.9024180000
14346.7002000000 -8.0716610000 0.9003520000
14348.4003900000 -8.0588790000 0.8981600000
14350.0000000000 -8.0469880000 0.8960960000
14351.7002000000 -8.0345130000 0.8939050000
14353.4003900000 -8.0221820000 0.8917130000
14355.0000000000 -8.0107220000 0.8896530000
14356.7002000000 -7.9986790000 0.8874630000
14358.2998100000 -7.9874760000 0.8854030000
14360.0000000000 -7.9757150000 0.8832150000
14361.7002000000 -7.9640850000 0.8810270000
14363.2998100000 -7.9532690000 0.8789690000
14365.0000000000 -7.9418970000 0.8767820000
14366.7002000000 -7.9306560000 0.8745970000
14368.2998100000 -7.9201990000 0.8725410000
14370.0000000000 -7.9092020000 0.8703570000
14371.7002000000 -7.8983280000 0.8681730000
14373.2998100000 -7.8882090000 0.8661190000
14375.0000000000 -7.8775660000 0.8639370000
14376.7002000000 -7.8670380000 0.8617550000
14378.2998100000 -7.8572400000 0.8597040000
14380.0000000000 -7.8469310000 0.8575230000
14381.7002000000 -7.8367330000 0.8553430000
14383.2998100000 -7.8272390000 0.8532930000
14385.0000000000 -7.8172480000 0.8511150000
14386.7002000000 -7.8073620000 0.8489380000
14388.2998100000 -7.7981570000 0.8468890000
14390.0000000000 -7.7884680000 0.8447130000
14391.7002000000 -7.7788840000 0.8425390000
14393.4003900000 -7.7693920000 0.8403640000
14395.0000000000 -7.7605480000 0.8383180000
14396.7002000000 -7.7512470000 0.8361450000
14398.4003900000 -7.7420340000 0.8339720000
14400.0000000000 -7.7334530000 0.8319290000
14401.7002000000 -7.7244180000 0.8297580000
14403.4003900000 -7.7154710000 0.8275870000
14405.0996100000 -7.7066180000 0.8254180000
14406.7002000000 -7.6983600000 0.8233760000
14408.4003900000 -7.6896690000 0.8212070000
14410.0996100000 -7.6810670000 0.8190400000
14411.7998100000 -7.6725480000 0.8168740000
14413.4003900000 -7.6645960000 0.8148340000
14415.0996100000 -7.6562400000 0.8126700000
14416.7998100000 -7.6479540000 0.8105040000
14418.5000000000 -7.6397460000 0.8083400000
14420.0996100000 -7.6320980000 0.8063040000
14421.7998100000 -7.6240400000 0.8041410000
14423.5000000000 -7.6160590000 0.8019780000
14425.2002000000 -7.6081520000 0.7998160000
14426.7998100000 -7.6007820000 0.7977830000
14428.5000000000 -7.5930180000 0.7956230000
14430.2002000000 -7.5853260000 0.7934630000
14431.9003900000 -7.5777090000 0.7913050000
14433.5996100000 -7.5701630000 0.7891470000
14435.2002000000 -7.5631210000 0.7871160000
14436.9003900000 -7.5557050000 0.7849590000
14438.5996100000 -7.5483610000 0.7828040000
14440.2998100000 -7.5410800000 0.7806470000
14442.0000000000 -7.5338660000 0.7784920000
14443.7002000000 -7.5267220000 0.7763400000
14445.2998100000 -7.5200540000 0.7743120000
14447.0000000000 -7.5130360000 0.7721610000
14447.1543000000 -7.5124010000 0.7719640000
14448.7002000000 -7.5060770000 0.7700070000
14450.4003900000 -7.4991820000 0.7678560000
14605.2998100000 -7.0874920000 0.5746750000
14607.0000000000 -7.0851240000 0.5725850000
14608.7002000000 -7.0828050000 0.5704980000
14610.5000000000 -7.0804000000 0.5682860000
14612.2002000000 -7.0781810000 0.5661990000
14613.9003900000 -7.0760090000 0.5641120000
14615.5996100000 -7.0738860000 0.5620260000
14617.2998100000 -7.0718130000 0.5599400000
14619.0996100000 -7.0696710000 0.5577340000
14620.7998100000 -7.0676990000 0.5556490000
14622.5000000000 -7.0657780000 0.5535650000
14624.2002000000 -7.0639070000 0.5514830000
14626.0000000000 -7.0619810000 0.5492780000
14627.7002000000 -7.0602160000 0.5471970000
14629.4003900000 -7.0585010000 0.5451160000
14631.0996100000 -7.0568390000 0.5430360000
14632.9003900000 -7.0551360000 0.5408340000
14634.5996100000 -7.0535830000 0.5387560000
14636.2998100000 -7.0520820000 0.5366780000
14638.0996100000 -7.0505510000 0.5344790000
14639.7998100000 -7.0491620000 0.5324020000
14641.5000000000 -7.0478270000 0.5303250000
14643.2002000000 -7.0465470000 0.5282510000
14645.0000000000 -7.0452530000 0.5260520000
14646.7002000000 -7.0440900000 0.5239790000
14648.4003900000 -7.0429820000 0.5219060000
14650.2002000000 -7.0418730000 0.5197110000
14651.9003900000 -7.0408850000 0.5176390000
14653.5996100000 -7.0399560000 0.5155680000
14655.4003900000 -7.0390370000 0.5133750000
14657.0996100000 -7.0382310000 0.5113060000
14658.7998100000 -7.0374860000 0.5092350000
14660.5996100000 -7.0367640000 0.5070460000
14662.2998100000 -7.0361460000 0.5049770000
14664.0000000000 -7.0355920000 0.5029110000
14665.7998100000 -7.0350740000 0.5007220000
14667.5000000000 -7.0346530000 0.4986560000
14669.2002000000 -7.0342970000 0.4965900000
14671.0000000000 -7.0339930000 0.4944050000
14672.7002000000 -7.0337750000 0.4923400000
14674.4003900000 -7.0336260000 0.4902750000
14676.2002000000 -7.0335440000 0.4880920000
14677.9003900000 -7.0335390000 0.4860300000
14679.7002000000 -7.0336120000 0.4838480000
14681.4003900000 -7.0337560000 0.4817860000
14683.0996100000 -7.0339740000 0.4797270000
14684.9003900000 -7.0342870000 0.4775460000
14686.5996100000 -7.0346620000 0.4754870000
14688.2998100000 -7.0351140000 0.4734290000
14690.0996100000 -7.0356790000 0.4712510000
14691.7998100000 -7.0362970000 0.4691930000
14693.5996100000 -7.0370390000 0.4670160000
14695.2998100000 -7.0378270000 0.4649600000
14697.0996100000 -7.0387540000 0.4627860000
14698.7998100000 -7.0397200000 0.4607310000
14700.5000000000 -7.0407730000 0.4586770000
14702.2998100000 -7.0419880000 0.4565040000
14704.0000000000 -7.0432310000 0.4544510000
14705.7998100000 -7.0446480000 0.4522790000
14707.5000000000 -7.0460870000 0.4502280000
14709.2998100000 -7.0477170000 0.4480570000
14711.0000000000 -7.0493600000 0.4460070000
14712.7002000000 -7.0511060000 0.4439590000
14714.5000000000 -7.0530710000 0.4417900000
14716.2002000000 -7.0550360000 0.4397430000
14718.0000000000 -7.0572390000 0.4375740000
14719.7002000000 -7.0594340000 0.4355290000
14721.5000000000 -7.0618870000 0.4333620000
14723.2002000000 -7.0643240000 0.4313180000
14725.0000000000 -7.0670400000 0.4291520000
14726.7002000000 -7.0697330000 0.4271100000
14728.5000000000 -7.0727270000 0.4249460000
14729.6328100000 -7.0746850000 0.4235860000
14730.2002000000 -7.0756890000 0.4229040000
14732.0000000000 -7.0789760000 0.4207420000
14733.7002000000 -7.0822230000 0.4187010000
14735.5000000000 -7.0858210000 0.4165400000
14737.2002000000 -7.0893700000 0.4145010000
14739.0000000000 -7.0932990000 0.4123420000
14740.7002000000 -7.0971700000 0.4103040000
14742.5000000000 -7.1014500000 0.4081460000
14744.2002000000 -7.1056640000 0.4061090000
14746.0000000000 -7.1103200000 0.4039530000
14747.7998100000 -7.1151770000 0.4017970000
14749.5000000000 -7.1199590000 0.3997620000
14751.2998100000 -7.1252330000 0.3976080000
14753.0000000000 -7.1304240000 0.3955740000
14754.7998100000 -7.1361470000 0.3934210000
14756.5000000000 -7.1417790000 0.3913890000
14758.2998100000 -7.1479870000 0.3892370000
14760.0000000000 -7.1540960000 0.3872060000
14761.7998100000 -7.1608300000 0.3850560000
14763.5996100000 -7.1678510000 0.3829080000
14765.2998100000 -7.1747630000 0.3808780000
14767.0996100000 -7.1823830000 0.3787310000
14768.7998100000 -7.1898870000 0.3767020000
14770.5996100000 -7.1981640000 0.3745570000
14772.4003900000 -7.2068130000 0.3724090000
14774.0996100000 -7.2153190000 0.3703840000
14775.9003900000 -7.2247310000 0.3682380000
14777.5996100000 -7.2339940000 0.3662160000
14779.4003900000 -7.2442540000 0.3640710000
14781.2002000000 -7.2549770000 0.3619290000
14782.9003900000 -7.2655700000 0.3599060000
14784.7002000000 -7.2772980000 0.3577650000
14786.4003900000 -7.2889020000 0.3557430000
14788.2002000000 -7.3017700000 0.3536040000
14790.0000000000 -7.3152840000 0.3514660000
14791.7002000000 -7.3286890000 0.3494460000
14793.5000000000 -7.3435990000 0.3473090000
14795.2998100000 -7.3593110000 0.3451730000
14797.0000000000 -7.3749530000 0.3431550000
14798.7998100000 -7.3924200000 0.3410200000
14800.5996100000 -7.4109200000 0.3388840000
14802.2998100000 -7.4294060000 0.3368690000
14804.0996100000 -7.4501830000 0.3347360000
14805.9003900000 -7.4723110000 0.3326030000
14807.5996100000 -7.4945710000 0.3305890000
14809.4003900000 -7.5197750000 0.3284580000
14811.2002000000 -7.5468340000 0.3263270000
14812.9003900000 -7.5743400000 0.3243150000
14814.7002000000 -7.6057840000 0.3221860000
14816.5000000000 -7.6399860000 0.3200590000
14818.2998100000 -7.6774170000 0.3179300000
14820.0000000000 -7.7162100000 0.3159220000
14821.7998100000 -7.7616850000 0.3137940000
14823.5996100000 -7.8125920000 0.3116690000
14825.2998100000 -7.8668960000 0.3096620000
14827.0996100000 -7.9327120000 0.3075380000
14828.9003900000 -8.0098500000 0.3054130000
14830.7002000000 -8.1025320000 0.3032910000
14832.4003900000 -8.2110010000 0.3012860000
14834.2002000000 -8.3611940000 0.2991650000
14836.0000000000 -8.5796740000 0.2970430000
14837.7998100000 -8.9789890000 0.2949240000
14839.5000000000 -10.0117330000 1.9056930000
14841.2998100000 -8.8257310000 1.9034760000
14843.0996100000 -8.4916400000 1.9012590000
14844.9003900000 -8.2879000000 1.8990430000
14846.5996100000 -8.1475160000 1.8969510000
14848.4003900000 -8.0297670000 1.8947350000
14850.2002000000 -7.9325370000 1.8925210000
14852.0000000000 -7.8495630000 1.8903070000
14853.7998100000 -7.7770160000 1.8880950000
14855.5000000000 -7.7158330000 1.8860050000
14857.2998100000 -7.6572660000 1.8837940000
14859.0996100000 -7.6038680000 1.8815830000
14860.9003900000 -7.5547160000 1.8793730000
14862.7002000000 -7.5091560000 1.8771630000
14864.4003900000 -7.4689470000 1.8750750000
14866.2002000000 -7.4289700000 1.8728680000
14868.0000000000 -7.3913070000 1.8706610000
14869.7998100000 -7.3556780000 1.8684540000
14871.5996100000 -7.3218500000 1.8662480000
14873.4003900000 -7.2895950000 1.8640410000
14875.0996100000 -7.2605110000 1.8619600000
14876.9003900000 -7.2309370000 1.8597550000
14878.7002000000 -7.2025810000 1.8575520000
14880.5000000000 -7.1753090000 1.8553490000
14882.2998100000 -7.1490270000 1.8531470000
14884.0996100000 -7.1236410000 1.8509450000
14885.9003900000 -7.0990970000 1.8487420000
14887.5996100000 -7.0766430000 1.8466650000
14889.4003900000 -7.0535570000 1.8444650000
14891.2002000000 -7.0311560000 1.8422660000
14893.0000000000 -7.0093810000 1.8400690000
14894.7998100000 -6.9881820000 1.8378700000
14896.5996100000 -6.9675430000 1.8356730000
14898.4003900000 -6.9474090000 1.8334760000
14900.2002000000 -6.9277700000 1.8312820000
14902.0000000000 -6.9085750000 1.8290850000
14903.7998100000 -6.8898160000 1.8268920000
14905.5000000000 -6.8724450000 1.8248200000
14907.2998100000 -6.8542530000 1.8226260000
14909.0996100000 -6.8371930000 1.8204350000
14910.9003900000 -6.8197980000 1.8182420000
14912.7002000000 -6.8028440000 1.8160510000
14914.5000000000 -6.7862340000 1.8138600000
14916.2998100000 -6.7699330000 1.8116710000
14918.0996100000 -6.7539250000 1.8094830000
14919.9003900000 -6.7381860000 1.8072930000
14921.7002000000 -6.7227140000 1.8051040000
14923.5000000000 -6.7075050000 1.8029170000
14925.2998100000 -6.6925390000 1.8007320000
14927.0996100000 -6.6778070000 1.7985470000
14928.9003900000 -6.6632840000 1.7963590000
14930.7002000000 -6.6489930000 1.7941750000
14932.5000000000 -6.6349100000 1.7919920000
14934.2998100000 -6.6210270000 1.7898090000
14936.0996100000 -6.6073280000 1.7876250000
14937.9003900000 -6.5938170000 1.7854430000
14939.7002000000 -6.5804920000 1.7832620000
14941.5000000000 -6.5673410000 1.7810820000
14943.2998100000 -6.5543500000 1.7789020000
14945.0996100000 -6.5415280000 1.7767230000
14946.9003900000 -6.5288570000 1.7745440000
14948.7002000000 -6.5163440000 1.7723660000
14950.5000000000 -6.5039780000 1.7701890000
14952.2998100000 -6.4917480000 1.7680120000
14954.0996100000 -6.4796630000 1.7658360000
14955.9003900000 -6.4677060000 1.7636600000
14957.7002000000 -6.4558850000 1.7614860000
14959.5000000000 -6.4441860000 1.7593110000
14961.2998100000 -6.4326150000 1.7571380000
14963.0996100000 -6.4211640000 1.7549660000
14964.9003900000 -6.4098230000 1.7527930000
14966.7002000000 -6.3985960000 1.7506210000
14968.5000000000 -6.3874850000 1.7484500000
14970.2998100000 -6.3764810000 1.7462810000
14972.0996100000 -6.3655820000 1.7441120000
14974.0000000000 -6.3541810000 1.7418210000
14975.7998100000 -6.3434880000 1.7396540000
14977.5996100000 -6.3328930000 1.7374870000
14979.4003900000 -6.3223810000 1.7353180000
14981.2002000000 -6.3119720000 1.7331520000
14983.0000000000 -6.3016530000 1.7309870000
14984.7998100000 -6.2914230000 1.7288230000
14986.5996100000 -6.2812730000 1.7266580000
14988.4003900000 -6.2712070000 1.7244930000
14990.2002000000 -6.2612290000 1.7223310000
14992.0996100000 -6.2507820000 1.7200490000
14993.9003900000 -6.2409630000 1.7178860000
14995.7002000000 -6.2312240000 1.7157260000
14997.5000000000 -6.2215560000 1.7135650000
14999.2998100000 -6.2119670000 1.7114060000
15001.0996100000 -6.2024500000 1.7092470000
15002.9003900000 -6.1929980000 1.7070880000
15004.7998100000 -6.1831020000 1.7048100000
15006.5996100000 -6.1737960000 1.7026540000
15008.4003900000 -6.1645520000 1.7004970000
15010.2002000000 -6.1553740000 1.6983400000
15012.0000000000 -6.1462640000 1.6961850000
15013.7998100000 -6.1372180000 1.6940310000
15015.7002000000 -6.1277290000 1.6917570000
15017.5000000000 -6.1188080000 1.6896040000
15017.6337900000 -6.1181480000 1.6894450000
15019.2998100000 -6.1099460000 1.6874520000
15021.0996100000 -6.1011390000 1.6852990000
15022.9003900000 -6.0923890000 1.6831470000
15024.7998100000 -6.0832260000 1.6808790000
15026.5996100000 -6.0746050000 1.6787280000
15028.4003900000 -6.0651360000 1.6765790000
15030.2002000000 -6.0580350000 1.6744300000
15032.0000000000 -6.0495770000 1.6722820000
15033.9003900000 -6.0406890000 1.6700150000
15035.7002000000 -6.0323230000 1.6678690000
15037.5000000000 -6.0240010000 1.6657220000
15039.2998100000 -6.0157320000 1.6635770000
15041.2002000000 -6.0070510000 1.6613130000
15043.0000000000 -5.9988800000 1.6591690000
15044.7998100000 -5.9907560000 1.6570260000
15046.5996100000 -5.9826770000 1.6548840000
15048.5000000000 -5.9741930000 1.6526220000
15050.2998100000 -5.9662060000 1.6504810000
15052.0996100000 -5.9582620000 1.6483410000
15054.0000000000 -5.9499200000 1.6460810000
15055.7998100000 -5.9420640000 1.6439420000
15057.5996100000 -5.9342470000 1.6418030000
15059.4003900000 -5.9264700000 1.6396640000
15061.2998100000 -5.9183100000 1.6374070000
15063.0996100000 -5.9106200000 1.6352710000
15064.9003900000 -5.9029660000 1.6331340000
15066.7998100000 -5.8949320000 1.6308800000
15068.5996100000 -5.8873620000 1.6287460000
15070.4003900000 -5.8798250000 1.6266110000
15072.2998100000 -5.8719130000 1.6243590000
15074.0996100000 -5.8644560000 1.6222260000
15075.9003900000 -5.8570320000 1.6200930000
15077.7998100000 -5.8492370000 1.6178440000
15079.5996100000 -5.8418890000 1.6157120000
15081.4003900000 -5.8345730000 1.6135820000
15083.2998100000 -5.8268900000 1.6113340000
15085.0996100000 -5.8196480000 1.6092050000
15086.9003900000 -5.8124310000 1.6070750000
15088.7998100000 -5.8048610000 1.6048300000
15090.5996100000 -5.7977160000 1.6027020000
15092.4003900000 -5.7906030000 1.6005740000
15094.2998100000 -5.7831320000 1.5983310000
15096.0996100000 -5.7760880000 1.5962070000
15097.9003900000 -5.7690710000 1.5940810000
15099.7998100000 -5.7617010000 1.5918390000
15101.5996100000 -5.7547500000 1.5897160000
15311.2666000000 -5.0901630000 1.3466200000
15610.6396500000 -4.4145620000 1.0135860000
15915.8671900000 -3.8886800000 0.6900050000
16227.0615200000 -3.4406040000 0.3730210000
16544.3418000000 -3.0735470000 0.0640710000
16867.8242200000 -2.7570190000 9.7634130000
17197.6328100000 -2.4807700000 9.4708180000
17533.8906300000 -2.2376680000 9.1860650000
17876.7207000000 -2.0224760000 8.9089430000
18226.2558600000 -1.8311990000 8.6392450000
18582.6250000000 -1.6495410000 8.3761010000
18945.9628900000 -1.4966760000 8.1183400000
19316.4023400000 -1.3795880000 7.8674750000
19694.0878900000 -1.2595910000 7.6268810000
20079.1562500000 -1.1524210000 7.3931350000
20471.7539100000 -1.0567880000 7.1660570000
20872.0273400000 -0.9715770000 6.9454730000
21280.1289100000 -0.8958130000 6.7312110000
21696.2070300000 -0.8286420000 6.5231070000
22120.4238300000 -0.7693040000 6.3209960000
22552.9335900000 -0.7171260000 6.1247220000
22993.8984400000 -0.6715060000 5.9341300000
23443.4882800000 -0.6319030000 5.7490640000
23901.8671900000 -0.5978290000 5.5693830000
24369.2070300000 -0.5688450000 5.3949390000
24845.6875000000 -0.5427430000 5.2254800000
25331.4824200000 -0.5227750000 5.0608990000
25826.7753900000 -0.5068380000 4.9011430000
26331.7539100000 -0.4953760000 4.7460850000
26846.6054700000 -0.4866130000 4.5957690000
27371.5234400000 -0.4807680000 4.4503260000
27906.7070300000 -0.4777880000 4.3092140000
28452.3515600000 -0.4780670000 4.1723170000
29008.6660200000 -0.4803490000 4.0395890000
29575.8593800000 -0.4848810000 3.9108700000
30154.1406300000 -0.4922020000 3.7861070000
30743.7304700000 -0.5008290000 3.6651560000
31344.8476600000 -0.5112210000 3.5478970000
31957.7168000000 -0.5232430000 3.4342210000
32582.5703100000 -0.5367710000 3.3240240000
33219.6406300000 -0.5516910000 3.2172050000
33869.1679700000 -0.5678980000 3.1136640000
34531.3945300000 -0.5852970000 3.0133060000
35206.5703100000 -0.6038000000 2.9160370000
35894.9492200000 -0.6233290000 2.8217670000
36596.7851600000 -0.6435320000 2.7304070000
37312.3437500000 -0.6648880000 2.6418680000
38041.8906300000 -0.6870750000 2.5560700000
38785.7070300000 -0.7100390000 2.4729310000
39544.0625000000 -0.7337330000 2.3923740000
40317.2500000000 -0.7581160000 2.3143210000
41105.5546900000 -0.7831540000 2.2386980000
41909.2695300000 -0.8088160000 2.1654330000
42728.6992200000 -0.8350810000 2.0944570000
43564.1523400000 -0.8619310000 2.0256990000
44415.9414100000 -0.8893530000 1.9590940000
45284.3867200000 -0.9173420000 1.8945780000
46169.8085900000 -0.9458970000 1.8320890000
47072.5429700000 -0.9750250000 1.7715640000
47992.9296900000 -1.0047410000 1.7129460000
48931.3125000000 -1.0351640000 1.6561770000
49888.0429700000 -1.0661210000 1.6012040000
50863.4765600000 -1.0977770000 1.5479700000
51857.9843800000 -1.1301270000 1.4964230000
52871.9375000000 -1.1632610000 1.4465110000
53905.7187500000 -1.1981240000 1.3982180000
54959.7109400000 -1.2329970000 1.3514800000
56034.3085900000 -1.2689490000 1.3062310000
57129.9218800000 -1.3060670000 1.2624260000
58246.9531300000 -1.3444990000 1.2200210000
59385.8281300000 -1.3844270000 1.1789720000
60546.9687500000 -1.4260690000 1.1392400000
61730.8125000000 -1.4724450000 1.1008140000
62937.8046900000 -1.5183390000 1.0637240000
64168.3984400000 -1.5669310000 1.0278290000
65423.0507800000 -1.6217090000 0.9932450000
66702.2343800000 -1.6773570000 0.9598000000
68006.4296900000 -1.7376760000 0.9274420000
69336.1250000000 -1.8037650000 0.8961340000
70691.8203100000 -1.8791180000 0.8658730000
72074.0234400000 -1.9617950000 0.8366170000
73483.2500000000 -2.0568620000 0.8083140000
74920.0312500000 -2.1689610000 0.7809340000
76384.9062500000 -2.3069520000 0.7544590000
77878.4218800000 -2.4817310000 0.7288690000
79401.1406300000 -2.7217110000 0.7041180000
80953.6328100000 -3.0930120000 0.6802850000
82536.4765600000 -3.8194740000 0.6573120000
84150.2734400000 -10.5759940000 3.0998270000
85795.6250000000 0.2988860000 3.0078690000
87473.1406300000 -3.8809460000 2.9183280000
89183.4609400000 -4.7601260000 2.8311480000
90927.2187500000 -5.6681560000 2.7462790000
92705.0781300000 -7.8928520000 2.6636660000
94517.6953100000 -44.5844800000 2.5832590000
96365.7500000000 2.7969340000 2.5050080000
98249.9453100000 -0.4415330000 2.4288630000
100170.9766000000 -1.4566320000 2.3547750000
102129.5703000000 -1.9944160000 2.2826980000
104126.4609000000 -2.3785800000 2.2125840000
106162.3906000000 -2.7295390000 2.1443870000
108238.1328000000 -3.1294710000 2.0780630000
110354.4609000000 -3.6894110000 2.0135680000
112512.1641000000 -4.6722810000 1.9508590000
114712.0547000000 -7.1416040000 1.8898920000
116954.9688000000 -29.0132870000 1.8306260000
119241.7266000000 7.4325630000 1.7734090000
121573.2031000000 2.1804490000 1.7179880000
123950.2656000000 0.7335210000 1.6641950000
126373.8047000000 0.0461490000 1.6119850000
128844.7266000000 -0.3630270000 1.5613150000
131363.9688000000 -0.6412140000 1.5121430000
133932.4531000000 -0.8491070000 1.4644270000
136551.1719000000 -1.0168790000 1.4181260000
139221.0938000000 -1.1618800000 1.3732030000
141943.2188000000 -1.2956080000 1.3296180000
144718.5625000000 -1.4270330000 1.2873340000
147548.1719000000 -1.5646300000 1.2463160000
150433.1094000000 -1.7181990000 1.2065270000
153374.4531000000 -1.9013530000 1.1679340000
156373.2969000000 -2.1361680000 1.1305020000
159430.7969000000 -2.4640150000 1.0942000000
162548.0625000000 -2.9761650000 1.0589950000
165726.2813000000 -3.9270740000 1.0248560000
168966.6406000000 -6.4059990000 0.9917540000
172270.3750000000 -31.6571830000 0.9596580000
175638.6875000000 7.4736130000 0.9289130000
179072.8594000000 2.7177210000 0.8992330000
182574.1875000000 1.3693240000 0.8704880000
186143.9688000000 0.7274740000 0.8426490000
189783.5469000000 0.3494600000 0.8156870000
193494.2969000000 0.0986610000 0.7895750000
197277.5938000000 -0.0810450000 0.7642880000
201134.8594000000 -0.2169850000 0.7397990000
205067.5469000000 -0.3240720000 0.7160830000
209077.1406000000 -0.4111510000 0.6931160000
213165.1250000000 -0.4838110000 0.6708750000
217333.0313000000 -0.5457620000 0.6493380000
221582.4375000000 -0.5995760000 0.6284820000
225914.9219000000 -0.6470960000 0.6082860000
230332.1250000000 -0.6896880000 0.5887290000
234835.7031000000 -0.7283920000 0.5697920000
239427.3281000000 -0.7640220000 0.5514550000
244108.7344000000 -0.7972350000 0.5337000000
248881.6719000000 -0.8285750000 0.5165080000
253747.9219000000 -0.8585090000 0.4998610000
258709.3281000000 -0.8874530000 0.4837430000
263767.7500000000 -0.9157890000 0.4681370000
268925.0625000000 -0.9438900000 0.4530270000
274183.2188000000 -0.9721310000 0.4383970000
279544.1875000000 -1.0009120000 0.4242330000
285010.0000000000 -1.0306750000 0.4105200000
290582.6563000000 -1.0619360000 0.3972430000
296264.2500000000 -1.0953200000 0.3843890000
302056.9688000000 -1.1316130000 0.3719450000
307962.9375000000 -1.1718400000 0.3598970000
313984.3750000000 -1.2173870000 0.3482340000
320123.5625000000 -1.2702030000 0.3369440000
326382.7813000000 -1.3331360000 0.3260130000
332764.3750000000 -1.4105570000 0.3154320000
339270.7500000000 -1.5095580000 0.3051900000
345904.3438000000 -1.6424970000 0.2952740000
352667.6563000000 -1.8330570000 0.2856760000
359563.1875000000 -2.1331250000 0.2763850000
366593.5625000000 -2.6827210000 0.2673920000
373761.3750000000 -4.0354710000 0.2586870000
381069.3438000000 -13.0025550000 0.2502610000
388520.2188000000 5.7713240000 0.2421050000
396116.7500000000 1.7296910000 0.2342120000
403861.8125000000 0.7395210000 0.2265710000
411758.3438000000 0.2902690000 0.2191760000
419809.2500000000 0.0327910000 0.2120190000
428017.5625000000 -0.1347140000 0.2050910000
436386.3750000000 -0.2527850000 0.1983870000
444918.8125000000 -0.3407560000 0.1918980000
453618.0938000000 -0.4090220000 0.1856190000
462487.4688000000 -0.4636690000 0.1795420000
471530.2500000000 -0.5084990000 0.1736600000
480749.8438000000 -0.5460120000 0.1679690000
490149.7188000000 -0.5779170000 0.1624610000
499733.3750000000 -0.6054230000 0.1571310000
509504.4063000000 -0.6294130000 0.1519730000
519466.5000000000 -0.6505440000 0.1469810000
529623.3750000000 -0.6693150000 0.1421520000
539978.8125000000 -0.6861140000 0.1374780000
550536.7500000000 -0.7012450000 0.1329560000
561301.1250000000 -0.7149540000 0.1285800000
572276.0000000000 -0.7274370000 0.1243460000
583465.4375000000 -0.7388550000 0.1202500000
594873.6250000000 -0.7493410000 0.1162860000
606504.8750000000 -0.7590080000 0.1124510000
618363.5625000000 -0.7679470000 0.1087400000
630454.1250000000 -0.7762380000 0.1051510000
642781.1250000000 -0.7839490000 0.1016770000
655349.0625000000 -0.7911390000 0.0983170000
668162.8125000000 -0.7978570000 0.0950660000
681227.0625000000 -0.8041480000 0.0919210000
694546.7500000000 -0.8100490000 0.0888790000
