30.0000000000 -70.0561290000 0.0000000000
30.5865750000 -70.4588240000 0.0000000000
31.1846200000 -70.9689870000 0.0000000000
31.7943570000 -71.6406250000 0.0000000000
32.4160160000 -76.9902190000 8.4362650000
33.0498310000 -71.5123520000 7.7933220000
33.6960370000 -69.6765750000 7.2057350000
34.3548770000 -68.6047290000 6.6683270000
35.0266040000 -67.8982620000 6.1764400000
35.7114600000 -67.4138410000 5.7258840000
36.4097100000 -67.0825270000 5.3128780000
37.1216090000 -66.8665540000 4.9340120000
37.8474310000 -66.7440640000 4.5862040000
38.5874440000 -66.7031560000 4.2666740000
39.3419230000 -66.7395320000 3.9729090000
40.1111560000 -66.8563840000 3.7026330000
40.8954320000 -67.0664370000 3.4537880000
41.6950380000 -67.3977200000 3.2245100000
42.5102810000 -69.7469250000 7.5426370000
43.3414650000 -67.1977160000 7.0991030000
44.1888960000 -66.2166210000 6.6852550000
45.0529020000 -65.6105800000 6.2988960000
45.9338000000 -65.1884920000 5.9380170000
46.8319210000 -64.8793790000 5.6007610000
47.7476010000 -64.6480790000 5.2854270000
48.6811870000 -64.4741670000 4.9904380000
49.6330260000 -64.3445740000 4.7143520000
50.6034740000 -64.2503430000 4.4558290000
51.5928990000 -64.1850510000 4.2136400000
52.6016690000 -64.1439440000 3.9866450000
53.6301650000 -64.1233830000 3.7737930000
54.6787680000 -64.1206050000 3.5741150000
55.7478750000 -64.1334080000 3.3867110000
56.8378870000 -64.1601330000 3.2107490000
57.9492070000 -64.1994710000 3.0454610000
59.0822600000 -64.2504430000 2.8901320000
60.2374690000 -64.3123550000 2.7441020000
61.4152600000 -64.3847730000 2.6067590000
62.6160810000 -64.4674990000 2.4775320000
63.8403850000 -64.5605930000 2.3558960000
65.0886230000 -64.6643830000 2.2413580000
66.3612670000 -64.7795640000 2.1334650000
67.6587980000 -64.9073100000 2.0317910000
68.9816970000 -65.0495150000 1.9359440000
70.3304600000 -65.2093280000 1.8455580000
71.7055970000 -65.3842160000 2.0020510000
73.1076200000 -65.4665220000 1.9090830000
74.5370640000 -65.5989230000 1.8215030000
75.9944460000 -65.7611010000 1.7389660000
77.4803310000 -65.9493710000 1.6611510000
78.9952620000 -66.1641920000 1.5877600000
80.5398180000 -66.4081420000 1.5185170000
82.1145710000 -66.6855240000 1.4531640000
83.7201160000 -67.0025710000 1.3914620000
85.3570560000 -67.3679810000 1.3331870000
87.0260010000 -67.7939610000 1.2781310000
88.7275770000 -68.2979280000 1.2261020000
90.4624250000 -68.9054790000 1.1769190000
92.2311940000 -69.6558530000 1.1304140000
94.0345380000 -70.6124420000 1.0864300000
95.8731540000 -71.8853070000 1.0448200000
97.7477110000 -72.9995960000 2.0570570000
99.6589200000 -69.8315960000 1.1250350000
101.6075060000 -68.4265290000 0.2800440000
103.5941850000 -67.8261260000 9.5131030000
105.6197130000 -70.4711000000 6.5351810000
107.6848450000 -65.7993090000 5.2871950000
109.7903520000 -63.7301410000 4.1529440000
111.9370270000 -62.4072460000 3.1209820000
114.1256790000 -61.4800000000 2.1810980000
116.3571170000 -60.8054960000 1.3242000000
118.6321950000 -60.3075100000 0.5421600000
120.9517520000 -59.9394040000 9.8277280000
123.3166580000 -59.6700520000 9.1744090000
125.7278060000 -59.4775280000 8.5763970000
128.1860960000 -59.3457760000 8.0284810000
130.6924590000 -59.2165030000 7.5245320000
133.2478330000 -59.1726800000 7.0608100000
135.8531490000 -59.1611370000 6.6345570000
138.5094300000 -59.1761890000 6.2423800000
141.2176360000 -59.2133260000 5.8812270000
143.9787900000 -59.2689630000 5.5483540000
146.7939300000 -59.3402440000 5.2412810000
149.6641240000 -59.4249110000 4.9577690000
152.5904390000 -59.5212020000 4.6957990000
155.5739590000 -59.6277620000 4.4535450000
158.6158140000 -59.7435990000 4.2293520000
161.7171480000 -59.8680610000 4.0217240000
164.8791350000 -60.0008200000 3.8293020000
168.1029360000 -60.1418420000 3.6508560000
171.3897710000 -60.3007850000 3.4855980000
174.7408600000 -60.4597400000 3.3323390000
178.1574860000 -60.6294860000 3.1899880000
181.6409150000 -60.8121990000 3.0577050000
185.1924440000 -61.0114630000 2.9347250000
188.8134160000 -61.2330670000 2.8203540000
192.5051880000 -61.4869500000 2.7139560000
196.2691500000 -62.1381610000 3.6468040000
200.1067050000 -61.7901990000 3.5476570000
204.0192870000 -61.7365150000 3.4550450000
208.0083770000 -61.7561150000 3.3685230000
212.0754700000 -61.8121220000 3.2876880000
216.2220760000 -61.8914760000 3.2121720000
220.4497530000 -61.9882240000 3.1416370000
224.7601010000 -62.0994030000 3.0757740000
229.1547240000 -62.2235680000 3.0143030000
233.6352690000 -62.3602370000 2.9569660000
238.2034300000 -62.5096780000 2.9035280000
242.8609010000 -62.6729010000 2.8537760000
247.6094360000 -62.8518560000 2.8075130000
252.4508210000 -63.0499460000 2.7645630000
257.3868710000 -63.2731700000 2.7247630000
262.4194340000 -63.5607110000 3.2911570000
267.5503850000 -63.5310520000 3.2271320000
272.7816770000 -63.6151850000 3.1679160000
278.1152340000 -63.7464140000 3.1132440000
283.5530700000 -63.8676450000 3.0625770000
289.0972600000 -64.0535200000 3.0140260000
294.7498170000 -64.2621690000 2.9692210000
300.5129390000 -64.4930500000 2.9279780000
306.3887020000 -64.7468410000 2.8901330000
312.3793640000 -65.0253300000 2.8555380000
318.4871830000 -65.3316800000 2.8240600000
324.7143860000 -65.7952120000 3.0123180000
331.0633850000 -65.9881590000 2.9888530000
337.5364990000 -66.3017580000 2.9681480000
344.1361690000 -66.6636510000 2.9501250000
350.8648990000 -67.0696870000 2.9347110000
357.7251890000 -67.5236740000 2.9218520000
364.7196040000 -68.0340650000 2.9114990000
371.8508000000 -68.6149980000 2.9036150000
379.1213990000 -69.2902910000 2.8981770000
386.5341800000 -69.8224110000 3.4025010000
394.0918880000 -70.5734330000 3.8823290000
401.7973630000 -71.1003880000 4.1095400000
409.6535340000 -71.7505110000 4.3861870000
417.6632690000 -72.4613270000 4.7192730000
425.8296200000 -73.1020970000 5.1118300000
434.1556700000 -73.8962550000 5.5740870000
442.6445010000 -74.7235110000 6.1158290000
451.2993160000 -75.5769960000 6.7451260000
460.1233520000 -76.4488220000 7.4698830000
469.1199040000 -77.3297730000 8.2975700000
478.2923890000 -78.2091830000 9.2349620000
487.6441960000 -79.0748290000 0.2878080000
497.1788640000 -79.9130170000 1.4605130000
506.8999330000 -80.7086490000 2.7557950000
516.8110960000 -81.4454190000 4.1743350000
526.9160770000 -82.1060940000 5.7145030000
537.2185670000 -82.6728060000 7.3719730000
547.7225340000 -83.1275100000 9.1395970000
558.4318850000 -83.4524610000 1.0071490000
569.3506470000 -83.6307450000 2.9612580000
580.4828490000 -83.6468810000 4.9853530000
591.8327640000 -83.4874420000 7.0598680000
603.4046020000 -83.1417390000 9.1623210000
615.2026370000 -82.5000150000 1.2655280000
627.2313840000 -81.7621150000 3.3436890000
639.4953610000 -80.8288350000 5.3689610000
651.9990840000 -79.7071080000 7.3116950000
664.7473140000 -78.4099120000 9.1420750000
677.7447510000 -76.9578630000 0.8307380000
690.9963990000 -75.3798450000 2.3496740000
704.5070800000 -73.7163160000 3.6728820000
718.2819820000 -72.0238110000 4.7772290000
732.3261720000 -70.3855440000 5.6430440000
746.6450200000 -69.0932920000 9.9649280000
761.2437740000 -65.7793350000 0.3996050000
776.1279910000 -63.0723340000 0.5614700000
791.3032230000 -60.5612490000 2.7134970000
806.7752080000 -57.2180440000 2.3870430000
822.5496830000 -54.2922630000 1.7983970000
838.6325680000 -51.6087300000 0.9611020000
855.0299680000 -49.1398240000 9.8929630000
871.7479250000 -46.8871610000 8.6155660000
888.7927860000 -44.8608780000 7.1535840000
906.1708980000 -43.0732000000 5.5341030000
923.8888550000 -41.5359540000 3.7858160000
941.9531860000 -40.2599330000 1.9382860000
960.3707280000 -39.2553940000 0.0211300000
979.1483760000 -38.5342560000 8.0633320000
998.2931520000 -38.1156080000 6.0925830000
1017.8123170000 -37.7103460000 5.4839480000
1037.7131350000 -37.8507160000 4.9957080000
1058.0029300000 -36.7315440000 6.6641460000
1078.6895750000 -35.3661190000 6.2225230000
1099.7806400000 -34.3190120000 5.7623900000
1121.2841800000 -33.3908120000 5.2835920000
1143.2080080000 -32.5349160000 4.7860870000
1165.5606690000 -31.7346310000 4.2699660000
1188.3502200000 -30.9841650000 3.7354660000
1211.5854490000 -30.2843990000 3.1829760000
1235.2750240000 -29.6459240000 2.6130410000
1259.4277340000 -29.2333320000 2.0319710000
1284.0527340000 -28.6200410000 1.8988900000
1309.1591800000 -27.8656580000 1.2814900000
1334.7564700000 -27.3425430000 0.6610010000
1360.8542480000 -27.0914120000 0.0424900000
1387.4624020000 -26.6476970000 9.4732280000
1414.5908200000 -26.2899530000 8.9072610000
1442.2495120000 -26.3297980000 8.8736710000
1470.4492190000 -25.4029310000 8.3191070000
1499.2000730000 -24.8940280000 7.7689210000
1528.5131840000 -24.8913250000 7.2275520000
1558.3995360000 -24.4993250000 6.7114160000
1588.8701170000 -24.4941290000 6.2164690000
1619.9365230000 -24.1615220000 5.7329710000
1651.6103520000 -23.8506430000 5.2571740000
1683.9034420000 -23.4471240000 4.7697720000
1716.8280030000 -23.1619260000 4.2843840000
1750.3962400000 -22.8956510000 3.8027610000
1784.6208500000 -22.6477390000 3.3249870000
1819.5146480000 -22.4773940000 2.8517060000
1855.0908200000 -22.2662200000 2.3836690000
1891.3624270000 -22.0814530000 1.9206710000
1928.3432620000 -21.9056360000 1.4629960000
1966.0472410000 -21.7467730000 1.0099160000
2004.4884030000 -21.6537670000 0.5627210000
2043.6811520000 -21.5295600000 0.1205060000
2083.6401370000 -21.4224300000 9.6831250000
2124.3806150000 -21.3415340000 9.2514440000
2165.9174800000 -21.2695600000 8.8249260000
2208.2666020000 -21.2154600000 8.4034840000
2251.4438480000 -21.1797030000 7.9871750000
2295.4653320000 -21.1628820000 7.5760560000
2340.3474120000 -21.1657140000 7.1701740000
2386.1069340000 -21.1890750000 6.7695850000
2432.7612300000 -21.2340260000 6.3743320000
2480.3278810000 -21.3018470000 5.9844640000
2528.8244630000 -21.3941040000 5.6000230000
2578.2692870000 -21.5178300000 5.2214210000
2628.6809080000 -21.6653250000 4.8485490000
2680.0783690000 -21.8443660000 4.4812710000
2732.4804690000 -22.0586380000 4.1196220000
2785.9074710000 -22.3129270000 3.7636310000
2840.3789060000 -22.6136860000 3.4133280000
2895.9152830000 -22.9731660000 3.0688190000
2952.5378420000 -23.6132340000 2.7306350000
3010.2673340000 -24.1289810000 2.4120690000
3069.1254880000 -24.6801410000 2.1127520000
3129.1347660000 -25.3397580000 1.8194000000
3190.3171390000 -26.1318680000 1.5322480000
3252.6958010000 -27.1085830000 1.2510680000
3316.2941890000 -28.3535190000 0.9757600000
3381.1359860000 -30.0263310000 0.7062230000
3447.2456050000 -32.5039520000 0.4423590000
3514.6479490000 -37.2793350000 0.1840700000
3583.3681640000 -39.6253890000 1.5520080000
3653.4318850000 -37.4186820000 2.4762420000
3724.8657230000 -44.2437670000 3.2650620000
3797.6960450000 -33.4664040000 2.7756160000
3871.9506840000 -29.4764900000 3.4102210000
3947.6569820000 -26.2801990000 3.7011260000
4024.8435060000 -23.4622440000 3.6247560000
4103.5390630000 -20.9856590000 3.1755260000
4183.7739260000 -18.9831890000 2.3661990000
4265.5771480000 -18.1254620000 1.2267720000
4348.9794920000 -15.6399090000 4.2226450000
4434.0131840000 -12.2729080000 2.5253940000
4520.7089840000 -10.0257620000 0.6576210000
4609.1005860000 -8.3767510000 8.6836950000
4699.2197270000 -12.1070070000 7.5314690000
4791.1015630000 -11.1821400000 6.4448720000
4884.7792970000 -12.1789380000 5.4872300000
4980.2890630000 -11.6970050000 4.7371690000
5077.6660160000 -11.4248160000 4.0044940000
5176.9472660000 -12.3171370000 3.2888930000
5278.1694340000 -10.5318500000 4.0517900000
5381.3710940000 -9.8680160000 3.3604550000
5486.5903320000 -9.5496680000 2.6857320000
5593.8666990000 -9.1204800000 2.9806310000
5703.2412110000 -8.3441860000 2.3470480000
5814.7534180000 -7.7790930000 1.7297550000
5928.4467770000 -7.3132860000 1.1283440000
6044.3627930000 -6.9110850000 0.5424690000
6162.5449220000 -6.5566940000 9.9717860000
6283.0380860000 -6.2437730000 9.4159980000
6405.8872070000 -5.9613990000 8.8748360000
6531.1386720000 -5.7076490000 8.3478740000
6658.8383790000 -5.4791930000 7.8348010000
6789.0356450000 -5.2448680000 7.3330900000
6921.7783200000 -5.0571170000 6.8406960000
7057.1162110000 -4.8886750000 6.3603880000
7195.1005860000 -4.7343420000 5.8913510000
7335.7827150000 -4.6162120000 5.4363930000
7479.2158200000 -4.4986470000 4.9935550000
7625.4531250000 -4.3946140000 4.5618860000
7774.5498050000 -4.3036210000 4.1413970000
7926.5620120000 -4.2248520000 3.7318310000
8081.5458980000 -4.1575570000 3.3329330000
8239.5605470000 -4.1010690000 2.9444570000
8400.6640630000 -4.0547950000 2.5661560000
8564.9189450000 -4.0182100000 2.1977940000
8732.3837890000 -3.9971090000 1.8396330000
8903.1240230000 -3.9787450000 1.4911960000
9077.2021480000 -3.9676900000 1.1552550000
9254.6845700000 -3.9640490000 0.8285540000
9435.6367190000 -3.9674880000 0.5108530000
9620.1269530000 -3.9777120000 0.2019150000
9808.2246090000 -3.9944650000 9.9015100000
10000.0000000000 -4.0175340000 9.6094140000
10195.5253900000 -4.0467430000 9.3254080000
10394.8730500000 -4.0855640000 9.0493370000
10598.1191400000 -4.1270910000 8.7813070000
10805.3388700000 -4.1744310000 8.5208220000
11016.6103500000 -4.2275680000 8.2676770000
11232.0127000000 -4.2885760000 8.0218120000
11451.6259800000 -4.3536030000 7.7830040000
11675.5341800000 -4.4246750000 7.5509850000
11903.8203100000 -4.5020030000 7.3255740000
12136.5693400000 -4.5858830000 7.1065880000
12373.8701200000 -4.6767020000 6.8938530000
12615.8105500000 -4.7749630000 6.6871960000
12862.4814500000 -4.8813080000 6.4864520000
13113.9746100000 -4.9965530000 6.2914580000
13370.3857400000 -5.1217420000 6.1020550000
13631.8105500000 -5.2582090000 5.9180890000
13898.3466800000 -5.4105240000 5.7394230000
14170.0937500000 -5.5752740000 5.5659680000
14447.1543000000 -5.7583310000 5.3975100000
14729.6328100000 -5.9677870000 5.2339370000
15017.6337900000 -6.2017260000 5.0751690000
15311.2666000000 -6.4728440000 4.9209900000
15610.6396500000 -6.7961170000 4.7713220000
15915.8671900000 -7.1925820000 4.6260070000
16227.0615200000 -7.7111400000 4.4849410000
16544.3418000000 -8.4501050000 4.3480920000
16867.8242200000 -9.7669640000 4.2152140000
17197.6328100000 -13.8479230000 9.9307210000
17533.8906300000 -9.1747050000 9.6247750000
17876.7207000000 -7.9487180000 9.3253090000
18226.2558600000 -7.2541090000 9.0323060000
18582.6250000000 -6.8085690000 8.7457450000
18945.9628900000 -6.5294000000 8.4658860000
19316.4023400000 -6.3725000000 8.1924800000
19694.0878900000 -6.3405760000 7.9254250000
20079.1562500000 -6.4649010000 7.6646840000
20471.7539100000 -6.8656600000 7.4102130000
20872.0273400000 -8.4958490000 7.1619670000
21280.1289100000 -7.0977210000 9.8388360000
21696.2070300000 -7.0592110000 9.5287810000
22120.4238300000 -5.6050140000 0.6794190000
22552.9335900000 -4.8311570000 0.3716090000
22993.8984400000 -4.2576210000 0.0739200000
23443.4882800000 -3.8067440000 9.7822380000
23901.8671900000 -3.4341490000 9.4964870000
24369.2070300000 -3.1215290000 9.2167330000
24845.6875000000 -2.8490920000 8.9428220000
25331.4824200000 -2.6124420000 8.6746270000
25826.7753900000 -2.4067670000 8.4120780000
26331.7539100000 -2.2308080000 8.1551110000
26846.6054700000 -2.0848580000 7.9062840000
27371.5234400000 -1.9423350000 7.6704350000
27906.7070300000 -1.8152880000 7.4411330000
28452.3515600000 -1.7013320000 7.2182030000
29008.6660200000 -1.5998480000 7.0014000000
29575.8593800000 -1.5092260000 6.7906170000
30154.1406300000 -1.4283900000 6.5857040000
30743.7304700000 -1.3562590000 6.3865080000
31344.8476600000 -1.2922920000 6.1928800000
31957.7168000000 -1.2356450000 6.0046800000
32582.5703100000 -1.1854990000 5.8217670000
33219.6406300000 -1.1416410000 5.6440050000
33869.1679700000 -1.1033940000 5.4712610000
34531.3945300000 -1.0716490000 5.3034480000
35206.5703100000 -1.0433570000 5.1405050000
35894.9492200000 -1.0194230000 4.9822060000
36596.7851600000 -0.9995090000 4.8284330000
37312.3437500000 -0.9833070000 4.6790630000
38041.8906300000 -0.9705360000 4.5339810000
38785.7070300000 -0.9609380000 4.3930710000
39544.0625000000 -0.9542790000 4.2562230000
40317.2500000000 -0.9503420000 4.1233290000
41105.5546900000 -0.9489280000 3.9942830000
41909.2695300000 -0.9557550000 3.8689930000
42728.6992200000 -0.9589560000 3.7479750000
43564.1523400000 -0.9666340000 3.6305300000
44415.9414100000 -0.9736840000 3.5168020000
45284.3867200000 -0.9824150000 3.4064500000
46169.8085900000 -0.9926950000 3.2993770000
47072.5429700000 -1.0044130000 3.1954900000
47992.9296900000 -1.0173760000 3.0947000000
48931.3125000000 -1.0316750000 2.9969190000
49888.0429700000 -1.0471310000 2.9020620000
50863.4765600000 -1.0636680000 2.8100470000
51857.9843800000 -1.0812160000 2.7207910000
52871.9375000000 -1.0997090000 2.6342180000
53905.7187500000 -1.1190920000 2.5502500000
54959.7109400000 -1.1393130000 2.4688130000
56034.3085900000 -1.1603270000 2.3898350000
57129.9218800000 -1.1820960000 2.3132460000
58246.9531300000 -1.2045860000 2.2389770000
59385.8281300000 -1.2277710000 2.1669610000
60546.9687500000 -1.2516280000 2.0971340000
61730.8125000000 -1.2761410000 2.0294320000
62937.8046900000 -1.3013030000 1.9637950000
64168.3984400000 -1.3271090000 1.9001630000
65423.0507800000 -1.3535630000 1.8384770000
66702.2343800000 -1.3806770000 1.7786820000
68006.4296900000 -1.4084690000 1.7207230000
69336.1250000000 -1.4369670000 1.6645450000
70691.8203100000 -1.4662090000 1.6100990000
72074.0234400000 -1.4962460000 1.5573320000
73483.2500000000 -1.5271410000 1.5061960000
74920.0312500000 -1.5603620000 1.4566740000
76384.9062500000 -1.5934580000 1.4087410000
77878.4218800000 -1.6274710000 1.3622990000
79401.1406300000 -1.6628250000 1.3173020000
80953.6328100000 -1.6989750000 1.2740640000
82536.4765600000 -1.7358800000 1.2324110000
84150.2734400000 -1.7743610000 1.1920760000
85795.6250000000 -1.8146570000 1.1530190000
87473.1406300000 -1.8570620000 1.1152000000
89183.4609400000 -1.9019380000 1.0785800000
90927.2187500000 -1.9500790000 1.0431240000
92705.0781300000 -2.0014330000 1.0088140000
94517.6953100000 -2.0587970000 0.9756120000
96365.7500000000 -2.1198230000 0.9435710000
98249.9453100000 -2.1874280000 0.9125750000
100170.9766000000 -2.2634910000 0.8825880000
102129.5703000000 -2.3507420000 0.8535800000
104126.4609000000 -2.4533360000 0.8255170000
106162.3906000000 -2.5780280000 0.7983690000
108238.1328000000 -2.7367730000 0.7721070000
110354.4609000000 -2.9534620000 0.7467020000
112512.1641000000 -3.2855950000 0.7221270000
114712.0547000000 -3.9239180000 0.6983530000
116954.9688000000 -9.9143850000 2.9306780000
119241.7266000000 0.5219140000 2.8448670000
121573.2031000000 -3.9775890000 2.7614050000
123950.2656000000 -4.8081440000 2.6802320000
126373.8047000000 -5.6228640000 2.6012900000
128844.7266000000 -7.5418910000 2.5245220000
131363.9688000000 -30.9654050000 2.4498730000
133932.4531000000 2.4034140000 2.3772880000
136551.1719000000 -0.8228670000 2.3067130000
139221.0938000000 -1.7946890000 2.2380980000
141943.2188000000 -2.3022060000 2.1713920000
144718.5625000000 -2.6613970000 2.1065460000
147548.1719000000 -2.9867980000 2.0435120000
150433.1094000000 -3.3543960000 1.9822420000
153374.4531000000 -3.8640860000 1.9226900000
156373.2969000000 -4.7472370000 1.8648130000
159430.7969000000 -6.9110820000 1.8085650000
162548.0625000000 -23.3163070000 1.7539060000
165726.2813000000 7.0041870000 1.7010240000
168966.6406000000 1.6494380000 1.6497760000
172270.3750000000 0.2437410000 1.6000260000
175638.6875000000 -0.4146710000 1.5517300000
179072.8594000000 -0.8041530000 1.5048470000
182574.1875000000 -1.0681540000 1.4593380000
186143.9688000000 -1.2651930000 1.4151630000
189783.5469000000 -1.4241560000 1.3722850000
193494.2969000000 -1.5615760000 1.3306660000
197277.5938000000 -1.6883640000 1.2902710000
201134.8594000000 -1.8130040000 1.2510650000
205067.5469000000 -1.9434890000 1.2130140000
209077.1406000000 -2.0890280000 1.1760840000
213165.1250000000 -2.2623670000 1.1402450000
217333.0313000000 -2.4840870000 1.1054640000
221582.4375000000 -2.7925250000 1.0717120000
225914.9219000000 -3.2715630000 1.0389580000
230332.1250000000 -4.1518190000 1.0071750000
234835.7031000000 -6.3916550000 0.9763340000
239427.3281000000 -25.4524400000 0.9464090000
244108.7344000000 7.2537750000 0.9176560000
248881.6719000000 2.2599660000 0.8898790000
253747.9219000000 0.9078060000 0.8629510000
258709.3281000000 0.2734870000 0.8368470000
263767.7500000000 -0.0973820000 0.8115410000
268925.0625000000 -0.3423830000 0.7870090000
274183.2188000000 -0.5174590000 0.7632260000
279544.1875000000 -0.6496620000 0.7401700000
285010.0000000000 -0.7536940000 0.7178170000
290582.6563000000 -0.8382410000 0.6961470000
296264.2500000000 -0.9087790000 0.6751380000
302056.9688000000 -0.9689380000 0.6547700000
307962.9375000000 -1.0212280000 0.6350230000
313984.3750000000 -1.0674490000 0.6158790000
320123.5625000000 -1.1089340000 0.5973170000
326382.7813000000 -1.1466970000 0.5793220000
332764.3750000000 -1.1815350000 0.5618740000
339270.7500000000 -1.2140890000 0.5449580000
345904.3438000000 -1.2448960000 0.5285560000
352667.6563000000 -1.2744160000 0.5126540000
359563.1875000000 -1.3030610000 0.4972350000
366593.5625000000 -1.3312150000 0.4822850000
373761.3750000000 -1.3592510000 0.4677900000
381069.3438000000 -1.3875510000 0.4537360000
388520.2188000000 -1.4165240000 0.4401080000
396116.7500000000 -1.4466250000 0.4268940000
403861.8125000000 -1.4783890000 0.4140820000
411758.3438000000 -1.5124650000 0.4016580000
419809.2500000000 -1.5496710000 0.3896110000
428017.5625000000 -1.5910780000 0.3779300000
436386.3750000000 -1.6381330000 0.3666030000
444918.8125000000 -1.6928710000 0.3556200000
453618.0938000000 -1.7582640000 0.3449690000
462487.4688000000 -1.8388620000 0.3346410000
471530.2500000000 -1.9420280000 0.3246260000
480749.8438000000 -2.0805530000 0.3149140000
490149.7188000000 -2.2788140000 0.3054960000
499733.3750000000 -2.5898170000 0.2963620000
509504.4063000000 -3.1547950000 0.2875060000
519466.5000000000 -4.5178740000 0.2789170000
529623.3750000000 -12.6372590000 0.2705870000
539978.8125000000 6.3822020000 0.2625090000
550536.7500000000 1.5923080000 0.2546760000
561301.1250000000 0.4866580000 0.2470790000
572276.0000000000 -0.0064770000 0.2397110000
583465.4375000000 -0.2866170000 0.2325650000
594873.6250000000 -0.4678150000 0.2256360000
606504.8750000000 -0.5949870000 0.2189150000
618363.5625000000 -0.6894070000 0.2123970000
630454.1250000000 -0.7624540000 0.2060750000
642781.1250000000 -0.8207710000 0.1999440000
655349.0625000000 -0.8684920000 0.1939970000
668162.8125000000 -0.9083300000 0.1882290000
681227.0625000000 -0.9421370000 0.1826350000
694546.7500000000 -0.9712230000 0.1772100000
