30.0000000000 -67.4476930000 0.0000000000
30.5865750000 -67.5104830000 0.0000000000
31.1846200000 -67.5781940000 0.0000000000
31.7943570000 -67.6514210000 0.0000000000
32.4160160000 -67.7308730000 0.0000000000
33.0498310000 -67.8173980000 0.0000000000
33.6960370000 -67.9120100000 0.0000000000
34.3548770000 -68.0159610000 0.0000000000
35.0266040000 -68.1307750000 0.0000000000
35.7114600000 -68.2583770000 0.0000000000
36.4097100000 -68.4012150000 0.0000000000
37.1216090000 -68.5624390000 0.0000000000
37.8474310000 -68.7462460000 0.0000000000
38.5874440000 -68.9582900000 0.0000000000
39.3419230000 -69.2064900000 0.0000000000
40.1111560000 -69.5022430000 0.0000000000
40.8954320000 -69.8627090000 0.0000000000
41.6950380000 -70.3150860000 0.0000000000
42.5102810000 -70.9054790000 0.0000000000
43.3414650000 -73.1219940000 6.2287030000
44.1888960000 -70.4087140000 5.7059900000
45.0529020000 -69.3237300000 5.2332570000
45.9338000000 -68.7449420000 4.8053100000
46.8319210000 -68.4497910000 4.4175230000
47.7476010000 -68.3642270000 4.0657850000
48.6811870000 -68.4743730000 3.7464340000
49.6330260000 -68.8626630000 7.0551760000
50.6034740000 -67.5197750000 6.5803760000
51.5928990000 -66.8087540000 6.1425960000
52.6016690000 -66.3456270000 5.7386060000
53.6301650000 -66.0258100000 5.3654890000
54.6787680000 -65.8031230000 5.0206080000
55.7478750000 -65.6524580000 4.7015710000
56.8378870000 -65.5586470000 4.4062090000
57.9492070000 -65.5122530000 4.1325590000
59.0822600000 -65.5078660000 3.8788340000
60.2374690000 -65.5503770000 3.8415700000
61.4152600000 -65.5164950000 3.6140140000
62.6160810000 -65.5401540000 3.4025190000
63.8403850000 -65.5983510000 3.2058160000
65.0886230000 -65.6846310000 3.0227480000
66.3612670000 -65.7963710000 2.8522610000
67.6587980000 -65.9326320000 2.6933850000
68.9816970000 -66.0936130000 2.5452400000
70.3304600000 -66.2804410000 2.4070170000
71.7055970000 -66.4952320000 2.2779720000
73.1076200000 -66.7411420000 2.1574290000
74.5370640000 -67.0226900000 2.0447620000
75.9944460000 -67.3460920000 1.9394000000
77.4803310000 -67.7199480000 1.8408160000
78.9952620000 -68.1561890000 1.7485270000
80.5398180000 -68.6717610000 1.6620870000
82.1145710000 -69.2913440000 1.5810860000
83.7201160000 -70.0522610000 1.5051460000
85.3570560000 -71.0137100000 1.4339180000
87.0260010000 -72.2760090000 1.3670820000
88.7275770000 -75.8121190000 2.8724950000
90.4624250000 -71.4534070000 1.9305190000
92.2311940000 -69.8029020000 1.0706570000
94.0345380000 -69.1794050000 0.2850130000
95.8731540000 -68.4489440000 7.1882020000
97.7477110000 -65.4791950000 5.9711300000
99.6589200000 -63.7073210000 4.8568380000
101.6075060000 -62.4811780000 3.8357520000
103.5941850000 -61.5849610000 2.8992810000
105.6197130000 -60.9133870000 2.0396700000
107.6848450000 -60.4049420000 1.2499520000
109.7903520000 -60.0197980000 0.5238380000
111.9370270000 -59.7303920000 9.8556590000
114.1256790000 -59.5167770000 9.2402890000
116.3571170000 -59.3640400000 8.6731030000
118.6321950000 -59.2607610000 8.1499160000
120.9517520000 -59.1980480000 7.6669440000
123.3166580000 -59.1688690000 7.2207530000
125.7278060000 -59.1676180000 6.8082400000
128.1860960000 -59.1897930000 6.4265830000
130.6924590000 -59.2317500000 6.0732230000
133.2478330000 -59.2905580000 5.7458340000
135.8531490000 -59.3638420000 5.4423100000
138.5094300000 -59.4497070000 5.1607240000
141.2176360000 -59.5466500000 4.8993280000
143.9787900000 -59.6535070000 4.6565300000
146.7939300000 -59.7694210000 4.4308770000
149.6641240000 -59.8938220000 4.2210440000
152.5904390000 -60.0264020000 4.0258230000
155.5739590000 -60.1671370000 3.8441100000
158.6158140000 -60.3163260000 3.6748990000
161.7171480000 -60.4746090000 3.5172650000
164.8791350000 -60.6431850000 3.3703660000
168.1029360000 -60.8238950000 3.2334300000
171.3897710000 -61.0196800000 3.1057510000
174.7408600000 -61.1614570000 2.9834720000
178.1574860000 -61.4038090000 2.8684220000
181.6409150000 -61.6880570000 2.7607670000
185.1924440000 -61.8653030000 3.6487220000
188.8134160000 -61.7780040000 3.5465740000
192.5051880000 -61.7932170000 3.4506150000
196.2691500000 -61.8611560000 3.3604770000
200.1067050000 -61.9487040000 3.2761560000
204.0192870000 -62.0566330000 3.1969200000
208.0083770000 -62.1817890000 3.1224620000
212.0754700000 -62.3229980000 3.0524980000
216.2220760000 -62.4805370000 2.9867670000
220.4497530000 -62.6560860000 2.9250300000
224.7601010000 -62.8532450000 2.8670670000
229.1547240000 -63.0789720000 2.8126720000
233.6352690000 -63.2459140000 3.3484330000
238.2034300000 -63.2272000000 3.2719270000
242.8609010000 -63.3227960000 3.1983440000
247.6094360000 -63.4577830000 3.1292970000
252.4508210000 -63.6208800000 3.0645170000
257.3868710000 -63.8076130000 3.0037550000
262.4194340000 -64.0162280000 2.9467830000
267.5503850000 -64.2464600000 2.8933910000
272.7816770000 -64.4990770000 2.8433860000
278.1152340000 -64.7758260000 2.7965890000
283.5530700000 -65.0796360000 2.7528380000
289.0972600000 -65.4152680000 2.7119830000
294.7498170000 -65.7733540000 2.8834010000
300.5129390000 -66.0798570000 2.8502090000
306.3887020000 -66.4439700000 2.8194960000
312.3793640000 -66.8565060000 2.7911560000
318.4871830000 -67.3216320000 2.7650920000
324.7143860000 -67.8499220000 2.7412170000
331.0633850000 -68.4599760000 2.7194500000
337.5364990000 -69.3226470000 3.1963100000
344.1361690000 -69.8379210000 3.2910700000
350.8648990000 -70.4713360000 3.8502130000
357.7251890000 -70.9057080000 4.0861610000
364.7196040000 -71.5422590000 4.3690520000
371.8508000000 -72.2279590000 4.7057210000
379.1213990000 -72.9161680000 5.1020510000
386.5341800000 -73.6754230000 5.5637240000
394.0918880000 -74.4648740000 6.0991020000
401.7973630000 -75.2780080000 6.7150890000
409.6535340000 -76.1082920000 7.4184740000
417.6632690000 -76.9481580000 8.2157300000
425.8296200000 -77.7889100000 9.1128500000
434.1556700000 -78.6206590000 0.1151050000
442.6445010000 -79.4323270000 1.2267980000
451.2993160000 -80.2117000000 2.4510350000
460.1233520000 -80.9455340000 3.7894740000
469.1199040000 -81.6197130000 5.2420640000
478.2923890000 -82.2194670000 6.8068500000
487.6441960000 -82.7296140000 8.4797400000
497.1788640000 -83.1349180000 0.2543430000
506.8999330000 -83.4203870000 2.1218570000
516.8110960000 -83.5717390000 4.0709690000
526.9160770000 -83.5757750000 6.0879080000
537.2185670000 -83.4209060000 8.1563910000
547.7225340000 -83.0975720000 0.2578950000
558.4318850000 -82.5987930000 2.3717730000
569.3506470000 -81.9205930000 4.4755670000
580.4828490000 -81.0627820000 6.5453450000
591.8327640000 -80.0288930000 8.5561940000
603.4046020000 -78.8277130000 0.4826090000
615.2026370000 -77.4732890000 2.2990800000
627.2313840000 -75.9864270000 3.9806290000
639.4953610000 -74.3963850000 5.5034030000
651.9990840000 -72.7442020000 6.8451770000
664.7473140000 -71.0891420000 7.9859810000
677.7447510000 -71.9330140000 2.2190020000
690.9963990000 -67.2994230000 3.0000150000
704.5070800000 -64.4652100000 3.5370830000
718.2819820000 -62.6585010000 5.8154720000
732.3261720000 -58.9152680000 5.9101720000
746.6450200000 -55.8921930000 5.7484780000
761.2437740000 -53.0920910000 5.3382110000
776.1279910000 -50.4645920000 4.6881640000
791.3032230000 -48.0067900000 3.8107800000
806.7752080000 -45.7292980000 2.7218210000
822.5496830000 -43.5647810000 1.4376600000
838.6325680000 -41.6929210000 9.9815330000
855.0299680000 -40.0482410000 8.3765530000
871.7479250000 -38.6453860000 6.6470790000
888.7927860000 -37.4980620000 4.8182410000
906.1708980000 -36.6197130000 2.9154170000
923.8888550000 -35.9488370000 0.9623600000
941.9531860000 -35.6540300000 8.9819370000
960.3707280000 -35.6906850000 6.9994890000
979.1483760000 -36.1953470000 7.2525980000
998.2931520000 -35.7677380000 5.3299140000
1017.8123170000 -34.8308940000 4.7348670000
1037.7131350000 -33.9340400000 4.2545660000
1058.0029300000 -33.1204450000 3.7632940000
1078.6895750000 -32.3700600000 3.2616730000
1099.7806400000 -31.6752260000 2.7503430000
1121.2841800000 -31.0369010000 2.2299500000
1143.2080080000 -30.5380040000 1.7011740000
1165.5606690000 -30.2480700000 1.1720870000
1188.3502200000 -29.3862880000 1.0798420000
1211.5854490000 -28.8206270000 0.5412830000
1235.2750240000 -28.2661500000 0.0072170000
1259.4277340000 -27.7689270000 9.4726330000
1284.0527340000 -27.3305890000 8.9381280000
1309.1591800000 -26.9865400000 8.4042870000
1334.7564700000 -26.7641110000 8.4052140000
1360.8542480000 -26.4147110000 7.8951550000
1387.4624020000 -26.2271860000 7.3986090000
1414.5908200000 -25.7972910000 6.9162030000
1442.2495120000 -25.4028340000 6.4379330000
1470.4492190000 -25.0357060000 5.9639630000
1499.2000730000 -24.6918330000 5.4944840000
1528.5131840000 -24.3204520000 5.0265560000
1558.3995360000 -24.0110950000 4.5558930000
1588.8701170000 -23.7207130000 4.0881770000
1619.9365230000 -23.4486220000 3.6234870000
1651.6103520000 -23.2419030000 3.1618790000
1683.9034420000 -23.0062540000 2.7048240000
1716.8280030000 -22.7877750000 2.2511200000
1750.3962400000 -22.6030650000 1.8029800000
1784.6208500000 -22.4602280000 1.3603950000
1819.5146480000 -22.2941380000 0.9226720000
1855.0908200000 -22.1443840000 0.4891800000
1891.3624270000 -22.0110240000 0.0599920000
1928.3432620000 -21.8941710000 9.6351700000
1966.0472410000 -21.7940140000 9.2147830000
2004.4884030000 -21.7108120000 8.7988970000
2043.6811520000 -21.6449070000 8.3875750000
2083.6401370000 -21.5967250000 7.9808830000
2124.3806150000 -21.5667970000 7.5788760000
2165.9174800000 -21.5557670000 7.1816220000
2208.2666020000 -21.5644070000 6.7891730000
2251.4438480000 -21.5936510000 6.4015900000
2295.4653320000 -21.6446150000 6.0189300000
2340.3474120000 -21.7241460000 5.6412950000
2386.1069340000 -21.8231070000 5.2692580000
2432.7612300000 -21.9486270000 4.9023490000
2480.3278810000 -22.1030520000 4.5406170000
2528.8244630000 -22.2892490000 4.1841050000
2578.2692870000 -22.5107570000 3.8328590000
2628.6809080000 -22.7719900000 3.4869120000
2680.0783690000 -23.0818080000 3.1464470000
2732.4804690000 -23.6631890000 2.8176340000
2785.9074710000 -24.0845030000 2.5000290000
2840.3789060000 -24.5795480000 2.1878200000
2895.9152830000 -25.3411690000 1.8876380000
2952.5378420000 -26.0435330000 1.5955270000
3010.2673340000 -26.8991390000 1.3101930000
3069.1254880000 -27.9687120000 1.0372100000
3129.1347660000 -29.3555950000 0.7697980000
3190.3171390000 -31.2758600000 0.5078690000
3252.6958010000 -34.3116070000 0.2513310000
3316.2941890000 -42.1052400000 0.0000990000
3381.1359860000 -38.4312930000 3.5464950000
3447.2456050000 -37.2883490000 3.5157090000
3514.6479490000 -36.3858680000 4.0549580000
3583.3681640000 -29.6028920000 3.1906360000
3653.4318850000 -26.1126060000 2.3041570000
3724.8657230000 -23.6637060000 1.3888610000
3797.6960450000 -21.8302560000 0.4415570000
3871.9506840000 -20.4965020000 9.4621890000
3947.6569820000 -19.7332500000 8.4536210000
4024.8435060000 -20.5567020000 7.4206940000
4103.5390630000 -17.9193590000 0.8313450000
4183.7739260000 -15.6750270000 9.6980610000
4265.5771480000 -14.1971150000 8.5678750000
4348.9794920000 -15.0548050000 7.5297790000
4434.0131840000 -14.2719250000 6.8304210000
4520.7089840000 -13.6379160000 6.1760920000
4609.1005860000 -12.3027320000 5.4351810000
4699.2197270000 -11.9229160000 4.6862890000
4791.1015630000 -11.9512020000 3.9588570000
4884.7792970000 -11.3255000000 4.7472380000
4980.2890630000 -10.4647250000 4.0548730000
5077.6660160000 -9.9877670000 3.3825360000
5176.9472660000 -10.3380640000 2.7300660000
5278.1694340000 -8.8828700000 3.0670970000
5381.3710940000 -8.2136040000 2.4375690000
5486.5903320000 -7.6856260000 1.8232310000
5593.8666990000 -7.2353190000 1.2237470000
5703.2412110000 -6.8401510000 0.6387860000
5814.7534180000 -6.4912790000 0.0681100000
5928.4467770000 -6.1762680000 9.5114040000
6044.3627930000 -5.8927460000 8.9682880000
6162.5449220000 -5.6369930000 8.4384690000
6283.0380860000 -5.3926130000 7.9215660000
6405.8872070000 -5.1881060000 7.4147360000
6531.1386720000 -5.0034410000 6.9199770000
6658.8383790000 -4.8335690000 6.4370210000
6789.0356450000 -4.6960090000 5.9664290000
6921.7783200000 -4.5623460000 5.5103000000
7057.1162110000 -4.4437730000 5.0658460000
7195.1005860000 -4.3389690000 4.6328020000
7335.7827150000 -4.2471580000 4.2109080000
7479.2158200000 -4.1675140000 3.7999080000
7625.4531250000 -4.0993010000 3.3995550000
7774.5498050000 -4.0418520000 3.0096040000
7926.5620120000 -3.9945760000 2.6298200000
8081.5458980000 -3.9569400000 2.2599650000
8239.5605470000 -3.9375780000 1.9007110000
8400.6640630000 -3.9180780000 1.5510360000
8564.9189450000 -3.9069520000 1.2106480000
8732.3837890000 -3.9039780000 0.8793290000
8903.1240230000 -3.9090560000 0.5569210000
9077.2021480000 -3.9189910000 0.2466190000
9254.6845700000 -3.9354640000 9.9448790000
9435.6367190000 -3.9582590000 9.6514760000
9620.1269530000 -3.9871970000 9.3661930000
9808.2246090000 -4.0243360000 9.0889990000
10000.0000000000 -4.0655790000 8.8196290000
10195.5253900000 -4.1126330000 8.5578340000
10394.8730500000 -4.1667740000 8.3034320000
10598.1191400000 -4.2255820000 8.0563400000
10805.3388700000 -4.2902680000 7.8162600000
11016.6103500000 -4.3609670000 7.5830030000
11232.0127000000 -4.4378790000 7.3563820000
11451.6259800000 -4.5212810000 7.1362200000
11675.5341800000 -4.6115390000 6.9223380000
11903.8203100000 -4.7091310000 6.7145670000
12136.5693400000 -4.8146640000 6.5127390000
12373.8701200000 -4.9289110000 6.3166910000
12615.8105500000 -5.0528550000 6.1262660000
12862.4814500000 -5.1901700000 5.9413530000
13113.9746100000 -5.3376490000 5.7617840000
13370.3857400000 -5.4997960000 5.5873850000
13631.8105500000 -5.6826560000 5.4180940000
13898.3466800000 -5.8835500000 5.2537050000
14170.0937500000 -6.1110400000 5.0940690000
14447.1543000000 -6.3739220000 4.9390530000
14729.6328100000 -6.6821420000 4.7885850000
15017.6337900000 -7.0563700000 4.6424790000
15311.2666000000 -7.5353000000 4.5007080000
15610.6396500000 -8.1912120000 4.3631120000
15915.8671900000 -9.2506260000 4.2295170000
16227.0615200000 -12.2830490000 4.0998090000
16544.3418000000 -9.9065510000 9.7385330000
16867.8242200000 -8.3119480000 9.4405370000
17197.6328100000 -7.4965430000 9.1480980000
17533.8906300000 -6.9959650000 8.8612660000
17876.7207000000 -6.6759460000 8.5804150000
18226.2558600000 -6.5010530000 8.3052600000
18582.6250000000 -6.4630700000 8.0358690000
18945.9628900000 -6.6011010000 7.7722200000
19316.4023400000 -7.0731830000 7.5143340000
19694.0878900000 -12.7369070000 0.2671990000
20079.1562500000 -6.9615450000 9.9434000000
20471.7539100000 -9.3890310000 9.6260480000
20872.0273400000 -5.4465420000 0.7920840000
21280.1289100000 -4.7229670000 0.4754310000
21696.2070300000 -4.1625340000 0.1735610000
22120.4238300000 -3.7170010000 9.8782830000
22552.9335900000 -3.3501800000 9.5895320000
22993.8984400000 -3.0340590000 9.3073100000
23443.4882800000 -2.7601140000 9.0313500000
23901.8671900000 -2.5202700000 8.7615550000
24369.2070300000 -2.3088400000 8.4978200000
24845.6875000000 -2.1216340000 8.2400510000
25331.4824200000 -1.9586240000 7.9882230000
25826.7753900000 -1.8323270000 7.7440660000
26331.7539100000 -1.7022890000 7.5081900000
26846.6054700000 -1.6100460000 7.2803420000
27371.5234400000 -1.5079380000 7.0610750000
27906.7070300000 -1.4167460000 6.8479000000
28452.3515600000 -1.3353330000 6.6406660000
29008.6660200000 -1.2628720000 6.4392160000
29575.8593800000 -1.1985070000 6.2434030000
30154.1406300000 -1.1415210000 6.0530830000
30743.7304700000 -1.0912740000 5.8681130000
31344.8476600000 -1.0472010000 5.6883560000
31957.7168000000 -1.0087920000 5.5136780000
32582.5703100000 -0.9755910000 5.3439450000
33219.6406300000 -0.9483250000 5.1791480000
33869.1679700000 -0.9243890000 5.0190570000
34531.3945300000 -0.9045180000 4.8635450000
35206.5703100000 -0.8883990000 4.7124910000
35894.9492200000 -0.8757520000 4.5657750000
36596.7851600000 -0.8663150000 4.4232840000
37312.3437500000 -0.8598520000 4.2849040000
38041.8906300000 -0.8561450000 4.1505270000
38785.7070300000 -0.8549940000 4.0200420000
39544.0625000000 -0.8615980000 3.8934660000
40317.2500000000 -0.8651540000 3.7710450000
41105.5546900000 -0.8751650000 3.6523250000
41909.2695300000 -0.8826630000 3.5375030000
42728.6992200000 -0.8918390000 3.4261090000
43564.1523400000 -0.9025600000 3.3180430000
44415.9414100000 -0.9147340000 3.2132110000
45284.3867200000 -0.9282460000 3.1115220000
46169.8085900000 -0.9430030000 3.0128870000
47072.5429700000 -0.9589170000 2.9172170000
47992.9296900000 -0.9759100000 2.8244280000
48931.3125000000 -0.9939090000 2.7344380000
49888.0429700000 -1.0128510000 2.6471670000
50863.4765600000 -1.0326750000 2.5625360000
51857.9843800000 -1.0533310000 2.4804700000
52871.9375000000 -1.0747710000 2.4008940000
53905.7187500000 -1.0969560000 2.3237370000
54959.7109400000 -1.1198520000 2.2489300000
56034.3085900000 -1.1434290000 2.1764040000
57129.9218800000 -1.1676650000 2.1060920000
58246.9531300000 -1.1925420000 2.0379320000
59385.8281300000 -1.2180500000 1.9718600000
60546.9687500000 -1.2441840000 1.9078150000
61730.8125000000 -1.2709450000 1.8457400000
62937.8046900000 -1.2983410000 1.7855750000
64168.3984400000 -1.3263890000 1.7272660000
65423.0507800000 -1.3551130000 1.6707580000
66702.2343800000 -1.3845450000 1.6159980000
68006.4296900000 -1.4147300000 1.5629350000
69336.1250000000 -1.4457250000 1.5115190000
70691.8203100000 -1.4789640000 1.4617060000
72074.0234400000 -1.5120570000 1.4135260000
73483.2500000000 -1.5459460000 1.3668500000
74920.0312500000 -1.5811870000 1.3216320000
76384.9062500000 -1.6176910000 1.2778310000
77878.4218800000 -1.6558590000 1.2354020000
79401.1406300000 -1.6960940000 1.1943050000
80953.6328100000 -1.7373710000 1.1548390000
82536.4765600000 -1.7798370000 1.1168390000
84150.2734400000 -1.8246960000 1.0800480000
85795.6250000000 -1.8725110000 1.0444320000
87473.1406300000 -1.9236120000 1.0099600000
89183.4609400000 -1.9799950000 0.9766090000
90927.2187500000 -2.0403870000 0.9443910000
92705.0781300000 -2.1070470000 0.9132260000
94517.6953100000 -2.1817080000 0.8830820000
96365.7500000000 -2.2668640000 0.8539250000
98249.9453100000 -2.3662650000 0.8257220000
100170.9766000000 -2.4858830000 0.7984420000
102129.5703000000 -2.6360240000 0.7720570000
104126.4609000000 -2.8365280000 0.7465350000
106162.3906000000 -3.1324140000 0.7218500000
108238.1328000000 -3.6577640000 0.6979740000
110354.4609000000 -9.3359020000 2.9819140000
112512.1641000000 19.7292960000 2.8948560000
114712.0547000000 -3.5389330000 2.8101140000
116954.9688000000 -4.5977960000 2.7276340000
119241.7266000000 -5.3474860000 2.6473620000
121573.2031000000 -6.7812050000 2.5692440000
123950.2656000000 -14.4341100000 2.4932290000
126373.8047000000 5.4137250000 2.4192660000
128844.7266000000 -0.2685860000 2.3473050000
131363.9688000000 -1.5310470000 2.2772980000
133932.4531000000 -2.1236160000 2.2091980000
136551.1719000000 -2.5131750000 2.1429570000
139221.0938000000 -2.8442110000 2.0785310000
141943.2188000000 -3.1972600000 2.0158740000
144718.5625000000 -3.6606540000 1.9549440000
147548.1719000000 -4.4127810000 1.8956980000
150433.1094000000 -6.0501820000 1.8380930000
153374.4531000000 -13.3189430000 1.7820900000
156373.2969000000 12.9102460000 1.7278490000
159430.7969000000 2.4814690000 1.6754320000
162548.0625000000 0.6103370000 1.6245460000
165726.2813000000 -0.1834630000 1.5751460000
168966.6406000000 -0.6304430000 1.5271910000
172270.3750000000 -0.9239680000 1.4806410000
175638.6875000000 -1.1378530000 1.4354570000
179072.8594000000 -1.3069310000 1.3915980000
182574.1875000000 -1.4503880000 1.3490300000
186143.9688000000 -1.5803900000 1.3077140000
189783.5469000000 -1.7059540000 1.2676150000
193494.2969000000 -1.8351170000 1.2286990000
197277.5938000000 -1.9766520000 1.1909330000
201134.8594000000 -2.1421350000 1.1542830000
205067.5469000000 -2.3495310000 1.1187190000
209077.1406000000 -2.6310170000 1.0842090000
213165.1250000000 -3.0537430000 1.0507220000
217333.0313000000 -3.7894360000 1.0182320000
221582.4375000000 -5.4561840000 0.9867070000
225914.9219000000 -13.3071450000 0.9561220000
230332.1250000000 12.3927560000 0.9266480000
234835.7031000000 3.0366190000 0.8982970000
239427.3281000000 1.2550030000 0.8708190000
244108.7344000000 0.4944020000 0.8441880000
248881.6719000000 0.0695220000 0.8183770000
253747.9219000000 -0.2036230000 0.7933600000
258709.3281000000 -0.3952750000 0.7691130000
263767.7500000000 -0.5380990000 0.7456120000
268925.0625000000 -0.6493570000 0.7228350000
274183.2188000000 -0.7390520000 0.7007580000
279544.1875000000 -0.8133850000 0.6793600000
285010.0000000000 -0.8764190000 0.6586190000
290582.6563000000 -0.9309300000 0.6385170000
296264.2500000000 -0.9788940000 0.6190320000
302056.9688000000 -1.0217580000 0.6001460000
307962.9375000000 -1.0606170000 0.5818400000
313984.3750000000 -1.0963230000 0.5640970000
320123.5625000000 -1.1295580000 0.5468980000
326382.7813000000 -1.1608840000 0.5302270000
332764.3750000000 -1.1907790000 0.5140690000
339270.7500000000 -1.2196690000 0.4984060000
345904.3438000000 -1.2479420000 0.4832230000
352667.6563000000 -1.2759720000 0.4685070000
359563.1875000000 -1.3041350000 0.4542410000
366593.5625000000 -1.3328280000 0.4404140000
373761.3750000000 -1.3624880000 0.4270100000
381069.3438000000 -1.3936220000 0.4140170000
388520.2188000000 -1.4268370000 0.4014220000
396116.7500000000 -1.4628900000 0.3892130000
403861.8125000000 -1.5027640000 0.3773780000
411758.3438000000 -1.5477730000 0.3659060000
419809.2500000000 -1.5995710000 0.3547850000
428017.5625000000 -1.6613160000 0.3440040000
436386.3750000000 -1.7364440000 0.3335530000
444918.8125000000 -1.8315810000 0.3234230000
453618.0938000000 -1.9574240000 0.3136020000
462487.4688000000 -2.1340260000 0.3040810000
471530.2500000000 -2.4031890000 0.2948520000
480749.8438000000 -2.8692770000 0.2859050000
490149.7188000000 -3.8864590000 0.2772310000
499733.3750000000 -7.9208310000 0.2688230000
509504.4063000000 12.5220660000 0.2606710000
519466.5000000000 2.1994600000 0.2527690000
529623.3750000000 0.7367520000 0.2451080000
539978.8125000000 0.1504190000 0.2376810000
550536.7500000000 -0.1667010000 0.2304800000
561301.1250000000 -0.3660580000 0.2235000000
572276.0000000000 -0.5033920000 0.2167320000
583465.4375000000 -0.6040300000 0.2101710000
594873.6250000000 -0.6811360000 0.2038100000
606504.8750000000 -0.7422380000 0.1976440000
618363.5625000000 -0.7919460000 0.1916650000
630454.1250000000 -0.8332490000 0.1858680000
642781.1250000000 -0.8681650000 0.1802490000
655349.0625000000 -0.8981100000 0.1748000000
668162.8125000000 -0.9241040000 0.1695180000
681227.0625000000 -0.9469040000 0.1643960000
694546.7500000000 -0.9670820000 0.1594300000
